0.15234375 1
0.15301513671875 2
0.158203125 3
0.16796875 4
0.1826171875 5
0.18798828125 6
0.2109375 7
0.25439453125 8
0.266357421875 9
0.326171875 10
0.328125 11
0.404296875 12
0.41943359375 13
0.431640625 14
0.49072265625 15
0.5020751953125 16
0.5244140625 17
0.5625 18
0.58935546875 19
0.654296875 20
0.671875 21
0.732421875 22
0.748046875 23
0.75830078125 24
0.80078125 25
0.8125 26
0.8359375 27
0.8447265625 28
0.857421875 29
0.890625 30
0.921875 31
0.9560546875 32
0.98095703125 33
1.0244140625 34
1.0263671875 35
1.07421875 36
1.0908203125 37
1.12109375 38
1.212890625 39
1.212890625 40
1.29296875 41
1.328125 42
1.361328125 43
1.36376953125 44
1.3720703125 45
1.421875 46
1.478515625 47
1.50341796875 48
1.5126953125 49
1.6380615234375 50
1.669921875 51
1.67529296875 52
1.693359375 53
1.705078125 54
1.705078125 55
1.732421875 56
1.76837158203125 57
1.771484375 58
1.7734375 59
1.79296875 60
1.85791015625 61
1.86309814453125 62
2.3740234375 63
2.43798828125 64
2.48828125 65
2.6773681640625 66
2.689453125 67
2.6953125 68
2.697265625 69
2.78125 70
2.92138671875 71
3.0625 72
3.072265625 73
3.125 74
3.18359375 75
3.248046875 76
3.25146484375 77
3.275390625 78
3.28955078125 79
3.306640625 80
3.35546875 81
3.47265625 82
3.517578125 83
3.548828125 84
3.685302734375 85
3.701171875 86
3.734375 87
3.87109375 88
3.87939453125 89
3.91357421875 90
4.0177001953125 91
4.06005859375 92
4.193603515625 93
4.2432861328125 94
4.25390625 95
4.263671875 96
4.291015625 97
4.3515625 98
4.35546875 99
4.42169189453125 100
4.666015625 101
4.6943359375 102
4.728696346282959 103
4.775390625 104
4.932861328125 105
4.93359375 106
5.4765625 107
5.60791015625 108
5.62548828125 109
5.736328125 110
5.75732421875 111
5.87890625 112
6.04296875 113
6.1171875 114
6.306640625 115
6.3916015625 116
6.451171875 117
6.45166015625 118
6.466796875 119
6.501953125 120
6.5087890625 121
6.8515625 122
6.888671875 123
6.96484375 124
7.060546875 125
7.080078125 126
7.12890625 127
7.251953125 128
7.304931640625 129
7.35546875 130
7.419921875 131
7.638671875 132
7.640625 133
8.0302734375 134
8.04296875 135
8.05224609375 136
8.36328125 137
8.4609375 138
8.490234375 139
8.5048828125 140
8.68017578125 141
8.825439453125 142
9.3115234375 143
9.36328125 144
9.388671875 145
9.693359375 146
9.728515625 147
9.80615234375 148
9.8277587890625 149
9.828125 150
9.86328125 151
9.916015625 152
10.34619140625 153
10.404296875 154
10.419921875 155
10.46875 156
10.853759765625 157
10.8564453125 158
10.94140625 159
11.033203125 160
11.0390625 161
11.1015625 162
11.1572265625 163
11.388671875 164
11.4111328125 165
11.62109375 166
11.689453125 167
11.7607421875 168
11.7783203125 169
11.83984375 170
12.025390625 171
12.0693359375 172
12.259765625 173
12.501953125 174
12.609375 175
12.888671875 176
12.958984375 177
12.974609375 178
13.00927734375 179
13.86328125 180
14.17578125 181
14.4189453125 182
14.611328125 183
14.697265625 184
14.720703125 185
14.853515625 186
15.107421875 187
15.197998046875 188
15.271484375 189
15.30078125 190
15.375 191
15.5 192
15.521484375 193
15.8037109375 194
16.0380859375 195
16.736328125 196
17.0625 197
17.126953125 198
17.185546875 199
17.33837890625 200
17.372802734375 201
17.4140625 202
17.474609375 203
17.6015625 204
17.630859375 205
17.6455078125 206
17.646484375 207
18.01171875 208
18.2861328125 209
18.408203125 210
19.04913330078125 211
19.080078125 212
19.09765625 213
19.1279296875 214
19.201171875 215
19.318359375 216
19.375 217
19.521484375 218
19.5478515625 219
20.299560546875 220
20.341796875 221
20.4228515625 222
20.6162109375 223
20.6552734375 224
20.6943359375 225
20.8369140625 226
21.48876953125 227
22.484375 228
22.76953125 229
23.078125 230
23.224609375 231
23.544921875 232
23.7568359375 233
24.1171875 234
24.57958984375 235
24.677734375 236
25.513671875 237
25.822265625 238
26.97265625 239
28.69482421875 240
29.3037109375 241
29.826171875 242
30.04248046875 243
30.6689453125 244
31.6611328125 245
32.451171875 246
33.138671875 247
33.455078125 248
33.4814453125 249
33.521484375 250
33.8759765625 251
34.07421875 252
34.5185546875 253
35.10357666015625 254
35.494140625 255
35.7236328125 256
36.021484375 257
37.331298828125 258
37.5810546875 259
39.1982421875 260
39.408203125 261
39.51171875 262
40.18359375 263
40.87109375 264
41.078125 265
41.11572265625 266
41.4140625 267
42.205078125 268
42.23046875 269
42.525390625 270
42.7861328125 271
43.064453125 272
46.1953125 273
46.2265625 274
48.3515625 275
48.7685546875 276
49.677734375 277
50.7884521484375 278
50.89453125 279
51.453125 280
51.837890625 281
53.576171875 282
53.966796875 283
54.07421875 284
55.796875 285
58.419921875 286
60.609375 287
61.31640625 288
61.576171875 289
65.728515625 290
65.8974609375 291
67.56884765625 292
67.625 293
68.6922607421875 294
69.9012451171875 295
70.505859375 296
71.185546875 297
71.681640625 298
72.693359375 299
74.517578125 300
76.8583984375 301
77.94140625 302
82.283203125 303
82.8773193359375 304
84.208984375 305
90.9609375 306
95.31689453125 307
95.935546875 308
97.923828125 309
99.6494140625 310
119.927734375 311
122.3701171875 312
123.08203125 313
131.310546875 314
134.255859375 315
135.37060546875 316
135.722900390625 317
137.224609375 318
154.783935546875 319
157.298828125 320
171.494140625 321
176.638671875 322
197.23828125 323
205.3515625 324
245.74560546875 325
259.951171875 326
267.513671875 327
293.0447692871094 328
