0.15234375 1
0.15301513671875 2
0.158203125 3
0.16796875 4
0.1826171875 5
0.18798828125 6
0.5020751953125 7
0.748046875 8
0.890625 9
0.921875 10
0.98095703125 11
1.0263671875 12
1.29296875 13
1.328125 14
1.50341796875 15
1.6380615234375 16
1.669921875 17
1.67529296875 18
1.693359375 19
1.705078125 20
1.705078125 21
1.76837158203125 22
1.771484375 23
1.7734375 24
1.85791015625 25
2.3740234375 26
2.48828125 27
2.6953125 28
2.697265625 29
2.92138671875 30
3.18359375 31
3.275390625 32
3.306640625 33
3.35546875 34
3.47265625 35
3.548828125 36
3.685302734375 37
3.87109375 38
4.0177001953125 39
4.193603515625 40
4.263671875 41
4.3515625 42
4.35546875 43
4.42169189453125 44
4.6943359375 45
4.932861328125 46
4.93359375 47
5.4765625 48
5.60791015625 49
5.75732421875 50
6.306640625 51
6.3916015625 52
6.451171875 53
6.501953125 54
6.5087890625 55
6.8515625 56
6.888671875 57
6.96484375 58
7.060546875 59
7.080078125 60
7.251953125 61
7.304931640625 62
7.35546875 63
7.419921875 64
7.638671875 65
7.640625 66
8.05224609375 67
8.4609375 68
8.68017578125 69
8.825439453125 70
9.3115234375 71
9.36328125 72
9.693359375 73
9.80615234375 74
9.8277587890625 75
9.828125 76
9.86328125 77
9.916015625 78
10.34619140625 79
10.404296875 80
10.419921875 81
10.46875 82
10.853759765625 83
10.94140625 84
11.388671875 85
11.4111328125 86
11.62109375 87
11.7607421875 88
11.83984375 89
12.0693359375 90
12.259765625 91
12.609375 92
12.888671875 93
12.958984375 94
12.974609375 95
13.00927734375 96
15.197998046875 97
15.5 98
17.0625 99
17.126953125 100
17.372802734375 101
17.474609375 102
17.6015625 103
17.630859375 104
17.646484375 105
18.01171875 106
18.2861328125 107
19.1279296875 108
19.201171875 109
19.375 110
19.5478515625 111
20.341796875 112
20.4228515625 113
21.48876953125 114
22.484375 115
22.76953125 116
23.078125 117
24.1171875 118
25.822265625 119
29.826171875 120
30.04248046875 121
33.4814453125 122
33.521484375 123
35.494140625 124
35.7236328125 125
37.331298828125 126
37.5810546875 127
39.1982421875 128
39.51171875 129
40.87109375 130
41.078125 131
41.11572265625 132
41.4140625 133
42.205078125 134
42.23046875 135
43.064453125 136
46.1953125 137
46.2265625 138
48.3515625 139
50.7884521484375 140
50.89453125 141
53.576171875 142
53.966796875 143
58.419921875 144
61.576171875 145
65.728515625 146
65.8974609375 147
67.625 148
69.9012451171875 149
70.505859375 150
72.693359375 151
77.94140625 152
82.283203125 153
82.8773193359375 154
84.208984375 155
90.9609375 156
95.31689453125 157
95.935546875 158
97.923828125 159
131.310546875 160
134.255859375 161
135.722900390625 162
137.224609375 163
154.783935546875 164
157.298828125 165
176.638671875 166
197.23828125 167
205.3515625 168
245.74560546875 169
259.951171875 170
267.513671875 171
