0.1962890625 1
0.20849609375 2
0.21875 3
0.236328125 4
0.239990234375 5
0.2587890625 6
0.263671875 7
0.26416015625 8
0.279296875 9
0.2890625 10
0.29931640625 11
0.30859375 12
0.3154296875 13
0.3359375 14
0.337890625 15
0.3701171875 16
0.38916015625 17
0.3916015625 18
0.451171875 19
0.4677734375 20
0.5185546875 21
0.53515625 22
0.55419921875 23
0.618988037109375 24
0.64208984375 25
0.767822265625 26
0.775390625 27
0.80255126953125 28
0.86865234375 29
0.87109375 30
0.9091796875 31
0.92724609375 32
0.9501953125 33
0.978515625 34
1.05029296875 35
1.2298583984375 36
1.275146484375 37
1.318359375 38
1.361328125 39
1.4736328125 40
1.4765625 41
1.50830078125 42
1.848876953125 43
1.96142578125 44
1.96875 45
2.2470703125 46
2.259765625 47
2.267578125 48
2.27197265625 49
2.279296875 50
2.288330078125 51
2.2900390625 52
2.29296875 53
2.306396484375 54
2.31201171875 55
2.3125 56
2.3642578125 57
2.365234375 58
2.380859375 59
2.5690810680389404 60
2.61572265625 61
2.654296875 62
2.90234375 63
2.9805908203125 64
3.1435546875 65
3.260986328125 66
3.2685546875 67
3.45703125 68
3.821044921875 69
3.82421875 70
3.855712890625 71
3.90283203125 72
3.9033203125 73
3.93603515625 74
3.94189453125 75
3.9716796875 76
4.0556640625 77
4.091796875 78
4.19189453125 79
4.244140625 80
4.2447967529296875 81
4.24560546875 82
4.802734375 83
4.8427734375 84
4.851318359375 85
4.990234375 86
5.0621337890625 87
5.3525390625 88
5.3544921875 89
5.5078125 90
5.529296875 91
5.537109375 92
5.635986328125 93
5.79931640625 94
5.9580078125 95
6.0703125 96
6.258544921875 97
6.3076171875 98
6.3076171875 99
6.40234375 100
6.475830078125 101
6.52685546875 102
6.529296875 103
6.60546875 104
6.8857421875 105
6.92578125 106
6.9775390625 107
7.1650390625 108
7.23876953125 109
7.33984375 110
7.3564453125 111
7.3779296875 112
7.39697265625 113
7.416015625 114
7.443359375 115
7.71875 116
7.91259765625 117
8.0927734375 118
8.13330078125 119
8.4677734375 120
8.66015625 121
8.71875 122
8.72998046875 123
8.88623046875 124
8.9873046875 125
9.1396484375 126
9.16650390625 127
9.17041015625 128
9.2734375 129
9.3310546875 130
9.38818359375 131
9.59521484375 132
9.81396484375 133
9.826904296875 134
9.8779296875 135
10.02001953125 136
10.2421875 137
10.32421875 138
10.3984375 139
10.943359375 140
11.1279296875 141
11.1533203125 142
11.29296875 143
11.31640625 144
11.80078125 145
11.802734375 146
11.955078125 147
12.7734375 148
12.8720703125 149
13.1279296875 150
13.271484375 151
13.337890625 152
13.3515625 153
13.40966796875 154
13.4345703125 155
13.66796875 156
13.74609375 157
13.77783203125 158
13.84375 159
14.228515625 160
14.276123046875 161
14.545074462890625 162
15.255126953125 163
15.8330078125 164
16.41259765625 165
17.205078125 166
17.2509765625 167
17.2763671875 168
17.3134765625 169
17.330078125 170
17.78125 171
17.86572265625 172
18.3046875 173
18.3927001953125 174
18.419921875 175
18.42578125 176
18.4462890625 177
18.4521484375 178
18.9453125 179
19.3203125 180
19.42626953125 181
19.7470703125 182
20.33740234375 183
20.4326171875 184
21.086181640625 185
21.717041015625 186
22.10107421875 187
22.4453125 188
22.4453125 189
22.533447265625 190
22.57861328125 191
22.669921875 192
23.24609375 193
23.361083984375 194
23.56298828125 195
23.923828125 196
24.2109375 197
24.63427734375 198
24.8310546875 199
26.1240234375 200
26.2451171875 201
26.4443359375 202
26.72607421875 203
26.7568359375 204
26.861328125 205
27.357421875 206
28.5703125 207
28.6376953125 208
28.64697265625 209
28.66015625 210
29.3115234375 211
30.201171875 212
31.11669921875 213
31.314453125 214
31.56689453125 215
31.64794921875 216
31.95361328125 217
32.2503662109375 218
32.91796875 219
33.02294921875 220
33.54833984375 221
33.578125 222
33.94140625 223
34.06591796875 224
34.7314453125 225
35.060546875 226
35.1298828125 227
35.134765625 228
35.3369140625 229
35.814453125 230
35.82177734375 231
35.97216796875 232
36.24169921875 233
36.275390625 234
36.3994140625 235
36.640625 236
36.9102783203125 237
37.2294921875 238
37.267822265625 239
38.2071533203125 240
38.2626953125 241
38.7333984375 242
39.64501953125 243
40.8193359375 244
42.516815185546875 245
44.84033203125 246
45.0625 247
45.9140625 248
47.2841796875 249
48.32421875 250
48.72265625 251
48.95703125 252
49.662109375 253
50.397216796875 254
51.8359375 255
52.48486328125 256
53.2783203125 257
53.76025390625 258
54.30224609375 259
54.71044921875 260
54.736328125 261
56.341796875 262
57.98486328125 263
59.23828125 264
59.67578125 265
60.8603515625 266
60.982421875 267
61.1630859375 268
62.05859375 269
62.6689453125 270
62.671875 271
66.09130859375 272
66.162109375 273
67.53564453125 274
68.5439453125 275
69.314453125 276
71.769775390625 277
71.787109375 278
75.8125 279
78.255859375 280
79.3076171875 281
81.876953125 282
84.0078125 283
85.34765625 284
85.75830078125 285
86.732421875 286
87.3359375 287
87.408203125 288
88.861328125 289
89.24365234375 290
89.373046875 291
93.2939453125 292
95.65185546875 293
98.66796875 294
99.365966796875 295
99.54330444335938 296
103.478759765625 297
103.88134765625 298
103.900390625 299
104.5302734375 300
106.9619140625 301
108.2255859375 302
109.314453125 303
116.5662841796875 304
118.537109375 305
123.35546875 306
126.373046875 307
130.46484375 308
137.24462890625 309
139.25390625 310
140.810546875 311
147.7705078125 312
153.974609375 313
168.666259765625 314
175.2333984375 315
193.94384765625 316
196.6494140625 317
209.9169921875 318
236.24609375 319
260.357666015625 320
261.29248046875 321
