0.1962890625 1
0.21875 2
0.2587890625 3
0.263671875 4
0.26416015625 5
0.29931640625 6
0.30859375 7
0.3154296875 8
0.3359375 9
0.3701171875 10
0.38916015625 11
0.451171875 12
0.4677734375 13
0.5185546875 14
0.55419921875 15
0.618988037109375 16
0.64208984375 17
0.775390625 18
0.80255126953125 19
0.86865234375 20
0.87109375 21
0.9091796875 22
0.92724609375 23
0.9501953125 24
0.978515625 25
1.05029296875 26
1.2298583984375 27
1.275146484375 28
1.318359375 29
1.361328125 30
1.4736328125 31
1.4765625 32
1.50830078125 33
1.848876953125 34
1.96142578125 35
1.96875 36
2.27197265625 37
2.31201171875 38
2.3125 39
2.3642578125 40
2.5690810680389404 41
2.654296875 42
2.90234375 43
2.9805908203125 44
3.1435546875 45
3.821044921875 46
3.82421875 47
3.855712890625 48
3.90283203125 49
3.9033203125 50
3.93603515625 51
3.94189453125 52
4.0556640625 53
4.091796875 54
4.19189453125 55
4.244140625 56
4.802734375 57
4.8427734375 58
4.851318359375 59
4.990234375 60
5.0621337890625 61
5.3525390625 62
5.3544921875 63
5.5078125 64
5.635986328125 65
5.79931640625 66
5.9580078125 67
6.0703125 68
6.40234375 69
6.475830078125 70
6.52685546875 71
6.529296875 72
6.60546875 73
6.8857421875 74
6.92578125 75
6.9775390625 76
7.1650390625 77
7.23876953125 78
7.33984375 79
7.3564453125 80
7.3779296875 81
7.39697265625 82
7.443359375 83
7.71875 84
7.91259765625 85
8.0927734375 86
8.13330078125 87
8.66015625 88
8.71875 89
8.72998046875 90
8.88623046875 91
8.9873046875 92
9.1396484375 93
9.38818359375 94
9.8779296875 95
10.2421875 96
10.32421875 97
10.943359375 98
11.1533203125 99
11.29296875 100
11.955078125 101
12.7734375 102
13.1279296875 103
13.337890625 104
13.66796875 105
13.77783203125 106
13.84375 107
14.228515625 108
15.255126953125 109
18.419921875 110
18.4462890625 111
19.42626953125 112
19.7470703125 113
21.086181640625 114
22.4453125 115
22.4453125 116
22.669921875 117
23.24609375 118
23.361083984375 119
24.63427734375 120
26.1240234375 121
26.4443359375 122
26.7568359375 123
26.861328125 124
28.5703125 125
28.64697265625 126
28.66015625 127
31.56689453125 128
32.91796875 129
33.02294921875 130
33.94140625 131
35.060546875 132
35.1298828125 133
35.134765625 134
35.814453125 135
35.82177734375 136
35.97216796875 137
36.275390625 138
36.3994140625 139
36.9102783203125 140
48.32421875 141
48.72265625 142
49.662109375 143
54.30224609375 144
54.71044921875 145
59.67578125 146
60.982421875 147
61.1630859375 148
86.732421875 149
89.373046875 150
93.2939453125 151
130.46484375 152
137.24462890625 153
168.666259765625 154
209.9169921875 155
236.24609375 156
