0.20849609375 1
0.236328125 2
0.239990234375 3
0.279296875 4
0.2890625 5
0.337890625 6
0.3916015625 7
0.53515625 8
0.767822265625 9
2.2470703125 10
2.259765625 11
2.267578125 12
2.279296875 13
2.288330078125 14
2.2900390625 15
2.29296875 16
2.306396484375 17
2.365234375 18
2.380859375 19
2.61572265625 20
3.260986328125 21
3.2685546875 22
3.45703125 23
3.9716796875 24
4.2447967529296875 25
4.24560546875 26
5.529296875 27
5.537109375 28
6.258544921875 29
6.3076171875 30
6.3076171875 31
7.416015625 32
8.4677734375 33
9.16650390625 34
9.17041015625 35
9.2734375 36
9.3310546875 37
9.59521484375 38
9.81396484375 39
9.826904296875 40
10.02001953125 41
10.3984375 42
11.1279296875 43
11.31640625 44
11.80078125 45
11.802734375 46
12.8720703125 47
13.271484375 48
13.3515625 49
13.40966796875 50
13.4345703125 51
13.74609375 52
14.276123046875 53
14.545074462890625 54
15.8330078125 55
16.41259765625 56
17.205078125 57
17.2509765625 58
17.2763671875 59
17.3134765625 60
17.330078125 61
17.78125 62
17.86572265625 63
18.3046875 64
18.3927001953125 65
18.42578125 66
18.4521484375 67
18.9453125 68
19.3203125 69
20.33740234375 70
20.4326171875 71
21.717041015625 72
22.10107421875 73
22.533447265625 74
22.57861328125 75
23.56298828125 76
23.923828125 77
24.2109375 78
24.8310546875 79
26.2451171875 80
26.72607421875 81
27.357421875 82
28.6376953125 83
29.3115234375 84
30.201171875 85
31.11669921875 86
31.314453125 87
31.64794921875 88
31.95361328125 89
32.2503662109375 90
33.54833984375 91
33.578125 92
34.06591796875 93
34.7314453125 94
35.3369140625 95
36.24169921875 96
36.640625 97
37.2294921875 98
37.267822265625 99
38.2071533203125 100
38.2626953125 101
38.7333984375 102
39.64501953125 103
40.8193359375 104
42.516815185546875 105
44.84033203125 106
45.0625 107
45.9140625 108
47.2841796875 109
48.95703125 110
50.397216796875 111
51.8359375 112
52.48486328125 113
53.2783203125 114
53.76025390625 115
54.736328125 116
56.341796875 117
57.98486328125 118
59.23828125 119
60.8603515625 120
62.05859375 121
62.6689453125 122
62.671875 123
66.09130859375 124
66.162109375 125
67.53564453125 126
68.5439453125 127
69.314453125 128
71.769775390625 129
71.787109375 130
75.8125 131
78.255859375 132
79.3076171875 133
81.876953125 134
84.0078125 135
85.34765625 136
85.75830078125 137
87.3359375 138
87.408203125 139
88.861328125 140
89.24365234375 141
95.65185546875 142
98.66796875 143
99.365966796875 144
99.54330444335938 145
103.478759765625 146
103.88134765625 147
103.900390625 148
104.5302734375 149
106.9619140625 150
108.2255859375 151
109.314453125 152
116.5662841796875 153
118.537109375 154
123.35546875 155
126.373046875 156
139.25390625 157
140.810546875 158
147.7705078125 159
153.974609375 160
175.2333984375 161
193.94384765625 162
196.6494140625 163
260.357666015625 164
261.29248046875 165
