0.17822265625 1
0.20654296875 2
0.231201171875 3
0.232421875 4
0.2373046875 5
0.2607421875 6
0.263916015625 7
0.266845703125 8
0.271484375 9
0.2783203125 10
0.28271484375 11
0.28857421875 12
0.328125 13
0.32958984375 14
0.3388671875 15
0.35302734375 16
0.365234375 17
0.41015625 18
0.41845703125 19
0.52978515625 20
0.53076171875 21
0.537109375 22
0.6025390625 23
0.637786865234375 24
0.666259765625 25
0.7099609375 26
0.7158203125 27
0.75225830078125 28
0.772216796875 29
0.787109375 30
0.85302734375 31
0.90478515625 32
0.96484375 33
1.04296875 34
1.2391357421875 35
1.26904296875 36
1.3212890625 37
1.396392822265625 38
1.4014892578125 39
1.447265625 40
1.52734375 41
1.6337890625 42
1.68896484375 43
1.7109375 44
1.71630859375 45
1.76025390625 46
1.826171875 47
1.873779296875 48
1.8841552734375 49
1.9462890625 50
2.0458984375 51
2.155517578125 52
2.158203125 53
2.18115234375 54
2.1865234375 55
2.1953125 56
2.203125 57
2.244140625 58
2.34521484375 59
2.3623046875 60
2.408935546875 61
2.410400390625 62
2.42578125 63
2.4326171875 64
2.45166015625 65
2.4970703125 66
2.790283203125 67
2.8818359375 68
2.8828125 69
2.97265625 70
2.998046875 71
3.00048828125 72
3.021484375 73
3.0859375 74
3.12841796875 75
3.138671875 76
3.1875 77
3.2177734375 78
3.25341796875 79
3.32421875 80
3.326171875 81
3.369720458984375 82
3.39990234375 83
3.533203125 84
3.5400390625 85
3.591796875 86
3.62158203125 87
3.728619337081909 88
3.7763671875 89
3.97314453125 90
4.2862548828125 91
4.3154296875 92
4.31689453125 93
4.513671875 94
4.6845703125 95
4.7138671875 96
4.76171875 97
4.9443359375 98
5.054443359375 99
5.09375 100
5.1796875 101
5.197509765625 102
5.2216796875 103
5.5673828125 104
5.7587890625 105
5.78173828125 106
5.8525390625 107
5.896484375 108
6.1064453125 109
6.119384765625 110
6.296875 111
6.376953125 112
6.3837890625 113
6.38818359375 114
6.64794921875 115
6.732421875 116
6.73974609375 117
6.7939453125 118
6.8955078125 119
7.1201171875 120
7.126953125 121
7.19970703125 122
7.216796875 123
7.228515625 124
7.27490234375 125
7.35888671875 126
7.4384765625 127
7.76953125 128
7.7890625 129
8.52734375 130
8.6083984375 131
9.020751953125 132
9.3837890625 133
9.728515625 134
9.765625 135
10.041015625 136
10.18701171875 137
10.240234375 138
10.3154296875 139
10.9853515625 140
11.1201171875 141
11.2958984375 142
11.30340576171875 143
11.44140625 144
11.46875 145
11.9521484375 146
12.05126953125 147
12.0625 148
12.1904296875 149
12.46923828125 150
12.912109375 151
13.052734375 152
13.3076171875 153
13.5078125 154
13.71484375 155
14.0185546875 156
14.235382080078125 157
14.49072265625 158
14.54833984375 159
14.6982421875 160
14.740234375 161
14.92236328125 162
14.97265625 163
15.17724609375 164
15.3515625 165
15.716796875 166
15.7265625 167
16.021484375 168
16.0546875 169
16.2308349609375 170
16.33642578125 171
16.451171875 172
16.451171875 173
16.5284423828125 174
16.6474609375 175
16.935302734375 176
17.08203125 177
18.0029296875 178
18.3671875 179
18.4736328125 180
18.576171875 181
18.60107421875 182
18.640625 183
18.7470703125 184
19.191314697265625 185
19.52001953125 186
20.22998046875 187
20.2421875 188
20.28369140625 189
20.564697265625 190
21.1826171875 191
21.81005859375 192
21.9072265625 193
22.2618408203125 194
22.64453125 195
23.4814453125 196
23.759765625 197
24.076171875 198
24.2080078125 199
24.37255859375 200
24.47265625 201
24.56298828125 202
24.8486328125 203
24.92724609375 204
25.005859375 205
25.1796875 206
25.35107421875 207
26.09521484375 208
26.0966796875 209
26.19140625 210
27.3740234375 211
27.388671875 212
28.212890625 213
28.60791015625 214
28.615234375 215
28.6318359375 216
28.6923828125 217
29.54736328125 218
29.58154296875 219
30.75 220
31.4970703125 221
32.15869140625 222
32.25 223
32.3271484375 224
32.517578125 225
33.20703125 226
33.24267578125 227
33.6787109375 228
33.68109130859375 229
33.989501953125 230
34.15625 231
34.165283203125 232
34.685302734375 233
35.1708984375 234
35.2498779296875 235
35.72998046875 236
35.79443359375 237
35.95947265625 238
36.0673828125 239
37.2919921875 240
37.38818359375 241
37.42578125 242
37.963134765625 243
38.6884765625 244
38.823486328125 245
39.41748046875 246
39.8828125 247
41.246337890625 248
41.319732666015625 249
43.646484375 250
43.7080078125 251
44.7939453125 252
47.44140625 253
47.4794921875 254
49.67138671875 255
50.19671630859375 256
50.60107421875 257
51.140380859375 258
51.40625 259
51.685791015625 260
53.203125 261
53.28955078125 262
53.92431640625 263
55.77978515625 264
59.2060546875 265
60.44921875 266
60.6875 267
60.806640625 268
61.24609375 269
61.63671875 270
61.8544921875 271
63.427734375 272
63.48193359375 273
64.234375 274
65.06640625 275
69.26953125 276
70.2412109375 277
70.8330078125 278
71.2060546875 279
72.5433349609375 280
74.19482421875 281
75.765625 282
76.1669921875 283
76.7373046875 284
79.341796875 285
80.184326171875 286
81.345703125 287
85.6376953125 288
85.7041015625 289
86.09716796875 290
88.1904296875 291
90.70654296875 292
93.3328857421875 293
95.3924560546875 294
96.2935791015625 295
96.31150817871094 296
98.0166015625 297
99.07421875 298
102.5380859375 299
103.685546875 300
105.373046875 301
108.88427734375 302
109.134765625 303
121.7861328125 304
122.8759765625 305
125.79541015625 306
126.5950927734375 307
127.2392578125 308
128.7109375 309
130.4794921875 310
134.42431640625 311
147.796875 312
158.978515625 313
160.7578125 314
174.927734375 315
179.9970703125 316
182.1123046875 317
188.8134765625 318
198.80419921875 319
201.408203125 320
207.1650390625 321
232.6669921875 322
254.19384765625 323
284.35595703125 324
289.6982421875 325
