0.17822265625 1
0.2607421875 2
0.263916015625 3
0.266845703125 4
0.2783203125 5
0.32958984375 6
0.365234375 7
0.537109375 8
0.772216796875 9
1.68896484375 10
1.7109375 11
1.71630859375 12
1.76025390625 13
1.826171875 14
1.873779296875 15
1.8841552734375 16
2.18115234375 17
2.1953125 18
2.203125 19
2.410400390625 20
2.4326171875 21
2.97265625 22
3.12841796875 23
3.1875 24
3.32421875 25
3.369720458984375 26
4.3154296875 27
4.7138671875 28
4.76171875 29
5.1796875 30
5.197509765625 31
6.376953125 32
6.38818359375 33
6.73974609375 34
6.7939453125 35
6.8955078125 36
7.19970703125 37
7.216796875 38
7.228515625 39
7.35888671875 40
8.6083984375 41
9.728515625 42
9.765625 43
10.041015625 44
10.240234375 45
11.2958984375 46
11.46875 47
12.0625 48
12.1904296875 49
12.912109375 50
13.3076171875 51
13.71484375 52
14.235382080078125 53
14.49072265625 54
14.54833984375 55
14.6982421875 56
14.740234375 57
14.92236328125 58
15.17724609375 59
15.716796875 60
15.7265625 61
16.021484375 62
16.0546875 63
16.33642578125 64
16.451171875 65
16.451171875 66
16.5284423828125 67
16.6474609375 68
16.935302734375 69
17.08203125 70
18.3671875 71
18.4736328125 72
18.576171875 73
18.640625 74
18.7470703125 75
20.22998046875 76
20.28369140625 77
20.564697265625 78
21.1826171875 79
21.81005859375 80
21.9072265625 81
22.2618408203125 82
23.4814453125 83
24.2080078125 84
24.56298828125 85
24.8486328125 86
25.1796875 87
25.35107421875 88
26.0966796875 89
28.212890625 90
28.6923828125 91
29.54736328125 92
29.58154296875 93
30.75 94
32.15869140625 95
32.25 96
33.20703125 97
33.6787109375 98
33.989501953125 99
34.165283203125 100
34.685302734375 101
35.2498779296875 102
35.72998046875 103
37.38818359375 104
38.6884765625 105
38.823486328125 106
39.41748046875 107
39.8828125 108
41.319732666015625 109
44.7939453125 110
47.44140625 111
49.67138671875 112
50.19671630859375 113
50.60107421875 114
51.140380859375 115
51.40625 116
51.685791015625 117
53.203125 118
55.77978515625 119
59.2060546875 120
60.44921875 121
60.6875 122
60.806640625 123
61.24609375 124
61.63671875 125
61.8544921875 126
63.48193359375 127
64.234375 128
65.06640625 129
69.26953125 130
70.2412109375 131
71.2060546875 132
72.5433349609375 133
74.19482421875 134
75.765625 135
76.1669921875 136
76.7373046875 137
79.341796875 138
80.184326171875 139
85.7041015625 140
86.09716796875 141
88.1904296875 142
90.70654296875 143
93.3328857421875 144
95.3924560546875 145
96.2935791015625 146
96.31150817871094 147
98.0166015625 148
99.07421875 149
102.5380859375 150
103.685546875 151
105.373046875 152
108.88427734375 153
109.134765625 154
121.7861328125 155
122.8759765625 156
127.2392578125 157
128.7109375 158
174.927734375 159
179.9970703125 160
182.1123046875 161
188.8134765625 162
207.1650390625 163
254.19384765625 164
284.35595703125 165
289.6982421875 166
