0.20654296875 1
0.231201171875 2
0.232421875 3
0.2373046875 4
0.271484375 5
0.28271484375 6
0.28857421875 7
0.328125 8
0.3388671875 9
0.35302734375 10
0.41015625 11
0.41845703125 12
0.52978515625 13
0.53076171875 14
0.6025390625 15
0.637786865234375 16
0.666259765625 17
0.7099609375 18
0.7158203125 19
0.75225830078125 20
0.787109375 21
0.85302734375 22
0.90478515625 23
0.96484375 24
1.04296875 25
1.2391357421875 26
1.26904296875 27
1.3212890625 28
1.396392822265625 29
1.4014892578125 30
1.447265625 31
1.52734375 32
1.6337890625 33
1.9462890625 34
2.0458984375 35
2.155517578125 36
2.158203125 37
2.1865234375 38
2.244140625 39
2.34521484375 40
2.3623046875 41
2.408935546875 42
2.42578125 43
2.45166015625 44
2.4970703125 45
2.790283203125 46
2.8818359375 47
2.8828125 48
2.998046875 49
3.00048828125 50
3.021484375 51
3.0859375 52
3.138671875 53
3.2177734375 54
3.25341796875 55
3.326171875 56
3.39990234375 57
3.533203125 58
3.5400390625 59
3.591796875 60
3.62158203125 61
3.728619337081909 62
3.7763671875 63
3.97314453125 64
4.2862548828125 65
4.31689453125 66
4.513671875 67
4.6845703125 68
4.9443359375 69
5.054443359375 70
5.09375 71
5.2216796875 72
5.5673828125 73
5.7587890625 74
5.78173828125 75
5.8525390625 76
5.896484375 77
6.1064453125 78
6.119384765625 79
6.296875 80
6.3837890625 81
6.64794921875 82
6.732421875 83
7.1201171875 84
7.126953125 85
7.27490234375 86
7.4384765625 87
7.76953125 88
7.7890625 89
8.52734375 90
9.020751953125 91
9.3837890625 92
10.18701171875 93
10.3154296875 94
10.9853515625 95
11.1201171875 96
11.30340576171875 97
11.44140625 98
11.9521484375 99
12.05126953125 100
12.46923828125 101
13.052734375 102
13.5078125 103
14.0185546875 104
14.97265625 105
15.3515625 106
16.2308349609375 107
18.0029296875 108
18.60107421875 109
19.191314697265625 110
19.52001953125 111
20.2421875 112
22.64453125 113
23.759765625 114
24.076171875 115
24.37255859375 116
24.47265625 117
24.92724609375 118
25.005859375 119
26.09521484375 120
26.19140625 121
27.3740234375 122
27.388671875 123
28.60791015625 124
28.615234375 125
28.6318359375 126
31.4970703125 127
32.3271484375 128
32.517578125 129
33.24267578125 130
33.68109130859375 131
34.15625 132
35.1708984375 133
35.79443359375 134
35.95947265625 135
36.0673828125 136
37.2919921875 137
37.42578125 138
37.963134765625 139
41.246337890625 140
43.646484375 141
43.7080078125 142
47.4794921875 143
53.28955078125 144
53.92431640625 145
63.427734375 146
70.8330078125 147
81.345703125 148
85.6376953125 149
125.79541015625 150
126.5950927734375 151
130.4794921875 152
134.42431640625 153
147.796875 154
158.978515625 155
160.7578125 156
198.80419921875 157
201.408203125 158
232.6669921875 159
