0 0.200137
0.001 0.0605723
0.002 0.0517053
0.003 0.0409817
0.004 0.0350966
0.005 0.0306631
0.006 0.0270961
0.007 0.0251719
0.008 0.0207721
0.009 0.0208622
0.01 0.0202658
0.011 0.0166537
0.012 0.0165187
0.013 0.0170813
0.014 0.0148196
0.015 0.0148308
0.016 0.0130867
0.017 0.0116576
0.018 0.0115001
0.019 0.0103298
0.02 0.0125578
0.021 0.0103186
0.022 0.0100147
0.023 0.00975593
0.024 0.00921581
0.025 0.00886698
0.026 0.00903577
0.027 0.0086982
0.028 0.00768547
0.029 0.00696531
0.03 0.00717911
0.031 0.0073929
0.032 0.00666149
0.033 0.0058288
0.034 0.00553624
0.035 0.00555874
0.036 0.00585131
0.037 0.00507489
0.038 0.00482733
0.039 0.00412967
0.04 0.00432097
0.041 0.00509739
0.042 0.00409592
0.043 0.00373584
0.044 0.0040284
0.045 0.00364582
0.046 0.00348828
0.047 0.00344327
0.048 0.00303818
0.049 0.00299317
0.05 0.00298192
0.051 0.0028919
0.052 0.00317321
0.053 0.00280188
0.054 0.00268935
0.055 0.00239679
0.056 0.00252056
0.057 0.00271186
0.058 0.00248681
0.059 0.00268935
0.06 0.0024643
0.061 0.0019917
0.062 0.00218299
0.063 0.00221675
0.064 0.002228
0.065 0.00193543
0.066 0.00189042
0.067 0.00194669
0.068 0.00175539
0.069 0.0018004
0.07 0.00176665
0.071 0.00178915
0.072 0.0017779
0.073 0.00140656
0.074 0.00123778
0.075 0.00142907
0.076 0.00176665
0.077 0.00144032
0.078 0.00137281
0.079 0.00126028
0.08 0.0011365
0.081 0.00136155
0.082 0.0011365
0.083 0.00158661
0.084 0.00127153
0.085 0.00124903
0.086 0.000978969
0.087 0.0011365
0.088 0.00105774
0.089 0.00106899
0.09 0.00118151
0.091 0.00106899
0.092 0.000956464
0.093 0.0013278
0.094 0.000900201
0.095 0.000888949
0.096 0.000843939
0.097 0.000922706
0.098 0.000978969
0.099 0.000686404
0.1 0.000877696
0.101 0.000731414
0.102 0.000866444
0.103 0.000787676
0.104 0.000888949
0.105 0.000697656
0.106 0.000776424
0.107 0.000765171
0.108 0.000675151
0.109 0.000922706
0.11 0.000663899
0.111 0.000472606
0.112 0.000686404
0.113 0.000708909
0.114 0.000776424
0.115 0.000810181
0.116 0.000517616
0.117 0.000708909
0.118 0.000675151
0.119 0.000720161
0.12 0.000495111
0.121 0.000618888
0.122 0.000675151
0.123 0.000585131
0.124 0.000787676
0.125 0.000573878
0.126 0.000641394
0.127 0.000573878
0.128 0.000506363
0.129 0.000675151
0.13 0.000517616
0.131 0.000517616
0.132 0.000573878
0.133 0.000585131
0.134 0.000360081
0.135 0.000483858
0.136 0.000596383
0.137 0.000472606
0.138 0.000461353
0.139 0.000450101
0.14 0.000652646
0.141 0.000528868
0.142 0.000506363
0.143 0.000337576
0.144 0.000551373
0.145 0.000517616
0.146 0.000281313
0.147 0.000416343
0.148 0.000292565
0.149 0.000360081
0.15 0.000281313
0.151 0.000450101
0.152 0.000382586
0.153 0.000360081
0.154 0.000292565
0.155 0.000337576
0.156 0.000405091
0.157 0.000303818
0.158 0.00031507
0.159 0.000348828
0.16 0.000236303
0.161 0.000371333
0.162 0.000326323
0.163 0.000360081
0.164 0.000348828
0.165 0.000393838
0.166 0.000303818
0.167 0.000371333
0.168 0.000236303
0.169 0.000236303
0.17 0.000281313
0.171 0.000416343
0.172 0.000281313
0.173 0.000281313
0.174 0.00027006
0.175 0.000393838
0.176 0.000371333
0.177 0.000393838
0.178 0.000292565
0.179 0.000371333
0.18 0.000382586
0.181 0.000157535
0.182 0.000191293
0.183 0.000157535
0.184 0.000258808
0.185 0.000258808
0.186 0.00022505
0.187 0.000348828
0.188 0.00022505
0.189 0.000168788
0.19 0.000258808
0.191 0.000258808
0.192 0.000247555
0.193 0.000202545
0.194 0.00022505
0.195 0.000168788
0.196 0.000123778
0.197 0.000191293
0.198 0.000202545
0.199 0.00022505
0.2 0.000191293
0.201 0.000146283
0.202 0.000247555
0.203 0.00027006
0.204 0.000157535
0.205 0.000213798
0.206 0.00022505
0.207 0.000337576
0.208 0.000191293
0.209 0.000123778
0.21 0.000157535
0.211 0.000191293
0.212 0.00013503
0.213 0.000247555
0.214 0.000213798
0.215 0.00018004
0.216 0.000168788
0.217 0.00013503
0.218 0.000258808
0.219 0.000191293
0.22 0.000112525
0.221 0.000191293
0.222 0.00013503
0.223 0.000157535
0.224 0.000157535
0.225 0.000168788
0.226 0.000101273
0.227 0.000146283
0.228 0.000123778
0.229 0.000157535
0.23 0.000101273
0.231 0.00018004
0.232 0.000123778
0.233 0.000123778
0.234 0.000101273
0.235 0.000101273
0.236 0.000168788
0.237 0.000101273
0.238 0.000123778
0.239 0.000191293
0.24 0.00013503
0.241 9.00201e-05
0.242 0.000168788
0.243 0.000101273
0.244 0.000146283
0.245 0.000101273
0.246 6.75151e-05
0.247 9.00201e-05
0.248 0.00013503
0.249 6.75151e-05
0.25 0.000112525
0.251 0.000101273
0.252 0.000101273
0.253 0.00013503
0.254 0.00018004
0.255 0.000146283
0.256 0.000157535
0.257 0.00013503
0.258 7.87676e-05
0.259 7.87676e-05
0.26 0.000101273
0.261 9.00201e-05
0.262 0.000112525
0.263 0.00013503
0.264 0.000101273
0.265 0.000123778
0.266 0.000112525
0.267 9.00201e-05
0.268 0.00018004
0.269 5.62626e-05
0.27 7.87676e-05
0.271 0.000123778
0.272 0.000112525
0.273 0.00018004
0.274 0.000101273
0.275 5.62626e-05
0.276 0.000101273
0.277 0.00013503
0.278 7.87676e-05
0.279 9.00201e-05
0.28 5.62626e-05
0.281 6.75151e-05
0.282 0.000146283
0.283 0.000101273
0.284 6.75151e-05
0.285 6.75151e-05
0.286 0.000101273
0.287 7.87676e-05
0.288 6.75151e-05
0.289 0.000168788
0.29 9.00201e-05
0.291 0.000101273
0.292 7.87676e-05
0.293 9.00201e-05
0.294 6.75151e-05
0.295 7.87676e-05
0.296 6.75151e-05
0.297 9.00201e-05
0.298 3.37576e-05
0.299 7.87676e-05
0.3 4.50101e-05
0.301 9.00201e-05
0.302 0.000112525
0.303 4.50101e-05
0.304 6.75151e-05
0.305 3.37576e-05
0.306 6.75151e-05
0.307 5.62626e-05
0.308 7.87676e-05
0.309 9.00201e-05
0.31 6.75151e-05
0.311 3.37576e-05
0.312 0.000101273
0.313 5.62626e-05
0.314 0.000112525
0.315 7.87676e-05
0.316 6.75151e-05
0.317 5.62626e-05
0.318 4.50101e-05
0.319 3.37576e-05
0.32 4.50101e-05
0.321 9.00201e-05
0.322 0
0.323 7.87676e-05
0.324 3.37576e-05
0.325 6.75151e-05
0.326 5.62626e-05
0.327 3.37576e-05
0.328 3.37576e-05
0.329 6.75151e-05
0.33 6.75151e-05
0.331 4.50101e-05
0.332 6.75151e-05
0.333 6.75151e-05
0.334 7.87676e-05
0.335 5.62626e-05
0.336 6.75151e-05
0.337 2.2505e-05
0.338 9.00201e-05
0.339 4.50101e-05
0.34 7.87676e-05
0.341 6.75151e-05
0.342 6.75151e-05
0.343 4.50101e-05
0.344 3.37576e-05
0.345 2.2505e-05
0.346 3.37576e-05
0.347 4.50101e-05
0.348 6.75151e-05
0.349 9.00201e-05
0.35 7.87676e-05
0.351 3.37576e-05
0.352 6.75151e-05
0.353 4.50101e-05
0.354 7.87676e-05
0.355 4.50101e-05
0.356 2.2505e-05
0.357 5.62626e-05
0.358 2.2505e-05
0.359 3.37576e-05
0.36 3.37576e-05
0.361 6.75151e-05
0.362 6.75151e-05
0.363 5.62626e-05
0.364 4.50101e-05
0.365 4.50101e-05
0.366 3.37576e-05
0.367 5.62626e-05
0.368 3.37576e-05
0.369 5.62626e-05
0.37 4.50101e-05
0.371 4.50101e-05
0.372 5.62626e-05
0.373 6.75151e-05
0.374 3.37576e-05
0.375 4.50101e-05
0.376 6.75151e-05
0.377 3.37576e-05
0.378 4.50101e-05
0.379 1.12525e-05
0.38 2.2505e-05
0.381 2.2505e-05
0.382 2.2505e-05
0.383 1.12525e-05
0.384 5.62626e-05
0.385 1.12525e-05
0.386 2.2505e-05
0.387 3.37576e-05
0.388 1.12525e-05
0.389 2.2505e-05
0.39 2.2505e-05
0.391 2.2505e-05
0.392 4.50101e-05
0.393 4.50101e-05
0.394 6.75151e-05
0.395 1.12525e-05
0.396 3.37576e-05
0.397 9.00201e-05
0.398 2.2505e-05
0.399 0
0.4 1.12525e-05
0.401 3.37576e-05
0.402 1.12525e-05
0.403 1.12525e-05
0.404 3.37576e-05
0.405 2.2505e-05
0.406 2.2505e-05
0.407 1.12525e-05
0.408 1.12525e-05
0.409 6.75151e-05
0.41 1.12525e-05
0.411 0
0.412 6.75151e-05
0.413 2.2505e-05
0.414 3.37576e-05
0.415 0
0.416 3.37576e-05
0.417 3.37576e-05
0.418 0
0.419 3.37576e-05
0.42 0
0.421 2.2505e-05
0.422 1.12525e-05
0.423 3.37576e-05
0.424 2.2505e-05
0.425 3.37576e-05
0.426 2.2505e-05
0.427 1.12525e-05
0.428 4.50101e-05
0.429 0
0.43 2.2505e-05
0.431 3.37576e-05
0.432 0
0.433 1.12525e-05
0.434 2.2505e-05
0.435 2.2505e-05
0.436 1.12525e-05
0.437 3.37576e-05
0.438 0
0.439 1.12525e-05
0.44 2.2505e-05
0.441 2.2505e-05
0.442 2.2505e-05
0.443 2.2505e-05
0.444 3.37576e-05
0.445 2.2505e-05
0.446 1.12525e-05
0.447 2.2505e-05
0.448 4.50101e-05
0.449 5.62626e-05
0.45 4.50101e-05
0.451 1.12525e-05
0.452 2.2505e-05
0.453 1.12525e-05
0.454 1.12525e-05
0.455 5.62626e-05
0.456 1.12525e-05
0.457 4.50101e-05
0.458 1.12525e-05
0.459 4.50101e-05
0.46 3.37576e-05
0.461 3.37576e-05
0.462 1.12525e-05
0.463 2.2505e-05
0.464 1.12525e-05
0.465 4.50101e-05
0.466 2.2505e-05
0.467 1.12525e-05
0.468 2.2505e-05
0.469 2.2505e-05
0.47 2.2505e-05
0.471 0
0.472 0
0.473 4.50101e-05
0.474 0
0.475 0
0.476 2.2505e-05
0.477 0
0.478 4.50101e-05
0.479 0
0.48 1.12525e-05
0.481 0
0.482 1.12525e-05
0.483 2.2505e-05
0.484 1.12525e-05
0.485 2.2505e-05
0.486 1.12525e-05
0.487 0
0.488 0
0.489 0
0.49 2.2505e-05
0.491 0
0.492 1.12525e-05
0.493 0
0.494 3.37576e-05
0.495 0
0.496 1.12525e-05
0.497 0
0.498 2.2505e-05
0.499 0
0.5 1.12525e-05
0.501 4.50101e-05
0.502 0
0.503 9.00201e-05
0.504 0
0.505 2.2505e-05
0.506 0
0.507 0
0.508 1.12525e-05
0.509 1.12525e-05
0.51 0
0.511 3.37576e-05
0.512 2.2505e-05
0.513 1.12525e-05
0.514 0
0.515 0
0.516 0
0.517 1.12525e-05
0.518 0
0.519 2.2505e-05
0.52 3.37576e-05
0.521 1.12525e-05
0.522 0
0.523 1.12525e-05
0.524 0
0.525 1.12525e-05
0.526 0
0.527 1.12525e-05
0.528 0
0.529 2.2505e-05
0.53 1.12525e-05
0.531 3.37576e-05
0.532 1.12525e-05
0.533 1.12525e-05
0.534 2.2505e-05
0.535 2.2505e-05
0.536 0
0.537 0
0.538 1.12525e-05
0.539 1.12525e-05
0.54 0
0.541 1.12525e-05
0.542 0
0.543 0
0.544 1.12525e-05
0.545 2.2505e-05
0.546 1.12525e-05
0.547 2.2505e-05
0.548 3.37576e-05
0.549 1.12525e-05
0.55 0
0.551 0
0.552 0
0.553 1.12525e-05
0.554 0
0.555 2.2505e-05
0.556 0
0.557 0
0.558 0
0.559 1.12525e-05
0.56 0
0.561 0
0.562 1.12525e-05
0.563 2.2505e-05
0.564 2.2505e-05
0.565 1.12525e-05
0.566 0
0.567 2.2505e-05
0.568 2.2505e-05
0.569 0
0.57 0
0.571 0
0.572 0
0.573 0
0.574 0
0.575 0
0.576 0
0.577 2.2505e-05
0.578 0
0.579 0
0.58 0
0.581 1.12525e-05
0.582 0
0.583 2.2505e-05
0.584 0
0.585 0
0.586 2.2505e-05
0.587 1.12525e-05
0.588 1.12525e-05
0.589 2.2505e-05
0.59 0
0.591 0
0.592 0
0.593 1.12525e-05
0.594 1.12525e-05
0.595 1.12525e-05
0.596 1.12525e-05
0.597 0
0.598 0
0.599 1.12525e-05
0.6 0
0.601 0
0.602 2.2505e-05
0.603 0
0.604 1.12525e-05
0.605 1.12525e-05
0.606 0
0.607 1.12525e-05
0.608 1.12525e-05
0.609 0
0.61 1.12525e-05
0.611 0
0.612 2.2505e-05
0.613 0
0.614 0
0.615 0
0.616 1.12525e-05
0.617 0
0.618 0
0.619 0
0.62 0
0.621 0
0.622 1.12525e-05
0.623 0
0.624 1.12525e-05
0.625 0
0.626 2.2505e-05
0.627 1.12525e-05
0.628 0
0.629 0
0.63 0
0.631 0
0.632 1.12525e-05
0.633 0
0.634 1.12525e-05
0.635 1.12525e-05
0.636 0
0.637 0
0.638 0
0.639 0
0.64 0
0.641 0
0.642 0
0.643 0
0.644 0
0.645 0
0.646 0
0.647 0
0.648 1.12525e-05
0.649 0
0.65 0
0.651 0
0.652 0
0.653 0
0.654 0
0.655 0
0.656 0
0.657 2.2505e-05
0.658 0
0.659 0
0.66 1.12525e-05
0.661 0
0.662 0
0.663 0
0.664 0
0.665 0
0.666 0
0.667 0
0.668 0
0.669 0
0.67 1.12525e-05
0.671 0
0.672 0
0.673 0
0.674 0
0.675 0
0.676 0
0.677 0
0.678 0
0.679 0
0.68 1.12525e-05
0.681 0
0.682 0
0.683 0
0.684 0
0.685 0
0.686 0
0.687 0
0.688 0
0.689 0
0.69 1.12525e-05
0.691 1.12525e-05
0.692 0
0.693 1.12525e-05
0.694 0
0.695 0
0.696 0
0.697 0
0.698 0
0.699 0
0.7 0
0.701 0
0.702 0
0.703 0
0.704 1.12525e-05
0.705 1.12525e-05
0.706 0
0.707 1.12525e-05
0.708 0
0.709 0
0.71 0
0.711 0
0.712 0
0.713 0
0.714 0
0.715 0
0.716 1.12525e-05
0.717 0
0.718 2.2505e-05
0.719 1.12525e-05
0.72 0
0.721 0
0.722 0
0.723 0
0.724 0
0.725 0
0.726 1.12525e-05
0.727 0
0.728 0
0.729 0
0.73 0
0.731 1.12525e-05
0.732 0
0.733 0
0.734 1.12525e-05
0.735 0
0.736 0
0.737 0
0.738 0
0.739 1.12525e-05
0.74 0
0.741 0
0.742 0
0.743 1.12525e-05
0.744 0
0.745 0
0.746 0
0.747 1.12525e-05
0.748 0
0.749 0
0.75 0
0.751 0
0.752 0
0.753 0
0.754 1.12525e-05
0.755 0
0.756 0
0.757 0
0.758 0
0.759 1.12525e-05
0.76 0
0.761 1.12525e-05
0.762 0
0.763 0
0.764 0
0.765 0
0.766 1.12525e-05
0.767 1.12525e-05
0.768 1.12525e-05
0.769 0
0.77 0
0.771 0
0.772 0
0.773 0
0.774 0
0.775 0
0.776 0
0.777 2.2505e-05
0.778 0
0.779 0
0.78 0
0.781 0
0.782 0
0.783 0
0.784 0
0.785 1.12525e-05
0.786 0
0.787 0
0.788 0
0.789 0
0.79 0
0.791 0
0.792 0
0.793 0
0.794 0
0.795 1.12525e-05
0.796 0
0.797 0
0.798 0
0.799 0
0.8 0
0.801 0
0.802 1.12525e-05
0.803 0
0.804 0
0.805 1.12525e-05
0.806 0
0.807 0
0.808 0
0.809 0
0.81 0
0.811 1.12525e-05
0.812 0
0.813 0
0.814 0
0.815 0
0.816 0
0.817 0
0.818 0
0.819 0
0.82 0
0.821 0
0.822 0
0.823 0
0.824 0
0.825 0
0.826 0
0.827 0
0.828 0
0.829 1.12525e-05
0.83 0
0.831 0
0.832 0
0.833 0
0.834 0
0.835 0
0.836 0
0.837 0
0.838 0
0.839 0
0.84 0
0.841 0
0.842 0
0.843 0
0.844 0
0.845 0
0.846 0
0.847 0
0.848 0
0.849 0
0.85 0
0.851 0
0.852 0
0.853 0
0.854 0
0.855 0
0.856 0
0.857 0
0.858 0
0.859 0
0.86 0
0.861 0
0.862 1.12525e-05
0.863 0
0.864 0
0.865 0
0.866 1.12525e-05
0.867 0
0.868 0
0.869 0
0.87 0
0.871 0
0.872 0
0.873 0
0.874 0
0.875 0
0.876 0
0.877 0
0.878 0
0.879 0
0.88 0
0.881 0
0.882 0
0.883 0
0.884 0
0.885 0
0.886 0
0.887 0
0.888 0
0.889 0
0.89 0
0.891 0
0.892 0
0.893 0
0.894 0
0.895 0
0.896 0
0.897 0
0.898 0
0.899 0
0.9 0
0.901 0
0.902 0
0.903 0
0.904 0
0.905 0
0.906 0
0.907 0
0.908 0
0.909 0
0.91 0
0.911 0
0.912 1.12525e-05
0.913 0
0.914 0
0.915 0
0.916 0
0.917 0
0.918 0
0.919 0
0.92 0
0.921 0
0.922 0
0.923 0
0.924 0
0.925 0
0.926 0
0.927 0
0.928 0
0.929 0
0.93 0
0.931 0
0.932 1.12525e-05
0.933 0
0.934 0
0.935 0
0.936 0
0.937 0
0.938 0
0.939 0
0.94 0
0.941 0
0.942 0
0.943 0
0.944 0
0.945 0
0.946 0
0.947 0
0.948 0
0.949 0
0.95 0
0.951 0
0.952 0
0.953 0
0.954 0
0.955 0
0.956 0
0.957 0
0.958 0
0.959 0
0.96 0
0.961 0
0.962 0
0.963 0
0.964 0
0.965 0
0.966 0
0.967 0
0.968 0
0.969 0
0.97 0
0.971 0
0.972 0
0.973 0
0.974 0
0.975 0
0.976 0
0.977 0
0.978 0
0.979 0
0.98 0
0.981 0
0.982 0
0.983 0
0.984 0
0.985 0
0.986 0
0.987 0
0.988 0
0.989 0
0.99 0
0.991 0
0.992 0
0.993 0
0.994 0
0.995 0
0.996 0
0.997 0
0.998 0
0.999 0
1 0
1.001 0
1.002 0
1.003 0
1.004 0
1.005 0
1.006 0
1.007 0
1.008 0
1.009 0
1.01 0
1.011 0
1.012 0
1.013 0
1.014 0
1.015 0
1.016 0
1.017 0
1.018 0
1.019 0
1.02 0
1.021 0
1.022 0
1.023 0
1.024 0
1.025 0
1.026 0
1.027 0
1.028 0
1.029 0
1.03 0
1.031 0
1.032 0
1.033 0
1.034 0
1.035 0
1.036 0
1.037 0
1.038 0
1.039 0
1.04 0
1.041 0
1.042 0
1.043 0
1.044 0
1.045 0
1.046 0
1.047 0
1.048 0
1.049 0
1.05 0
1.051 0
1.052 0
1.053 0
1.054 0
1.055 0
1.056 0
1.057 0
1.058 0
1.059 0
1.06 0
1.061 0
1.062 0
1.063 0
1.064 1.12525e-05
1.065 0
1.066 0
1.067 0
1.068 0
1.069 0
1.07 0
1.071 0
1.072 0
1.073 0
1.074 0
1.075 0
1.076 0
1.077 0
1.078 0
1.079 0
1.08 0
1.081 0
1.082 0
1.083 0
1.084 0
1.085 0
1.086 0
1.087 0
1.088 0
1.089 0
1.09 0
1.091 0
1.092 0
1.093 0
1.094 0
1.095 0
1.096 0
1.097 0
1.098 0
1.099 0
1.1 0
1.101 0
1.102 0
1.103 0
1.104 0
1.105 0
1.106 0
1.107 0
1.108 0
1.109 0
1.11 0
1.111 0
1.112 0
1.113 0
1.114 0
1.115 0
1.116 0
1.117 0
1.118 0
1.119 0
1.12 0
1.121 0
1.122 0
1.123 0
1.124 0
1.125 0
1.126 0
1.127 0
1.128 0
1.129 0
1.13 0
1.131 0
1.132 0
1.133 0
1.134 0
1.135 0
1.136 0
1.137 0
1.138 0
1.139 0
1.14 0
1.141 0
1.142 0
1.143 0
1.144 0
1.145 0
1.146 0
1.147 0
1.148 0
1.149 0
1.15 0
1.151 0
1.152 0
1.153 0
1.154 0
1.155 0
1.156 0
1.157 0
1.158 0
1.159 0
1.16 0
1.161 0
1.162 0
1.163 0
1.164 0
1.165 0
1.166 1.12525e-05
