0 0.32095
0.001 0.457115
0.002 0.0332741
0.003 0.0234211
0.004 0.0211597
0.005 0.026167
0.006 0.0226135
0.007 0.0192215
0.008 0.022775
0.009 0.0171216
0.01 0.0130835
0.011 0.00985301
0.012 0.00242287
0.013 0.00209982
0.014 0.00274592
0.015 0.000807624
0.016 0.00113067
0.017 0.000646099
0.018 0.0012922
0.019 0.000484574
0.02 0.000484574
0.021 0.00032305
0.022 0.000161525
0.023 0
0.024 0
0.025 0.000161525
0.026 0
0.027 0.000161525
0.028 0
0.029 0
0.03 0.000161525
0.031 0
0.032 0
0.033 0
0.034 0
0.035 0
0.036 0
0.037 0.000161525
