0 0
0.001 0.00274592
0.002 0.0119528
0.003 0.0138911
0.004 0.0134066
0.005 0.0114683
0.006 0.0125989
0.007 0.0117913
0.008 0.012922
0.009 0.0155064
0.01 0.0164755
0.011 0.0114683
0.012 0.0151833
0.013 0.0188984
0.014 0.0150218
0.015 0.015991
0.016 0.012922
0.017 0.0140527
0.018 0.0116298
0.019 0.0138911
0.02 0.0127605
0.021 0.013245
0.022 0.0135681
0.023 0.0111452
0.024 0.0121144
0.025 0.0109837
0.026 0.00985301
0.027 0.0116298
0.028 0.00985301
0.029 0.0103376
0.03 0.00678404
0.031 0.0106606
0.032 0.00823776
0.033 0.00904539
0.034 0.0100145
0.035 0.00888386
0.036 0.00936844
0.037 0.00936844
0.038 0.00726862
0.039 0.00775319
0.04 0.00920691
0.041 0.00726862
0.042 0.00791471
0.043 0.00904539
0.044 0.00791471
0.045 0.00904539
0.046 0.00743014
0.047 0.00888386
0.048 0.00678404
0.049 0.00646099
0.05 0.00678404
0.051 0.00629947
0.052 0.00791471
0.053 0.00597642
0.054 0.00436117
0.055 0.00565337
0.056 0.00549184
0.057 0.00710709
0.058 0.00613794
0.059 0.00646099
0.06 0.00403812
0.061 0.00468422
0.062 0.00856081
0.063 0.00403812
0.064 0.00290745
0.065 0.00694557
0.066 0.00419964
0.067 0.00452269
0.068 0.00339202
0.069 0.00452269
0.07 0.00565337
0.071 0.00339202
0.072 0.00516879
0.073 0.0038766
0.074 0.00274592
0.075 0.00419964
0.076 0.00484574
0.077 0.00468422
0.078 0.00274592
0.079 0.00355355
0.08 0.00339202
0.081 0.0038766
0.082 0.00355355
0.083 0.00419964
0.084 0.00355355
0.085 0.00403812
0.086 0.00290745
0.087 0.00339202
0.088 0.00290745
0.089 0.00355355
0.09 0.00468422
0.091 0.00274592
0.092 0.00436117
0.093 0.00306897
0.094 0.0032305
0.095 0.00290745
0.096 0.00290745
0.097 0.00306897
0.098 0.00209982
0.099 0.0032305
0.1 0.00274592
0.101 0.00339202
0.102 0.00274592
0.103 0.00290745
0.104 0.00419964
0.105 0.0032305
0.106 0.00371507
0.107 0.00355355
0.108 0.0025844
0.109 0.00177677
0.11 0.00274592
0.111 0.0032305
0.112 0.00161525
0.113 0.00242287
0.114 0.0019383
0.115 0.00242287
0.116 0.00161525
0.117 0.00209982
0.118 0.00161525
0.119 0.00226135
0.12 0.0012922
0.121 0.00145372
0.122 0.00339202
0.123 0.0019383
0.124 0.00177677
0.125 0.00177677
0.126 0.00161525
0.127 0.00274592
0.128 0.00209982
0.129 0.000807624
0.13 0.0019383
0.131 0.0019383
0.132 0.00161525
0.133 0.00145372
0.134 0.00161525
0.135 0.00177677
0.136 0.0012922
0.137 0.0012922
0.138 0.00177677
0.139 0.00145372
0.14 0.0019383
0.141 0.000969149
0.142 0.00113067
0.143 0.0019383
0.144 0.000646099
0.145 0.00145372
0.146 0.000807624
0.147 0.000484574
0.148 0.000807624
0.149 0.00113067
0.15 0.00113067
0.151 0.0019383
0.152 0.0012922
0.153 0.0012922
0.154 0.00145372
0.155 0.0012922
0.156 0.00145372
0.157 0.00177677
0.158 0.00161525
0.159 0.000484574
0.16 0.000969149
0.161 0.00161525
0.162 0.000807624
0.163 0.000969149
0.164 0.00113067
0.165 0.00177677
0.166 0.00161525
0.167 0.000969149
0.168 0.00113067
0.169 0.00177677
0.17 0.000807624
0.171 0.0012922
0.172 0.0019383
0.173 0.00113067
0.174 0.000807624
0.175 0.000969149
0.176 0.000646099
0.177 0.00113067
0.178 0.000969149
0.179 0.0012922
0.18 0.0012922
0.181 0.000969149
0.182 0.000969149
0.183 0.000807624
0.184 0.000969149
0.185 0.00145372
0.186 0.000646099
0.187 0.000484574
0.188 0.000484574
0.189 0.0012922
0.19 0.000484574
0.191 0.000646099
0.192 0.000969149
0.193 0.000484574
0.194 0.000484574
0.195 0.000484574
0.196 0.000646099
0.197 0.000807624
0.198 0.00177677
0.199 0.000969149
0.2 0.0012922
0.201 0.00113067
0.202 0.0012922
0.203 0.000807624
0.204 0.000484574
0.205 0.000807624
0.206 0.0012922
0.207 0.000646099
0.208 0.00145372
0.209 0.000646099
0.21 0.000969149
0.211 0.00032305
0.212 0.000969149
0.213 0.000646099
0.214 0.000484574
0.215 0.000646099
0.216 0.000646099
0.217 0.000484574
0.218 0.000969149
0.219 0.000646099
0.22 0.000969149
0.221 0.000807624
0.222 0.000969149
0.223 0.00113067
0.224 0.00113067
0.225 0.0012922
0.226 0.0012922
0.227 0.000646099
0.228 0.000646099
0.229 0.000161525
0.23 0.000807624
0.231 0.000484574
0.232 0.000484574
0.233 0.000807624
0.234 0.000484574
0.235 0.000161525
0.236 0.00032305
0.237 0.00032305
0.238 0.000161525
0.239 0.000484574
0.24 0.000161525
0.241 0.000969149
0.242 0.000161525
0.243 0.000484574
0.244 0.000807624
0.245 0.000484574
0.246 0.00113067
0.247 0.000484574
0.248 0.000484574
0.249 0.00032305
0.25 0.000484574
0.251 0.000646099
0.252 0.000646099
0.253 0.00032305
0.254 0.000646099
0.255 0.000969149
0.256 0.000484574
0.257 0.000484574
0.258 0
0.259 0.000969149
0.26 0.000646099
0.261 0.000969149
0.262 0.000807624
0.263 0.000646099
0.264 0.000484574
0.265 0.00113067
0.266 0.000161525
0.267 0.000484574
0.268 0.00032305
0.269 0.000484574
0.27 0.000161525
0.271 0.000646099
0.272 0.00032305
0.273 0
0.274 0.000484574
0.275 0.00032305
0.276 0.00032305
0.277 0.000646099
0.278 0.000646099
0.279 0.000161525
0.28 0.000161525
0.281 0.00032305
0.282 0.00032305
0.283 0.000646099
0.284 0.0012922
0.285 0.000161525
0.286 0.000646099
0.287 0.00032305
0.288 0.00032305
0.289 0.000484574
0.29 0.000484574
0.291 0.00032305
0.292 0.000484574
0.293 0.00032305
0.294 0.000161525
0.295 0.000161525
0.296 0
0.297 0.00032305
0.298 0.000484574
0.299 0.00032305
0.3 0.000161525
0.301 0.000646099
0.302 0.000161525
0.303 0.000161525
0.304 0.000161525
0.305 0
0.306 0.00032305
0.307 0.000161525
0.308 0
0.309 0.000484574
0.31 0.000646099
0.311 0.00032305
0.312 0.000646099
0.313 0.00032305
0.314 0.000484574
0.315 0.00032305
0.316 0.000161525
0.317 0.000161525
0.318 0.00032305
0.319 0.000161525
0.32 0
0.321 0.00032305
0.322 0.000161525
0.323 0.00032305
0.324 0.000161525
0.325 0.000161525
0.326 0.000161525
0.327 0.000161525
0.328 0.000161525
0.329 0.000484574
0.33 0.000161525
0.331 0.00032305
0.332 0.000484574
0.333 0.00032305
0.334 0
0.335 0.00032305
0.336 0
0.337 0.000484574
0.338 0.00032305
0.339 0
0.34 0.000161525
0.341 0.000484574
0.342 0
0.343 0.00032305
0.344 0.000161525
0.345 0.00032305
0.346 0.000484574
0.347 0.000484574
0.348 0.000161525
0.349 0
0.35 0.00032305
0.351 0
0.352 0.000161525
0.353 0.000161525
0.354 0.00032305
0.355 0.000161525
0.356 0.00032305
0.357 0
0.358 0.000161525
0.359 0
0.36 0
0.361 0
0.362 0.000161525
0.363 0.00032305
0.364 0.000161525
0.365 0.000161525
0.366 0.000161525
0.367 0.000161525
0.368 0.000161525
0.369 0
0.37 0
0.371 0
0.372 0
0.373 0.00032305
0.374 0.000161525
0.375 0
0.376 0
0.377 0.00032305
0.378 0.000161525
0.379 0.00032305
0.38 0.00032305
0.381 0.000161525
0.382 0
0.383 0.000161525
0.384 0.00032305
0.385 0.000484574
0.386 0
0.387 0.000161525
0.388 0.000161525
0.389 0.00032305
0.39 0.00032305
0.391 0
0.392 0
0.393 0.000161525
0.394 0
0.395 0
0.396 0.00032305
0.397 0
0.398 0
0.399 0
0.4 0
0.401 0
0.402 0.00032305
0.403 0
0.404 0
0.405 0.000161525
0.406 0
0.407 0.000161525
0.408 0
0.409 0
0.41 0.000161525
0.411 0
0.412 0
0.413 0.000484574
0.414 0.000161525
0.415 0
0.416 0.00032305
0.417 0.000161525
0.418 0.00032305
0.419 0.00032305
0.42 0
0.421 0
0.422 0.000161525
0.423 0
0.424 0
0.425 0
0.426 0
0.427 0.000161525
0.428 0.000161525
0.429 0.000161525
0.43 0.000161525
0.431 0.000161525
0.432 0
0.433 0.000161525
0.434 0
0.435 0.000161525
0.436 0
0.437 0.00032305
0.438 0
0.439 0.000161525
0.44 0
0.441 0
0.442 0
0.443 0.00032305
0.444 0
0.445 0
0.446 0
0.447 0.00032305
0.448 0
0.449 0
0.45 0.000161525
0.451 0.000161525
0.452 0
0.453 0
0.454 0
0.455 0
0.456 0.000161525
0.457 0.000161525
0.458 0
0.459 0
0.46 0
0.461 0.000161525
0.462 0.000161525
0.463 0.000161525
0.464 0.000161525
0.465 0
0.466 0.000161525
0.467 0.000161525
0.468 0
0.469 0
0.47 0.000161525
0.471 0
0.472 0
0.473 0
0.474 0
0.475 0
0.476 0
0.477 0.000161525
0.478 0
0.479 0.000161525
0.48 0.000161525
0.481 0
0.482 0
0.483 0
0.484 0
0.485 0
0.486 0
0.487 0
0.488 0
0.489 0
0.49 0.000161525
0.491 0
0.492 0
0.493 0.000161525
0.494 0
0.495 0
0.496 0
0.497 0
0.498 0
0.499 0
0.5 0
0.501 0.000161525
0.502 0
0.503 0
0.504 0.000161525
0.505 0
0.506 0.000161525
0.507 0
0.508 0
0.509 0
0.51 0
0.511 0
0.512 0
0.513 0
0.514 0
0.515 0
0.516 0.000161525
0.517 0
0.518 0
0.519 0.000161525
0.52 0
0.521 0
0.522 0
0.523 0
0.524 0
0.525 0
0.526 0
0.527 0
0.528 0
0.529 0
0.53 0
0.531 0.000161525
0.532 0
0.533 0
0.534 0
0.535 0.000161525
0.536 0
0.537 0.000161525
0.538 0
0.539 0
0.54 0
0.541 0.000161525
0.542 0
0.543 0
0.544 0
0.545 0
0.546 0.000161525
0.547 0
0.548 0
0.549 0
0.55 0.000161525
0.551 0
0.552 0
0.553 0
0.554 0
0.555 0
0.556 0
0.557 0
0.558 0
0.559 0
0.56 0.000161525
0.561 0
0.562 0
0.563 0
0.564 0
0.565 0
0.566 0
0.567 0
0.568 0
0.569 0
0.57 0.000161525
0.571 0
0.572 0
0.573 0.000161525
0.574 0
0.575 0
0.576 0
0.577 0.000161525
0.578 0
0.579 0
0.58 0
0.581 0.000161525
0.582 0
0.583 0
0.584 0
0.585 0
0.586 0
0.587 0
0.588 0
0.589 0
0.59 0
0.591 0.000161525
0.592 0
0.593 0
0.594 0
0.595 0.000484574
0.596 0
0.597 0
0.598 0
0.599 0
0.6 0
0.601 0.000161525
0.602 0
0.603 0
0.604 0
0.605 0
0.606 0
0.607 0
0.608 0
0.609 0
0.61 0.000161525
0.611 0
0.612 0
0.613 0
0.614 0
0.615 0
0.616 0
0.617 0
0.618 0
0.619 0
0.62 0
0.621 0
0.622 0
0.623 0
0.624 0
0.625 0
0.626 0
0.627 0
0.628 0
0.629 0
0.63 0.000161525
0.631 0
0.632 0
0.633 0
0.634 0
0.635 0
0.636 0
0.637 0
0.638 0
0.639 0
0.64 0.000161525
0.641 0
0.642 0
0.643 0
0.644 0
0.645 0.000161525
0.646 0.000161525
0.647 0
0.648 0
0.649 0.000161525
0.65 0.000161525
0.651 0
0.652 0
0.653 0
0.654 0
0.655 0
0.656 0
0.657 0.000161525
0.658 0
0.659 0
0.66 0
0.661 0
0.662 0
0.663 0
0.664 0
0.665 0
0.666 0.00032305
0.667 0
0.668 0
0.669 0
0.67 0.000161525
0.671 0.000161525
0.672 0
0.673 0
0.674 0
0.675 0
0.676 0
0.677 0
0.678 0
0.679 0
0.68 0
0.681 0
0.682 0
0.683 0
0.684 0
0.685 0
0.686 0
0.687 0
0.688 0
0.689 0
0.69 0.000161525
0.691 0
0.692 0
0.693 0
0.694 0
0.695 0
0.696 0
0.697 0
0.698 0
0.699 0
0.7 0
0.701 0
0.702 0
0.703 0
0.704 0
0.705 0
0.706 0
0.707 0
0.708 0
0.709 0
0.71 0
0.711 0
0.712 0
0.713 0
0.714 0
0.715 0
0.716 0
0.717 0
0.718 0
0.719 0
0.72 0
0.721 0
0.722 0
0.723 0
0.724 0
0.725 0
0.726 0
0.727 0
0.728 0
0.729 0
0.73 0
0.731 0
0.732 0
0.733 0
0.734 0
0.735 0
0.736 0
0.737 0
0.738 0
0.739 0
0.74 0
0.741 0
0.742 0
0.743 0
0.744 0
0.745 0
0.746 0
0.747 0
0.748 0
0.749 0.000161525
0.75 0
0.751 0
0.752 0
0.753 0
0.754 0
0.755 0
0.756 0
0.757 0
0.758 0
0.759 0
0.76 0
0.761 0.000161525
0.762 0
0.763 0
0.764 0
0.765 0
0.766 0
0.767 0
0.768 0
0.769 0
0.77 0
0.771 0
0.772 0
0.773 0
0.774 0.000161525
0.775 0
0.776 0
0.777 0
0.778 0
0.779 0
0.78 0
0.781 0
0.782 0
0.783 0.000161525
0.784 0
0.785 0
0.786 0
0.787 0
0.788 0
0.789 0
0.79 0
0.791 0
0.792 0
0.793 0
0.794 0
0.795 0
0.796 0
0.797 0
0.798 0
0.799 0
0.8 0
0.801 0
0.802 0
0.803 0
0.804 0
0.805 0
0.806 0
0.807 0
0.808 0
0.809 0
0.81 0
0.811 0
0.812 0
0.813 0
0.814 0
0.815 0
0.816 0
0.817 0
0.818 0
0.819 0
0.82 0
0.821 0
0.822 0
0.823 0
0.824 0
0.825 0
0.826 0
0.827 0
0.828 0
0.829 0
0.83 0
0.831 0
0.832 0
0.833 0
0.834 0
0.835 0
0.836 0
0.837 0
0.838 0
0.839 0
0.84 0
0.841 0
0.842 0
0.843 0.000161525
0.844 0.000161525
