0.198974609375 1
0.20263671875 2
0.2138671875 3
0.2451171875 4
0.25439453125 5
0.25927734375 6
0.259765625 7
0.2646484375 8
0.28125 9
0.28515625 10
0.296875 11
0.3056640625 12
0.318359375 13
0.3349609375 14
0.34765625 15
0.349609375 16
0.3515625 17
0.36181640625 18
0.36767578125 19
0.4111328125 20
0.5146484375 21
0.52392578125 22
0.53857421875 23
0.5537109375 24
0.591796875 25
0.6416015625 26
0.651123046875 27
0.7666015625 28
0.80419921875 29
0.80859375 30
0.85693359375 31
0.8828125 32
0.91473388671875 33
0.990234375 34
1.147705078125 35
1.2508544921875 36
1.34814453125 37
1.356689453125 38
1.45263671875 39
1.47265625 40
1.4765625 41
1.482421875 42
1.5595703125 43
1.6943359375 44
1.703125 45
1.7158203125 46
1.7265625 47
1.755859375 48
1.7578125 49
1.76171875 50
1.7705078125 51
1.783935546875 52
1.802734375 53
1.8583984375 54
1.9326171875 55
1.9638671875 56
2.18408203125 57
2.200439453125 58
2.208984375 59
2.2119140625 60
2.212890625 61
2.4697265625 62
2.6640625 63
2.6962890625 64
2.69921875 65
2.72021484375 66
2.7257080078125 67
2.842529296875 68
3.12744140625 69
3.1328125 70
3.1650390625 71
3.18798828125 72
3.2333984375 73
3.2372207641601563 74
3.274169921875 75
3.3203125 76
3.373046875 77
3.451171875 78
3.476806640625 79
3.59765625 80
3.61328125 81
3.943359375 82
4.0068359375 83
4.0712890625 84
4.08453369140625 85
4.2880859375 86
4.341796875 87
4.547119140625 88
4.63214111328125 89
4.736572265625 90
4.98583984375 91
5.083984375 92
5.291015625 93
5.3046875 94
5.3291015625 95
5.3932976722717285 96
5.5517578125 97
5.561767578125 98
5.7099609375 99
5.726806640625 100
5.802734375 101
5.94140625 102
5.9833984375 103
5.9921875 104
6.13525390625 105
6.23291015625 106
6.298828125 107
6.306884765625 108
6.4521484375 109
6.45703125 110
6.69970703125 111
6.7021484375 112
6.724609375 113
6.93505859375 114
6.9716796875 115
7.09619140625 116
7.1962890625 117
7.2958984375 118
7.74609375 119
7.8701171875 120
7.9921875 121
8.16015625 122
8.21875 123
8.2998046875 124
8.318359375 125
8.6630859375 126
8.70751953125 127
8.77001953125 128
8.958984375 129
8.958984375 130
9.1884765625 131
9.6162109375 132
9.7119140625 133
9.783447265625 134
9.8046875 135
9.806640625 136
9.951171875 137
9.9697265625 138
10.005859375 139
10.2666015625 140
10.2705078125 141
10.9423828125 142
10.970733642578125 143
10.999267578125 144
11.02490234375 145
11.0341796875 146
11.1729736328125 147
11.2001953125 148
11.33984375 149
11.525390625 150
12.1494140625 151
12.20556640625 152
13.0205078125 153
13.02783203125 154
13.0458984375 155
13.080078125 156
13.1181640625 157
13.7724609375 158
14.14453125 159
14.2861328125 160
14.31884765625 161
14.71484375 162
14.810546875 163
15.146484375 164
15.23486328125 165
15.2587890625 166
15.306640625 167
15.5234375 168
15.80615234375 169
15.8603515625 170
15.9619140625 171
16.6015625 172
16.7333984375 173
16.82958984375 174
16.8837890625 175
17.00909423828125 176
17.248046875 177
17.259765625 178
17.27734375 179
17.37451171875 180
17.6318359375 181
17.8408203125 182
17.91650390625 183
18.013671875 184
18.1162109375 185
18.361328125 186
18.7579345703125 187
19.02197265625 188
19.22265625 189
19.564453125 190
19.669921875 191
19.728515625 192
19.7685546875 193
20.26220703125 194
20.70703125 195
20.7369384765625 196
20.7841796875 197
21.74462890625 198
21.8720703125 199
22.57421875 200
22.9853515625 201
22.9970703125 202
23.3994140625 203
23.751953125 204
24.14453125 205
24.578125 206
24.6552734375 207
24.789794921875 208
25.099609375 209
25.111572265625 210
25.7347412109375 211
26.12109375 212
26.42919921875 213
26.681640625 214
26.751953125 215
26.916015625 216
26.94384765625 217
26.9501953125 218
27.380859375 219
27.72265625 220
28.50390625 221
28.560546875 222
28.6376953125 223
28.71484375 224
28.95703125 225
28.998046875 226
30.43310546875 227
32.259765625 228
32.412841796875 229
32.96337890625 230
33.044921875 231
33.26416015625 232
33.8671875 233
34.6629638671875 234
35.0224609375 235
35.0556640625 236
35.16455078125 237
35.3349609375 238
35.71142578125 239
35.8359375 240
36.55908203125 241
36.76953125 242
36.778564453125 243
36.779296875 244
37.1943359375 245
37.48583984375 246
37.689453125 247
37.74609375 248
38.01025390625 249
38.7080078125 250
39.4716796875 251
39.773529052734375 252
41.939697265625 253
42.01904296875 254
42.48046875 255
43.814453125 256
44.2015380859375 257
45.32421875 258
45.84326171875 259
46.219970703125 260
46.365234375 261
48.44921875 262
48.68603515625 263
49.2802734375 264
49.9521484375 265
50.736328125 266
52.518798828125 267
53.9453125 268
54.1708984375 269
54.34619140625 270
55.830078125 271
56.50830078125 272
56.53466796875 273
57.141845703125 274
59.69921875 275
59.699951171875 276
60.2470703125 277
60.763671875 278
61.892578125 279
63.6806640625 280
64.8779296875 281
67.1923828125 282
69.197265625 283
69.8193359375 284
70.3271484375 285
71.0859375 286
71.3525390625 287
72.5927734375 288
73.5546875 289
79.75390625 290
85.349609375 291
85.832763671875 292
86.2568359375 293
87.4173583984375 294
87.90234375 295
89.2392578125 296
89.369140625 297
90.261474609375 298
95.0458984375 299
95.10595703125 300
95.7119140625 301
96.175537109375 302
97.47775268554688 303
98.76904296875 304
101.24267578125 305
102.71337890625 306
112.1298828125 307
115.76171875 308
129.75634765625 309
130.05859375 310
131.2216796875 311
137.098876953125 312
146.4384765625 313
168.009765625 314
172.0517578125 315
175.522705078125 316
202.80859375 317
204.5400390625 318
220.19677734375 319
269.309326171875 320
281.8603515625 321
