0.198974609375 1
0.2138671875 2
0.25439453125 3
0.25927734375 4
0.28125 5
0.296875 6
0.3056640625 7
0.3349609375 8
0.34765625 9
0.349609375 10
0.36181640625 11
0.36767578125 12
0.4111328125 13
0.5146484375 14
0.52392578125 15
0.53857421875 16
0.591796875 17
0.6416015625 18
0.651123046875 19
0.7666015625 20
0.80859375 21
0.85693359375 22
0.8828125 23
0.91473388671875 24
0.990234375 25
1.147705078125 26
1.2508544921875 27
1.34814453125 28
1.356689453125 29
1.45263671875 30
1.47265625 31
1.4765625 32
1.482421875 33
1.5595703125 34
1.755859375 35
1.7578125 36
1.76171875 37
1.7705078125 38
1.783935546875 39
1.9638671875 40
2.18408203125 41
2.4697265625 42
2.6640625 43
2.6962890625 44
2.7257080078125 45
2.842529296875 46
3.1328125 47
3.1650390625 48
3.2333984375 49
3.274169921875 50
3.3203125 51
3.373046875 52
3.451171875 53
3.476806640625 54
3.59765625 55
3.943359375 56
4.0068359375 57
4.0712890625 58
4.08453369140625 59
4.2880859375 60
4.547119140625 61
4.63214111328125 62
4.736572265625 63
4.98583984375 64
5.083984375 65
5.291015625 66
5.3046875 67
5.3291015625 68
5.3932976722717285 69
5.5517578125 70
5.7099609375 71
5.802734375 72
5.9833984375 73
6.23291015625 74
6.298828125 75
6.306884765625 76
6.4521484375 77
6.45703125 78
6.69970703125 79
6.9716796875 80
7.09619140625 81
7.1962890625 82
7.2958984375 83
7.74609375 84
7.8701171875 85
7.9921875 86
8.16015625 87
8.21875 88
8.318359375 89
8.958984375 90
8.958984375 91
9.6162109375 92
9.8046875 93
9.806640625 94
10.005859375 95
10.999267578125 96
11.02490234375 97
11.0341796875 98
11.1729736328125 99
11.33984375 100
12.1494140625 101
13.02783203125 102
13.0458984375 103
13.1181640625 104
14.2861328125 105
16.82958984375 106
17.00909423828125 107
17.248046875 108
17.259765625 109
17.8408203125 110
17.91650390625 111
18.1162109375 112
18.361328125 113
19.02197265625 114
19.564453125 115
21.8720703125 116
22.57421875 117
22.9853515625 118
24.578125 119
24.6552734375 120
24.789794921875 121
25.099609375 122
25.111572265625 123
26.12109375 124
26.42919921875 125
27.380859375 126
28.50390625 127
28.560546875 128
28.6376953125 129
28.998046875 130
35.0224609375 131
35.0556640625 132
35.16455078125 133
35.71142578125 134
35.8359375 135
36.778564453125 136
38.01025390625 137
39.4716796875 138
42.01904296875 139
46.219970703125 140
46.365234375 141
48.44921875 142
52.518798828125 143
54.1708984375 144
56.50830078125 145
59.699951171875 146
61.892578125 147
71.0859375 148
86.2568359375 149
87.90234375 150
112.1298828125 151
137.098876953125 152
146.4384765625 153
168.009765625 154
175.522705078125 155
