0.20263671875 1
0.2451171875 2
0.259765625 3
0.2646484375 4
0.28515625 5
0.318359375 6
0.3515625 7
0.5537109375 8
0.80419921875 9
1.6943359375 10
1.703125 11
1.7158203125 12
1.7265625 13
1.802734375 14
1.8583984375 15
1.9326171875 16
2.200439453125 17
2.208984375 18
2.2119140625 19
2.212890625 20
2.69921875 21
2.72021484375 22
3.12744140625 23
3.18798828125 24
3.2372207641601563 25
3.61328125 26
4.341796875 27
5.561767578125 28
5.726806640625 29
5.94140625 30
5.9921875 31
6.13525390625 32
6.7021484375 33
6.724609375 34
6.93505859375 35
8.2998046875 36
8.6630859375 37
8.70751953125 38
8.77001953125 39
9.1884765625 40
9.7119140625 41
9.783447265625 42
9.951171875 43
9.9697265625 44
10.2666015625 45
10.2705078125 46
10.9423828125 47
10.970733642578125 48
11.2001953125 49
11.525390625 50
12.20556640625 51
13.0205078125 52
13.080078125 53
13.7724609375 54
14.14453125 55
14.31884765625 56
14.71484375 57
14.810546875 58
15.146484375 59
15.23486328125 60
15.2587890625 61
15.306640625 62
15.5234375 63
15.80615234375 64
15.8603515625 65
15.9619140625 66
16.6015625 67
16.7333984375 68
16.8837890625 69
17.27734375 70
17.37451171875 71
17.6318359375 72
18.013671875 73
18.7579345703125 74
19.22265625 75
19.669921875 76
19.728515625 77
19.7685546875 78
20.26220703125 79
20.70703125 80
20.7369384765625 81
20.7841796875 82
21.74462890625 83
22.9970703125 84
23.3994140625 85
23.751953125 86
24.14453125 87
25.7347412109375 88
26.681640625 89
26.751953125 90
26.916015625 91
26.94384765625 92
26.9501953125 93
27.72265625 94
28.71484375 95
28.95703125 96
30.43310546875 97
32.259765625 98
32.412841796875 99
32.96337890625 100
33.044921875 101
33.26416015625 102
33.8671875 103
34.6629638671875 104
35.3349609375 105
36.55908203125 106
36.76953125 107
36.779296875 108
37.1943359375 109
37.48583984375 110
37.689453125 111
37.74609375 112
38.7080078125 113
39.773529052734375 114
41.939697265625 115
42.48046875 116
43.814453125 117
44.2015380859375 118
45.32421875 119
45.84326171875 120
48.68603515625 121
49.2802734375 122
49.9521484375 123
50.736328125 124
53.9453125 125
54.34619140625 126
55.830078125 127
56.53466796875 128
57.141845703125 129
59.69921875 130
60.2470703125 131
60.763671875 132
63.6806640625 133
64.8779296875 134
67.1923828125 135
69.197265625 136
69.8193359375 137
70.3271484375 138
71.3525390625 139
72.5927734375 140
73.5546875 141
79.75390625 142
85.349609375 143
85.832763671875 144
87.4173583984375 145
89.2392578125 146
89.369140625 147
90.261474609375 148
95.0458984375 149
95.10595703125 150
95.7119140625 151
96.175537109375 152
97.47775268554688 153
98.76904296875 154
101.24267578125 155
102.71337890625 156
115.76171875 157
129.75634765625 158
130.05859375 159
131.2216796875 160
172.0517578125 161
202.80859375 162
204.5400390625 163
220.19677734375 164
269.309326171875 165
281.8603515625 166
