1 0.0735832
2 0.0534485
3 0.162663
4 0.120695
5 0.144315
6 0.145176
7 0.118266
8 0.0695516
9 0.0388877
10 0.0247811
11 0.0172741
12 0.00817224
13 0.00376749
14 0.00273495
15 0.00190574
16 0.00157219
17 0.00134699
18 0.00111905
19 0.000944118
20 0.000812187
21 0.000717648
22 0.000636513
23 0.000567526
24 0.000506815
25 0.000452314
26 0.000413399
27 0.000377373
28 0.000346019
29 0.000323244
30 0.000301253
31 0.000282023
32 0.000265341
33 0.00025534
34 0.000237467
35 0.000224312
36 0.000210826
37 0.000203533
38 0.000186543
39 0.00017572
40 0.000166329
41 0.000155516
42 0.000149145
43 0.000143514
44 0.000138711
45 0.000127853
46 0.000122631
47 0.000117184
48 0.000112969
49 0.000108378
50 0.000102069
51 9.88262e-05
52 9.54917e-05
53 9.10606e-05
54 8.83661e-05
55 8.44715e-05
56 8.30455e-05
57 8.18947e-05
58 7.9598e-05
59 7.72848e-05
60 7.51786e-05
