0.1866455078125 1
0.19189453125 2
0.244140625 3
0.24609375 4
0.25048828125 5
0.25244140625 6
0.2646484375 7
0.265380859375 8
0.267578125 9
0.2744140625 10
0.2802734375 11
0.2880859375 12
0.3125 13
0.3271484375 14
0.3330078125 15
0.34375 16
0.39453125 17
0.41552734375 18
0.4462890625 19
0.52001953125 20
0.5546875 21
0.56005859375 22
0.56103515625 23
0.603515625 24
0.656707763671875 25
0.697998046875 26
0.70947265625 27
0.752685546875 28
0.76953125 29
0.83544921875 30
0.841796875 31
0.85546875 32
0.8720703125 33
0.87890625 34
0.9873046875 35
1.0830078125 36
1.17724609375 37
1.2587890625 38
1.3134765625 39
1.4072265625 40
1.5341796875 41
1.5546875 42
1.58740234375 43
1.693359375 44
1.70068359375 45
1.70166015625 46
1.7236328125 47
1.734375 48
1.7734375 49
1.7939453125 50
1.794921875 51
1.90234375 52
1.9130859375 53
1.96142578125 54
1.998046875 55
2.0281982421875 56
2.0498046875 57
2.061579704284668 58
2.0859375 59
2.172607421875 60
2.177978515625 61
2.1884765625 62
2.2265625 63
2.25 64
2.33203125 65
2.398681640625 66
2.420166015625 67
2.65185546875 68
2.6943359375 69
2.80126953125 70
2.947021484375 71
2.98046875 72
3.017578125 73
3.054443359375 74
3.06689453125 75
3.0703125 76
3.080078125 77
3.1015625 78
3.126953125 79
3.19677734375 80
3.24639892578125 81
3.2949905395507813 82
3.544921875 83
3.54638671875 84
3.626953125 85
3.62939453125 86
4.049560546875 87
4.1181640625 88
4.154937744140625 89
4.2041015625 90
4.212890625 91
4.368896484375 92
4.4208984375 93
5.025390625 94
5.0380859375 95
5.08056640625 96
5.10546875 97
5.1142578125 98
5.205078125 99
5.23681640625 100
5.35546875 101
5.4111328125 102
5.46826171875 103
5.5 104
5.6845703125 105
5.7890625 106
5.80810546875 107
5.91796875 108
5.9423828125 109
6.326171875 110
6.353515625 111
6.49609375 112
6.507568359375 113
6.574951171875 114
6.7314453125 115
6.904296875 116
6.9140625 117
6.99267578125 118
7.05712890625 119
7.0830078125 120
7.2119140625 121
7.36376953125 122
7.408203125 123
7.443359375 124
7.77880859375 125
7.8974609375 126
8.0439453125 127
8.22998046875 128
8.255859375 129
8.4228515625 130
8.6865234375 131
8.74169921875 132
8.748779296875 133
8.96875 134
9.0048828125 135
9.18408203125 136
9.259765625 137
9.271484375 138
9.3369140625 139
9.9453125 140
10.0732421875 141
10.259765625 142
10.4658203125 143
10.7421875 144
10.93359375 145
10.9443359375 146
11.121002197265625 147
11.5654296875 148
12.310546875 149
12.41357421875 150
12.89453125 151
12.98876953125 152
13.1328125 153
13.135009765625 154
13.29296875 155
13.297607421875 156
13.37890625 157
14.078125 158
14.1982421875 159
14.548828125 160
14.578125 161
15.06494140625 162
15.6416015625 163
15.6796875 164
15.8232421875 165
15.97314453125 166
16.220703125 167
16.3193359375 168
16.4453125 169
16.71484375 170
16.8896484375 171
17.01171875 172
17.138671875 173
17.595703125 174
18.3017578125 175
18.3046875 176
18.4129638671875 177
18.4765625 178
18.6962890625 179
18.95367431640625 180
19.10302734375 181
19.10986328125 182
19.39892578125 183
19.671875 184
20.671875 185
21.1103515625 186
22.24169921875 187
22.261474609375 188
22.28466796875 189
22.4384765625 190
22.505859375 191
23.2578125 192
23.3623046875 193
23.4169921875 194
23.7109375 195
23.724609375 196
23.7353515625 197
24.42431640625 198
24.6953125 199
25.6083984375 200
25.73046875 201
25.85546875 202
26.752197265625 203
27.19921875 204
27.761474609375 205
28.56982421875 206
28.58984375 207
28.615234375 208
28.9912109375 209
29.5185546875 210
30.17681884765625 211
30.5582275390625 212
30.7991943359375 213
31.0458984375 214
32.0595703125 215
32.306640625 216
32.697265625 217
32.92724609375 218
33.421630859375 219
34.029296875 220
34.17822265625 221
34.21533203125 222
34.2333984375 223
35.0771484375 224
35.115234375 225
35.119140625 226
35.63037109375 227
35.6337890625 228
35.7568359375 229
36.4024658203125 230
36.65625 231
36.716796875 232
36.75390625 233
37.12109375 234
37.341796875 235
37.3968505859375 236
37.59228515625 237
39.572265625 238
39.80078125 239
40.171875 240
40.271484375 241
40.3193359375 242
41.58984375 243
41.6904296875 244
42.462890625 245
42.6572265625 246
43.7635498046875 247
44.2470703125 248
46.52490234375 249
46.9677734375 250
48.1982421875 251
48.6953125 252
48.70697021484375 253
48.9228515625 254
49.751220703125 255
52.224609375 256
52.801513671875 257
53.109375 258
53.1923828125 259
53.205810546875 260
54.05029296875 261
56.7724609375 262
57.707763671875 263
58.729248046875 264
61.806640625 265
62.298828125 266
62.404296875 267
62.4580078125 268
64.358642578125 269
64.529296875 270
66.669921875 271
69.17822265625 272
70.29296875 273
71.1708984375 274
71.322265625 275
71.7041015625 276
72.049560546875 277
72.245361328125 278
73.916015625 279
75.8388671875 280
76.845703125 281
77.8515625 282
80.2288818359375 283
82.82568359375 284
88.89501953125 285
89.033203125 286
89.48709106445313 287
92.16796875 288
93.70556640625 289
94.5703125 290
104.0576171875 291
106.185546875 292
106.466796875 293
106.734375 294
110.974609375 295
111.5712890625 296
112.8359375 297
115.5654296875 298
117.3330078125 299
123.6875 300
124.8779296875 301
130.9580078125 302
132.431884765625 303
141.111328125 304
142.33984375 305
148.92578125 306
161.75634765625 307
163.4375 308
170.4296875 309
187.77734375 310
188.64453125 311
190.9609375 312
192.4443359375 313
204.1005859375 314
206.2080078125 315
208.74658203125 316
211.30419921875 317
254.287109375 318
259.173828125 319
289.48291015625 320
302.4765625 321
309.353515625 322
