0.1866455078125 1
0.24609375 2
0.25244140625 3
0.265380859375 4
0.267578125 5
0.2744140625 6
0.2880859375 7
0.3125 8
0.3271484375 9
0.34375 10
0.39453125 11
0.4462890625 12
0.52001953125 13
0.56005859375 14
0.56103515625 15
0.603515625 16
0.656707763671875 17
0.697998046875 18
0.70947265625 19
0.76953125 20
0.83544921875 21
0.841796875 22
0.85546875 23
0.8720703125 24
0.87890625 25
0.9873046875 26
1.0830078125 27
1.17724609375 28
1.2587890625 29
1.3134765625 30
1.4072265625 31
1.5341796875 32
1.5546875 33
1.58740234375 34
1.7236328125 35
1.7734375 36
1.794921875 37
1.90234375 38
1.9130859375 39
1.96142578125 40
2.0498046875 41
2.061579704284668 42
2.0859375 43
2.1884765625 44
2.33203125 45
2.420166015625 46
2.65185546875 47
2.80126953125 48
2.947021484375 49
2.98046875 50
3.017578125 51
3.054443359375 52
3.0703125 53
3.080078125 54
3.1015625 55
3.24639892578125 56
3.544921875 57
3.54638671875 58
3.626953125 59
3.62939453125 60
4.049560546875 61
4.1181640625 62
4.154937744140625 63
4.212890625 64
4.368896484375 65
5.025390625 66
5.08056640625 67
5.10546875 68
5.1142578125 69
5.23681640625 70
5.35546875 71
5.4111328125 72
5.46826171875 73
5.5 74
5.7890625 75
5.80810546875 76
5.91796875 77
5.9423828125 78
6.326171875 79
6.353515625 80
6.507568359375 81
6.574951171875 82
6.99267578125 83
7.05712890625 84
7.0830078125 85
7.36376953125 86
7.408203125 87
7.443359375 88
7.77880859375 89
7.8974609375 90
8.0439453125 91
8.255859375 92
8.4228515625 93
8.6865234375 94
9.259765625 95
10.0732421875 96
10.7421875 97
10.93359375 98
10.9443359375 99
12.41357421875 100
12.89453125 101
12.98876953125 102
13.1328125 103
13.297607421875 104
14.078125 105
14.548828125 106
15.97314453125 107
18.3017578125 108
18.6962890625 109
18.95367431640625 110
19.10986328125 111
19.39892578125 112
21.1103515625 113
22.4384765625 114
22.505859375 115
23.2578125 116
23.3623046875 117
23.7109375 118
24.42431640625 119
25.6083984375 120
27.19921875 121
28.56982421875 122
28.58984375 123
28.615234375 124
29.5185546875 125
30.17681884765625 126
32.0595703125 127
34.2333984375 128
35.0771484375 129
35.115234375 130
35.119140625 131
35.63037109375 132
35.6337890625 133
36.716796875 134
37.3968505859375 135
39.80078125 136
40.171875 137
40.271484375 138
42.462890625 139
46.9677734375 140
48.9228515625 141
49.751220703125 142
53.1923828125 143
54.05029296875 144
62.298828125 145
64.358642578125 146
71.1708984375 147
71.7041015625 148
72.049560546875 149
75.8388671875 150
80.2288818359375 151
89.033203125 152
94.5703125 153
117.3330078125 154
163.4375 155
192.4443359375 156
254.287109375 157
302.4765625 158
