0.19189453125 1
0.244140625 2
0.25048828125 3
0.2646484375 4
0.2802734375 5
0.3330078125 6
0.41552734375 7
0.5546875 8
0.752685546875 9
1.693359375 10
1.70068359375 11
1.70166015625 12
1.734375 13
1.7939453125 14
1.998046875 15
2.0281982421875 16
2.172607421875 17
2.177978515625 18
2.2265625 19
2.25 20
2.398681640625 21
2.6943359375 22
3.06689453125 23
3.126953125 24
3.19677734375 25
3.2949905395507813 26
4.2041015625 27
4.4208984375 28
5.0380859375 29
5.205078125 30
5.6845703125 31
6.49609375 32
6.7314453125 33
6.904296875 34
6.9140625 35
7.2119140625 36
8.22998046875 37
8.74169921875 38
8.748779296875 39
8.96875 40
9.0048828125 41
9.18408203125 42
9.271484375 43
9.3369140625 44
9.9453125 45
10.259765625 46
10.4658203125 47
11.121002197265625 48
11.5654296875 49
12.310546875 50
13.135009765625 51
13.29296875 52
13.37890625 53
14.1982421875 54
14.578125 55
15.06494140625 56
15.6416015625 57
15.6796875 58
15.8232421875 59
16.220703125 60
16.3193359375 61
16.4453125 62
16.71484375 63
16.8896484375 64
17.01171875 65
17.138671875 66
17.595703125 67
18.3046875 68
18.4129638671875 69
18.4765625 70
19.10302734375 71
19.671875 72
20.671875 73
22.24169921875 74
22.261474609375 75
22.28466796875 76
23.4169921875 77
23.724609375 78
23.7353515625 79
24.6953125 80
25.73046875 81
25.85546875 82
26.752197265625 83
27.761474609375 84
28.9912109375 85
30.5582275390625 86
30.7991943359375 87
31.0458984375 88
32.306640625 89
32.697265625 90
32.92724609375 91
33.421630859375 92
34.029296875 93
34.17822265625 94
34.21533203125 95
35.7568359375 96
36.4024658203125 97
36.65625 98
36.75390625 99
37.12109375 100
37.341796875 101
37.59228515625 102
39.572265625 103
40.3193359375 104
41.58984375 105
41.6904296875 106
42.6572265625 107
43.7635498046875 108
44.2470703125 109
46.52490234375 110
48.1982421875 111
48.6953125 112
48.70697021484375 113
52.224609375 114
52.801513671875 115
53.109375 116
53.205810546875 117
56.7724609375 118
57.707763671875 119
58.729248046875 120
61.806640625 121
62.404296875 122
62.4580078125 123
64.529296875 124
66.669921875 125
69.17822265625 126
70.29296875 127
71.322265625 128
72.245361328125 129
73.916015625 130
76.845703125 131
77.8515625 132
82.82568359375 133
88.89501953125 134
89.48709106445313 135
92.16796875 136
93.70556640625 137
104.0576171875 138
106.185546875 139
106.466796875 140
106.734375 141
110.974609375 142
111.5712890625 143
112.8359375 144
115.5654296875 145
123.6875 146
124.8779296875 147
130.9580078125 148
132.431884765625 149
141.111328125 150
142.33984375 151
148.92578125 152
161.75634765625 153
170.4296875 154
187.77734375 155
188.64453125 156
190.9609375 157
204.1005859375 158
206.2080078125 159
208.74658203125 160
211.30419921875 161
259.173828125 162
289.48291015625 163
309.353515625 164
