0.19189453125 1
0.2001953125 2
0.234375 3
0.240234375 4
0.2451171875 5
0.25830078125 6
0.26220703125 7
0.267578125 8
0.275146484375 9
0.306640625 10
0.3115234375 11
0.32421875 12
0.3408203125 13
0.341796875 14
0.4013671875 15
0.4755859375 16
0.5341796875 17
0.5419921875 18
0.544921875 19
0.7119140625 20
0.7568359375 21
0.912109375 22
1.0517578125 23
1.130859375 24
1.23193359375 25
1.30224609375 26
1.402587890625 27
1.408203125 28
1.458984375 29
1.95703125 30
2.2509765625 31
2.259765625 32
2.2783203125 33
2.3046875 34
2.345703125 35
2.35595703125 36
2.447509765625 37
2.4609375 38
2.4765625 39
2.55078125 40
2.66796875 41
2.79150390625 42
2.822265625 43
2.9970703125 44
3.015869140625 45
3.05078125 46
3.255859375 47
3.28125 48
3.35400390625 49
3.359619140625 50
3.62451171875 51
3.7578125 52
3.88671875 53
3.9140625 54
4.05908203125 55
4.298828125 56
4.361328125 57
4.3740234375 58
4.427001953125 59
4.5703125 60
4.630859375 61
4.7060546875 62
4.734375 63
4.796875 64
5.2099609375 65
5.23681640625 66
5.244140625 67
5.32421875 68
5.39453125 69
5.5252227783203125 70
5.58203125 71
5.599609375 72
5.658203125 73
5.6875 74
5.69384765625 75
6.09765625 76
6.296875 77
6.87109375 78
6.984375 79
6.98828125 80
7.060302734375 81
7.1376953125 82
7.209716796875 83
7.24267578125 84
7.40185546875 85
7.57421875 86
7.587890625 87
7.662760257720947 88
7.68603515625 89
7.8974609375 90
7.9462890625 91
7.966796875 92
8.3623046875 93
8.41796875 94
8.439453125 95
8.56640625 96
8.623046875 97
8.96484375 98
9.2705078125 99
9.27734375 100
9.2861328125 101
9.3828125 102
9.6064453125 103
9.728515625 104
9.8359375 105
9.8623046875 106
10.453125 107
10.60595703125 108
10.87109375 109
11.04052734375 110
11.173828125 111
11.189453125 112
11.2734375 113
11.388671875 114
11.43505859375 115
12.45703125 116
12.486328125 117
12.91796875 118
13.111328125 119
13.11773681640625 120
13.185546875 121
13.21484375 122
13.2578125 123
13.365478515625 124
13.998046875 125
14.19140625 126
14.275390625 127
14.560546875 128
14.630859375 129
15.00653076171875 130
15.65185546875 131
15.6875 132
15.69140625 133
17.1416015625 134
17.216796875 135
17.8525390625 136
18.51031494140625 137
19.169921875 138
19.19921875 139
19.333984375 140
19.3388671875 141
19.458984375 142
19.6640625 143
19.716796875 144
19.759765625 145
19.87109375 146
19.9033203125 147
19.92578125 148
20.087890625 149
20.125 150
20.28125 151
20.890625 152
20.892578125 153
20.943359375 154
22.93359375 155
23.37353515625 156
23.63671875 157
23.859375 158
24.890625 159
25.35546875 160
26.067626953125 161
26.85888671875 162
26.859619140625 163
27.3291015625 164
27.72265625 165
27.7373046875 166
29.048828125 167
30.197265625 168
30.80078125 169
32.1982421875 170
32.3828125 171
32.4716796875 172
32.869140625 173
33.263671875 174
33.59375 175
33.9189453125 176
34.05078125 177
34.12109375 178
34.361328125 179
34.53515625 180
34.73681640625 181
35.3447265625 182
35.375 183
35.875 184
36.224609375 185
36.296875 186
37.029296875 187
37.794677734375 188
38.8291015625 189
40.388671875 190
40.828125 191
42.814453125 192
43.34332275390625 193
43.7177734375 194
43.90625 195
44.2060546875 196
45.5380859375 197
45.701171875 198
46.072265625 199
46.330078125 200
46.947265625 201
48.58984375 202
49.53955078125 203
49.81640625 204
50.4072265625 205
50.59765625 206
51.068359375 207
51.2889404296875 208
53.357421875 209
53.47265625 210
53.7373046875 211
55.2646484375 212
55.7890625 213
56.4609375 214
57.880859375 215
58.347900390625 216
58.72821044921875 217
62.958984375 218
64.4677734375 219
67.25 220
67.275390625 221
68.3984375 222
69.0390625 223
69.4921875 224
71.875 225
72.71484375 226
75.634765625 227
80.263671875 228
82.287109375 229
83.272216796875 230
83.341796875 231
84.75390625 232
85.568359375 233
85.7177734375 234
86.87890625 235
87.857421875 236
88.371337890625 237
89.0498046875 238
90.408203125 239
92.9873046875 240
93.390625 241
93.861328125 242
93.9755859375 243
94.195068359375 244
96.5009765625 245
97.324951171875 246
98.983642578125 247
99.248046875 248
102.890625 249
104.017578125 250
107.763671875 251
108.72607421875 252
110.296875 253
113.18359375 254
114.2919921875 255
116.2862548828125 256
119.828125 257
120.27297973632813 258
126.5390625 259
128.9049072265625 260
132.291015625 261
139.2998046875 262
155.3388671875 263
155.569091796875 264
158.982421875 265
164.701171875 266
167.255859375 267
177.708984375 268
180.7265625 269
193.9072265625 270
195.703125 271
204.744140625 272
216.787109375 273
219.229248046875 274
228.5087890625 275
228.833984375 276
234.9580078125 277
242.125 278
259.3359375 279
261.853515625 280
294.7861328125 281
299.78125 282
302.9375 283
