0.2001953125 1
0.25830078125 2
0.26220703125 3
0.267578125 4
0.275146484375 5
0.3115234375 6
0.4013671875 7
0.544921875 8
0.7568359375 9
1.95703125 10
2.2509765625 11
2.259765625 12
2.2783203125 13
2.447509765625 14
2.4609375 15
2.55078125 16
2.79150390625 17
2.822265625 18
3.015869140625 19
3.28125 20
3.35400390625 21
3.7578125 22
4.3740234375 23
4.734375 24
5.39453125 25
5.5252227783203125 26
5.58203125 27
6.296875 28
6.87109375 29
6.984375 30
6.98828125 31
7.40185546875 32
7.57421875 33
7.8974609375 34
7.9462890625 35
8.3623046875 36
9.27734375 37
9.2861328125 38
9.8623046875 39
10.87109375 40
11.173828125 41
11.388671875 42
13.11773681640625 43
13.21484375 44
13.2578125 45
13.365478515625 46
14.275390625 47
14.560546875 48
14.630859375 49
15.65185546875 50
17.1416015625 51
17.216796875 52
17.8525390625 53
19.169921875 54
19.19921875 55
19.458984375 56
19.6640625 57
19.716796875 58
19.759765625 59
19.87109375 60
19.9033203125 61
19.92578125 62
20.087890625 63
20.125 64
20.28125 65
20.890625 66
20.892578125 67
23.37353515625 68
23.63671875 69
23.859375 70
24.890625 71
25.35546875 72
26.067626953125 73
26.85888671875 74
27.3291015625 75
27.72265625 76
30.197265625 77
30.80078125 78
32.4716796875 79
33.59375 80
33.9189453125 81
34.05078125 82
34.12109375 83
34.53515625 84
34.73681640625 85
35.3447265625 86
35.375 87
35.875 88
36.296875 89
37.794677734375 90
40.388671875 91
40.828125 92
43.34332275390625 93
43.7177734375 94
43.90625 95
46.072265625 96
46.330078125 97
48.58984375 98
49.81640625 99
50.4072265625 100
53.357421875 101
53.7373046875 102
55.2646484375 103
56.4609375 104
57.880859375 105
58.347900390625 106
58.72821044921875 107
64.4677734375 108
67.275390625 109
68.3984375 110
69.0390625 111
69.4921875 112
71.875 113
72.71484375 114
75.634765625 115
82.287109375 116
83.341796875 117
84.75390625 118
85.7177734375 119
86.87890625 120
88.371337890625 121
90.408203125 122
93.390625 123
93.861328125 124
93.9755859375 125
94.195068359375 126
96.5009765625 127
97.324951171875 128
98.983642578125 129
99.248046875 130
102.890625 131
104.017578125 132
108.72607421875 133
110.296875 134
119.828125 135
120.27297973632813 136
126.5390625 137
132.291015625 138
139.2998046875 139
155.3388671875 140
155.569091796875 141
158.982421875 142
164.701171875 143
167.255859375 144
180.7265625 145
193.9072265625 146
195.703125 147
204.744140625 148
216.787109375 149
219.229248046875 150
228.833984375 151
234.9580078125 152
259.3359375 153
261.853515625 154
294.7861328125 155
299.78125 156
302.9375 157
