0.19189453125 1
0.234375 2
0.240234375 3
0.2451171875 4
0.306640625 5
0.32421875 6
0.3408203125 7
0.341796875 8
0.4755859375 9
0.5341796875 10
0.5419921875 11
0.7119140625 12
0.912109375 13
1.0517578125 14
1.130859375 15
1.23193359375 16
1.30224609375 17
1.402587890625 18
1.408203125 19
1.458984375 20
2.3046875 21
2.345703125 22
2.35595703125 23
2.4765625 24
2.66796875 25
2.9970703125 26
3.05078125 27
3.255859375 28
3.359619140625 29
3.62451171875 30
3.88671875 31
3.9140625 32
4.05908203125 33
4.298828125 34
4.361328125 35
4.427001953125 36
4.5703125 37
4.630859375 38
4.7060546875 39
4.796875 40
5.2099609375 41
5.23681640625 42
5.244140625 43
5.32421875 44
5.599609375 45
5.658203125 46
5.6875 47
5.69384765625 48
6.09765625 49
7.060302734375 50
7.1376953125 51
7.209716796875 52
7.24267578125 53
7.587890625 54
7.662760257720947 55
7.68603515625 56
7.966796875 57
8.41796875 58
8.439453125 59
8.56640625 60
8.623046875 61
8.96484375 62
9.2705078125 63
9.3828125 64
9.6064453125 65
9.728515625 66
9.8359375 67
10.453125 68
10.60595703125 69
11.04052734375 70
11.189453125 71
11.2734375 72
11.43505859375 73
12.45703125 74
12.486328125 75
12.91796875 76
13.111328125 77
13.185546875 78
13.998046875 79
14.19140625 80
15.00653076171875 81
15.6875 82
15.69140625 83
18.51031494140625 84
19.333984375 85
19.3388671875 86
20.943359375 87
22.93359375 88
26.859619140625 89
27.7373046875 90
29.048828125 91
32.1982421875 92
32.3828125 93
32.869140625 94
33.263671875 95
34.361328125 96
36.224609375 97
37.029296875 98
38.8291015625 99
42.814453125 100
44.2060546875 101
45.5380859375 102
45.701171875 103
46.947265625 104
49.53955078125 105
50.59765625 106
51.068359375 107
51.2889404296875 108
53.47265625 109
55.7890625 110
62.958984375 111
67.25 112
80.263671875 113
83.272216796875 114
85.568359375 115
87.857421875 116
89.0498046875 117
92.9873046875 118
107.763671875 119
113.18359375 120
114.2919921875 121
116.2862548828125 122
128.9049072265625 123
177.708984375 124
228.5087890625 125
242.125 126
