0.172119140625 1
0.20361328125 2
0.2109375 3
0.2314453125 4
0.248291015625 5
0.251953125 6
0.253173828125 7
0.259765625 8
0.26171875 9
0.271484375 10
0.28857421875 11
0.2958984375 12
0.3046875 13
0.3125 14
0.3203125 15
0.32421875 16
0.33203125 17
0.4267578125 18
0.43359375 19
0.498046875 20
0.49951171875 21
0.521484375 22
0.544921875 23
0.544921875 24
0.546966552734375 25
0.7373046875 26
0.7578125 27
0.772216796875 28
0.830078125 29
0.83984375 30
0.9481201171875 31
0.958984375 32
1.11181640625 33
1.18798828125 34
1.21875 35
1.3583984375 36
1.412567138671875 37
1.424560546875 38
1.474609375 39
1.5184326171875 40
1.611328125 41
1.69140625 42
1.69287109375 43
1.693359375 44
1.712890625 45
1.748779296875 46
1.802734375 47
1.8310546875 48
1.87158203125 49
1.912109375 50
1.9150390625 51
1.986328125 52
1.991455078125 53
2.13427734375 54
2.185546875 55
2.185791015625 56
2.205078125 57
2.4140625 58
2.5703125 59
2.578125 60
2.67578125 61
2.69677734375 62
2.70458984375 63
2.828125 64
2.8330078125 65
2.859375 66
3.009765625 67
3.0377197265625 68
3.0419921875 69
3.12744140625 70
3.12890625 71
3.140625 72
3.18603515625 73
3.201847553253174 74
3.21533203125 75
3.21630859375 76
3.3116531372070313 77
3.361328125 78
3.388671875 79
3.455078125 80
3.572265625 81
3.71630859375 82
3.767578125 83
3.87890625 84
3.927734375 85
3.9658203125 86
4.08984375 87
4.09912109375 88
4.1572265625 89
4.213134765625 90
4.296875 91
4.37353515625 92
4.42559814453125 93
4.55859375 94
4.655029296875 95
4.70703125 96
4.8359375 97
5.109375 98
5.216552734375 99
5.22119140625 100
5.24072265625 101
5.360107421875 102
5.525390625 103
5.859375 104
5.865234375 105
5.8671875 106
6.177734375 107
6.1826171875 108
6.185546875 109
6.2109375 110
6.39013671875 111
6.4326171875 112
6.474365234375 113
6.47705078125 114
6.5068359375 115
6.67919921875 116
6.67919921875 117
6.7236328125 118
6.888671875 119
6.92529296875 120
7.1943359375 121
7.20361328125 122
7.21337890625 123
7.2373046875 124
7.26123046875 125
7.71240234375 126
7.71923828125 127
7.74072265625 128
7.9130859375 129
8.201171875 130
8.4931640625 131
8.556640625 132
9.1435546875 133
9.56884765625 134
9.73583984375 135
9.85546875 136
9.859375 137
10.3271484375 138
10.490234375 139
10.9755859375 140
11.03125 141
11.193359375 142
11.206787109375 143
11.23388671875 144
11.236328125 145
11.244140625 146
11.517578125 147
11.71875 148
11.97998046875 149
12.04541015625 150
12.3017578125 151
12.34765625 152
12.390625 153
12.6259765625 154
12.63720703125 155
12.8046875 156
13.0595703125 157
13.173828125 158
13.306640625 159
13.646484375 160
13.97125244140625 161
14.2158203125 162
14.697265625 163
15.07470703125 164
15.126953125 165
15.2509765625 166
15.265625 167
15.3046875 168
15.61328125 169
15.80078125 170
15.9453125 171
16.0224609375 172
16.24609375 173
16.27197265625 174
16.43896484375 175
16.5234375 176
16.77685546875 177
17.24951171875 178
17.33984375 179
17.51953125 180
17.52001953125 181
17.787109375 182
18.3934326171875 183
18.7158203125 184
18.8916015625 185
19.2373046875 186
19.46728515625 187
20.181640625 188
20.9599609375 189
21.1375732421875 190
21.2021484375 191
21.49267578125 192
21.6884765625 193
21.697998046875 194
22.25439453125 195
22.455078125 196
22.9140625 197
23.0166015625 198
23.2958984375 199
23.7265625 200
23.759765625 201
23.943359375 202
23.95703125 203
24.03173828125 204
24.0595703125 205
24.2138671875 206
24.611572265625 207
26.3477783203125 208
26.7420654296875 209
27.22998046875 210
27.247314453125 211
27.40234375 212
28.51123046875 213
28.6708984375 214
28.689453125 215
28.6904296875 216
28.701171875 217
29.33935546875 218
30.0791015625 219
30.2470703125 220
30.798828125 221
32.1982421875 222
32.27685546875 223
32.3154296875 224
32.392578125 225
32.62109375 226
32.7236328125 227
32.99169921875 228
33.7041015625 229
34.2353515625 230
34.71875 231
35.01171875 232
35.0380859375 233
35.287109375 234
35.400146484375 235
35.5184326171875 236
35.7998046875 237
35.880859375 238
35.923828125 239
36.1668701171875 240
36.528076171875 241
36.765625 242
36.8271484375 243
37.01953125 244
37.493408203125 245
38.18994140625 246
38.51416015625 247
38.55615234375 248
38.7216796875 249
38.818359375 250
39.2041015625 251
40.2958984375 252
40.696014404296875 253
41.49462890625 254
45.2099609375 255
46.192138671875 256
47.419921875 257
48.0458984375 258
49.15625 259
50.198974609375 260
50.908203125 261
51.259033203125 262
52.6982421875 263
53.686767578125 264
54.7607421875 265
55.681671142578125 266
56.419921875 267
59.3076171875 268
61.017578125 269
61.68798828125 270
62.728515625 271
62.802734375 272
62.9609375 273
63.08203125 274
63.904296875 275
66.18896484375 276
70.390625 277
70.73974609375 278
71.902587890625 279
72.86865234375 280
75.787109375 281
75.9580078125 282
76.25 283
76.947265625 284
77.6826171875 285
78.5859375 286
83.44140625 287
85.71484375 288
89.2021484375 289
89.2976303100586 290
90.413818359375 291
92.224609375 292
92.61767578125 293
92.658935546875 294
92.73876953125 295
92.9794921875 296
93.9521484375 297
95.86962890625 298
97.94921875 299
101.156005859375 300
101.23828125 301
102.7421875 302
106.8271484375 303
110.185791015625 304
117.05810546875 305
127.7646484375 306
130.6611328125 307
131.26171875 308
139.6993408203125 309
143.8681640625 310
152.470703125 311
155.3203125 312
164.201171875 313
191.6865234375 314
191.719482421875 315
193.78466796875 316
200.6796875 317
232.51171875 318
274.89013671875 319
280.38623046875 320
295.796875 321
