0.20361328125 1
0.2314453125 2
0.253173828125 3
0.259765625 4
0.2958984375 5
0.32421875 6
0.4267578125 7
0.544921875 8
0.772216796875 9
1.69140625 10
1.69287109375 11
1.693359375 12
1.712890625 13
1.8310546875 14
1.87158203125 15
1.986328125 16
2.13427734375 17
2.185546875 18
2.185791015625 19
2.205078125 20
2.578125 21
2.69677734375 22
3.12890625 23
3.21533203125 24
3.3116531372070313 25
3.361328125 26
4.296875 27
4.70703125 28
5.216552734375 29
5.22119140625 30
5.525390625 31
6.1826171875 32
6.5068359375 33
6.67919921875 34
6.888671875 35
6.92529296875 36
7.20361328125 37
7.21337890625 38
7.71240234375 39
7.74072265625 40
8.201171875 41
9.73583984375 42
11.193359375 43
11.206787109375 44
11.236328125 45
11.517578125 46
11.71875 47
11.97998046875 48
12.04541015625 49
12.34765625 50
13.173828125 51
13.306640625 52
13.97125244140625 53
14.2158203125 54
14.697265625 55
15.07470703125 56
15.126953125 57
15.2509765625 58
15.265625 59
15.3046875 60
15.61328125 61
15.80078125 62
15.9453125 63
16.24609375 64
16.27197265625 65
16.43896484375 66
16.5234375 67
16.77685546875 68
17.24951171875 69
17.52001953125 70
17.787109375 71
18.7158203125 72
18.8916015625 73
19.2373046875 74
20.181640625 75
20.9599609375 76
21.1375732421875 77
21.49267578125 78
21.6884765625 79
21.697998046875 80
22.25439453125 81
23.0166015625 82
23.2958984375 83
23.759765625 84
23.943359375 85
24.03173828125 86
24.0595703125 87
24.2138671875 88
26.7420654296875 89
27.22998046875 90
28.6904296875 91
28.701171875 92
29.33935546875 93
30.0791015625 94
32.3154296875 95
32.392578125 96
32.99169921875 97
34.2353515625 98
34.71875 99
35.400146484375 100
35.5184326171875 101
36.528076171875 102
36.765625 103
36.8271484375 104
38.18994140625 105
38.55615234375 106
38.7216796875 107
38.818359375 108
39.2041015625 109
40.696014404296875 110
45.2099609375 111
46.192138671875 112
47.419921875 113
48.0458984375 114
49.15625 115
50.198974609375 116
50.908203125 117
51.259033203125 118
52.6982421875 119
54.7607421875 120
55.681671142578125 121
56.419921875 122
59.3076171875 123
61.017578125 124
61.68798828125 125
62.728515625 126
62.9609375 127
63.08203125 128
63.904296875 129
66.18896484375 130
70.390625 131
71.902587890625 132
72.86865234375 133
75.787109375 134
76.25 135
76.947265625 136
77.6826171875 137
78.5859375 138
85.71484375 139
89.2021484375 140
89.2976303100586 141
90.413818359375 142
92.61767578125 143
92.73876953125 144
92.9794921875 145
93.9521484375 146
95.86962890625 147
97.94921875 148
101.156005859375 149
101.23828125 150
102.7421875 151
106.8271484375 152
110.185791015625 153
117.05810546875 154
127.7646484375 155
130.6611328125 156
131.26171875 157
139.6993408203125 158
152.470703125 159
164.201171875 160
191.6865234375 161
193.78466796875 162
200.6796875 163
274.89013671875 164
280.38623046875 165
295.796875 166
