0.172119140625 1
0.2109375 2
0.248291015625 3
0.251953125 4
0.26171875 5
0.271484375 6
0.28857421875 7
0.3046875 8
0.3125 9
0.3203125 10
0.33203125 11
0.43359375 12
0.498046875 13
0.49951171875 14
0.521484375 15
0.544921875 16
0.546966552734375 17
0.7373046875 18
0.7578125 19
0.830078125 20
0.83984375 21
0.9481201171875 22
0.958984375 23
1.11181640625 24
1.18798828125 25
1.21875 26
1.3583984375 27
1.412567138671875 28
1.424560546875 29
1.474609375 30
1.5184326171875 31
1.611328125 32
1.748779296875 33
1.802734375 34
1.912109375 35
1.9150390625 36
1.991455078125 37
2.4140625 38
2.5703125 39
2.67578125 40
2.70458984375 41
2.828125 42
2.8330078125 43
2.859375 44
3.009765625 45
3.0377197265625 46
3.0419921875 47
3.12744140625 48
3.140625 49
3.18603515625 50
3.201847553253174 51
3.21630859375 52
3.388671875 53
3.455078125 54
3.572265625 55
3.71630859375 56
3.767578125 57
3.87890625 58
3.927734375 59
3.9658203125 60
4.08984375 61
4.09912109375 62
4.1572265625 63
4.213134765625 64
4.37353515625 65
4.42559814453125 66
4.55859375 67
4.655029296875 68
4.8359375 69
5.109375 70
5.24072265625 71
5.360107421875 72
5.859375 73
5.865234375 74
5.8671875 75
6.177734375 76
6.185546875 77
6.2109375 78
6.39013671875 79
6.4326171875 80
6.474365234375 81
6.47705078125 82
6.67919921875 83
6.7236328125 84
7.1943359375 85
7.2373046875 86
7.26123046875 87
7.71923828125 88
7.9130859375 89
8.4931640625 90
8.556640625 91
9.1435546875 92
9.56884765625 93
9.85546875 94
9.859375 95
10.3271484375 96
10.490234375 97
10.9755859375 98
11.03125 99
11.23388671875 100
11.244140625 101
12.3017578125 102
12.390625 103
12.6259765625 104
12.63720703125 105
12.8046875 106
13.0595703125 107
13.646484375 108
16.0224609375 109
17.33984375 110
17.51953125 111
18.3934326171875 112
19.46728515625 113
21.2021484375 114
22.455078125 115
22.9140625 116
23.7265625 117
23.95703125 118
24.611572265625 119
26.3477783203125 120
27.247314453125 121
27.40234375 122
28.51123046875 123
28.6708984375 124
28.689453125 125
30.2470703125 126
30.798828125 127
32.1982421875 128
32.27685546875 129
32.62109375 130
32.7236328125 131
33.7041015625 132
35.01171875 133
35.0380859375 134
35.287109375 135
35.7998046875 136
35.880859375 137
35.923828125 138
36.1668701171875 139
37.01953125 140
37.493408203125 141
38.51416015625 142
40.2958984375 143
41.49462890625 144
53.686767578125 145
62.802734375 146
70.73974609375 147
75.9580078125 148
83.44140625 149
92.224609375 150
92.658935546875 151
143.8681640625 152
155.3203125 153
191.719482421875 154
232.51171875 155
