0.15625 1
0.1661376953125 2
0.16796875 3
0.17578125 4
0.185546875 5
0.19140625 6
0.2265625 7
0.39013671875 8
0.46484375 9
0.53173828125 10
0.6484375 11
0.7109375 12
0.76953125 13
0.771484375 14
0.7763671875 15
0.8359375 16
0.84765625 17
0.87109375 18
0.8916015625 19
0.90625 20
0.931640625 21
0.953125 22
1.041015625 23
1.07421875 24
1.08203125 25
1.125 26
1.1328125 27
1.31640625 28
1.39208984375 29
1.49609375 30
1.671875 31
1.68359375 32
1.693359375 33
1.7109375 34
2.4140625 35
2.58203125 36
2.8759765625 37
3.0068359375 38
3.2646484375 39
3.2744140625 40
3.2998046875 41
3.3505859375 42
3.6259765625 43
3.65234375 44
4.072265625 45
4.11328125 46
4.1484375 47
4.5546875 48
4.6171875 49
4.654296875 50
4.6875 51
5.39453125 52
5.4296875 53
5.4453125 54
5.46484375 55
5.46484375 56
5.51171875 57
5.6171875 58
5.8515625 59
6.70263671875 60
6.7109375 61
6.8125 62
6.9404296875 63
7.021484375 64
7.158203125 65
7.6484375 66
7.74609375 67
8.109375 68
8.34765625 69
8.580078125 70
8.9990234375 71
9.3671875 72
9.70703125 73
9.736328125 74
9.76251220703125 75
10.220703125 76
10.61328125 77
10.720703125 78
10.79296875 79
11.453125 80
11.5859375 81
12.22265625 82
12.61181640625 83
12.75 84
12.8359375 85
12.96380615234375 86
13.08984375 87
13.50390625 88
13.55859375 89
13.9296875 90
13.93359375 91
14.201171875 92
14.515625 93
14.796875 94
14.90625 95
14.9627685546875 96
14.989501953125 97
15.0078125 98
15.11328125 99
15.1845703125 100
15.56640625 101
15.68359375 102
15.7890625 103
15.859375 104
15.8828125 105
16.7734375 106
17.197265625 107
17.69140625 108
18.515625 109
18.55419921875 110
19.1328125 111
19.65478515625 112
19.871826171875 113
20.01953125 114
20.1943359375 115
20.662109375 116
20.6875 117
20.70703125 118
21.01171875 119
21.103515625 120
21.516265869140625 121
22.138671875 122
22.564453125 123
22.8515625 124
22.98046875 125
23.06640625 126
23.078125 127
23.52734375 128
23.85394287109375 129
23.85546875 130
24.15625 131
24.25390625 132
24.94921875 133
25.12890625 134
25.526123046875 135
25.6640625 136
25.673828125 137
26.36279296875 138
26.5546875 139
26.8828125 140
27.1875 141
27.63671875 142
27.7197265625 143
28.8828125 144
28.927734375 145
30.1875 146
30.19580078125 147
31.07470703125 148
31.09765625 149
31.236328125 150
31.23828125 151
31.92578125 152
33.587890625 153
33.677734375 154
34.984375 155
35.1953125 156
35.54296875 157
35.9111328125 158
38.193359375 159
39.1015625 160
40.375 161
40.703125 162
40.70751953125 163
40.8515625 164
41.114990234375 165
42.640625 166
42.84375 167
44.107421875 168
44.43359375 169
44.599609375 170
44.77734375 171
44.89453125 172
45.265625 173
45.6328125 174
45.810546875 175
46.06640625 176
46.3203125 177
46.400390625 178
46.93359375 179
48.4375 180
48.5234375 181
49.03515625 182
49.60546875 183
49.822265625 184
49.98828125 185
50.34375 186
51.0419921875 187
51.356201171875 188
51.5390625 189
51.55078125 190
53.095703125 191
54.7109375 192
57.083984375 193
58.5859375 194
59.373046875 195
60.12890625 196
61.560546875 197
64.3076171875 198
64.62890625 199
64.97265625 200
66.01171875 201
67.09765625 202
67.32421875 203
68.0078125 204
68.152099609375 205
68.328125 206
69.1796875 207
70.0390625 208
71.22265625 209
72.3125 210
74.23046875 211
74.6875 212
74.6875 213
78.291015625 214
79.77392578125 215
80.4267578125 216
80.9140625 217
80.984375 218
81.64599609375 219
83.02734375 220
86.8125 221
92.6748046875 222
92.7578125 223
93.275390625 224
93.29296875 225
96.2587890625 226
96.90625 227
98.0670166015625 228
99.29296875 229
101.2109375 230
101.25390625 231
102.3359375 232
104.72265625 233
109.826171875 234
110.494140625 235
111.7900390625 236
113.86328125 237
116.2001953125 238
116.876953125 239
119.20703125 240
121.75390625 241
121.84228515625 242
128.0078125 243
131.3416748046875 244
138.771484375 245
147.91796875 246
156.86328125 247
157.1123046875 248
157.4560546875 249
166.7314453125 250
169.265625 251
172.9296875 252
174.1357421875 253
175.80859375 254
185.10546875 255
186.8828125 256
189.9296875 257
199.5078125 258
205.34619140625 259
222.95703125 260
228.80859375 261
230.205078125 262
237.91015625 263
245.1171875 264
246.8935546875 265
252.546875 266
252.5859375 267
255.25390625 268
255.80859375 269
259.537109375 270
262.05078125 271
263.962890625 272
264.578125 273
265.724609375 274
272.7568359375 275
283.05908203125 276
284.482421875 277
284.931640625 278
300.0703125 279
