0.2265625 1
0.39013671875 2
0.46484375 3
0.6484375 4
0.7109375 5
0.76953125 6
0.771484375 7
0.7763671875 8
0.8359375 9
0.84765625 10
0.90625 11
0.953125 12
1.041015625 13
1.07421875 14
1.08203125 15
1.1328125 16
1.49609375 17
2.4140625 18
2.58203125 19
2.8759765625 20
3.2646484375 21
3.2998046875 22
3.3505859375 23
4.5546875 24
4.6171875 25
5.39453125 26
5.4296875 27
5.46484375 28
5.46484375 29
5.51171875 30
5.8515625 31
6.7109375 32
6.8125 33
6.9404296875 34
7.021484375 35
7.74609375 36
9.3671875 37
9.70703125 38
9.736328125 39
9.76251220703125 40
10.220703125 41
10.720703125 42
10.79296875 43
12.96380615234375 44
13.50390625 45
13.9296875 46
13.93359375 47
14.201171875 48
14.90625 49
14.9627685546875 50
15.11328125 51
15.1845703125 52
19.65478515625 53
20.01953125 54
20.1943359375 55
20.6875 56
21.103515625 57
21.516265869140625 58
23.078125 59
23.85394287109375 60
24.25390625 61
26.5546875 62
26.8828125 63
28.927734375 64
30.1875 65
31.07470703125 66
31.09765625 67
31.236328125 68
31.23828125 69
31.92578125 70
33.587890625 71
33.677734375 72
35.1953125 73
35.54296875 74
35.9111328125 75
38.193359375 76
39.1015625 77
40.8515625 78
42.640625 79
44.43359375 80
44.599609375 81
44.77734375 82
46.93359375 83
48.4375 84
50.34375 85
51.0419921875 86
51.356201171875 87
51.5390625 88
51.55078125 89
53.095703125 90
54.7109375 91
57.083984375 92
58.5859375 93
60.12890625 94
61.560546875 95
64.3076171875 96
64.62890625 97
66.01171875 98
67.09765625 99
67.32421875 100
68.328125 101
69.1796875 102
70.0390625 103
71.22265625 104
74.6875 105
78.291015625 106
80.4267578125 107
80.9140625 108
80.984375 109
86.8125 110
93.29296875 111
96.2587890625 112
96.90625 113
98.0670166015625 114
101.2109375 115
102.3359375 116
104.72265625 117
109.826171875 118
110.494140625 119
111.7900390625 120
121.75390625 121
128.0078125 122
131.3416748046875 123
138.771484375 124
156.86328125 125
157.4560546875 126
169.265625 127
172.9296875 128
185.10546875 129
189.9296875 130
222.95703125 131
228.80859375 132
252.546875 133
255.80859375 134
263.962890625 135
264.578125 136
265.724609375 137
283.05908203125 138
284.931640625 139
