0.15625 1
0.1661376953125 2
0.16796875 3
0.17578125 4
0.185546875 5
0.19140625 6
0.53173828125 7
0.87109375 8
0.8916015625 9
0.931640625 10
1.125 11
1.31640625 12
1.39208984375 13
1.671875 14
1.68359375 15
1.693359375 16
1.7109375 17
3.0068359375 18
3.2744140625 19
3.6259765625 20
3.65234375 21
4.072265625 22
4.11328125 23
4.1484375 24
4.654296875 25
4.6875 26
5.4453125 27
5.6171875 28
6.70263671875 29
7.158203125 30
7.6484375 31
8.109375 32
8.34765625 33
8.580078125 34
8.9990234375 35
10.61328125 36
11.453125 37
11.5859375 38
12.22265625 39
12.61181640625 40
12.75 41
12.8359375 42
13.08984375 43
13.55859375 44
14.515625 45
14.796875 46
14.989501953125 47
15.0078125 48
15.56640625 49
15.68359375 50
15.7890625 51
15.859375 52
15.8828125 53
16.7734375 54
17.197265625 55
17.69140625 56
18.515625 57
18.55419921875 58
19.1328125 59
19.871826171875 60
20.662109375 61
20.70703125 62
21.01171875 63
22.138671875 64
22.564453125 65
22.8515625 66
22.98046875 67
23.06640625 68
23.52734375 69
23.85546875 70
24.15625 71
24.94921875 72
25.12890625 73
25.526123046875 74
25.6640625 75
25.673828125 76
26.36279296875 77
27.1875 78
27.63671875 79
27.7197265625 80
28.8828125 81
30.19580078125 82
34.984375 83
40.375 84
40.703125 85
40.70751953125 86
41.114990234375 87
42.84375 88
44.107421875 89
44.89453125 90
45.265625 91
45.6328125 92
45.810546875 93
46.06640625 94
46.3203125 95
46.400390625 96
48.5234375 97
49.03515625 98
49.60546875 99
49.822265625 100
49.98828125 101
59.373046875 102
64.97265625 103
68.0078125 104
68.152099609375 105
72.3125 106
74.23046875 107
74.6875 108
79.77392578125 109
81.64599609375 110
83.02734375 111
92.6748046875 112
92.7578125 113
93.275390625 114
99.29296875 115
101.25390625 116
113.86328125 117
116.2001953125 118
116.876953125 119
119.20703125 120
121.84228515625 121
147.91796875 122
157.1123046875 123
166.7314453125 124
174.1357421875 125
175.80859375 126
186.8828125 127
199.5078125 128
205.34619140625 129
230.205078125 130
237.91015625 131
245.1171875 132
246.8935546875 133
252.5859375 134
255.25390625 135
259.537109375 136
262.05078125 137
272.7568359375 138
284.482421875 139
300.0703125 140
