1 1500
2 2775
3 3938
4 5030
5 6070
6 7071
7 8040
8 8982
9 9902
10 10802
11 11684
12 12551
13 13404
14 14245
15 15074
16 15892
17 16700
18 17499
19 18290
20 19072
21 19847
22 20615
23 21376
24 22131
25 22879
26 23622
27 24359
28 25091
29 25818
30 26541
31 27258
32 27971
33 28680
34 29384
35 30085
36 30781
37 31474
38 32163
39 32849
40 33532
41 34211
42 34887
43 35559
44 36229
45 36896
46 37560
47 38221
48 38880
49 39535
50 40189
51 40839
52 41488
53 42133
54 42777
55 43418
56 44057
57 44694
58 45328
59 45961
60 46591
61 47220
62 47846
63 48470
64 49093
65 49714
66 50332
67 50949
68 51565
69 52178
70 52790
71 53400
72 54008
73 54615
74 55220
75 55824
76 56426
77 57026
78 57625
79 58223
80 58819
81 59413
82 60007
83 60599
84 61189
85 61778
86 62366
87 62952
88 63537
89 64121
90 64704
91 65285
92 65865
93 66444
94 67022
95 67598
96 68174
97 68748
98 69321
99 69893
100 70463
101 71033
102 71602
103 72169
104 72736
105 73301
106 73865
107 74429
108 74991
109 75552
110 76113
111 76672
112 77230
113 77788
114 78344
115 78900
116 79454
117 80008
118 80561
119 81113
120 81664
121 82214
122 82763
123 83311
124 83859
125 84405
126 84951
127 85496
128 86040
129 86583
130 87126
131 87668
132 88208
133 88749
134 89288
135 89826
136 90364
137 90901
138 91437
139 91973
140 92508
141 93042
142 93575
143 94107
144 94639
145 95170
146 95701
147 96230
148 96759
149 97288
150 97815
151 98342
152 98869
153 99394
154 99919
155 100444
156 100967
157 101490
158 102013
159 102534
160 103055
161 103576
162 104096
163 104615
164 105134
165 105652
166 106169
167 106686
168 107202
169 107718
170 108233
171 108747
172 109261
173 109774
174 110287
175 110799
176 111311
177 111822
178 112332
179 112842
180 113351
181 113860
182 114369
183 114876
184 115383
185 115890
186 116396
187 116902
188 117407
189 117912
190 118416
191 118919
192 119422
193 119925
194 120427
195 120928
196 121429
197 121930
198 122430
199 122929
200 123429
201 123927
202 124425
203 124923
204 125420
205 125917
206 126413
207 126909
208 127404
209 127899
210 128393
211 128887
212 129381
213 129874
214 130366
215 130859
216 131350
217 131842
218 132332
219 132823
220 133313
221 133802
222 134291
223 134780
224 135268
225 135756
226 136244
227 136731
228 137217
229 137704
230 138189
231 138675
232 139160
233 139644
234 140128
235 140612
236 141096
237 141578
238 142061
239 142543
240 143025
241 143506
242 143987
243 144468
244 144948
245 145428
246 145908
247 146387
248 146866
249 147344
250 147822
251 148300
252 148777
253 149254
254 149730
255 150207
256 150683
257 151158
258 151633
259 152108
260 152582
261 153056
262 153530
263 154003
264 154476
265 154949
266 155421
267 155893
268 156365
269 156836
270 157307
271 157778
272 158248
273 158718
274 159188
275 159657
276 160126
277 160595
278 161063
279 161531
280 161999
281 162466
282 162933
283 163400
284 163866
285 164332
286 164798
287 165263
288 165728
289 166193
290 166658
291 167122
292 167586
293 168049
294 168513
295 168976
296 169438
297 169901
298 170363
299 170825
300 171286
301 171747
302 172208
303 172669
304 173129
305 173589
306 174049
307 174508
308 174967
309 175426
310 175885
311 176343
312 176801
313 177259
314 177716
315 178173
316 178630
317 179087
318 179543
319 179999
320 180455
321 180910
322 181366
323 181820
324 182275
325 182730
326 183184
327 183638
328 184091
329 184544
330 184997
331 185450
332 185903
333 186355
334 186807
335 187259
336 187710
337 188162
338 188613
339 189063
340 189514
341 189964
342 190414
343 190864
344 191313
345 191762
346 192211
347 192660
348 193108
349 193556
350 194004
351 194452
352 194900
353 195347
354 195794
355 196240
356 196687
357 197133
358 197579
359 198025
360 198470
361 198916
362 199361
363 199805
364 200250
365 200694
366 201138
367 201582
368 202026
369 202469
370 202912
371 203355
372 203798
373 204241
374 204683
375 205125
376 205567
377 206008
378 206450
379 206891
380 207332
381 207772
382 208213
383 208653
384 209093
385 209533
386 209972
387 210412
388 210851
389 211290
390 211728
391 212167
392 212605
393 213043
394 213481
395 213918
396 214356
397 214793
398 215230
399 215667
400 216103
401 216540
402 216976
403 217412
404 217847
405 218283
406 218718
407 219153
408 219588
409 220023
410 220457
411 220891
412 221326
413 221759
414 222193
415 222626
416 223060
417 223493
418 223926
419 224358
420 224791
421 225223
422 225655
423 226087
424 226519
425 226950
426 227381
427 227812
428 228243
429 228674
430 229104
431 229535
432 229965
433 230395
434 230825
435 231254
436 231683
437 232113
438 232541
439 232970
440 233399
441 233827
442 234255
443 234684
444 235111
445 235539
446 235966
447 236394
448 236821
449 237248
450 237674
451 238101
452 238527
453 238954
454 239380
455 239805
456 240231
457 240657
458 241082
459 241507
460 241932
461 242357
462 242781
463 243206
464 243630
465 244054
466 244478
467 244901
468 245325
469 245748
470 246171
471 246594
472 247017
473 247440
474 247862
475 248285
476 248707
477 249129
478 249551
479 249972
480 250394
481 250815
482 251236
483 251657
484 252078
485 252498
486 252919
487 253339
488 253759
489 254179
490 254599
491 255019
492 255438
493 255857
494 256276
495 256695
496 257114
497 257533
498 257951
499 258370
500 258788
501 259206
502 259623
503 260041
504 260459
505 260876
506 261293
507 261710
508 262127
509 262544
510 262960
511 263377
512 263793
513 264209
514 264625
515 265041
516 265456
517 265872
518 266287
519 266702
520 267117
521 267532
522 267947
523 268361
524 268776
525 269190
526 269604
527 270018
528 270432
529 270845
530 271259
531 271672
532 272085
533 272498
534 272911
535 273324
536 273736
537 274149
538 274561
539 274973
540 275385
541 275797
542 276209
543 276620
544 277032
545 277443
546 277854
547 278265
548 278676
549 279087
550 279497
551 279907
552 280318
553 280728
554 281138
555 281548
556 281957
557 282367
558 282776
559 283185
560 283595
561 284003
562 284412
563 284821
564 285230
565 285638
566 286046
567 286454
568 286862
569 287270
570 287678
571 288085
572 288493
573 288900
574 289307
575 289714
576 290121
577 290528
578 290935
579 291341
580 291747
581 292154
582 292560
583 292966
584 293371
585 293777
586 294183
587 294588
588 294993
589 295398
590 295803
591 296208
592 296613
593 297018
594 297422
595 297827
596 298231
597 298635
598 299039
599 299443
600 299846
601 300250
602 300653
603 301057
604 301460
605 301863
606 302266
607 302669
608 303071
609 303474
610 303876
611 304278
612 304681
613 305083
614 305485
615 305886
616 306288
617 306689
618 307091
619 307492
620 307893
621 308294
622 308695
623 309096
624 309497
625 309897
626 310298
627 310698
628 311098
629 311498
630 311898
631 312298
632 312697
633 313097
634 313496
635 313896
636 314295
637 314694
638 315093
639 315492
640 315890
641 316289
642 316687
643 317086
644 317484
645 317882
646 318280
647 318678
648 319076
649 319473
650 319871
651 320268
652 320666
653 321063
654 321460
655 321857
656 322253
657 322650
658 323047
659 323443
660 323840
661 324236
662 324632
663 325028
664 325424
665 325820
666 326215
667 326611
668 327006
669 327401
670 327797
671 328192
672 328587
673 328982
674 329376
675 329771
676 330165
677 330560
678 330954
679 331348
680 331742
681 332136
682 332530
683 332924
684 333318
685 333711
686 334104
687 334498
688 334891
689 335284
690 335677
691 336070
692 336463
693 336855
694 337248
695 337640
696 338032
697 338425
698 338817
699 339209
700 339600
701 339992
702 340384
703 340775
704 341167
705 341558
706 341949
707 342341
708 342732
709 343122
710 343513
711 343904
712 344295
713 344685
714 345075
715 345466
716 345856
717 346246
718 346636
719 347026
720 347415
721 347805
722 348195
723 348584
724 348973
725 349363
726 349752
727 350141
728 350530
729 350919
730 351307
731 351696
732 352084
733 352473
734 352861
735 353249
736 353637
737 354025
738 354413
739 354801
740 355189
741 355576
742 355964
743 356351
744 356738
745 357126
746 357513
747 357900
748 358287
749 358673
750 359060
751 359447
752 359833
753 360220
754 360606
755 360992
756 361378
757 361764
758 362150
759 362536
760 362922
761 363307
762 363693
763 364078
764 364463
765 364849
766 365234
767 365619
768 366004
769 366389
770 366773
771 367158
772 367542
773 367927
774 368311
775 368696
776 369080
777 369464
778 369848
779 370232
780 370615
781 370999
782 371383
783 371766
784 372150
785 372533
786 372916
787 373299
788 373682
789 374065
790 374448
791 374831
792 375213
793 375596
794 375978
795 376361
796 376743
797 377125
798 377507
799 377889
800 378271
801 378653
802 379035
803 379416
804 379798
805 380179
806 380561
807 380942
808 381323
809 381704
810 382085
811 382466
812 382847
813 383228
814 383608
815 383989
816 384369
817 384750
818 385130
819 385510
820 385890
821 386270
822 386650
823 387030
824 387410
825 387789
826 388169
827 388548
828 388928
829 389307
830 389686
831 390065
832 390444
833 390823
834 391202
835 391581
836 391960
837 392338
838 392717
839 393095
840 393474
841 393852
842 394230
843 394608
844 394986
845 395364
846 395742
847 396119
848 396497
849 396875
850 397252
851 397629
852 398007
853 398384
854 398761
855 399138
856 399515
857 399892
858 400269
859 400645
860 401022
861 401399
862 401775
863 402151
864 402528
865 402904
866 403280
867 403656
868 404032
869 404408
870 404784
871 405159
872 405535
873 405910
874 406286
875 406661
876 407037
877 407412
878 407787
879 408162
880 408537
881 408912
882 409287
883 409661
884 410036
885 410410
886 410785
887 411159
888 411534
889 411908
890 412282
891 412656
892 413030
893 413404
894 413778
895 414151
896 414525
897 414899
898 415272
899 415646
900 416019
901 416392
902 416765
903 417138
904 417511
905 417884
906 418257
907 418630
908 419003
909 419375
910 419748
911 420120
912 420493
913 420865
914 421237
915 421609
916 421981
917 422353
918 422725
919 423097
920 423469
921 423841
922 424212
923 424584
924 424955
925 425327
926 425698
927 426069
928 426440
929 426811
930 427182
931 427553
932 427924
933 428295
934 428665
935 429036
936 429406
937 429777
938 430147
939 430518
940 430888
941 431258
942 431628
943 431998
944 432368
945 432738
946 433107
947 433477
948 433847
949 434216
950 434586
951 434955
952 435324
953 435694
954 436063
955 436432
956 436801
957 437170
958 437539
959 437908
960 438276
961 438645
962 439013
963 439382
964 439750
965 440119
966 440487
967 440855
968 441223
969 441591
970 441959
971 442327
972 442695
973 443063
974 443431
975 443798
976 444166
977 444533
978 444901
979 445268
980 445635
981 446002
982 446369
983 446736
984 447103
985 447470
986 447837
987 448204
988 448571
989 448937
990 449304
991 449670
992 450037
993 450403
994 450769
995 451135
996 451501
997 451868
998 452233
999 452599
1000 452965
1001 453331
1002 453697
1003 454062
1004 454428
1005 454793
1006 455159
1007 455524
1008 455889
1009 456254
1010 456620
1011 456985
1012 457350
1013 457715
1014 458079
1015 458444
1016 458809
1017 459174
1018 459538
1019 459903
1020 460267
1021 460631
1022 460996
1023 461360
1024 461724
1025 462088
1026 462452
1027 462816
1028 463180
1029 463544
1030 463908
1031 464271
1032 464635
1033 464998
1034 465362
1035 465725
1036 466089
1037 466452
1038 466815
1039 467178
1040 467541
1041 467904
1042 468267
1043 468630
1044 468993
1045 469356
1046 469718
1047 470081
1048 470443
1049 470806
1050 471168
1051 471531
1052 471893
1053 472255
1054 472617
1055 472979
1056 473341
1057 473703
1058 474065
1059 474427
1060 474789
1061 475150
1062 475512
1063 475874
1064 476235
1065 476596
1066 476958
1067 477319
1068 477680
1069 478041
1070 478402
1071 478763
1072 479124
1073 479485
1074 479846
1075 480207
1076 480568
1077 480928
1078 481289
1079 481649
1080 482010
1081 482370
1082 482730
1083 483091
1084 483451
1085 483811
1086 484171
1087 484531
1088 484891
1089 485251
1090 485611
1091 485970
1092 486330
1093 486690
1094 487049
1095 487409
1096 487768
1097 488127
1098 488487
1099 488846
1100 489205
1101 489564
1102 489923
1103 490282
1104 490641
1105 491000
1106 491359
1107 491718
1108 492076
1109 492435
1110 492793
1111 493152
1112 493510
1113 493869
1114 494227
1115 494585
1116 494943
1117 495301
1118 495659
1119 496017
1120 496375
1121 496733
1122 497091
1123 497449
1124 497806
1125 498164
1126 498522
1127 498879
1128 499236
1129 499594
1130 499951
1131 500308
1132 500666
1133 501023
1134 501380
1135 501737
1136 502094
1137 502451
1138 502807
1139 503164
1140 503521
1141 503877
1142 504234
1143 504591
1144 504947
1145 505303
1146 505660
1147 506016
1148 506372
1149 506728
1150 507085
1151 507441
1152 507797
1153 508152
1154 508508
1155 508864
1156 509220
1157 509576
1158 509931
1159 510287
1160 510642
1161 510998
1162 511353
1163 511708
1164 512064
1165 512419
1166 512774
1167 513129
1168 513484
1169 513839
1170 514194
1171 514549
1172 514904
1173 515259
1174 515613
1175 515968
1176 516322
1177 516677
1178 517031
1179 517386
1180 517740
1181 518094
1182 518449
1183 518803
1184 519157
1185 519511
1186 519865
1187 520219
1188 520573
1189 520927
1190 521280
1191 521634
1192 521988
1193 522341
1194 522695
1195 523048
1196 523402
1197 523755
1198 524108
1199 524462
1200 524815
1201 525168
1202 525521
1203 525874
1204 526227
1205 526580
1206 526933
1207 527286
1208 527638
1209 527991
1210 528344
1211 528696
1212 529049
1213 529401
1214 529754
1215 530106
1216 530458
1217 530810
1218 531163
1219 531515
1220 531867
1221 532219
1222 532571
1223 532923
1224 533274
1225 533626
1226 533978
1227 534330
1228 534681
1229 535033
1230 535384
1231 535736
1232 536087
1233 536439
1234 536790
1235 537141
1236 537492
1237 537843
1238 538195
1239 538546
1240 538897
1241 539247
1242 539598
1243 539949
1244 540300
1245 540651
1246 541001
1247 541352
1248 541702
1249 542053
1250 542403
1251 542754
1252 543104
1253 543454
1254 543804
1255 544155
1256 544505
1257 544855
1258 545205
1259 545555
1260 545904
1261 546254
1262 546604
1263 546954
1264 547303
1265 547653
1266 548003
1267 548352
1268 548702
1269 549051
1270 549400
1271 549750
1272 550099
1273 550448
1274 550797
1275 551146
1276 551495
1277 551844
1278 552193
1279 552542
1280 552891
1281 553240
1282 553588
1283 553937
1284 554286
1285 554634
1286 554983
1287 555331
1288 555680
1289 556028
1290 556376
1291 556725
1292 557073
1293 557421
1294 557769
1295 558117
1296 558465
1297 558813
1298 559161
1299 559509
1300 559857
1301 560204
1302 560552
1303 560900
1304 561247
1305 561595
1306 561942
1307 562290
1308 562637
1309 562984
1310 563332
1311 563679
1312 564026
1313 564373
1314 564720
1315 565067
1316 565414
1317 565761
1318 566108
1319 566455
1320 566801
1321 567148
1322 567495
1323 567841
1324 568188
1325 568535
1326 568881
1327 569227
1328 569574
1329 569920
1330 570266
1331 570613
1332 570959
1333 571305
1334 571651
1335 571997
1336 572343
1337 572689
1338 573035
1339 573380
1340 573726
1341 574072
1342 574417
1343 574763
1344 575109
1345 575454
1346 575800
1347 576145
1348 576490
1349 576836
1350 577181
1351 577526
1352 577871
1353 578216
1354 578562
1355 578907
1356 579252
1357 579596
1358 579941
1359 580286
1360 580631
1361 580976
1362 581320
1363 581665
1364 582010
1365 582354
1366 582699
1367 583043
1368 583387
1369 583732
1370 584076
1371 584420
1372 584764
1373 585109
1374 585453
1375 585797
1376 586141
1377 586485
1378 586828
1379 587172
1380 587516
1381 587860
1382 588204
1383 588547
1384 588891
1385 589234
1386 589578
1387 589921
1388 590265
1389 590608
1390 590952
1391 591295
1392 591638
1393 591981
1394 592324
1395 592667
1396 593011
1397 593353
1398 593696
1399 594039
1400 594382
1401 594725
1402 595068
1403 595410
1404 595753
1405 596096
1406 596438
1407 596781
1408 597123
1409 597466
1410 597808
1411 598150
1412 598493
1413 598835
1414 599177
1415 599519
1416 599861
1417 600203
1418 600545
1419 600887
1420 601229
1421 601571
1422 601913
1423 602255
1424 602597
1425 602938
1426 603280
1427 603621
1428 603963
1429 604305
1430 604646
1431 604987
1432 605329
1433 605670
1434 606011
1435 606353
1436 606694
1437 607035
1438 607376
1439 607717
1440 608058
1441 608399
1442 608740
1443 609081
1444 609421
1445 609762
1446 610103
1447 610444
1448 610784
1449 611125
1450 611465
1451 611806
1452 612146
1453 612487
1454 612827
1455 613167
1456 613508
1457 613848
1458 614188
1459 614528
1460 614868
1461 615208
1462 615548
1463 615888
1464 616228
1465 616568
1466 616908
1467 617248
1468 617587
1469 617927
1470 618267
1471 618606
1472 618946
1473 619285
1474 619625
1475 619964
1476 620304
1477 620643
1478 620982
1479 621322
1480 621661
1481 622000
1482 622339
1483 622678
1484 623017
1485 623356
1486 623695
1487 624034
1488 624373
1489 624712
1490 625050
1491 625389
1492 625728
1493 626066
1494 626405
1495 626743
1496 627082
1497 627420
1498 627759
1499 628097
1500 628435
1501 628774
1502 629112
1503 629450
1504 629788
1505 630126
1506 630465
1507 630803
1508 631141
1509 631478
1510 631816
1511 632154
1512 632492
1513 632830
1514 633167
1515 633505
1516 633843
1517 634180
1518 634518
1519 634855
1520 635193
1521 635530
1522 635868
1523 636205
1524 636542
1525 636880
1526 637217
1527 637554
1528 637891
1529 638228
1530 638565
1531 638902
1532 639239
1533 639576
1534 639913
1535 640250
1536 640586
1537 640923
1538 641260
1539 641597
1540 641933
1541 642270
1542 642606
1543 642943
1544 643279
1545 643616
1546 643952
1547 644288
1548 644624
1549 644961
1550 645297
1551 645633
1552 645969
1553 646305
1554 646641
1555 646977
1556 647313
1557 647649
1558 647985
1559 648321
1560 648657
1561 648992
1562 649328
1563 649664
1564 649999
1565 650335
1566 650670
1567 651006
1568 651341
1569 651677
1570 652012
1571 652347
1572 652683
1573 653018
1574 653353
1575 653688
1576 654023
1577 654358
1578 654693
1579 655028
1580 655363
1581 655698
1582 656033
1583 656368
1584 656703
1585 657037
1586 657372
1587 657707
1588 658041
1589 658376
1590 658711
1591 659045
1592 659380
1593 659714
1594 660048
1595 660383
1596 660717
1597 661051
1598 661386
1599 661720
1600 662054
1601 662388
1602 662722
1603 663056
1604 663390
1605 663724
1606 664058
1607 664392
1608 664725
1609 665059
1610 665393
1611 665727
1612 666060
1613 666394
1614 666728
1615 667061
1616 667395
1617 667728
1618 668061
1619 668395
1620 668728
1621 669062
1622 669395
1623 669728
1624 670061
1625 670394
1626 670727
1627 671060
1628 671394
1629 671727
1630 672059
1631 672392
1632 672725
1633 673058
1634 673391
1635 673724
1636 674056
1637 674389
1638 674722
1639 675054
1640 675387
1641 675719
1642 676052
1643 676384
1644 676717
1645 677049
1646 677381
1647 677714
1648 678046
1649 678378
1650 678710
1651 679042
1652 679374
1653 679706
1654 680038
1655 680370
1656 680702
1657 681034
1658 681366
1659 681698
1660 682030
1661 682361
1662 682693
1663 683025
1664 683356
1665 683688
1666 684020
1667 684351
1668 684682
1669 685014
1670 685345
1671 685677
1672 686008
1673 686339
1674 686671
1675 687002
1676 687333
1677 687664
1678 687995
1679 688326
1680 688657
1681 688988
1682 689319
1683 689650
1684 689981
1685 690312
1686 690642
1687 690973
1688 691304
1689 691635
1690 691965
1691 692296
1692 692626
1693 692957
1694 693287
1695 693618
1696 693948
1697 694279
1698 694609
1699 694939
1700 695269
1701 695600
1702 695930
1703 696260
1704 696590
1705 696920
1706 697250
1707 697580
1708 697910
1709 698240
1710 698570
1711 698900
1712 699230
1713 699559
1714 699889
1715 700219
1716 700549
1717 700878
1718 701208
1719 701537
1720 701867
1721 702196
1722 702526
1723 702855
1724 703184
1725 703514
1726 703843
1727 704172
1728 704502
1729 704831
1730 705160
1731 705489
1732 705818
1733 706147
1734 706476
1735 706805
1736 707134
1737 707463
1738 707792
1739 708121
1740 708449
1741 708778
1742 709107
1743 709436
1744 709764
1745 710093
1746 710421
1747 710750
1748 711078
1749 711407
1750 711735
1751 712064
1752 712392
1753 712720
1754 713049
1755 713377
1756 713705
1757 714033
1758 714361
1759 714689
1760 715017
1761 715345
1762 715673
1763 716001
1764 716329
1765 716657
1766 716985
1767 717313
1768 717641
1769 717968
1770 718296
1771 718624
1772 718951
1773 719279
1774 719606
1775 719934
1776 720261
1777 720589
1778 720916
1779 721244
1780 721571
1781 721898
1782 722226
1783 722553
1784 722880
1785 723207
1786 723534
1787 723861
1788 724189
1789 724516
1790 724843
1791 725170
1792 725496
1793 725823
1794 726150
1795 726477
1796 726804
1797 727131
1798 727457
1799 727784
1800 728111
1801 728437
1802 728764
1803 729090
1804 729417
1805 729743
1806 730070
1807 730396
1808 730722
1809 731049
1810 731375
1811 731701
1812 732028
1813 732354
1814 732680
1815 733006
1816 733332
1817 733658
1818 733984
1819 734310
1820 734636
1821 734962
1822 735288
1823 735614
1824 735939
1825 736265
1826 736591
1827 736917
1828 737242
1829 737568
1830 737894
1831 738219
1832 738545
1833 738870
1834 739196
1835 739521
1836 739846
1837 740172
1838 740497
1839 740822
1840 741148
1841 741473
1842 741798
1843 742123
1844 742448
1845 742774
1846 743099
1847 743424
1848 743749
1849 744074
1850 744398
1851 744723
1852 745048
1853 745373
1854 745698
1855 746023
1856 746347
1857 746672
1858 746997
1859 747321
1860 747646
1861 747970
1862 748295
1863 748619
1864 748944
1865 749268
1866 749593
1867 749917
1868 750241
1869 750566
1870 750890
1871 751214
1872 751538
1873 751862
1874 752186
1875 752511
1876 752835
1877 753159
1878 753483
1879 753807
1880 754130
1881 754454
1882 754778
1883 755102
1884 755426
1885 755749
1886 756073
1887 756397
1888 756721
1889 757044
1890 757368
1891 757691
1892 758015
1893 758338
1894 758662
1895 758985
1896 759309
1897 759632
1898 759955
1899 760279
1900 760602
1901 760925
1902 761248
1903 761571
1904 761894
1905 762218
1906 762541
1907 762864
1908 763187
1909 763510
1910 763833
1911 764155
1912 764478
1913 764801
1914 765124
1915 765447
1916 765769
1917 766092
1918 766415
1919 766737
1920 767060
1921 767383
1922 767705
1923 768028
1924 768350
1925 768673
1926 768995
1927 769317
1928 769640
1929 769962
1930 770284
1931 770606
1932 770929
1933 771251
1934 771573
1935 771895
1936 772217
1937 772539
1938 772861
1939 773183
1940 773505
1941 773827
1942 774149
1943 774471
1944 774793
1945 775115
1946 775436
1947 775758
1948 776080
1949 776401
1950 776723
1951 777045
1952 777366
1953 777688
1954 778009
1955 778331
1956 778652
1957 778974
1958 779295
1959 779616
1960 779938
1961 780259
1962 780580
1963 780902
1964 781223
1965 781544
1966 781865
1967 782186
1968 782507
1969 782828
1970 783149
1971 783470
1972 783791
1973 784112
1974 784433
1975 784754
1976 785075
1977 785395
1978 785716
1979 786037
1980 786358
1981 786678
1982 786999
1983 787320
1984 787640
1985 787961
1986 788281
1987 788602
1988 788922
1989 789242
1990 789563
1991 789883
1992 790204
1993 790524
1994 790844
1995 791164
1996 791485
1997 791805
1998 792125
1999 792445
2000 792765
