1 1500
2 2279
3 2813
4 3224
5 3561
6 3849
7 4102
8 4328
9 4533
10 4722
11 4897
12 5059
13 5212
14 5357
15 5494
16 5624
17 5748
18 5867
19 5981
20 6091
21 6197
22 6300
23 6399
24 6495
25 6588
26 6678
27 6766
28 6852
29 6935
30 7016
31 7096
32 7173
33 7249
34 7324
35 7396
36 7468
37 7538
38 7606
39 7673
40 7740
41 7804
42 7868
43 7931
44 7993
45 8053
46 8113
47 8172
48 8230
49 8287
50 8344
51 8399
52 8454
53 8508
54 8561
55 8614
56 8666
57 8717
58 8768
59 8818
60 8868
61 8917
62 8965
63 9013
64 9060
65 9107
66 9153
67 9199
68 9244
69 9289
70 9334
71 9378
72 9421
73 9464
74 9507
75 9549
76 9591
77 9633
78 9674
79 9715
80 9755
81 9795
82 9835
83 9874
84 9914
85 9952
86 9991
87 10029
88 10067
89 10104
90 10142
91 10179
92 10215
93 10252
94 10288
95 10324
96 10359
97 10395
98 10430
99 10465
100 10499
101 10534
102 10568
103 10602
104 10635
105 10669
106 10702
107 10735
108 10768
109 10801
110 10833
111 10865
112 10897
113 10929
114 10961
115 10992
116 11023
117 11054
118 11085
119 11116
120 11146
121 11177
122 11207
123 11237
124 11267
125 11296
126 11326
127 11355
128 11384
129 11413
130 11442
131 11471
132 11500
133 11528
134 11556
135 11584
136 11612
137 11640
138 11668
139 11695
140 11723
141 11750
142 11777
143 11804
144 11831
145 11858
146 11885
147 11911
148 11938
149 11964
150 11990
151 12016
152 12042
153 12068
154 12093
155 12119
156 12144
157 12170
158 12195
159 12220
160 12245
161 12270
162 12295
163 12320
164 12344
165 12369
166 12393
167 12417
168 12441
169 12466
170 12490
171 12513
172 12537
173 12561
174 12585
175 12608
176 12631
177 12655
178 12678
179 12701
180 12724
181 12747
182 12770
183 12793
184 12816
185 12838
186 12861
187 12883
188 12906
189 12928
190 12950
191 12972
192 12994
193 13016
194 13038
195 13060
196 13082
197 13104
198 13125
199 13147
200 13168
201 13190
202 13211
203 13232
204 13253
205 13274
206 13295
207 13316
208 13337
209 13358
210 13379
211 13399
212 13420
213 13441
214 13461
215 13482
216 13502
217 13522
218 13542
219 13563
220 13583
221 13603
222 13623
223 13643
224 13662
225 13682
226 13702
227 13722
228 13741
229 13761
230 13780
231 13800
232 13819
233 13838
234 13858
235 13877
236 13896
237 13915
238 13934
239 13953
240 13972
241 13991
242 14010
243 14028
244 14047
245 14066
246 14084
247 14103
248 14122
249 14140
250 14158
251 14177
252 14195
253 14213
254 14232
255 14250
256 14268
257 14286
258 14304
259 14322
260 14340
261 14358
262 14376
263 14393
264 14411
265 14429
266 14446
267 14464
268 14482
269 14499
270 14516
271 14534
272 14551
273 14569
274 14586
275 14603
276 14620
277 14638
278 14655
279 14672
280 14689
281 14706
282 14723
283 14740
284 14756
285 14773
286 14790
287 14807
288 14824
289 14840
290 14857
291 14873
292 14890
293 14907
294 14923
295 14939
296 14956
297 14972
298 14989
299 15005
300 15021
301 15037
302 15053
303 15070
304 15086
305 15102
306 15118
307 15134
308 15150
309 15166
310 15182
311 15197
312 15213
313 15229
314 15245
315 15260
316 15276
317 15292
318 15307
319 15323
320 15339
321 15354
322 15370
323 15385
324 15400
325 15416
326 15431
327 15446
328 15462
329 15477
330 15492
331 15507
332 15523
333 15538
334 15553
335 15568
336 15583
337 15598
338 15613
339 15628
340 15643
341 15658
342 15673
343 15687
344 15702
345 15717
346 15732
347 15746
348 15761
349 15776
350 15790
351 15805
352 15820
353 15834
354 15849
355 15863
356 15878
357 15892
358 15906
359 15921
360 15935
361 15949
362 15964
363 15978
364 15992
365 16006
366 16021
367 16035
368 16049
369 16063
370 16077
371 16091
372 16105
373 16119
374 16133
375 16147
376 16161
377 16175
378 16189
379 16203
380 16216
381 16230
382 16244
383 16258
384 16271
385 16285
386 16299
387 16313
388 16326
389 16340
390 16353
391 16367
392 16380
393 16394
394 16407
395 16421
396 16434
397 16448
398 16461
399 16475
400 16488
401 16501
402 16515
403 16528
404 16541
405 16554
406 16568
407 16581
408 16594
409 16607
410 16620
411 16633
412 16646
413 16659
414 16672
415 16685
416 16698
417 16711
418 16724
419 16737
420 16750
421 16763
422 16776
423 16789
424 16802
425 16815
426 16827
427 16840
428 16853
429 16866
430 16878
431 16891
432 16904
433 16916
434 16929
435 16941
436 16954
437 16967
438 16979
439 16992
440 17004
441 17017
442 17029
443 17042
444 17054
445 17066
446 17079
447 17091
448 17104
449 17116
450 17128
451 17141
452 17153
453 17165
454 17177
455 17190
456 17202
457 17214
458 17226
459 17238
460 17250
461 17263
462 17275
463 17287
464 17299
465 17311
466 17323
467 17335
468 17347
469 17359
470 17371
471 17383
472 17395
473 17407
474 17419
475 17430
476 17442
477 17454
478 17466
479 17478
480 17490
481 17501
482 17513
483 17525
484 17537
485 17548
486 17560
487 17572
488 17583
489 17595
490 17606
491 17618
492 17630
493 17641
494 17653
495 17664
496 17676
497 17687
498 17699
499 17710
500 17722
501 17733
502 17745
503 17756
504 17768
505 17779
506 17790
507 17802
508 17813
509 17824
510 17836
511 17847
512 17858
513 17870
514 17881
515 17892
516 17903
517 17914
518 17926
519 17937
520 17948
521 17959
522 17970
523 17981
524 17992
525 18004
526 18015
527 18026
528 18037
529 18048
530 18059
531 18070
532 18081
533 18092
534 18103
535 18114
536 18125
537 18136
538 18146
539 18157
540 18168
541 18179
542 18190
543 18201
544 18212
545 18222
546 18233
547 18244
548 18255
549 18266
550 18276
551 18287
552 18298
553 18308
554 18319
555 18330
556 18340
557 18351
558 18362
559 18372
560 18383
561 18394
562 18404
563 18415
564 18425
565 18436
566 18446
567 18457
568 18467
569 18478
570 18488
571 18499
572 18509
573 18520
574 18530
575 18541
576 18551
577 18562
578 18572
579 18582
580 18593
581 18603
582 18613
583 18624
584 18634
585 18644
586 18655
587 18665
588 18675
589 18685
590 18696
591 18706
592 18716
593 18726
594 18736
595 18747
596 18757
597 18767
598 18777
599 18787
600 18797
601 18807
602 18818
603 18828
604 18838
605 18848
606 18858
607 18868
608 18878
609 18888
610 18898
611 18908
612 18918
613 18928
614 18938
615 18948
616 18958
617 18968
618 18978
619 18988
620 18998
621 19007
622 19017
623 19027
624 19037
625 19047
626 19057
627 19067
628 19076
629 19086
630 19096
631 19106
632 19116
633 19125
634 19135
635 19145
636 19155
637 19164
638 19174
639 19184
640 19193
641 19203
642 19213
643 19222
644 19232
645 19242
646 19251
647 19261
648 19271
649 19280
650 19290
651 19299
652 19309
653 19318
654 19328
655 19338
656 19347
657 19357
658 19366
659 19376
660 19385
661 19395
662 19404
663 19413
664 19423
665 19432
666 19442
667 19451
668 19461
669 19470
670 19479
671 19489
672 19498
673 19508
674 19517
675 19526
676 19536
677 19545
678 19554
679 19564
680 19573
681 19582
682 19591
683 19601
684 19610
685 19619
686 19628
687 19638
688 19647
689 19656
690 19665
691 19675
692 19684
693 19693
694 19702
695 19711
696 19720
697 19730
698 19739
699 19748
700 19757
701 19766
702 19775
703 19784
704 19793
705 19802
706 19811
707 19820
708 19830
709 19839
710 19848
711 19857
712 19866
713 19875
714 19884
715 19893
716 19902
717 19911
718 19920
719 19928
720 19937
721 19946
722 19955
723 19964
724 19973
725 19982
726 19991
727 20000
728 20009
729 20018
730 20026
731 20035
732 20044
733 20053
734 20062
735 20071
736 20079
737 20088
738 20097
739 20106
740 20115
741 20123
742 20132
743 20141
744 20150
745 20158
746 20167
747 20176
748 20185
749 20193
750 20202
751 20211
752 20219
753 20228
754 20237
755 20245
756 20254
757 20263
758 20271
759 20280
760 20288
761 20297
762 20306
763 20314
764 20323
765 20331
766 20340
767 20349
768 20357
769 20366
770 20374
771 20383
772 20391
773 20400
774 20408
775 20417
776 20425
777 20434
778 20442
779 20451
780 20459
781 20468
782 20476
783 20485
784 20493
785 20502
786 20510
787 20518
788 20527
789 20535
790 20544
791 20552
792 20560
793 20569
794 20577
795 20585
796 20594
797 20602
798 20611
799 20619
800 20627
801 20636
802 20644
803 20652
804 20660
805 20669
806 20677
807 20685
808 20694
809 20702
810 20710
811 20718
812 20727
813 20735
814 20743
815 20751
816 20759
817 20768
818 20776
819 20784
820 20792
821 20800
822 20809
823 20817
824 20825
825 20833
826 20841
827 20849
828 20857
829 20866
830 20874
831 20882
832 20890
833 20898
834 20906
835 20914
836 20922
837 20930
838 20938
839 20947
840 20955
841 20963
842 20971
843 20979
844 20987
845 20995
846 21003
847 21011
848 21019
849 21027
850 21035
851 21043
852 21051
853 21059
854 21067
855 21075
856 21083
857 21091
858 21098
859 21106
860 21114
861 21122
862 21130
863 21138
864 21146
865 21154
866 21162
867 21170
868 21177
869 21185
870 21193
871 21201
872 21209
873 21217
874 21225
875 21232
876 21240
877 21248
878 21256
879 21264
880 21272
881 21279
882 21287
883 21295
884 21303
885 21310
886 21318
887 21326
888 21334
889 21341
890 21349
891 21357
892 21365
893 21372
894 21380
895 21388
896 21396
897 21403
898 21411
899 21419
900 21426
901 21434
902 21442
903 21449
904 21457
905 21465
906 21472
907 21480
908 21488
909 21495
910 21503
911 21510
912 21518
913 21526
914 21533
915 21541
916 21549
917 21556
918 21564
919 21571
920 21579
921 21586
922 21594
923 21602
924 21609
925 21617
926 21624
927 21632
928 21639
929 21647
930 21654
931 21662
932 21669
933 21677
934 21684
935 21692
936 21699
937 21707
938 21714
939 21722
940 21729
941 21737
942 21744
943 21751
944 21759
945 21766
946 21774
947 21781
948 21789
949 21796
950 21803
951 21811
952 21818
953 21826
954 21833
955 21840
956 21848
957 21855
958 21862
959 21870
960 21877
961 21885
962 21892
963 21899
964 21907
965 21914
966 21921
967 21929
968 21936
969 21943
970 21950
971 21958
972 21965
973 21972
974 21980
975 21987
976 21994
977 22001
978 22009
979 22016
980 22023
981 22030
982 22038
983 22045
984 22052
985 22059
986 22067
987 22074
988 22081
989 22088
990 22095
991 22103
992 22110
993 22117
994 22124
995 22131
996 22139
997 22146
998 22153
999 22160
1000 22167
1001 22174
1002 22181
1003 22189
1004 22196
1005 22203
1006 22210
1007 22217
1008 22224
1009 22231
1010 22238
1011 22246
1012 22253
1013 22260
1014 22267
1015 22274
1016 22281
1017 22288
1018 22295
1019 22302
1020 22309
1021 22316
1022 22323
1023 22330
1024 22337
1025 22344
1026 22352
1027 22359
1028 22366
1029 22373
1030 22380
1031 22387
1032 22394
1033 22401
1034 22408
1035 22415
1036 22422
1037 22429
1038 22436
1039 22442
1040 22449
1041 22456
1042 22463
1043 22470
1044 22477
1045 22484
1046 22491
1047 22498
1048 22505
1049 22512
1050 22519
1051 22526
1052 22533
1053 22540
1054 22546
1055 22553
1056 22560
1057 22567
1058 22574
1059 22581
1060 22588
1061 22595
1062 22602
1063 22608
1064 22615
1065 22622
1066 22629
1067 22636
1068 22643
1069 22649
1070 22656
1071 22663
1072 22670
1073 22677
1074 22684
1075 22690
1076 22697
1077 22704
1078 22711
1079 22718
1080 22724
1081 22731
1082 22738
1083 22745
1084 22752
1085 22758
1086 22765
1087 22772
1088 22779
1089 22785
1090 22792
1091 22799
1092 22806
1093 22812
1094 22819
1095 22826
1096 22832
1097 22839
1098 22846
1099 22853
1100 22859
1101 22866
1102 22873
1103 22879
1104 22886
1105 22893
1106 22899
1107 22906
1108 22913
1109 22919
1110 22926
1111 22933
1112 22939
1113 22946
1114 22953
1115 22959
1116 22966
1117 22973
1118 22979
1119 22986
1120 22993
1121 22999
1122 23006
1123 23012
1124 23019
1125 23026
1126 23032
1127 23039
1128 23045
1129 23052
1130 23059
1131 23065
1132 23072
1133 23078
1134 23085
1135 23091
1136 23098
1137 23105
1138 23111
1139 23118
1140 23124
1141 23131
1142 23137
1143 23144
1144 23150
1145 23157
1146 23163
1147 23170
1148 23176
1149 23183
1150 23189
1151 23196
1152 23202
1153 23209
1154 23215
1155 23222
1156 23228
1157 23235
1158 23241
1159 23248
1160 23254
1161 23261
1162 23267
1163 23274
1164 23280
1165 23287
1166 23293
1167 23299
1168 23306
1169 23312
1170 23319
1171 23325
1172 23332
1173 23338
1174 23344
1175 23351
1176 23357
1177 23364
1178 23370
1179 23376
1180 23383
1181 23389
1182 23396
1183 23402
1184 23408
1185 23415
1186 23421
1187 23427
1188 23434
1189 23440
1190 23447
1191 23453
1192 23459
1193 23466
1194 23472
1195 23478
1196 23485
1197 23491
1198 23497
1199 23504
1200 23510
1201 23516
1202 23522
1203 23529
1204 23535
1205 23541
1206 23548
1207 23554
1208 23560
1209 23567
1210 23573
1211 23579
1212 23585
1213 23592
1214 23598
1215 23604
1216 23610
1217 23617
1218 23623
1219 23629
1220 23636
1221 23642
1222 23648
1223 23654
1224 23660
1225 23667
1226 23673
1227 23679
1228 23685
1229 23692
1230 23698
1231 23704
1232 23710
1233 23716
1234 23723
1235 23729
1236 23735
1237 23741
1238 23747
1239 23754
1240 23760
1241 23766
1242 23772
1243 23778
1244 23784
1245 23791
1246 23797
1247 23803
1248 23809
1249 23815
1250 23821
1251 23828
1252 23834
1253 23840
1254 23846
1255 23852
1256 23858
1257 23864
1258 23870
1259 23877
1260 23883
1261 23889
1262 23895
1263 23901
1264 23907
1265 23913
1266 23919
1267 23925
1268 23931
1269 23938
1270 23944
1271 23950
1272 23956
1273 23962
1274 23968
1275 23974
1276 23980
1277 23986
1278 23992
1279 23998
1280 24004
1281 24010
1282 24016
1283 24022
1284 24028
1285 24034
1286 24040
1287 24047
1288 24053
1289 24059
1290 24065
1291 24071
1292 24077
1293 24083
1294 24089
1295 24095
1296 24101
1297 24107
1298 24113
1299 24119
1300 24125
1301 24131
1302 24137
1303 24143
1304 24148
1305 24154
1306 24160
1307 24166
1308 24172
1309 24178
1310 24184
1311 24190
1312 24196
1313 24202
1314 24208
1315 24214
1316 24220
1317 24226
1318 24232
1319 24238
1320 24244
1321 24250
1322 24255
1323 24261
1324 24267
1325 24273
1326 24279
1327 24285
1328 24291
1329 24297
1330 24303
1331 24309
1332 24314
1333 24320
1334 24326
1335 24332
1336 24338
1337 24344
1338 24350
1339 24356
1340 24361
1341 24367
1342 24373
1343 24379
1344 24385
1345 24391
1346 24397
1347 24402
1348 24408
1349 24414
1350 24420
1351 24426
1352 24432
1353 24437
1354 24443
1355 24449
1356 24455
1357 24461
1358 24466
1359 24472
1360 24478
1361 24484
1362 24490
1363 24496
1364 24501
1365 24507
1366 24513
1367 24519
1368 24524
1369 24530
1370 24536
1371 24542
1372 24548
1373 24553
1374 24559
1375 24565
1376 24571
1377 24576
1378 24582
1379 24588
1380 24594
1381 24599
1382 24605
1383 24611
1384 24617
1385 24622
1386 24628
1387 24634
1388 24639
1389 24645
1390 24651
1391 24657
1392 24662
1393 24668
1394 24674
1395 24679
1396 24685
1397 24691
1398 24697
1399 24702
1400 24708
1401 24714
1402 24719
1403 24725
1404 24731
1405 24736
1406 24742
1407 24748
1408 24753
1409 24759
1410 24765
1411 24770
1412 24776
1413 24782
1414 24787
1415 24793
1416 24799
1417 24804
1418 24810
1419 24816
1420 24821
1421 24827
1422 24832
1423 24838
1424 24844
1425 24849
1426 24855
1427 24861
1428 24866
1429 24872
1430 24877
1431 24883
1432 24889
1433 24894
1434 24900
1435 24905
1436 24911
1437 24917
1438 24922
1439 24928
1440 24933
1441 24939
1442 24945
1443 24950
1444 24956
1445 24961
1446 24967
1447 24972
1448 24978
1449 24984
1450 24989
1451 24995
1452 25000
1453 25006
1454 25011
1455 25017
1456 25022
1457 25028
1458 25033
1459 25039
1460 25045
1461 25050
1462 25056
1463 25061
1464 25067
1465 25072
1466 25078
1467 25083
1468 25089
1469 25094
1470 25100
1471 25105
1472 25111
1473 25116
1474 25122
1475 25127
1476 25133
1477 25138
1478 25144
1479 25149
1480 25155
1481 25160
1482 25166
1483 25171
1484 25176
1485 25182
1486 25187
1487 25193
1488 25198
1489 25204
1490 25209
1491 25215
1492 25220
1493 25226
1494 25231
1495 25237
1496 25242
1497 25247
1498 25253
1499 25258
1500 25264
1501 25269
1502 25275
1503 25280
1504 25285
1505 25291
1506 25296
1507 25302
1508 25307
1509 25312
1510 25318
1511 25323
1512 25329
1513 25334
1514 25339
1515 25345
1516 25350
1517 25356
1518 25361
1519 25366
1520 25372
1521 25377
1522 25383
1523 25388
1524 25393
1525 25399
1526 25404
1527 25409
1528 25415
1529 25420
1530 25425
1531 25431
1532 25436
1533 25442
1534 25447
1535 25452
1536 25458
1537 25463
1538 25468
1539 25474
1540 25479
1541 25484
1542 25490
1543 25495
1544 25500
1545 25506
1546 25511
1547 25516
1548 25522
1549 25527
1550 25532
1551 25537
1552 25543
1553 25548
1554 25553
1555 25559
1556 25564
1557 25569
1558 25575
1559 25580
1560 25585
1561 25590
1562 25596
1563 25601
1564 25606
1565 25612
1566 25617
1567 25622
1568 25627
1569 25633
1570 25638
1571 25643
1572 25648
1573 25654
1574 25659
1575 25664
1576 25669
1577 25675
1578 25680
1579 25685
1580 25690
1581 25696
1582 25701
1583 25706
1584 25711
1585 25717
1586 25722
1587 25727
1588 25732
1589 25737
1590 25743
1591 25748
1592 25753
1593 25758
1594 25764
1595 25769
1596 25774
1597 25779
1598 25784
1599 25790
1600 25795
1601 25800
1602 25805
1603 25810
1604 25816
1605 25821
1606 25826
1607 25831
1608 25836
1609 25841
1610 25847
1611 25852
1612 25857
1613 25862
1614 25867
1615 25872
1616 25878
1617 25883
1618 25888
1619 25893
1620 25898
1621 25903
1622 25909
1623 25914
1624 25919
1625 25924
1626 25929
1627 25934
1628 25939
1629 25945
1630 25950
1631 25955
1632 25960
1633 25965
1634 25970
1635 25975
1636 25980
1637 25986
1638 25991
1639 25996
1640 26001
1641 26006
1642 26011
1643 26016
1644 26021
1645 26026
1646 26032
1647 26037
1648 26042
1649 26047
1650 26052
1651 26057
1652 26062
1653 26067
1654 26072
1655 26077
1656 26082
1657 26087
1658 26093
1659 26098
1660 26103
1661 26108
1662 26113
1663 26118
1664 26123
1665 26128
1666 26133
1667 26138
1668 26143
1669 26148
1670 26153
1671 26158
1672 26163
1673 26168
1674 26173
1675 26178
1676 26184
1677 26189
1678 26194
1679 26199
1680 26204
1681 26209
1682 26214
1683 26219
1684 26224
1685 26229
1686 26234
1687 26239
1688 26244
1689 26249
1690 26254
1691 26259
1692 26264
1693 26269
1694 26274
1695 26279
1696 26284
1697 26289
1698 26294
1699 26299
1700 26304
1701 26309
1702 26314
1703 26319
1704 26324
1705 26329
1706 26334
1707 26339
1708 26344
1709 26349
1710 26354
1711 26359
1712 26364
1713 26368
1714 26373
1715 26378
1716 26383
1717 26388
1718 26393
1719 26398
1720 26403
1721 26408
1722 26413
1723 26418
1724 26423
1725 26428
1726 26433
1727 26438
1728 26443
1729 26448
1730 26453
1731 26457
1732 26462
1733 26467
1734 26472
1735 26477
1736 26482
1737 26487
1738 26492
1739 26497
1740 26502
1741 26507
1742 26512
1743 26516
1744 26521
1745 26526
1746 26531
1747 26536
1748 26541
1749 26546
1750 26551
1751 26556
1752 26560
1753 26565
1754 26570
1755 26575
1756 26580
1757 26585
1758 26590
1759 26595
1760 26600
1761 26604
1762 26609
1763 26614
1764 26619
1765 26624
1766 26629
1767 26634
1768 26638
1769 26643
1770 26648
1771 26653
1772 26658
1773 26663
1774 26668
1775 26672
1776 26677
1777 26682
1778 26687
1779 26692
1780 26697
1781 26701
1782 26706
1783 26711
1784 26716
1785 26721
1786 26726
1787 26730
1788 26735
1789 26740
1790 26745
1791 26750
1792 26754
1793 26759
1794 26764
1795 26769
1796 26774
1797 26778
1798 26783
1799 26788
1800 26793
1801 26798
1802 26802
1803 26807
1804 26812
1805 26817
1806 26822
1807 26826
1808 26831
1809 26836
1810 26841
1811 26846
1812 26850
1813 26855
1814 26860
1815 26865
1816 26869
1817 26874
1818 26879
1819 26884
1820 26888
1821 26893
1822 26898
1823 26903
1824 26908
1825 26912
1826 26917
1827 26922
1828 26927
1829 26931
1830 26936
1831 26941
1832 26945
1833 26950
1834 26955
1835 26960
1836 26964
1837 26969
1838 26974
1839 26979
1840 26983
1841 26988
1842 26993
1843 26998
1844 27002
1845 27007
1846 27012
1847 27016
1848 27021
1849 27026
1850 27031
1851 27035
1852 27040
1853 27045
1854 27049
1855 27054
1856 27059
1857 27063
1858 27068
1859 27073
1860 27078
1861 27082
1862 27087
1863 27092
1864 27096
1865 27101
1866 27106
1867 27110
1868 27115
1869 27120
1870 27124
1871 27129
1872 27134
1873 27138
1874 27143
1875 27148
1876 27152
1877 27157
1878 27162
1879 27166
1880 27171
1881 27176
1882 27180
1883 27185
1884 27190
1885 27194
1886 27199
1887 27204
1888 27208
1889 27213
1890 27218
1891 27222
1892 27227
1893 27231
1894 27236
1895 27241
1896 27245
1897 27250
1898 27255
1899 27259
1900 27264
1901 27268
1902 27273
1903 27278
1904 27282
1905 27287
1906 27292
1907 27296
1908 27301
1909 27305
1910 27310
1911 27315
1912 27319
1913 27324
1914 27328
1915 27333
1916 27338
1917 27342
1918 27347
1919 27351
1920 27356
1921 27361
1922 27365
1923 27370
1924 27374
1925 27379
1926 27384
1927 27388
1928 27393
1929 27397
1930 27402
1931 27406
1932 27411
1933 27416
1934 27420
1935 27425
1936 27429
1937 27434
1938 27438
1939 27443
1940 27448
1941 27452
1942 27457
1943 27461
1944 27466
1945 27470
1946 27475
1947 27479
1948 27484
1949 27488
1950 27493
1951 27498
1952 27502
1953 27507
1954 27511
1955 27516
1956 27520
1957 27525
1958 27529
1959 27534
1960 27538
1961 27543
1962 27547
1963 27552
1964 27556
1965 27561
1966 27566
1967 27570
1968 27575
1969 27579
1970 27584
1971 27588
1972 27593
1973 27597
1974 27602
1975 27606
1976 27611
1977 27615
1978 27620
1979 27624
1980 27629
1981 27633
1982 27638
1983 27642
1984 27647
1985 27651
1986 27656
1987 27660
1988 27665
1989 27669
1990 27674
1991 27678
1992 27682
1993 27687
1994 27691
1995 27696
1996 27700
1997 27705
1998 27709
1999 27714
2000 27718
