1 1500
2 2536
3 3375
4 4102
5 4754
6 5351
7 5907
8 6428
9 6923
10 7393
11 7844
12 8278
13 8696
14 9100
15 9493
16 9874
17 10245
18 10607
19 10960
20 11306
21 11644
22 11976
23 12301
24 12620
25 12934
26 13242
27 13545
28 13844
29 14138
30 14428
31 14713
32 14995
33 15273
34 15548
35 15819
36 16087
37 16352
38 16614
39 16873
40 17129
41 17383
42 17634
43 17882
44 18128
45 18372
46 18613
47 18852
48 19089
49 19324
50 19557
51 19788
52 20017
53 20245
54 20470
55 20694
56 20916
57 21136
58 21355
59 21572
60 21788
61 22002
62 22215
63 22426
64 22636
65 22844
66 23051
67 23257
68 23462
69 23665
70 23867
71 24068
72 24267
73 24466
74 24663
75 24859
76 25055
77 25249
78 25442
79 25634
80 25825
81 26015
82 26204
83 26392
84 26579
85 26765
86 26950
87 27135
88 27318
89 27501
90 27682
91 27863
92 28043
93 28223
94 28401
95 28579
96 28756
97 28932
98 29107
99 29282
100 29456
101 29629
102 29801
103 29973
104 30144
105 30314
106 30484
107 30653
108 30821
109 30989
110 31156
111 31323
112 31488
113 31654
114 31818
115 31982
116 32145
117 32308
118 32470
119 32632
120 32793
121 32954
122 33114
123 33273
124 33432
125 33590
126 33748
127 33905
128 34062
129 34218
130 34374
131 34529
132 34684
133 34839
134 34992
135 35146
136 35298
137 35451
138 35603
139 35754
140 35905
141 36056
142 36206
143 36356
144 36505
145 36654
146 36802
147 36950
148 37097
149 37245
150 37391
151 37538
152 37683
153 37829
154 37974
155 38119
156 38263
157 38407
158 38551
159 38694
160 38836
161 38979
162 39121
163 39263
164 39404
165 39545
166 39686
167 39826
168 39966
169 40105
170 40245
171 40383
172 40522
173 40660
174 40798
175 40936
176 41073
177 41210
178 41346
179 41483
180 41619
181 41754
182 41889
183 42024
184 42159
185 42294
186 42428
187 42561
188 42695
189 42828
190 42961
191 43094
192 43226
193 43358
194 43490
195 43621
196 43752
197 43883
198 44014
199 44144
200 44274
201 44404
202 44534
203 44663
204 44792
205 44921
206 45049
207 45177
208 45305
209 45433
210 45561
211 45688
212 45815
213 45942
214 46068
215 46194
216 46320
217 46446
218 46571
219 46697
220 46822
221 46946
222 47071
223 47195
224 47319
225 47443
226 47567
227 47690
228 47813
229 47936
230 48059
231 48181
232 48304
233 48426
234 48548
235 48669
236 48791
237 48912
238 49033
239 49154
240 49274
241 49395
242 49515
243 49635
244 49754
245 49874
246 49993
247 50112
248 50231
249 50350
250 50468
251 50587
252 50705
253 50823
254 50941
255 51058
256 51175
257 51293
258 51410
259 51526
260 51643
261 51759
262 51876
263 51992
264 52107
265 52223
266 52339
267 52454
268 52569
269 52684
270 52799
271 52913
272 53028
273 53142
274 53256
275 53370
276 53484
277 53597
278 53711
279 53824
280 53937
281 54050
282 54163
283 54275
284 54388
285 54500
286 54612
287 54724
288 54835
289 54947
290 55058
291 55170
292 55281
293 55392
294 55502
295 55613
296 55724
297 55834
298 55944
299 56054
300 56164
301 56274
302 56383
303 56493
304 56602
305 56711
306 56820
307 56929
308 57037
309 57146
310 57254
311 57362
312 57470
313 57578
314 57686
315 57794
316 57901
317 58009
318 58116
319 58223
320 58330
321 58437
322 58543
323 58650
324 58756
325 58862
326 58968
327 59074
328 59180
329 59286
330 59392
331 59497
332 59602
333 59707
334 59812
335 59917
336 60022
337 60127
338 60231
339 60336
340 60440
341 60544
342 60648
343 60752
344 60856
345 60959
346 61063
347 61166
348 61270
349 61373
350 61476
351 61579
352 61681
353 61784
354 61887
355 61989
356 62091
357 62193
358 62295
359 62397
360 62499
361 62601
362 62702
363 62804
364 62905
365 63007
366 63108
367 63209
368 63310
369 63410
370 63511
371 63611
372 63712
373 63812
374 63912
375 64013
376 64113
377 64212
378 64312
379 64412
380 64511
381 64611
382 64710
383 64809
384 64908
385 65007
386 65106
387 65205
388 65304
389 65402
390 65501
391 65599
392 65698
393 65796
394 65894
395 65992
396 66090
397 66187
398 66285
399 66383
400 66480
401 66577
402 66675
403 66772
404 66869
405 66966
406 67062
407 67159
408 67256
409 67352
410 67449
411 67545
412 67641
413 67738
414 67834
415 67930
416 68026
417 68121
418 68217
419 68313
420 68408
421 68503
422 68599
423 68694
424 68789
425 68884
426 68979
427 69074
428 69169
429 69263
430 69358
431 69452
432 69547
433 69641
434 69735
435 69829
436 69923
437 70017
438 70111
439 70205
440 70298
441 70392
442 70485
443 70579
444 70672
445 70765
446 70858
447 70951
448 71044
449 71137
450 71230
451 71323
452 71415
453 71508
454 71600
455 71693
456 71785
457 71877
458 71969
459 72061
460 72153
461 72245
462 72337
463 72428
464 72520
465 72612
466 72703
467 72794
468 72886
469 72977
470 73068
471 73159
472 73250
473 73341
474 73432
475 73522
476 73613
477 73704
478 73794
479 73884
480 73975
481 74065
482 74155
483 74245
484 74335
485 74425
486 74515
487 74605
488 74695
489 74784
490 74874
491 74963
492 75053
493 75142
494 75231
495 75320
496 75409
497 75498
498 75587
499 75676
500 75765
501 75854
502 75942
503 76031
504 76120
505 76208
506 76296
507 76385
508 76473
509 76561
510 76649
511 76737
512 76825
513 76913
514 77001
515 77088
516 77176
517 77264
518 77351
519 77438
520 77526
521 77613
522 77700
523 77788
524 77875
525 77962
526 78049
527 78135
528 78222
529 78309
530 78396
531 78482
532 78569
533 78655
534 78742
535 78828
536 78914
537 79001
538 79087
539 79173
540 79259
541 79345
542 79431
543 79516
544 79602
545 79688
546 79773
547 79859
548 79944
549 80030
550 80115
551 80200
552 80286
553 80371
554 80456
555 80541
556 80626
557 80711
558 80796
559 80880
560 80965
561 81050
562 81134
563 81219
564 81303
565 81388
566 81472
567 81556
568 81641
569 81725
570 81809
571 81893
572 81977
573 82061
574 82145
575 82228
576 82312
577 82396
578 82479
579 82563
580 82646
581 82730
582 82813
583 82896
584 82980
585 83063
586 83146
587 83229
588 83312
589 83395
590 83478
591 83561
592 83644
593 83726
594 83809
595 83892
596 83974
597 84057
598 84139
599 84221
600 84304
601 84386
602 84468
603 84550
604 84632
605 84714
606 84796
607 84878
608 84960
609 85042
610 85124
611 85205
612 85287
613 85369
614 85450
615 85532
616 85613
617 85694
618 85776
619 85857
620 85938
621 86019
622 86100
623 86182
624 86263
625 86343
626 86424
627 86505
628 86586
629 86667
630 86747
631 86828
632 86908
633 86989
634 87069
635 87150
636 87230
637 87310
638 87391
639 87471
640 87551
641 87631
642 87711
643 87791
644 87871
645 87951
646 88031
647 88111
648 88190
649 88270
650 88350
651 88429
652 88509
653 88588
654 88667
655 88747
656 88826
657 88905
658 88985
659 89064
660 89143
661 89222
662 89301
663 89380
664 89459
665 89538
666 89617
667 89695
668 89774
669 89853
670 89931
671 90010
672 90089
673 90167
674 90245
675 90324
676 90402
677 90480
678 90559
679 90637
680 90715
681 90793
682 90871
683 90949
684 91027
685 91105
686 91183
687 91261
688 91338
689 91416
690 91494
691 91571
692 91649
693 91727
694 91804
695 91881
696 91959
697 92036
698 92113
699 92191
700 92268
701 92345
702 92422
703 92499
704 92576
705 92653
706 92730
707 92807
708 92884
709 92961
710 93037
711 93114
712 93191
713 93267
714 93344
715 93421
716 93497
717 93573
718 93650
719 93726
720 93803
721 93879
722 93955
723 94031
724 94107
725 94183
726 94259
727 94335
728 94411
729 94487
730 94563
731 94639
732 94715
733 94791
734 94866
735 94942
736 95017
737 95093
738 95169
739 95244
740 95320
741 95395
742 95470
743 95546
744 95621
745 95696
746 95771
747 95846
748 95922
749 95997
750 96072
751 96147
752 96222
753 96296
754 96371
755 96446
756 96521
757 96596
758 96670
759 96745
760 96820
761 96894
762 96969
763 97043
764 97118
765 97192
766 97266
767 97341
768 97415
769 97489
770 97563
771 97638
772 97712
773 97786
774 97860
775 97934
776 98008
777 98082
778 98156
779 98230
780 98303
781 98377
782 98451
783 98525
784 98598
785 98672
786 98745
787 98819
788 98892
789 98966
790 99039
791 99113
792 99186
793 99259
794 99333
795 99406
796 99479
797 99552
798 99625
799 99698
800 99771
801 99844
802 99917
803 99990
804 100063
805 100136
806 100209
807 100282
808 100354
809 100427
810 100500
811 100572
812 100645
813 100717
814 100790
815 100862
816 100935
817 101007
818 101080
819 101152
820 101224
821 101296
822 101369
823 101441
824 101513
825 101585
826 101657
827 101729
828 101801
829 101873
830 101945
831 102017
832 102089
833 102161
834 102232
835 102304
836 102376
837 102448
838 102519
839 102591
840 102662
841 102734
842 102805
843 102877
844 102948
845 103020
846 103091
847 103162
848 103234
849 103305
850 103376
851 103447
852 103518
853 103590
854 103661
855 103732
856 103803
857 103874
858 103945
859 104016
860 104086
861 104157
862 104228
863 104299
864 104370
865 104440
866 104511
867 104582
868 104652
869 104723
870 104793
871 104864
872 104934
873 105005
874 105075
875 105145
876 105216
877 105286
878 105356
879 105427
880 105497
881 105567
882 105637
883 105707
884 105777
885 105847
886 105917
887 105987
888 106057
889 106127
890 106197
891 106267
892 106337
893 106406
894 106476
895 106546
896 106616
897 106685
898 106755
899 106824
900 106894
901 106963
902 107033
903 107102
904 107172
905 107241
906 107311
907 107380
908 107449
909 107518
910 107588
911 107657
912 107726
913 107795
914 107864
915 107933
916 108002
917 108071
918 108140
919 108209
920 108278
921 108347
922 108416
923 108485
924 108554
925 108622
926 108691
927 108760
928 108828
929 108897
930 108966
931 109034
932 109103
933 109171
934 109240
935 109308
936 109377
937 109445
938 109513
939 109582
940 109650
941 109718
942 109787
943 109855
944 109923
945 109991
946 110059
947 110127
948 110195
949 110263
950 110331
951 110399
952 110467
953 110535
954 110603
955 110671
956 110739
957 110807
958 110874
959 110942
960 111010
961 111077
962 111145
963 111213
964 111280
965 111348
966 111415
967 111483
968 111550
969 111618
970 111685
971 111753
972 111820
973 111887
974 111955
975 112022
976 112089
977 112156
978 112224
979 112291
980 112358
981 112425
982 112492
983 112559
984 112626
985 112693
986 112760
987 112827
988 112894
989 112961
990 113028
991 113094
992 113161
993 113228
994 113295
995 113361
996 113428
997 113495
998 113561
999 113628
1000 113694
1001 113761
1002 113827
1003 113894
1004 113960
1005 114027
1006 114093
1007 114160
1008 114226
1009 114292
1010 114359
1011 114425
1012 114491
1013 114557
1014 114624
1015 114690
1016 114756
1017 114822
1018 114888
1019 114954
1020 115020
1021 115086
1022 115152
1023 115218
1024 115284
1025 115350
1026 115416
1027 115481
1028 115547
1029 115613
1030 115679
1031 115745
1032 115810
1033 115876
1034 115942
1035 116007
1036 116073
1037 116138
1038 116204
1039 116269
1040 116335
1041 116400
1042 116466
1043 116531
1044 116597
1045 116662
1046 116727
1047 116793
1048 116858
1049 116923
1050 116988
1051 117054
1052 117119
1053 117184
1054 117249
1055 117314
1056 117379
1057 117444
1058 117509
1059 117574
1060 117639
1061 117704
1062 117769
1063 117834
1064 117899
1065 117964
1066 118029
1067 118093
1068 118158
1069 118223
1070 118288
1071 118352
1072 118417
1073 118482
1074 118546
1075 118611
1076 118675
1077 118740
1078 118805
1079 118869
1080 118933
1081 118998
1082 119062
1083 119127
1084 119191
1085 119255
1086 119320
1087 119384
1088 119448
1089 119513
1090 119577
1091 119641
1092 119705
1093 119769
1094 119834
1095 119898
1096 119962
1097 120026
1098 120090
1099 120154
1100 120218
1101 120282
1102 120346
1103 120410
1104 120473
1105 120537
1106 120601
1107 120665
1108 120729
1109 120793
1110 120856
1111 120920
1112 120984
1113 121047
1114 121111
1115 121175
1116 121238
1117 121302
1118 121365
1119 121429
1120 121492
1121 121556
1122 121619
1123 121683
1124 121746
1125 121810
1126 121873
1127 121936
1128 122000
1129 122063
1130 122126
1131 122189
1132 122253
1133 122316
1134 122379
1135 122442
1136 122505
1137 122568
1138 122632
1139 122695
1140 122758
1141 122821
1142 122884
1143 122947
1144 123010
1145 123072
1146 123135
1147 123198
1148 123261
1149 123324
1150 123387
1151 123450
1152 123512
1153 123575
1154 123638
1155 123700
1156 123763
1157 123826
1158 123888
1159 123951
1160 124014
1161 124076
1162 124139
1163 124201
1164 124264
1165 124326
1166 124389
1167 124451
1168 124514
1169 124576
1170 124638
1171 124701
1172 124763
1173 124825
1174 124888
1175 124950
1176 125012
1177 125074
1178 125136
1179 125199
1180 125261
1181 125323
1182 125385
1183 125447
1184 125509
1185 125571
1186 125633
1187 125695
1188 125757
1189 125819
1190 125881
1191 125943
1192 126005
1193 126067
1194 126128
1195 126190
1196 126252
1197 126314
1198 126376
1199 126437
1200 126499
1201 126561
1202 126622
1203 126684
1204 126746
1205 126807
1206 126869
1207 126930
1208 126992
1209 127053
1210 127115
1211 127176
1212 127238
1213 127299
1214 127361
1215 127422
1216 127484
1217 127545
1218 127606
1219 127667
1220 127729
1221 127790
1222 127851
1223 127913
1224 127974
1225 128035
1226 128096
1227 128157
1228 128218
1229 128279
1230 128341
1231 128402
1232 128463
1233 128524
1234 128585
1235 128646
1236 128707
1237 128768
1238 128828
1239 128889
1240 128950
1241 129011
1242 129072
1243 129133
1244 129194
1245 129254
1246 129315
1247 129376
1248 129436
1249 129497
1250 129558
1251 129619
1252 129679
1253 129740
1254 129800
1255 129861
1256 129921
1257 129982
1258 130043
1259 130103
1260 130163
1261 130224
1262 130284
1263 130345
1264 130405
1265 130466
1266 130526
1267 130586
1268 130647
1269 130707
1270 130767
1271 130827
1272 130888
1273 130948
1274 131008
1275 131068
1276 131128
1277 131188
1278 131249
1279 131309
1280 131369
1281 131429
1282 131489
1283 131549
1284 131609
1285 131669
1286 131729
1287 131789
1288 131849
1289 131909
1290 131969
1291 132028
1292 132088
1293 132148
1294 132208
1295 132268
1296 132327
1297 132387
1298 132447
1299 132507
1300 132566
1301 132626
1302 132686
1303 132745
1304 132805
1305 132864
1306 132924
1307 132984
1308 133043
1309 133103
1310 133162
1311 133222
1312 133281
1313 133341
1314 133400
1315 133459
1316 133519
1317 133578
1318 133638
1319 133697
1320 133756
1321 133815
1322 133875
1323 133934
1324 133993
1325 134052
1326 134112
1327 134171
1328 134230
1329 134289
1330 134348
1331 134407
1332 134467
1333 134526
1334 134585
1335 134644
1336 134703
1337 134762
1338 134821
1339 134880
1340 134939
1341 134998
1342 135056
1343 135115
1344 135174
1345 135233
1346 135292
1347 135351
1348 135410
1349 135468
1350 135527
1351 135586
1352 135645
1353 135703
1354 135762
1355 135821
1356 135879
1357 135938
1358 135997
1359 136055
1360 136114
1361 136172
1362 136231
1363 136289
1364 136348
1365 136406
1366 136465
1367 136523
1368 136582
1369 136640
1370 136699
1371 136757
1372 136815
1373 136874
1374 136932
1375 136990
1376 137049
1377 137107
1378 137165
1379 137223
1380 137282
1381 137340
1382 137398
1383 137456
1384 137514
1385 137573
1386 137631
1387 137689
1388 137747
1389 137805
1390 137863
1391 137921
1392 137979
1393 138037
1394 138095
1395 138153
1396 138211
1397 138269
1398 138327
1399 138385
1400 138443
1401 138500
1402 138558
1403 138616
1404 138674
1405 138732
1406 138790
1407 138847
1408 138905
1409 138963
1410 139021
1411 139078
1412 139136
1413 139194
1414 139251
1415 139309
1416 139366
1417 139424
1418 139482
1419 139539
1420 139597
1421 139654
1422 139712
1423 139769
1424 139827
1425 139884
1426 139942
1427 139999
1428 140056
1429 140114
1430 140171
1431 140229
1432 140286
1433 140343
1434 140401
1435 140458
1436 140515
1437 140572
1438 140630
1439 140687
1440 140744
1441 140801
1442 140858
1443 140916
1444 140973
1445 141030
1446 141087
1447 141144
1448 141201
1449 141258
1450 141315
1451 141372
1452 141429
1453 141486
1454 141543
1455 141600
1456 141657
1457 141714
1458 141771
1459 141828
1460 141885
1461 141942
1462 141999
1463 142055
1464 142112
1465 142169
1466 142226
1467 142283
1468 142339
1469 142396
1470 142453
1471 142509
1472 142566
1473 142623
1474 142679
1475 142736
1476 142793
1477 142849
1478 142906
1479 142963
1480 143019
1481 143076
1482 143132
1483 143189
1484 143245
1485 143302
1486 143358
1487 143415
1488 143471
1489 143527
1490 143584
1491 143640
1492 143697
1493 143753
1494 143809
1495 143866
1496 143922
1497 143978
1498 144035
1499 144091
1500 144147
1501 144203
1502 144259
1503 144316
1504 144372
1505 144428
1506 144484
1507 144540
1508 144596
1509 144653
1510 144709
1511 144765
1512 144821
1513 144877
1514 144933
1515 144989
1516 145045
1517 145101
1518 145157
1519 145213
1520 145269
1521 145325
1522 145381
1523 145436
1524 145492
1525 145548
1526 145604
1527 145660
1528 145716
1529 145771
1530 145827
1531 145883
1532 145939
1533 145995
1534 146050
1535 146106
1536 146162
1537 146217
1538 146273
1539 146329
1540 146384
1541 146440
1542 146496
1543 146551
1544 146607
1545 146662
1546 146718
1547 146773
1548 146829
1549 146884
1550 146940
1551 146995
1552 147051
1553 147106
1554 147162
1555 147217
1556 147272
1557 147328
1558 147383
1559 147439
1560 147494
1561 147549
1562 147605
1563 147660
1564 147715
1565 147770
1566 147826
1567 147881
1568 147936
1569 147991
1570 148046
1571 148102
1572 148157
1573 148212
1574 148267
1575 148322
1576 148377
1577 148432
1578 148488
1579 148543
1580 148598
1581 148653
1582 148708
1583 148763
1584 148818
1585 148873
1586 148928
1587 148983
1588 149037
1589 149092
1590 149147
1591 149202
1592 149257
1593 149312
1594 149367
1595 149422
1596 149476
1597 149531
1598 149586
1599 149641
1600 149696
1601 149750
1602 149805
1603 149860
1604 149914
1605 149969
1606 150024
1607 150078
1608 150133
1609 150188
1610 150242
1611 150297
1612 150352
1613 150406
1614 150461
1615 150515
1616 150570
1617 150624
1618 150679
1619 150733
1620 150788
1621 150842
1622 150897
1623 150951
1624 151006
1625 151060
1626 151114
1627 151169
1628 151223
1629 151277
1630 151332
1631 151386
1632 151440
1633 151495
1634 151549
1635 151603
1636 151658
1637 151712
1638 151766
1639 151820
1640 151874
1641 151929
1642 151983
1643 152037
1644 152091
1645 152145
1646 152199
1647 152253
1648 152308
1649 152362
1650 152416
1651 152470
1652 152524
1653 152578
1654 152632
1655 152686
1656 152740
1657 152794
1658 152848
1659 152902
1660 152956
1661 153010
1662 153063
1663 153117
1664 153171
1665 153225
1666 153279
1667 153333
1668 153387
1669 153440
1670 153494
1671 153548
1672 153602
1673 153655
1674 153709
1675 153763
1676 153817
1677 153870
1678 153924
1679 153978
1680 154031
1681 154085
1682 154139
1683 154192
1684 154246
1685 154299
1686 154353
1687 154407
1688 154460
1689 154514
1690 154567
1691 154621
1692 154674
1693 154728
1694 154781
1695 154835
1696 154888
1697 154942
1698 154995
1699 155048
1700 155102
1701 155155
1702 155209
1703 155262
1704 155315
1705 155369
1706 155422
1707 155475
1708 155529
1709 155582
1710 155635
1711 155688
1712 155742
1713 155795
1714 155848
1715 155901
1716 155954
1717 156008
1718 156061
1719 156114
1720 156167
1721 156220
1722 156273
1723 156326
1724 156379
1725 156433
1726 156486
1727 156539
1728 156592
1729 156645
1730 156698
1731 156751
1732 156804
1733 156857
1734 156910
1735 156963
1736 157016
1737 157068
1738 157121
1739 157174
1740 157227
1741 157280
1742 157333
1743 157386
1744 157439
1745 157491
1746 157544
1747 157597
1748 157650
1749 157703
1750 157755
1751 157808
1752 157861
1753 157914
1754 157966
1755 158019
1756 158072
1757 158124
1758 158177
1759 158230
1760 158282
1761 158335
1762 158387
1763 158440
1764 158493
1765 158545
1766 158598
1767 158650
1768 158703
1769 158755
1770 158808
1771 158860
1772 158913
1773 158965
1774 159018
1775 159070
1776 159123
1777 159175
1778 159228
1779 159280
1780 159332
1781 159385
1782 159437
1783 159489
1784 159542
1785 159594
1786 159646
1787 159699
1788 159751
1789 159803
1790 159856
1791 159908
1792 159960
1793 160012
1794 160064
1795 160117
1796 160169
1797 160221
1798 160273
1799 160325
1800 160378
1801 160430
1802 160482
1803 160534
1804 160586
1805 160638
1806 160690
1807 160742
1808 160794
1809 160846
1810 160898
1811 160950
1812 161002
1813 161054
1814 161106
1815 161158
1816 161210
1817 161262
1818 161314
1819 161366
1820 161418
1821 161470
1822 161522
1823 161574
1824 161625
1825 161677
1826 161729
1827 161781
1828 161833
1829 161885
1830 161936
1831 161988
1832 162040
1833 162092
1834 162143
1835 162195
1836 162247
1837 162299
1838 162350
1839 162402
1840 162454
1841 162505
1842 162557
1843 162609
1844 162660
1845 162712
1846 162763
1847 162815
1848 162867
1849 162918
1850 162970
1851 163021
1852 163073
1853 163124
1854 163176
1855 163227
1856 163279
1857 163330
1858 163382
1859 163433
1860 163485
1861 163536
1862 163587
1863 163639
1864 163690
1865 163742
1866 163793
1867 163844
1868 163896
1869 163947
1870 163998
1871 164050
1872 164101
1873 164152
1874 164204
1875 164255
1876 164306
1877 164357
1878 164409
1879 164460
1880 164511
1881 164562
1882 164613
1883 164665
1884 164716
1885 164767
1886 164818
1887 164869
1888 164920
1889 164971
1890 165023
1891 165074
1892 165125
1893 165176
1894 165227
1895 165278
1896 165329
1897 165380
1898 165431
1899 165482
1900 165533
1901 165584
1902 165635
1903 165686
1904 165737
1905 165788
1906 165839
1907 165890
1908 165940
1909 165991
1910 166042
1911 166093
1912 166144
1913 166195
1914 166246
1915 166296
1916 166347
1917 166398
1918 166449
1919 166500
1920 166550
1921 166601
1922 166652
1923 166703
1924 166753
1925 166804
1926 166855
1927 166905
1928 166956
1929 167007
1930 167057
1931 167108
1932 167159
1933 167209
1934 167260
1935 167311
1936 167361
1937 167412
1938 167462
1939 167513
1940 167563
1941 167614
1942 167664
1943 167715
1944 167765
1945 167816
1946 167866
1947 167917
1948 167967
1949 168018
1950 168068
1951 168119
1952 168169
1953 168220
1954 168270
1955 168320
1956 168371
1957 168421
1958 168471
1959 168522
1960 168572
1961 168622
1962 168673
1963 168723
1964 168773
1965 168824
1966 168874
1967 168924
1968 168974
1969 169025
1970 169075
1971 169125
1972 169175
1973 169225
1974 169276
1975 169326
1976 169376
1977 169426
1978 169476
1979 169526
1980 169577
1981 169627
1982 169677
1983 169727
1984 169777
1985 169827
1986 169877
1987 169927
1988 169977
1989 170027
1990 170077
1991 170127
1992 170177
1993 170227
1994 170277
1995 170327
1996 170377
1997 170427
1998 170477
1999 170527
2000 170577
