1 1500
2 3000
3 4500
4 6000
5 7500
6 9000
7 10500
8 12000
9 13500
10 15000
11 16500
12 18000
13 19500
14 21000
15 22500
16 24000
17 25500
18 27000
19 28500
20 30000
21 31500
22 33000
23 34500
24 36000
25 37500
26 39000
27 40500
28 42000
29 43500
30 45000
31 46500
32 48000
33 49500
34 51000
35 52500
36 54000
37 55500
38 57000
39 58500
40 60000
41 61500
42 63000
43 64500
44 66000
45 67500
46 69000
47 70500
48 72000
49 73500
50 75000
51 76500
52 78000
53 79500
54 81000
55 82500
56 84000
57 85500
58 87000
59 88500
60 90000
61 91500
62 93000
63 94500
64 96000
65 97500
66 99000
67 100500
68 102000
69 103500
70 105000
71 106500
72 108000
73 109500
74 111000
75 112500
76 114000
77 115500
78 117000
79 118500
80 120000
81 121500
82 123000
83 124500
84 126000
85 127500
86 129000
87 130500
88 132000
89 133500
90 135000
91 136500
92 138000
93 139500
94 141000
95 142500
96 144000
97 145500
98 147000
99 148500
100 150000
101 151500
102 153000
103 154500
104 156000
105 157500
106 159000
107 160500
108 162000
109 163500
110 165000
111 166500
112 168000
113 169500
114 171000
115 172500
116 174000
117 175500
118 177000
119 178500
120 180000
121 181500
122 183000
123 184500
124 186000
125 187500
126 189000
127 190500
128 192000
129 193500
130 195000
131 196500
132 198000
133 199500
134 201000
135 202500
136 204000
137 205500
138 207000
139 208500
140 210000
141 211500
142 213000
143 214500
144 216000
145 217500
146 219000
147 220500
148 222000
149 223500
150 225000
151 226500
152 228000
153 229500
154 231000
155 232500
156 234000
157 235500
158 237000
159 238500
160 240000
161 241500
162 243000
163 244500
164 246000
165 247500
166 249000
167 250500
168 252000
169 253500
170 255000
171 256500
172 258000
173 259500
174 261000
175 262500
176 264000
177 265500
178 267000
179 268500
180 270000
181 271500
182 273000
183 274500
184 276000
185 277500
186 279000
187 280500
188 282000
189 283500
190 285000
191 286500
192 288000
193 289500
194 291000
195 292500
196 294000
197 295500
198 297000
199 298500
200 300000
201 301500
202 303000
203 304500
204 306000
205 307500
206 309000
207 310500
208 312000
209 313500
210 315000
211 316500
212 318000
213 319500
214 321000
215 322500
216 324000
217 325500
218 327000
219 328500
220 330000
221 331500
222 333000
223 334500
224 336000
225 337500
226 339000
227 340500
228 342000
229 343500
230 345000
231 346500
232 348000
233 349500
234 351000
235 352500
236 354000
237 355500
238 357000
239 358500
240 360000
241 361500
242 363000
243 364500
244 366000
245 367500
246 369000
247 370500
248 372000
249 373500
250 375000
251 376500
252 378000
253 379500
254 381000
255 382500
256 384000
257 385500
258 387000
259 388500
260 390000
261 391500
262 393000
263 394500
264 396000
265 397500
266 399000
267 400500
268 402000
269 403500
270 405000
271 406500
272 408000
273 409500
274 411000
275 412500
276 414000
277 415500
278 417000
279 418500
280 420000
281 421500
282 423000
283 424500
284 426000
285 427500
286 429000
287 430500
288 432000
289 433500
290 435000
291 436500
292 438000
293 439500
294 441000
295 442500
296 444000
297 445500
298 447000
299 448500
300 450000
301 451500
302 453000
303 454500
304 456000
305 457500
306 459000
307 460500
308 462000
309 463500
310 465000
311 466500
312 468000
313 469500
314 471000
315 472500
316 474000
317 475500
318 477000
319 478500
320 480000
321 481500
322 483000
323 484500
324 486000
325 487500
326 489000
327 490500
328 492000
329 493500
330 495000
331 496500
332 498000
333 499500
334 501000
335 502500
336 504000
337 505500
338 507000
339 508500
340 510000
341 511500
342 513000
343 514500
344 516000
345 517500
346 519000
347 520500
348 522000
349 523500
350 525000
351 526500
352 528000
353 529500
354 531000
355 532500
356 534000
357 535500
358 537000
359 538500
360 540000
361 541500
362 543000
363 544500
364 546000
365 547500
366 549000
367 550500
368 552000
369 553500
370 555000
371 556500
372 558000
373 559500
374 561000
375 562500
376 564000
377 565500
378 567000
379 568500
380 570000
381 571500
382 573000
383 574500
384 576000
385 577500
386 579000
387 580500
388 582000
389 583500
390 585000
391 586500
392 588000
393 589500
394 591000
395 592500
396 594000
397 595500
398 597000
399 598500
400 600000
401 601500
402 603000
403 604500
404 606000
405 607500
406 609000
407 610500
408 612000
409 613500
410 615000
411 616500
412 618000
413 619500
414 621000
415 622500
416 624000
417 625500
418 627000
419 628500
420 630000
421 631500
422 633000
423 634500
424 636000
425 637500
426 639000
427 640500
428 642000
429 643500
430 645000
431 646500
432 648000
433 649500
434 651000
435 652500
436 654000
437 655500
438 657000
439 658500
440 660000
441 661500
442 663000
443 664500
444 666000
445 667500
446 669000
447 670500
448 672000
449 673500
450 675000
451 676500
452 678000
453 679500
454 681000
455 682500
456 684000
457 685500
458 687000
459 688500
460 690000
461 691500
462 693000
463 694500
464 696000
465 697500
466 699000
467 700500
468 702000
469 703500
470 705000
471 706500
472 708000
473 709500
474 711000
475 712500
476 714000
477 715500
478 717000
479 718500
480 720000
481 721500
482 723000
483 724500
484 726000
485 727500
486 729000
487 730500
488 732000
489 733500
490 735000
491 736500
492 738000
493 739500
494 741000
495 742500
496 744000
497 745500
498 747000
499 748500
500 750000
501 751500
502 753000
503 754500
504 756000
505 757500
506 759000
507 760500
508 762000
509 763500
510 765000
511 766500
512 768000
513 769500
514 771000
515 772500
516 774000
517 775500
518 777000
519 778500
520 780000
521 781500
522 783000
523 784500
524 786000
525 787500
526 789000
527 790500
528 792000
529 793500
530 795000
531 796500
532 798000
533 799500
534 801000
535 802500
536 804000
537 805500
538 807000
539 808500
540 810000
541 811500
542 813000
543 814500
544 816000
545 817500
546 819000
547 820500
548 822000
549 823500
550 825000
551 826500
552 828000
553 829500
554 831000
555 832500
556 834000
557 835500
558 837000
559 838500
560 840000
561 841500
562 843000
563 844500
564 846000
565 847500
566 849000
567 850500
568 852000
569 853500
570 855000
571 856500
572 858000
573 859500
574 861000
575 862500
576 864000
577 865500
578 867000
579 868500
580 870000
581 871500
582 873000
583 874500
584 876000
585 877500
586 879000
587 880500
588 882000
589 883500
590 885000
591 886500
592 888000
593 889500
594 891000
595 892500
596 894000
597 895500
598 897000
599 898500
600 900000
601 901500
602 903000
603 904500
604 906000
605 907500
606 909000
607 910500
608 912000
609 913500
610 915000
611 916500
612 918000
613 919500
614 921000
615 922500
616 924000
617 925500
618 927000
619 928500
620 930000
621 931500
622 933000
623 934500
624 936000
625 937500
626 939000
627 940500
628 942000
629 943500
630 945000
631 946500
632 948000
633 949500
634 951000
635 952500
636 954000
637 955500
638 957000
639 958500
640 960000
641 961500
642 963000
643 964500
644 966000
645 967500
646 969000
647 970500
648 972000
649 973500
650 975000
651 976500
652 978000
653 979500
654 981000
655 982500
656 984000
657 985500
658 987000
659 988500
660 990000
661 991500
662 993000
663 994500
664 996000
665 997500
666 999000
667 1000500
668 1002000
669 1003500
670 1005000
671 1006500
672 1008000
673 1009500
674 1011000
675 1012500
676 1014000
677 1015500
678 1017000
679 1018500
680 1020000
681 1021500
682 1023000
683 1024500
684 1026000
685 1027500
686 1029000
687 1030500
688 1032000
689 1033500
690 1035000
691 1036500
692 1038000
693 1039500
694 1041000
695 1042500
696 1044000
697 1045500
698 1047000
699 1048500
700 1050000
701 1051500
702 1053000
703 1054500
704 1056000
705 1057500
706 1059000
707 1060500
708 1062000
709 1063500
710 1065000
711 1066500
712 1068000
713 1069500
714 1071000
715 1072500
716 1074000
717 1075500
718 1077000
719 1078500
720 1080000
721 1081500
722 1083000
723 1084500
724 1086000
725 1087500
726 1089000
727 1090500
728 1092000
729 1093500
730 1095000
731 1096500
732 1098000
733 1099500
734 1101000
735 1102500
736 1104000
737 1105500
738 1107000
739 1108500
740 1110000
741 1111500
742 1113000
743 1114500
744 1116000
745 1117500
746 1119000
747 1120500
748 1122000
749 1123500
750 1125000
751 1126500
752 1128000
753 1129500
754 1131000
755 1132500
756 1134000
757 1135500
758 1137000
759 1138500
760 1140000
761 1141500
762 1143000
763 1144500
764 1146000
765 1147500
766 1149000
767 1150500
768 1152000
769 1153500
770 1155000
771 1156500
772 1158000
773 1159500
774 1161000
775 1162500
776 1164000
777 1165500
778 1167000
779 1168500
780 1170000
781 1171500
782 1173000
783 1174500
784 1176000
785 1177500
786 1179000
787 1180500
788 1182000
789 1183500
790 1185000
791 1186500
792 1188000
793 1189500
794 1191000
795 1192500
796 1194000
797 1195500
798 1197000
799 1198500
800 1200000
801 1201500
802 1203000
803 1204500
804 1206000
805 1207500
806 1209000
807 1210500
808 1212000
809 1213500
810 1215000
811 1216500
812 1218000
813 1219500
814 1221000
815 1222500
816 1224000
817 1225500
818 1227000
819 1228500
820 1230000
821 1231500
822 1233000
823 1234500
824 1236000
825 1237500
826 1239000
827 1240500
828 1242000
829 1243500
830 1245000
831 1246500
832 1248000
833 1249500
834 1251000
835 1252500
836 1254000
837 1255500
838 1257000
839 1258500
840 1260000
841 1261500
842 1263000
843 1264500
844 1266000
845 1267500
846 1269000
847 1270500
848 1272000
849 1273500
850 1275000
851 1276500
852 1278000
853 1279500
854 1281000
855 1282500
856 1284000
857 1285500
858 1287000
859 1288500
860 1290000
861 1291500
862 1293000
863 1294500
864 1296000
865 1297500
866 1299000
867 1300500
868 1302000
869 1303500
870 1305000
871 1306500
872 1308000
873 1309500
874 1311000
875 1312500
876 1314000
877 1315500
878 1317000
879 1318500
880 1320000
881 1321500
882 1323000
883 1324500
884 1326000
885 1327500
886 1329000
887 1330500
888 1332000
889 1333500
890 1335000
891 1336500
892 1338000
893 1339500
894 1341000
895 1342500
896 1344000
897 1345500
898 1347000
899 1348500
900 1350000
901 1351500
902 1353000
903 1354500
904 1356000
905 1357500
906 1359000
907 1360500
908 1362000
909 1363500
910 1365000
911 1366500
912 1368000
913 1369500
914 1371000
915 1372500
916 1374000
917 1375500
918 1377000
919 1378500
920 1380000
921 1381500
922 1383000
923 1384500
924 1386000
925 1387500
926 1389000
927 1390500
928 1392000
929 1393500
930 1395000
931 1396500
932 1398000
933 1399500
934 1401000
935 1402500
936 1404000
937 1405500
938 1407000
939 1408500
940 1410000
941 1411500
942 1413000
943 1414500
944 1416000
945 1417500
946 1419000
947 1420500
948 1422000
949 1423500
950 1425000
951 1426500
952 1428000
953 1429500
954 1431000
955 1432500
956 1434000
957 1435500
958 1437000
959 1438500
960 1440000
961 1441500
962 1443000
963 1444500
964 1446000
965 1447500
966 1449000
967 1450500
968 1452000
969 1453500
970 1455000
971 1456500
972 1458000
973 1459500
974 1461000
975 1462500
976 1464000
977 1465500
978 1467000
979 1468500
980 1470000
981 1471500
982 1473000
983 1474500
984 1476000
985 1477500
986 1479000
987 1480500
988 1482000
989 1483500
990 1485000
991 1486500
992 1488000
993 1489500
994 1491000
995 1492500
996 1494000
997 1495500
998 1497000
999 1498500
1000 1500000
1001 1501500
1002 1503000
1003 1504500
1004 1506000
1005 1507500
1006 1509000
1007 1510500
1008 1512000
1009 1513500
1010 1515000
1011 1516500
1012 1518000
1013 1519500
1014 1521000
1015 1522500
1016 1524000
1017 1525500
1018 1527000
1019 1528500
1020 1530000
1021 1531500
1022 1533000
1023 1534500
1024 1536000
1025 1537500
1026 1539000
1027 1540500
1028 1542000
1029 1543500
1030 1545000
1031 1546500
1032 1548000
1033 1549500
1034 1551000
1035 1552500
1036 1554000
1037 1555500
1038 1557000
1039 1558500
1040 1560000
1041 1561500
1042 1563000
1043 1564500
1044 1566000
1045 1567500
1046 1569000
1047 1570500
1048 1572000
1049 1573500
1050 1575000
1051 1576500
1052 1578000
1053 1579500
1054 1581000
1055 1582500
1056 1584000
1057 1585500
1058 1587000
1059 1588500
1060 1590000
1061 1591500
1062 1593000
1063 1594500
1064 1596000
1065 1597500
1066 1599000
1067 1600500
1068 1602000
1069 1603500
1070 1605000
1071 1606500
1072 1608000
1073 1609500
1074 1611000
1075 1612500
1076 1614000
1077 1615500
1078 1617000
1079 1618500
1080 1620000
1081 1621500
1082 1623000
1083 1624500
1084 1626000
1085 1627500
1086 1629000
1087 1630500
1088 1632000
1089 1633500
1090 1635000
1091 1636500
1092 1638000
1093 1639500
1094 1641000
1095 1642500
1096 1644000
1097 1645500
1098 1647000
1099 1648500
1100 1650000
1101 1651500
1102 1653000
1103 1654500
1104 1656000
1105 1657500
1106 1659000
1107 1660500
1108 1662000
1109 1663500
1110 1665000
1111 1666500
1112 1668000
1113 1669500
1114 1671000
1115 1672500
1116 1674000
1117 1675500
1118 1677000
1119 1678500
1120 1680000
1121 1681500
1122 1683000
1123 1684500
1124 1686000
1125 1687500
1126 1689000
1127 1690500
1128 1692000
1129 1693500
1130 1695000
1131 1696500
1132 1698000
1133 1699500
1134 1701000
1135 1702500
1136 1704000
1137 1705500
1138 1707000
1139 1708500
1140 1710000
1141 1711500
1142 1713000
1143 1714500
1144 1716000
1145 1717500
1146 1719000
1147 1720500
1148 1722000
1149 1723500
1150 1725000
1151 1726500
1152 1728000
1153 1729500
1154 1731000
1155 1732500
1156 1734000
1157 1735500
1158 1737000
1159 1738500
1160 1740000
1161 1741500
1162 1743000
1163 1744500
1164 1746000
1165 1747500
1166 1749000
1167 1750500
1168 1752000
1169 1753500
1170 1755000
1171 1756500
1172 1758000
1173 1759500
1174 1761000
1175 1762500
1176 1764000
1177 1765500
1178 1767000
1179 1768500
1180 1770000
1181 1771500
1182 1773000
1183 1774500
1184 1776000
1185 1777500
1186 1779000
1187 1780500
1188 1782000
1189 1783500
1190 1785000
1191 1786500
1192 1788000
1193 1789500
1194 1791000
1195 1792500
1196 1794000
1197 1795500
1198 1797000
1199 1798500
1200 1800000
1201 1801500
1202 1803000
1203 1804500
1204 1806000
1205 1807500
1206 1809000
1207 1810500
1208 1812000
1209 1813500
1210 1815000
1211 1816500
1212 1818000
1213 1819500
1214 1821000
1215 1822500
1216 1824000
1217 1825500
1218 1827000
1219 1828500
1220 1830000
1221 1831500
1222 1833000
1223 1834500
1224 1836000
1225 1837500
1226 1839000
1227 1840500
1228 1842000
1229 1843500
1230 1845000
1231 1846500
1232 1848000
1233 1849500
1234 1851000
1235 1852500
1236 1854000
1237 1855500
1238 1857000
1239 1858500
1240 1860000
1241 1861500
1242 1863000
1243 1864500
1244 1866000
1245 1867500
1246 1869000
1247 1870500
1248 1872000
1249 1873500
1250 1875000
1251 1876500
1252 1878000
1253 1879500
1254 1881000
1255 1882500
1256 1884000
1257 1885500
1258 1887000
1259 1888500
1260 1890000
1261 1891500
1262 1893000
1263 1894500
1264 1896000
1265 1897500
1266 1899000
1267 1900500
1268 1902000
1269 1903500
1270 1905000
1271 1906500
1272 1908000
1273 1909500
1274 1911000
1275 1912500
1276 1914000
1277 1915500
1278 1917000
1279 1918500
1280 1920000
1281 1921500
1282 1923000
1283 1924500
1284 1926000
1285 1927500
1286 1929000
1287 1930500
1288 1932000
1289 1933500
1290 1935000
1291 1936500
1292 1938000
1293 1939500
1294 1941000
1295 1942500
1296 1944000
1297 1945500
1298 1947000
1299 1948500
1300 1950000
1301 1951500
1302 1953000
1303 1954500
1304 1956000
1305 1957500
1306 1959000
1307 1960500
1308 1962000
1309 1963500
1310 1965000
1311 1966500
1312 1968000
1313 1969500
1314 1971000
1315 1972500
1316 1974000
1317 1975500
1318 1977000
1319 1978500
1320 1980000
1321 1981500
1322 1983000
1323 1984500
1324 1986000
1325 1987500
1326 1989000
1327 1990500
1328 1992000
1329 1993500
1330 1995000
1331 1996500
1332 1998000
1333 1999500
1334 2001000
1335 2002500
1336 2004000
1337 2005500
1338 2007000
1339 2008500
1340 2010000
1341 2011500
1342 2013000
1343 2014500
1344 2016000
1345 2017500
1346 2019000
1347 2020500
1348 2022000
1349 2023500
1350 2025000
1351 2026500
1352 2028000
1353 2029500
1354 2031000
1355 2032500
1356 2034000
1357 2035500
1358 2037000
1359 2038500
1360 2040000
1361 2041500
1362 2043000
1363 2044500
1364 2046000
1365 2047500
1366 2049000
1367 2050500
1368 2052000
1369 2053500
1370 2055000
1371 2056500
1372 2058000
1373 2059500
1374 2061000
1375 2062500
1376 2064000
1377 2065500
1378 2067000
1379 2068500
1380 2070000
1381 2071500
1382 2073000
1383 2074500
1384 2076000
1385 2077500
1386 2079000
1387 2080500
1388 2082000
1389 2083500
1390 2085000
1391 2086500
1392 2088000
1393 2089500
1394 2091000
1395 2092500
1396 2094000
1397 2095500
1398 2097000
1399 2098500
1400 2100000
1401 2101500
1402 2103000
1403 2104500
1404 2106000
1405 2107500
1406 2109000
1407 2110500
1408 2112000
1409 2113500
1410 2115000
1411 2116500
1412 2118000
1413 2119500
1414 2121000
1415 2122500
1416 2124000
1417 2125500
1418 2127000
1419 2128500
1420 2130000
1421 2131500
1422 2133000
1423 2134500
1424 2136000
1425 2137500
1426 2139000
1427 2140500
1428 2142000
1429 2143500
1430 2145000
1431 2146500
1432 2148000
1433 2149500
1434 2151000
1435 2152500
1436 2154000
1437 2155500
1438 2157000
1439 2158500
1440 2160000
1441 2161500
1442 2163000
1443 2164500
1444 2166000
1445 2167500
1446 2169000
1447 2170500
1448 2172000
1449 2173500
1450 2175000
1451 2176500
1452 2178000
1453 2179500
1454 2181000
1455 2182500
1456 2184000
1457 2185500
1458 2187000
1459 2188500
1460 2190000
1461 2191500
1462 2193000
1463 2194500
1464 2196000
1465 2197500
1466 2199000
1467 2200500
1468 2202000
1469 2203500
1470 2205000
1471 2206500
1472 2208000
1473 2209500
1474 2211000
1475 2212500
1476 2214000
1477 2215500
1478 2217000
1479 2218500
1480 2220000
1481 2221500
1482 2223000
1483 2224500
1484 2226000
1485 2227500
1486 2229000
1487 2230500
1488 2232000
1489 2233500
1490 2235000
1491 2236500
1492 2238000
1493 2239500
1494 2241000
1495 2242500
1496 2244000
1497 2245500
1498 2247000
1499 2248500
1500 2250000
1501 2251500
1502 2253000
1503 2254500
1504 2256000
1505 2257500
1506 2259000
1507 2260500
1508 2262000
1509 2263500
1510 2265000
1511 2266500
1512 2268000
1513 2269500
1514 2271000
1515 2272500
1516 2274000
1517 2275500
1518 2277000
1519 2278500
1520 2280000
1521 2281500
1522 2283000
1523 2284500
1524 2286000
1525 2287500
1526 2289000
1527 2290500
1528 2292000
1529 2293500
1530 2295000
1531 2296500
1532 2298000
1533 2299500
1534 2301000
1535 2302500
1536 2304000
1537 2305500
1538 2307000
1539 2308500
1540 2310000
1541 2311500
1542 2313000
1543 2314500
1544 2316000
1545 2317500
1546 2319000
1547 2320500
1548 2322000
1549 2323500
1550 2325000
1551 2326500
1552 2328000
1553 2329500
1554 2331000
1555 2332500
1556 2334000
1557 2335500
1558 2337000
1559 2338500
1560 2340000
1561 2341500
1562 2343000
1563 2344500
1564 2346000
1565 2347500
1566 2349000
1567 2350500
1568 2352000
1569 2353500
1570 2355000
1571 2356500
1572 2358000
1573 2359500
1574 2361000
1575 2362500
1576 2364000
1577 2365500
1578 2367000
1579 2368500
1580 2370000
1581 2371500
1582 2373000
1583 2374500
1584 2376000
1585 2377500
1586 2379000
1587 2380500
1588 2382000
1589 2383500
1590 2385000
1591 2386500
1592 2388000
1593 2389500
1594 2391000
1595 2392500
1596 2394000
1597 2395500
1598 2397000
1599 2398500
1600 2400000
1601 2401500
1602 2403000
1603 2404500
1604 2406000
1605 2407500
1606 2409000
1607 2410500
1608 2412000
1609 2413500
1610 2415000
1611 2416500
1612 2418000
1613 2419500
1614 2421000
1615 2422500
1616 2424000
1617 2425500
1618 2427000
1619 2428500
1620 2430000
1621 2431500
1622 2433000
1623 2434500
1624 2436000
1625 2437500
1626 2439000
1627 2440500
1628 2442000
1629 2443500
1630 2445000
1631 2446500
1632 2448000
1633 2449500
1634 2451000
1635 2452500
1636 2454000
1637 2455500
1638 2457000
1639 2458500
1640 2460000
1641 2461500
1642 2463000
1643 2464500
1644 2466000
1645 2467500
1646 2469000
1647 2470500
1648 2472000
1649 2473500
1650 2475000
1651 2476500
1652 2478000
1653 2479500
1654 2481000
1655 2482500
1656 2484000
1657 2485500
1658 2487000
1659 2488500
1660 2490000
1661 2491500
1662 2493000
1663 2494500
1664 2496000
1665 2497500
1666 2499000
1667 2500500
1668 2502000
1669 2503500
1670 2505000
1671 2506500
1672 2508000
1673 2509500
1674 2511000
1675 2512500
1676 2514000
1677 2515500
1678 2517000
1679 2518500
1680 2520000
1681 2521500
1682 2523000
1683 2524500
1684 2526000
1685 2527500
1686 2529000
1687 2530500
1688 2532000
1689 2533500
1690 2535000
1691 2536500
1692 2538000
1693 2539500
1694 2541000
1695 2542500
1696 2544000
1697 2545500
1698 2547000
1699 2548500
1700 2550000
1701 2551500
1702 2553000
1703 2554500
1704 2556000
1705 2557500
1706 2559000
1707 2560500
1708 2562000
1709 2563500
1710 2565000
1711 2566500
1712 2568000
1713 2569500
1714 2571000
1715 2572500
1716 2574000
1717 2575500
1718 2577000
1719 2578500
1720 2580000
1721 2581500
1722 2583000
1723 2584500
1724 2586000
1725 2587500
1726 2589000
1727 2590500
1728 2592000
1729 2593500
1730 2595000
1731 2596500
1732 2598000
1733 2599500
1734 2601000
1735 2602500
1736 2604000
1737 2605500
1738 2607000
1739 2608500
1740 2610000
1741 2611500
1742 2613000
1743 2614500
1744 2616000
1745 2617500
1746 2619000
1747 2620500
1748 2622000
1749 2623500
1750 2625000
1751 2626500
1752 2628000
1753 2629500
1754 2631000
1755 2632500
1756 2634000
1757 2635500
1758 2637000
1759 2638500
1760 2640000
1761 2641500
1762 2643000
1763 2644500
1764 2646000
1765 2647500
1766 2649000
1767 2650500
1768 2652000
1769 2653500
1770 2655000
1771 2656500
1772 2658000
1773 2659500
1774 2661000
1775 2662500
1776 2664000
1777 2665500
1778 2667000
1779 2668500
1780 2670000
1781 2671500
1782 2673000
1783 2674500
1784 2676000
1785 2677500
1786 2679000
1787 2680500
1788 2682000
1789 2683500
1790 2685000
1791 2686500
1792 2688000
1793 2689500
1794 2691000
1795 2692500
1796 2694000
1797 2695500
1798 2697000
1799 2698500
1800 2700000
1801 2701500
1802 2703000
1803 2704500
1804 2706000
1805 2707500
1806 2709000
1807 2710500
1808 2712000
1809 2713500
1810 2715000
1811 2716500
1812 2718000
1813 2719500
1814 2721000
1815 2722500
1816 2724000
1817 2725500
1818 2727000
1819 2728500
1820 2730000
1821 2731500
1822 2733000
1823 2734500
1824 2736000
1825 2737500
1826 2739000
1827 2740500
1828 2742000
1829 2743500
1830 2745000
1831 2746500
1832 2748000
1833 2749500
1834 2751000
1835 2752500
1836 2754000
1837 2755500
1838 2757000
1839 2758500
1840 2760000
1841 2761500
1842 2763000
1843 2764500
1844 2766000
1845 2767500
1846 2769000
1847 2770500
1848 2772000
1849 2773500
1850 2775000
1851 2776500
1852 2778000
1853 2779500
1854 2781000
1855 2782500
1856 2784000
1857 2785500
1858 2787000
1859 2788500
1860 2790000
1861 2791500
1862 2793000
1863 2794500
1864 2796000
1865 2797500
1866 2799000
1867 2800500
1868 2802000
1869 2803500
1870 2805000
1871 2806500
1872 2808000
1873 2809500
1874 2811000
1875 2812500
1876 2814000
1877 2815500
1878 2817000
1879 2818500
1880 2820000
1881 2821500
1882 2823000
1883 2824500
1884 2826000
1885 2827500
1886 2829000
1887 2830500
1888 2832000
1889 2833500
1890 2835000
1891 2836500
1892 2838000
1893 2839500
1894 2841000
1895 2842500
1896 2844000
1897 2845500
1898 2847000
1899 2848500
1900 2850000
1901 2851500
1902 2853000
1903 2854500
1904 2856000
1905 2857500
1906 2859000
1907 2860500
1908 2862000
1909 2863500
1910 2865000
1911 2866500
1912 2868000
1913 2869500
1914 2871000
1915 2872500
1916 2874000
1917 2875500
1918 2877000
1919 2878500
1920 2880000
1921 2881500
1922 2883000
1923 2884500
1924 2886000
1925 2887500
1926 2889000
1927 2890500
1928 2892000
1929 2893500
1930 2895000
1931 2896500
1932 2898000
1933 2899500
1934 2901000
1935 2902500
1936 2904000
1937 2905500
1938 2907000
1939 2908500
1940 2910000
1941 2911500
1942 2913000
1943 2914500
1944 2916000
1945 2917500
1946 2919000
1947 2920500
1948 2922000
1949 2923500
1950 2925000
1951 2926500
1952 2928000
1953 2929500
1954 2931000
1955 2932500
1956 2934000
1957 2935500
1958 2937000
1959 2938500
1960 2940000
1961 2941500
1962 2943000
1963 2944500
1964 2946000
1965 2947500
1966 2949000
1967 2950500
1968 2952000
1969 2953500
1970 2955000
1971 2956500
1972 2958000
1973 2959500
1974 2961000
1975 2962500
1976 2964000
1977 2965500
1978 2967000
1979 2968500
1980 2970000
1981 2971500
1982 2973000
1983 2974500
1984 2976000
1985 2977500
1986 2979000
1987 2980500
1988 2982000
1989 2983500
1990 2985000
1991 2986500
1992 2988000
1993 2989500
1994 2991000
1995 2992500
1996 2994000
1997 2995500
1998 2997000
1999 2998500
2000 3000000
