1 1500
2 2998
3 4491
4 5980
5 7465
6 8944
7 10420
8 11891
9 13357
10 14819
11 16277
12 17730
13 19179
14 20624
15 22064
16 23500
17 24932
18 26359
19 27782
20 29201
21 30616
22 32026
23 33432
24 34834
25 36231
26 37625
27 39014
28 40399
29 41780
30 43157
31 44529
32 45898
33 47262
34 48622
35 49978
36 51331
37 52679
38 54023
39 55362
40 56698
41 58030
42 59358
43 60682
44 62002
45 63318
46 64630
47 65938
48 67242
49 68542
50 69839
51 71131
52 72420
53 73704
54 74985
55 76262
56 77535
57 78805
58 80070
59 81332
60 82590
61 83844
62 85094
63 86341
64 87584
65 88823
66 90058
67 91290
68 92518
69 93742
70 94963
71 96180
72 97393
73 98602
74 99808
75 101011
76 102210
77 103405
78 104596
79 105784
80 106969
81 108150
82 109327
83 110501
84 111671
85 112838
86 114001
87 115161
88 116317
89 117470
90 118619
91 119765
92 120907
93 122046
94 123182
95 124314
96 125443
97 126568
98 127690
99 128809
100 129924
101 131036
102 132144
103 133250
104 134352
105 135450
106 136545
107 137637
108 138726
109 139812
110 140894
111 141973
112 143048
113 144121
114 145190
115 146256
116 147319
117 148379
118 149435
119 150488
120 151538
121 152585
122 153629
123 154670
124 155707
125 156742
126 157773
127 158801
128 159827
129 160849
130 161868
131 162883
132 163896
133 164906
134 165913
135 166917
136 167918
137 168915
138 169910
139 170902
140 171891
141 172876
142 173859
143 174839
144 175816
145 176790
146 177761
147 178729
148 179695
149 180657
150 181616
151 182573
152 183527
153 184478
154 185426
155 186371
156 187313
157 188252
158 189189
159 190123
160 191054
161 191982
162 192908
163 193830
164 194750
165 195667
166 196582
167 197493
168 198402
169 199308
170 200212
171 201112
172 202010
173 202906
174 203798
175 204688
176 205576
177 206460
178 207342
179 208221
180 209098
181 209972
182 210844
183 211712
184 212578
185 213442
186 214303
187 215161
188 216017
189 216870
190 217721
191 218569
192 219415
193 220258
194 221098
195 221936
196 222772
197 223605
198 224435
199 225263
200 226088
201 226911
202 227732
203 228550
204 229365
205 230179
206 230989
207 231798
208 232603
209 233407
210 234208
211 235006
212 235802
213 236596
214 237388
215 238177
216 238963
217 239748
218 240530
219 241309
220 242086
221 242861
222 243634
223 244404
224 245172
225 245938
226 246701
227 247462
228 248221
229 248977
230 249731
231 250483
232 251233
233 251981
234 252726
235 253469
236 254209
237 254948
238 255684
239 256418
240 257150
241 257880
242 258607
243 259332
244 260055
245 260776
246 261495
247 262212
248 262926
249 263638
250 264349
251 265057
252 265762
253 266466
254 267168
255 267867
256 268565
257 269260
258 269954
259 270645
260 271334
261 272021
262 272706
263 273389
264 274070
265 274748
266 275425
267 276100
268 276773
269 277443
270 278112
271 278779
272 279443
273 280106
274 280767
275 281425
276 282082
277 282737
278 283390
279 284040
280 284689
281 285336
282 285981
283 286624
284 287265
285 287904
286 288542
287 289177
288 289810
289 290442
290 291071
291 291699
292 292325
293 292949
294 293571
295 294191
296 294810
297 295426
298 296041
299 296654
300 297265
301 297874
302 298481
303 299086
304 299690
305 300292
306 300892
307 301490
308 302087
309 302681
310 303274
311 303865
312 304454
313 305042
314 305628
315 306212
316 306794
317 307374
318 307953
319 308530
320 309105
321 309679
322 310251
323 310821
324 311389
325 311956
326 312521
327 313084
328 313646
329 314206
330 314764
331 315320
332 315875
333 316429
334 316980
335 317530
336 318078
337 318625
338 319170
339 319713
340 320255
341 320795
342 321333
343 321870
344 322405
345 322939
346 323471
347 324001
348 324530
349 325057
350 325583
351 326107
352 326629
353 327150
354 327670
355 328187
356 328703
357 329218
358 329731
359 330243
360 330753
361 331261
362 331768
363 332274
364 332778
365 333280
366 333781
367 334280
368 334778
369 335275
370 335770
371 336263
372 336755
373 337246
374 337735
375 338222
376 338708
377 339193
378 339676
379 340158
380 340638
381 341117
382 341594
383 342070
384 342544
385 343018
386 343489
387 343959
388 344428
389 344896
390 345362
391 345826
392 346290
393 346751
394 347212
395 347671
396 348129
397 348585
398 349040
399 349493
400 349946
401 350396
402 350846
403 351294
404 351741
405 352186
406 352630
407 353073
408 353515
409 353955
410 354393
411 354831
412 355267
413 355702
414 356135
415 356568
416 356999
417 357428
418 357857
419 358284
420 358710
421 359134
422 359557
423 359979
424 360400
425 360819
426 361238
427 361654
428 362070
429 362485
430 362898
431 363310
432 363720
433 364130
434 364538
435 364945
436 365351
437 365755
438 366159
439 366561
440 366962
441 367361
442 367760
443 368157
444 368553
445 368948
446 369342
447 369735
448 370126
449 370516
450 370905
451 371293
452 371680
453 372065
454 372450
455 372833
456 373215
457 373596
458 373976
459 374354
460 374732
461 375108
462 375484
463 375858
464 376231
465 376602
466 376973
467 377343
468 377711
469 378079
470 378445
471 378810
472 379174
473 379537
474 379899
475 380260
476 380620
477 380979
478 381336
479 381693
480 382048
481 382403
482 382756
483 383108
484 383459
485 383810
486 384159
487 384507
488 384854
489 385200
490 385545
491 385889
492 386231
493 386573
494 386914
495 387254
496 387592
497 387930
498 388267
499 388603
500 388937
501 389271
502 389604
503 389935
504 390266
505 390596
506 390924
507 391252
508 391579
509 391905
510 392229
511 392553
512 392876
513 393198
514 393519
515 393839
516 394158
517 394476
518 394793
519 395109
520 395424
521 395738
522 396051
523 396364
524 396675
525 396986
526 397295
527 397604
528 397911
529 398218
530 398524
531 398829
532 399133
533 399436
534 399738
535 400039
536 400340
537 400639
538 400937
539 401235
540 401532
541 401828
542 402123
543 402417
544 402710
545 403002
546 403294
547 403584
548 403874
549 404163
550 404451
551 404738
552 405024
553 405309
554 405594
555 405877
556 406160
557 406442
558 406723
559 407004
560 407283
561 407562
562 407839
563 408116
564 408392
565 408667
566 408942
567 409215
568 409488
569 409760
570 410031
571 410302
572 410571
573 410840
574 411108
575 411375
576 411641
577 411907
578 412171
579 412435
580 412698
581 412960
582 413222
583 413483
584 413743
585 414002
586 414260
587 414518
588 414775
589 415031
590 415286
591 415541
592 415794
593 416047
594 416300
595 416551
596 416802
597 417052
598 417301
599 417549
600 417797
601 418044
602 418290
603 418536
604 418781
605 419025
606 419268
607 419510
608 419752
609 419993
610 420234
611 420473
612 420712
613 420951
614 421188
615 421425
616 421661
617 421896
618 422131
619 422365
620 422598
621 422831
622 423063
623 423294
624 423524
625 423754
626 423983
627 424212
628 424439
629 424666
630 424893
631 425118
632 425343
633 425568
634 425791
635 426014
636 426236
637 426458
638 426679
639 426899
640 427119
641 427338
642 427556
643 427774
644 427991
645 428207
646 428423
647 428638
648 428852
649 429066
650 429279
651 429492
652 429704
653 429915
654 430125
655 430335
656 430545
657 430753
658 430961
659 431169
660 431376
661 431582
662 431787
663 431992
664 432197
665 432400
666 432603
667 432806
668 433008
669 433209
670 433410
671 433610
672 433809
673 434008
674 434207
675 434404
676 434601
677 434798
678 434994
679 435189
680 435384
681 435578
682 435771
683 435964
684 436157
685 436349
686 436540
687 436731
688 436921
689 437110
690 437299
691 437487
692 437675
693 437863
694 438049
695 438235
696 438421
697 438606
698 438790
699 438974
700 439158
701 439340
702 439523
703 439704
704 439886
705 440066
706 440246
707 440426
708 440605
709 440783
710 440961
711 441139
712 441315
713 441492
714 441668
715 441843
716 442018
717 442192
718 442365
719 442539
720 442711
721 442883
722 443055
723 443226
724 443397
725 443567
726 443736
727 443905
728 444074
729 444242
730 444409
731 444576
732 444743
733 444909
734 445075
735 445240
736 445404
737 445568
738 445732
739 445895
740 446057
741 446219
742 446381
743 446542
744 446703
745 446863
746 447022
747 447182
748 447340
749 447498
750 447656
751 447814
752 447970
753 448127
754 448282
755 448438
756 448593
757 448747
758 448901
759 449055
760 449208
761 449360
762 449513
763 449664
764 449816
765 449966
766 450117
767 450266
768 450416
769 450565
770 450713
771 450862
772 451009
773 451156
774 451303
775 451449
776 451595
777 451741
778 451886
779 452030
780 452174
781 452318
782 452461
783 452604
784 452747
785 452889
786 453030
787 453171
788 453312
789 453452
790 453592
791 453731
792 453871
793 454009
794 454147
795 454285
796 454422
797 454559
798 454696
799 454832
800 454968
801 455103
802 455238
803 455372
804 455506
805 455640
806 455773
807 455906
808 456039
809 456171
810 456303
811 456434
812 456565
813 456695
814 456825
815 456955
816 457084
817 457213
818 457342
819 457470
820 457598
821 457725
822 457852
823 457979
824 458105
825 458231
826 458357
827 458482
828 458606
829 458731
830 458855
831 458978
832 459102
833 459225
834 459347
835 459469
836 459591
837 459712
838 459833
839 459954
840 460074
841 460194
842 460314
843 460433
844 460552
845 460671
846 460789
847 460907
848 461024
849 461141
850 461258
851 461374
852 461490
853 461606
854 461721
855 461836
856 461951
857 462065
858 462179
859 462293
860 462406
861 462519
862 462632
863 462744
864 462856
865 462968
866 463079
867 463190
868 463300
869 463411
870 463521
871 463630
872 463740
873 463849
874 463957
875 464065
876 464173
877 464281
878 464388
879 464495
880 464602
881 464708
882 464814
883 464920
884 465026
885 465131
886 465235
887 465340
888 465444
889 465548
890 465651
891 465755
892 465857
893 465960
894 466062
895 466164
896 466266
897 466367
898 466468
899 466569
900 466669
901 466770
902 466869
903 466969
904 467068
905 467167
906 467266
907 467364
908 467462
909 467560
910 467657
911 467755
912 467852
913 467948
914 468044
915 468140
916 468236
917 468332
918 468427
919 468522
920 468616
921 468710
922 468805
923 468898
924 468992
925 469085
926 469178
927 469270
928 469363
929 469455
930 469546
931 469638
932 469729
933 469820
934 469911
935 470001
936 470091
937 470181
938 470271
939 470360
940 470449
941 470538
942 470627
943 470715
944 470803
945 470890
946 470978
947 471065
948 471152
949 471239
950 471325
951 471411
952 471497
953 471583
954 471668
955 471753
956 471838
957 471923
958 472007
959 472091
960 472175
961 472259
962 472342
963 472425
964 472508
965 472591
966 472673
967 472755
968 472837
969 472919
970 473000
971 473081
972 473162
973 473243
974 473323
975 473403
976 473483
977 473563
978 473642
979 473721
980 473800
981 473879
982 473958
983 474036
984 474114
985 474192
986 474269
987 474346
988 474423
989 474500
990 474577
991 474653
992 474729
993 474805
994 474881
995 474957
996 475032
997 475107
998 475182
999 475256
1000 475331
1001 475405
1002 475479
1003 475552
1004 475626
1005 475699
1006 475772
1007 475845
1008 475917
1009 475990
1010 476062
1011 476134
1012 476205
1013 476277
1014 476348
1015 476419
1016 476490
1017 476561
1018 476631
1019 476701
1020 476771
1021 476841
1022 476911
1023 476980
1024 477049
1025 477118
1026 477187
1027 477256
1028 477324
1029 477392
1030 477460
1031 477528
1032 477595
1033 477663
1034 477730
1035 477797
1036 477863
1037 477930
1038 477996
1039 478062
1040 478128
1041 478194
1042 478259
1043 478325
1044 478390
1045 478455
1046 478519
1047 478584
1048 478648
1049 478713
1050 478776
1051 478840
1052 478904
1053 478967
1054 479030
1055 479093
1056 479156
1057 479219
1058 479281
1059 479344
1060 479406
1061 479467
1062 479529
1063 479591
1064 479652
1065 479713
1066 479774
1067 479835
1068 479895
1069 479956
1070 480016
1071 480076
1072 480136
1073 480196
1074 480255
1075 480314
1076 480374
1077 480433
1078 480491
1079 480550
1080 480608
1081 480667
1082 480725
1083 480783
1084 480840
1085 480898
1086 480955
1087 481013
1088 481070
1089 481127
1090 481183
1091 481240
1092 481296
1093 481352
1094 481408
1095 481464
1096 481520
1097 481575
1098 481631
1099 481686
1100 481741
1101 481796
1102 481851
1103 481905
1104 481960
1105 482014
1106 482068
1107 482122
1108 482175
1109 482229
1110 482282
1111 482336
1112 482389
1113 482442
1114 482494
1115 482547
1116 482599
1117 482652
1118 482704
1119 482756
1120 482808
1121 482859
1122 482911
1123 482962
1124 483013
1125 483064
1126 483115
1127 483166
1128 483216
1129 483267
1130 483317
1131 483367
1132 483417
1133 483467
1134 483517
1135 483566
1136 483616
1137 483665
1138 483714
1139 483763
1140 483812
1141 483860
1142 483909
1143 483957
1144 484005
1145 484053
1146 484101
1147 484149
1148 484197
1149 484244
1150 484292
1151 484339
1152 484386
1153 484433
1154 484479
1155 484526
1156 484573
1157 484619
1158 484665
1159 484711
1160 484757
1161 484803
1162 484849
1163 484894
1164 484940
1165 484985
1166 485030
1167 485075
1168 485120
1169 485164
1170 485209
1171 485253
1172 485298
1173 485342
1174 485386
1175 485430
1176 485474
1177 485517
1178 485561
1179 485604
1180 485647
1181 485691
1182 485734
1183 485776
1184 485819
1185 485862
1186 485904
1187 485947
1188 485989
1189 486031
1190 486073
1191 486115
1192 486156
1193 486198
1194 486240
1195 486281
1196 486322
1197 486363
1198 486404
1199 486445
1200 486486
1201 486526
1202 486567
1203 486607
1204 486647
1205 486688
1206 486728
1207 486767
1208 486807
1209 486847
1210 486886
1211 486926
1212 486965
1213 487004
1214 487043
1215 487082
1216 487121
1217 487160
1218 487198
1219 487237
1220 487275
1221 487313
1222 487351
1223 487389
1224 487427
1225 487465
1226 487503
1227 487540
1228 487578
1229 487615
1230 487652
1231 487689
1232 487726
1233 487763
1234 487800
1235 487837
1236 487873
1237 487910
1238 487946
1239 487982
1240 488018
1241 488054
1242 488090
1243 488126
1244 488162
1245 488197
1246 488233
1247 488268
1248 488303
1249 488338
1250 488374
1251 488408
1252 488443
1253 488478
1254 488513
1255 488547
1256 488582
1257 488616
1258 488650
1259 488684
1260 488718
1261 488752
1262 488786
1263 488820
1264 488853
1265 488887
1266 488920
1267 488953
1268 488987
1269 489020
1270 489053
1271 489085
1272 489118
1273 489151
1274 489184
1275 489216
1276 489248
1277 489281
1278 489313
1279 489345
1280 489377
1281 489409
1282 489441
1283 489473
1284 489504
1285 489536
1286 489567
1287 489599
1288 489630
1289 489661
1290 489692
1291 489723
1292 489754
1293 489785
1294 489815
1295 489846
1296 489876
1297 489907
1298 489937
1299 489967
1300 489998
1301 490028
1302 490058
1303 490087
1304 490117
1305 490147
1306 490177
1307 490206
1308 490235
1309 490265
1310 490294
1311 490323
1312 490352
1313 490381
1314 490410
1315 490439
1316 490468
1317 490496
1318 490525
1319 490553
1320 490582
1321 490610
1322 490638
1323 490666
1324 490694
1325 490722
1326 490750
1327 490778
1328 490806
1329 490833
1330 490861
1331 490888
1332 490916
1333 490943
1334 490970
1335 490997
1336 491025
1337 491051
1338 491078
1339 491105
1340 491132
1341 491159
1342 491185
1343 491212
1344 491238
1345 491264
1346 491291
1347 491317
1348 491343
1349 491369
1350 491395
1351 491421
1352 491446
1353 491472
1354 491498
1355 491523
1356 491549
1357 491574
1358 491599
1359 491625
1360 491650
1361 491675
1362 491700
1363 491725
1364 491750
1365 491775
1366 491799
1367 491824
1368 491848
1369 491873
1370 491897
1371 491922
1372 491946
1373 491970
1374 491994
1375 492018
1376 492042
1377 492066
1378 492090
1379 492114
1380 492138
1381 492161
1382 492185
1383 492208
1384 492232
1385 492255
1386 492278
1387 492301
1388 492325
1389 492348
1390 492371
1391 492394
1392 492416
1393 492439
1394 492462
1395 492485
1396 492507
1397 492530
1398 492552
1399 492575
1400 492597
1401 492619
1402 492641
1403 492663
1404 492685
1405 492707
1406 492729
1407 492751
1408 492773
1409 492795
1410 492816
1411 492838
1412 492859
1413 492881
1414 492902
1415 492924
1416 492945
1417 492966
1418 492987
1419 493008
1420 493029
1421 493050
1422 493071
1423 493092
1424 493113
1425 493133
1426 493154
1427 493175
1428 493195
1429 493216
1430 493236
1431 493256
1432 493276
1433 493297
1434 493317
1435 493337
1436 493357
1437 493377
1438 493397
1439 493417
1440 493436
1441 493456
1442 493476
1443 493495
1444 493515
1445 493534
1446 493554
1447 493573
1448 493593
1449 493612
1450 493631
1451 493650
1452 493669
1453 493688
1454 493707
1455 493726
1456 493745
1457 493764
1458 493782
1459 493801
1460 493820
1461 493838
1462 493857
1463 493875
1464 493894
1465 493912
1466 493930
1467 493949
1468 493967
1469 493985
1470 494003
1471 494021
1472 494039
1473 494057
1474 494075
1475 494093
1476 494110
1477 494128
1478 494146
1479 494163
1480 494181
1481 494198
1482 494216
1483 494233
1484 494250
1485 494268
1486 494285
1487 494302
1488 494319
1489 494336
1490 494353
1491 494370
1492 494387
1493 494404
1494 494421
1495 494438
1496 494454
1497 494471
1498 494488
1499 494504
1500 494521
1501 494537
1502 494554
1503 494570
1504 494586
1505 494603
1506 494619
1507 494635
1508 494651
1509 494667
1510 494683
1511 494699
1512 494715
1513 494731
1514 494747
1515 494763
1516 494778
1517 494794
1518 494810
1519 494825
1520 494841
1521 494856
1522 494872
1523 494887
1524 494902
1525 494918
1526 494933
1527 494948
1528 494963
1529 494979
1530 494994
1531 495009
1532 495024
1533 495039
1534 495054
1535 495068
1536 495083
1537 495098
1538 495113
1539 495127
1540 495142
1541 495157
1542 495171
1543 495186
1544 495200
1545 495215
1546 495229
1547 495243
1548 495258
1549 495272
1550 495286
1551 495300
1552 495314
1553 495328
1554 495343
1555 495357
1556 495370
1557 495384
1558 495398
1559 495412
1560 495426
1561 495440
1562 495453
1563 495467
1564 495481
1565 495494
1566 495508
1567 495521
1568 495535
1569 495548
1570 495561
1571 495575
1572 495588
1573 495601
1574 495615
1575 495628
1576 495641
1577 495654
1578 495667
1579 495680
1580 495693
1581 495706
1582 495719
1583 495732
1584 495745
1585 495757
1586 495770
1587 495783
1588 495795
1589 495808
1590 495821
1591 495833
1592 495846
1593 495858
1594 495871
1595 495883
1596 495896
1597 495908
1598 495920
1599 495932
1600 495945
1601 495957
1602 495969
1603 495981
1604 495993
1605 496005
1606 496017
1607 496029
1608 496041
1609 496053
1610 496065
1611 496077
1612 496088
1613 496100
1614 496112
1615 496124
1616 496135
1617 496147
1618 496158
1619 496170
1620 496181
1621 496193
1622 496204
1623 496216
1624 496227
1625 496239
1626 496250
1627 496261
1628 496272
1629 496284
1630 496295
1631 496306
1632 496317
1633 496328
1634 496339
1635 496350
1636 496361
1637 496372
1638 496383
1639 496394
1640 496405
1641 496415
1642 496426
1643 496437
1644 496448
1645 496458
1646 496469
1647 496480
1648 496490
1649 496501
1650 496511
1651 496522
1652 496532
1653 496542
1654 496553
1655 496563
1656 496574
1657 496584
1658 496594
1659 496604
1660 496615
1661 496625
1662 496635
1663 496645
1664 496655
1665 496665
1666 496675
1667 496685
1668 496695
1669 496705
1670 496715
1671 496725
1672 496735
1673 496744
1674 496754
1675 496764
1676 496774
1677 496783
1678 496793
1679 496803
1680 496812
1681 496822
1682 496831
1683 496841
1684 496850
1685 496860
1686 496869
1687 496879
1688 496888
1689 496898
1690 496907
1691 496916
1692 496925
1693 496935
1694 496944
1695 496953
1696 496962
1697 496971
1698 496980
1699 496989
1700 496999
1701 497008
1702 497017
1703 497026
1704 497034
1705 497043
1706 497052
1707 497061
1708 497070
1709 497079
1710 497088
1711 497096
1712 497105
1713 497114
1714 497122
1715 497131
1716 497140
1717 497148
1718 497157
1719 497165
1720 497174
1721 497182
1722 497191
1723 497199
1724 497208
1725 497216
1726 497224
1727 497233
1728 497241
1729 497249
1730 497258
1731 497266
1732 497274
1733 497282
1734 497290
1735 497299
1736 497307
1737 497315
1738 497323
1739 497331
1740 497339
1741 497347
1742 497355
1743 497363
1744 497371
1745 497379
1746 497387
1747 497394
1748 497402
1749 497410
1750 497418
1751 497426
1752 497433
1753 497441
1754 497449
1755 497456
1756 497464
1757 497472
1758 497479
1759 497487
1760 497494
1761 497502
1762 497509
1763 497517
1764 497524
1765 497532
1766 497539
1767 497547
1768 497554
1769 497561
1770 497569
1771 497576
1772 497583
1773 497591
1774 497598
1775 497605
1776 497612
1777 497619
1778 497627
1779 497634
1780 497641
1781 497648
1782 497655
1783 497662
1784 497669
1785 497676
1786 497683
1787 497690
1788 497697
1789 497704
1790 497711
1791 497718
1792 497724
1793 497731
1794 497738
1795 497745
1796 497752
1797 497758
1798 497765
1799 497772
1800 497779
1801 497785
1802 497792
1803 497799
1804 497805
1805 497812
1806 497818
1807 497825
1808 497831
1809 497838
1810 497844
1811 497851
1812 497857
1813 497864
1814 497870
1815 497877
1816 497883
1817 497889
1818 497896
1819 497902
1820 497908
1821 497915
1822 497921
1823 497927
1824 497933
1825 497940
1826 497946
1827 497952
1828 497958
1829 497964
1830 497970
1831 497976
1832 497983
1833 497989
1834 497995
1835 498001
1836 498007
1837 498013
1838 498019
1839 498025
1840 498031
1841 498036
1842 498042
1843 498048
1844 498054
1845 498060
1846 498066
1847 498072
1848 498077
1849 498083
1850 498089
1851 498095
1852 498100
1853 498106
1854 498112
1855 498117
1856 498123
1857 498129
1858 498134
1859 498140
1860 498146
1861 498151
1862 498157
1863 498162
1864 498168
1865 498173
1866 498179
1867 498184
1868 498190
1869 498195
1870 498201
1871 498206
1872 498211
1873 498217
1874 498222
1875 498227
1876 498233
1877 498238
1878 498243
1879 498249
1880 498254
1881 498259
1882 498264
1883 498270
1884 498275
1885 498280
1886 498285
1887 498290
1888 498295
1889 498301
1890 498306
1891 498311
1892 498316
1893 498321
1894 498326
1895 498331
1896 498336
1897 498341
1898 498346
1899 498351
1900 498356
1901 498361
1902 498366
1903 498371
1904 498376
1905 498381
1906 498385
1907 498390
1908 498395
1909 498400
1910 498405
1911 498410
1912 498414
1913 498419
1914 498424
1915 498429
1916 498433
1917 498438
1918 498443
1919 498447
1920 498452
1921 498457
1922 498461
1923 498466
1924 498471
1925 498475
1926 498480
1927 498484
1928 498489
1929 498493
1930 498498
1931 498502
1932 498507
1933 498511
1934 498516
1935 498520
1936 498525
1937 498529
1938 498534
1939 498538
1940 498542
1941 498547
1942 498551
1943 498556
1944 498560
1945 498564
1946 498569
1947 498573
1948 498577
1949 498581
1950 498586
1951 498590
1952 498594
1953 498598
1954 498603
1955 498607
1956 498611
1957 498615
1958 498619
1959 498623
1960 498628
1961 498632
1962 498636
1963 498640
1964 498644
1965 498648
1966 498652
1967 498656
1968 498660
1969 498664
1970 498668
1971 498672
1972 498676
1973 498680
1974 498684
1975 498688
1976 498692
1977 498696
1978 498700
1979 498704
1980 498708
1981 498712
1982 498716
1983 498719
1984 498723
1985 498727
1986 498731
1987 498735
1988 498739
1989 498742
1990 498746
1991 498750
1992 498754
1993 498757
1994 498761
1995 498765
1996 498769
1997 498772
1998 498776
1999 498780
2000 498783
