1 1500
2 2995
3 4478
4 5950
5 7411
6 8861
7 10300
8 11728
9 13145
10 14552
11 15948
12 17333
13 18708
14 20073
15 21428
16 22772
17 24106
18 25431
19 26745
20 28049
21 29344
22 30628
23 31903
24 33169
25 34425
26 35671
27 36908
28 38136
29 39355
30 40564
31 41764
32 42956
33 44138
34 45311
35 46476
36 47631
37 48779
38 49917
39 51047
40 52168
41 53281
42 54386
43 55482
44 56570
45 57650
46 58721
47 59785
48 60840
49 61888
50 62928
51 63960
52 64984
53 66000
54 67009
55 68010
56 69004
57 69990
58 70969
59 71940
60 72904
61 73861
62 74811
63 75753
64 76688
65 77617
66 78538
67 79452
68 80360
69 81261
70 82155
71 83042
72 83922
73 84796
74 85663
75 86524
76 87378
77 88226
78 89068
79 89903
80 90732
81 91554
82 92371
83 93181
84 93985
85 94783
86 95575
87 96361
88 97142
89 97916
90 98684
91 99447
92 100204
93 100955
94 101701
95 102441
96 103176
97 103904
98 104628
99 105346
100 106058
101 106766
102 107468
103 108164
104 108856
105 109542
106 110223
107 110899
108 111569
109 112235
110 112896
111 113551
112 114202
113 114848
114 115489
115 116125
116 116757
117 117384
118 118006
119 118623
120 119235
121 119843
122 120447
123 121046
124 121640
125 122230
126 122816
127 123397
128 123973
129 124546
130 125114
131 125677
132 126237
133 126792
134 127343
135 127890
136 128433
137 128972
138 129507
139 130037
140 130564
141 131087
142 131606
143 132121
144 132632
145 133139
146 133642
147 134142
148 134637
149 135129
150 135618
151 136103
152 136584
153 137061
154 137535
155 138005
156 138472
157 138935
158 139395
159 139851
160 140304
161 140753
162 141199
163 141642
164 142081
165 142517
166 142950
167 143379
168 143806
169 144229
170 144649
171 145065
172 145479
173 145889
174 146297
175 146701
176 147102
177 147500
178 147896
179 148288
180 148677
181 149064
182 149447
183 149828
184 150205
185 150580
186 150952
187 151322
188 151688
189 152052
190 152413
191 152771
192 153126
193 153479
194 153830
195 154177
196 154522
197 154864
198 155204
199 155541
200 155876
201 156208
202 156538
203 156865
204 157190
205 157512
206 157832
207 158150
208 158465
209 158777
210 159088
211 159396
212 159701
213 160005
214 160306
215 160605
216 160901
217 161196
218 161488
219 161778
220 162065
221 162351
222 162634
223 162916
224 163195
225 163472
226 163747
227 164020
228 164291
229 164560
230 164826
231 165091
232 165354
233 165615
234 165874
235 166131
236 166386
237 166639
238 166890
239 167139
240 167386
241 167632
242 167876
243 168117
244 168357
245 168596
246 168832
247 169067
248 169300
249 169531
250 169760
251 169988
252 170214
253 170438
254 170661
255 170881
256 171101
257 171318
258 171534
259 171748
260 171961
261 172172
262 172382
263 172590
264 172796
265 173001
266 173204
267 173406
268 173606
269 173805
270 174002
271 174198
272 174392
273 174585
274 174776
275 174966
276 175154
277 175341
278 175527
279 175711
280 175894
281 176076
282 176256
283 176434
284 176612
285 176788
286 176963
287 177136
288 177308
289 177479
290 177649
291 177817
292 177984
293 178150
294 178314
295 178477
296 178639
297 178800
298 178960
299 179118
300 179275
301 179431
302 179586
303 179740
304 179893
305 180044
306 180194
307 180343
308 180491
309 180638
310 180784
311 180929
312 181072
313 181215
314 181356
315 181496
316 181636
317 181774
318 181911
319 182047
320 182182
321 182317
322 182450
323 182582
324 182713
325 182843
326 182972
327 183101
328 183228
329 183354
330 183479
331 183604
332 183727
333 183850
334 183971
335 184092
336 184212
337 184331
338 184448
339 184566
340 184682
341 184797
342 184912
343 185025
344 185138
345 185250
346 185361
347 185471
348 185580
349 185689
350 185797
351 185904
352 186010
353 186115
354 186220
355 186323
356 186426
357 186529
358 186630
359 186731
360 186830
361 186930
362 187028
363 187126
364 187223
365 187319
366 187414
367 187509
368 187603
369 187696
370 187789
371 187881
372 187972
373 188063
374 188153
375 188242
376 188330
377 188418
378 188505
379 188592
380 188678
381 188763
382 188848
383 188932
384 189015
385 189098
386 189180
387 189261
388 189342
389 189422
390 189502
391 189581
392 189659
393 189737
394 189814
395 189891
396 189967
397 190043
398 190118
399 190192
400 190266
401 190339
402 190412
403 190484
404 190556
405 190627
406 190698
407 190768
408 190837
409 190906
410 190975
411 191042
412 191110
413 191177
414 191243
415 191309
416 191375
417 191440
418 191504
419 191568
420 191631
421 191694
422 191757
423 191819
424 191881
425 191942
426 192002
427 192063
428 192122
429 192182
430 192241
431 192299
432 192357
433 192414
434 192472
435 192528
436 192585
437 192640
438 192696
439 192751
440 192805
441 192860
442 192913
443 192967
444 193020
445 193072
446 193124
447 193176
448 193227
449 193278
450 193329
451 193379
452 193429
453 193479
454 193528
455 193576
456 193625
457 193673
458 193720
459 193768
460 193815
461 193861
462 193907
463 193953
464 193999
465 194044
466 194089
467 194133
468 194177
469 194221
470 194265
471 194308
472 194351
473 194393
474 194436
475 194477
476 194519
477 194560
478 194601
479 194642
480 194682
481 194722
482 194762
483 194801
484 194841
485 194879
486 194918
487 194956
488 194994
489 195032
490 195069
491 195106
492 195143
493 195180
494 195216
495 195252
496 195288
497 195323
498 195359
499 195394
500 195428
501 195463
502 195497
503 195531
504 195564
505 195598
506 195631
507 195664
508 195696
509 195729
510 195761
511 195793
512 195825
513 195856
514 195887
515 195918
516 195949
517 195979
518 196010
519 196040
520 196070
521 196099
522 196129
523 196158
524 196187
525 196215
526 196244
527 196272
528 196300
529 196328
530 196356
531 196383
532 196410
533 196437
534 196464
535 196491
536 196517
537 196543
538 196569
539 196595
540 196621
541 196646
542 196672
543 196697
544 196722
545 196746
546 196771
547 196795
548 196819
549 196843
550 196867
551 196891
552 196914
553 196937
554 196960
555 196983
556 197006
557 197028
558 197051
559 197073
560 197095
561 197117
562 197139
563 197160
564 197182
565 197203
566 197224
567 197245
568 197265
569 197286
570 197306
571 197327
572 197347
573 197367
574 197387
575 197406
576 197426
577 197445
578 197465
579 197484
580 197503
581 197521
582 197540
583 197559
584 197577
585 197595
586 197613
587 197631
588 197649
589 197667
590 197684
591 197702
592 197719
593 197736
594 197753
595 197770
596 197787
597 197804
598 197820
599 197837
600 197853
601 197869
602 197885
603 197901
604 197917
605 197933
606 197948
607 197964
608 197979
609 197994
610 198009
611 198024
612 198039
613 198054
614 198069
615 198083
616 198097
617 198112
618 198126
619 198140
620 198154
621 198168
622 198182
623 198196
624 198209
625 198223
626 198236
627 198249
628 198262
629 198276
630 198289
631 198301
632 198314
633 198327
634 198340
635 198352
636 198364
637 198377
638 198389
639 198401
640 198413
641 198425
642 198437
643 198449
644 198460
645 198472
646 198484
647 198495
648 198506
649 198518
650 198529
651 198540
652 198551
653 198562
654 198572
655 198583
656 198594
657 198605
658 198615
659 198625
660 198636
661 198646
662 198656
663 198666
664 198676
665 198686
666 198696
667 198706
668 198716
669 198726
670 198735
671 198745
672 198754
673 198763
674 198773
675 198782
676 198791
677 198800
678 198809
679 198818
680 198827
681 198836
682 198845
683 198854
684 198862
685 198871
686 198879
687 198888
688 198896
689 198904
690 198913
691 198921
692 198929
693 198937
694 198945
695 198953
696 198961
697 198969
698 198976
699 198984
700 198992
701 198999
702 199007
703 199014
704 199022
705 199029
706 199037
707 199044
708 199051
709 199058
710 199065
711 199072
712 199079
713 199086
714 199093
715 199100
716 199107
717 199113
718 199120
719 199127
720 199133
721 199140
722 199146
723 199153
724 199159
725 199165
726 199172
727 199178
728 199184
729 199190
730 199196
731 199202
732 199208
733 199214
734 199220
735 199226
736 199232
737 199238
738 199244
739 199249
740 199255
741 199261
742 199266
743 199272
744 199277
745 199283
746 199288
747 199293
748 199299
749 199304
750 199309
751 199314
752 199320
753 199325
754 199330
755 199335
756 199340
757 199345
758 199350
759 199355
760 199360
761 199364
762 199369
763 199374
764 199379
765 199383
766 199388
767 199393
768 199397
769 199402
770 199406
771 199411
772 199415
773 199419
774 199424
775 199428
776 199433
777 199437
778 199441
779 199445
780 199449
781 199454
782 199458
783 199462
784 199466
785 199470
786 199474
787 199478
788 199482
789 199486
790 199490
791 199493
792 199497
793 199501
794 199505
795 199508
796 199512
797 199516
798 199519
799 199523
800 199527
801 199530
802 199534
803 199537
804 199541
805 199544
806 199548
807 199551
808 199555
809 199558
810 199561
811 199565
812 199568
813 199571
814 199574
815 199577
816 199581
817 199584
818 199587
819 199590
820 199593
821 199596
822 199599
823 199602
824 199605
825 199608
826 199611
827 199614
828 199617
829 199620
830 199623
831 199626
832 199628
833 199631
834 199634
835 199637
836 199640
837 199642
838 199645
839 199648
840 199650
841 199653
842 199656
843 199658
844 199661
845 199663
846 199666
847 199668
848 199671
849 199673
850 199676
851 199678
852 199681
853 199683
854 199685
855 199688
856 199690
857 199693
858 199695
859 199697
860 199699
861 199702
862 199704
863 199706
864 199708
865 199711
866 199713
867 199715
868 199717
869 199719
870 199721
871 199723
872 199726
873 199728
874 199730
875 199732
876 199734
877 199736
878 199738
879 199740
880 199742
881 199744
882 199746
883 199747
884 199749
885 199751
886 199753
887 199755
888 199757
889 199759
890 199760
891 199762
892 199764
893 199766
894 199768
895 199769
896 199771
897 199773
898 199775
899 199776
900 199778
901 199780
902 199781
903 199783
904 199785
905 199786
906 199788
907 199789
908 199791
909 199793
910 199794
911 199796
912 199797
913 199799
914 199800
915 199802
916 199803
917 199805
918 199806
919 199808
920 199809
921 199811
922 199812
923 199813
924 199815
925 199816
926 199818
927 199819
928 199820
929 199822
930 199823
931 199824
932 199826
933 199827
934 199828
935 199830
936 199831
937 199832
938 199834
939 199835
940 199836
941 199837
942 199838
943 199840
944 199841
945 199842
946 199843
947 199844
948 199846
949 199847
950 199848
951 199849
952 199850
953 199851
954 199853
955 199854
956 199855
957 199856
958 199857
959 199858
960 199859
961 199860
962 199861
963 199862
964 199863
965 199864
966 199865
967 199866
968 199867
969 199868
970 199869
971 199870
972 199871
973 199872
974 199873
975 199874
976 199875
977 199876
978 199877
979 199878
980 199879
981 199880
982 199881
983 199882
984 199883
985 199883
986 199884
987 199885
988 199886
989 199887
990 199888
991 199889
992 199889
993 199890
994 199891
995 199892
996 199893
997 199894
998 199894
999 199895
1000 199896
1001 199897
1002 199898
1003 199898
1004 199899
1005 199900
1006 199901
1007 199901
1008 199902
1009 199903
1010 199904
1011 199904
1012 199905
1013 199906
1014 199906
1015 199907
1016 199908
1017 199909
1018 199909
1019 199910
1020 199911
1021 199911
1022 199912
1023 199913
1024 199913
1025 199914
1026 199915
1027 199915
1028 199916
1029 199917
1030 199917
1031 199918
1032 199918
1033 199919
1034 199920
1035 199920
1036 199921
1037 199921
1038 199922
1039 199923
1040 199923
1041 199924
1042 199924
1043 199925
1044 199926
1045 199926
1046 199927
1047 199927
1048 199928
1049 199928
1050 199929
1051 199929
1052 199930
1053 199930
1054 199931
1055 199932
1056 199932
1057 199933
1058 199933
1059 199934
1060 199934
1061 199935
1062 199935
1063 199936
1064 199936
1065 199937
1066 199937
1067 199938
1068 199938
1069 199938
1070 199939
1071 199939
1072 199940
1073 199940
1074 199941
1075 199941
1076 199942
1077 199942
1078 199943
1079 199943
1080 199943
1081 199944
1082 199944
1083 199945
1084 199945
1085 199946
1086 199946
1087 199946
1088 199947
1089 199947
1090 199948
1091 199948
1092 199948
1093 199949
1094 199949
1095 199950
1096 199950
1097 199950
1098 199951
1099 199951
1100 199951
1101 199952
1102 199952
1103 199953
1104 199953
1105 199953
1106 199954
1107 199954
1108 199954
1109 199955
1110 199955
1111 199955
1112 199956
1113 199956
1114 199956
1115 199957
1116 199957
1117 199957
1118 199958
1119 199958
1120 199958
1121 199959
1122 199959
1123 199959
1124 199960
1125 199960
1126 199960
1127 199960
1128 199961
1129 199961
1130 199961
1131 199962
1132 199962
1133 199962
1134 199963
1135 199963
1136 199963
1137 199963
1138 199964
1139 199964
1140 199964
1141 199964
1142 199965
1143 199965
1144 199965
1145 199966
1146 199966
1147 199966
1148 199966
1149 199967
1150 199967
1151 199967
1152 199967
1153 199968
1154 199968
1155 199968
1156 199968
1157 199969
1158 199969
1159 199969
1160 199969
1161 199970
1162 199970
1163 199970
1164 199970
1165 199970
1166 199971
1167 199971
1168 199971
1169 199971
1170 199972
1171 199972
1172 199972
1173 199972
1174 199972
1175 199973
1176 199973
1177 199973
1178 199973
1179 199973
1180 199974
1181 199974
1182 199974
1183 199974
1184 199974
1185 199975
1186 199975
1187 199975
1188 199975
1189 199975
1190 199976
1191 199976
1192 199976
1193 199976
1194 199976
1195 199977
1196 199977
1197 199977
1198 199977
1199 199977
1200 199977
1201 199978
1202 199978
1203 199978
1204 199978
1205 199978
1206 199978
1207 199979
1208 199979
1209 199979
1210 199979
1211 199979
1212 199979
1213 199980
1214 199980
1215 199980
1216 199980
1217 199980
1218 199980
1219 199981
1220 199981
1221 199981
1222 199981
1223 199981
1224 199981
1225 199981
1226 199982
1227 199982
1228 199982
1229 199982
1230 199982
1231 199982
1232 199982
1233 199983
1234 199983
1235 199983
1236 199983
1237 199983
1238 199983
1239 199983
1240 199983
1241 199984
1242 199984
1243 199984
1244 199984
1245 199984
1246 199984
1247 199984
1248 199984
1249 199985
1250 199985
1251 199985
1252 199985
1253 199985
1254 199985
1255 199985
1256 199985
1257 199986
1258 199986
1259 199986
1260 199986
1261 199986
1262 199986
1263 199986
1264 199986
1265 199986
1266 199986
1267 199987
1268 199987
1269 199987
1270 199987
1271 199987
1272 199987
1273 199987
1274 199987
1275 199987
1276 199988
1277 199988
1278 199988
1279 199988
1280 199988
1281 199988
1282 199988
1283 199988
1284 199988
1285 199988
1286 199988
1287 199989
1288 199989
1289 199989
1290 199989
1291 199989
1292 199989
1293 199989
1294 199989
1295 199989
1296 199989
1297 199989
1298 199990
1299 199990
1300 199990
1301 199990
1302 199990
1303 199990
1304 199990
1305 199990
1306 199990
1307 199990
1308 199990
1309 199990
1310 199990
1311 199991
1312 199991
1313 199991
1314 199991
1315 199991
1316 199991
1317 199991
1318 199991
1319 199991
1320 199991
1321 199991
1322 199991
1323 199991
1324 199991
1325 199992
1326 199992
1327 199992
1328 199992
1329 199992
1330 199992
1331 199992
1332 199992
1333 199992
1334 199992
1335 199992
1336 199992
1337 199992
1338 199992
1339 199992
1340 199992
1341 199993
1342 199993
1343 199993
1344 199993
1345 199993
1346 199993
1347 199993
1348 199993
1349 199993
1350 199993
1351 199993
1352 199993
1353 199993
1354 199993
1355 199993
1356 199993
1357 199993
1358 199994
1359 199994
1360 199994
1361 199994
1362 199994
1363 199994
1364 199994
1365 199994
1366 199994
1367 199994
1368 199994
1369 199994
1370 199994
1371 199994
1372 199994
1373 199994
1374 199994
1375 199994
1376 199994
1377 199994
1378 199994
1379 199995
1380 199995
1381 199995
1382 199995
1383 199995
1384 199995
1385 199995
1386 199995
1387 199995
1388 199995
1389 199995
1390 199995
1391 199995
1392 199995
1393 199995
1394 199995
1395 199995
1396 199995
1397 199995
1398 199995
1399 199995
1400 199995
1401 199995
1402 199995
1403 199996
1404 199996
1405 199996
1406 199996
1407 199996
1408 199996
1409 199996
1410 199996
1411 199996
1412 199996
1413 199996
1414 199996
1415 199996
1416 199996
1417 199996
1418 199996
1419 199996
1420 199996
1421 199996
1422 199996
1423 199996
1424 199996
1425 199996
1426 199996
1427 199996
1428 199996
1429 199996
1430 199996
1431 199996
1432 199997
1433 199997
1434 199997
1435 199997
1436 199997
1437 199997
1438 199997
1439 199997
1440 199997
1441 199997
1442 199997
1443 199997
1444 199997
1445 199997
1446 199997
1447 199997
1448 199997
1449 199997
1450 199997
1451 199997
1452 199997
1453 199997
1454 199997
1455 199997
1456 199997
1457 199997
1458 199997
1459 199997
1460 199997
1461 199997
1462 199997
1463 199997
1464 199997
1465 199997
1466 199997
1467 199997
1468 199997
1469 199997
1470 199998
1471 199998
1472 199998
1473 199998
1474 199998
1475 199998
1476 199998
1477 199998
1478 199998
1479 199998
1480 199998
1481 199998
1482 199998
1483 199998
1484 199998
1485 199998
1486 199998
1487 199998
1488 199998
1489 199998
1490 199998
1491 199998
1492 199998
1493 199998
1494 199998
1495 199998
1496 199998
1497 199998
1498 199998
1499 199998
1500 199998
1501 199998
1502 199998
1503 199998
1504 199998
1505 199998
1506 199998
1507 199998
1508 199998
1509 199998
1510 199998
1511 199998
1512 199998
1513 199998
1514 199998
1515 199998
1516 199998
1517 199998
1518 199998
1519 199998
1520 199998
1521 199998
1522 199998
1523 199998
1524 199999
1525 199999
1526 199999
1527 199999
1528 199999
1529 199999
1530 199999
1531 199999
1532 199999
1533 199999
1534 199999
1535 199999
1536 199999
1537 199999
1538 199999
1539 199999
1540 199999
1541 199999
1542 199999
1543 199999
1544 199999
1545 199999
1546 199999
1547 199999
1548 199999
1549 199999
1550 199999
1551 199999
1552 199999
1553 199999
1554 199999
1555 199999
1556 199999
1557 199999
1558 199999
1559 199999
1560 199999
1561 199999
1562 199999
1563 199999
1564 199999
1565 199999
1566 199999
1567 199999
1568 199999
1569 199999
1570 199999
1571 199999
1572 199999
1573 199999
1574 199999
1575 199999
1576 199999
1577 199999
1578 199999
1579 199999
1580 199999
1581 199999
1582 199999
1583 199999
1584 199999
1585 199999
1586 199999
1587 199999
1588 199999
1589 199999
1590 199999
1591 199999
1592 199999
1593 199999
1594 199999
1595 199999
1596 199999
1597 199999
1598 199999
1599 199999
1600 199999
1601 199999
1602 199999
1603 199999
1604 199999
1605 199999
1606 199999
1607 199999
1608 199999
1609 199999
1610 199999
1611 199999
1612 199999
1613 199999
1614 199999
1615 199999
1616 200000
1617 200000
1618 200000
1619 200000
1620 200000
1621 200000
1622 200000
1623 200000
1624 200000
1625 200000
1626 200000
1627 200000
1628 200000
1629 200000
1630 200000
1631 200000
1632 200000
1633 200000
1634 200000
1635 200000
1636 200000
1637 200000
1638 200000
1639 200000
1640 200000
1641 200000
1642 200000
1643 200000
1644 200000
1645 200000
1646 200000
1647 200000
1648 200000
1649 200000
1650 200000
1651 200000
1652 200000
1653 200000
1654 200000
1655 200000
1656 200000
1657 200000
1658 200000
1659 200000
1660 200000
1661 200000
1662 200000
1663 200000
1664 200000
1665 200000
1666 200000
1667 200000
1668 200000
1669 200000
1670 200000
1671 200000
1672 200000
1673 200000
1674 200000
1675 200000
1676 200000
1677 200000
1678 200000
1679 200000
1680 200000
1681 200000
1682 200000
1683 200000
1684 200000
1685 200000
1686 200000
1687 200000
1688 200000
1689 200000
1690 200000
1691 200000
1692 200000
1693 200000
1694 200000
1695 200000
1696 200000
1697 200000
1698 200000
1699 200000
1700 200000
1701 200000
1702 200000
1703 200000
1704 200000
1705 200000
1706 200000
1707 200000
1708 200000
1709 200000
1710 200000
1711 200000
1712 200000
1713 200000
1714 200000
1715 200000
1716 200000
1717 200000
1718 200000
1719 200000
1720 200000
1721 200000
1722 200000
1723 200000
1724 200000
1725 200000
1726 200000
1727 200000
1728 200000
1729 200000
1730 200000
1731 200000
1732 200000
1733 200000
1734 200000
1735 200000
1736 200000
1737 200000
1738 200000
1739 200000
1740 200000
1741 200000
1742 200000
1743 200000
1744 200000
1745 200000
1746 200000
1747 200000
1748 200000
1749 200000
1750 200000
1751 200000
1752 200000
1753 200000
1754 200000
1755 200000
1756 200000
1757 200000
1758 200000
1759 200000
1760 200000
1761 200000
1762 200000
1763 200000
1764 200000
1765 200000
1766 200000
1767 200000
1768 200000
1769 200000
1770 200000
1771 200000
1772 200000
1773 200000
1774 200000
1775 200000
1776 200000
1777 200000
1778 200000
1779 200000
1780 200000
1781 200000
1782 200000
1783 200000
1784 200000
1785 200000
1786 200000
1787 200000
1788 200000
1789 200000
1790 200000
1791 200000
1792 200000
1793 200000
1794 200000
1795 200000
1796 200000
1797 200000
1798 200000
1799 200000
1800 200000
1801 200000
1802 200000
1803 200000
1804 200000
1805 200000
1806 200000
1807 200000
1808 200000
1809 200000
1810 200000
1811 200000
1812 200000
1813 200000
1814 200000
1815 200000
1816 200000
1817 200000
1818 200000
1819 200000
1820 200000
1821 200000
1822 200000
1823 200000
1824 200000
1825 200000
1826 200000
1827 200000
1828 200000
1829 200000
1830 200000
1831 200000
1832 200000
1833 200000
1834 200000
1835 200000
1836 200000
1837 200000
1838 200000
1839 200000
1840 200000
1841 200000
1842 200000
1843 200000
1844 200000
1845 200000
1846 200000
1847 200000
1848 200000
1849 200000
1850 200000
1851 200000
1852 200000
1853 200000
1854 200000
1855 200000
1856 200000
1857 200000
1858 200000
1859 200000
1860 200000
1861 200000
1862 200000
1863 200000
1864 200000
1865 200000
1866 200000
1867 200000
1868 200000
1869 200000
1870 200000
1871 200000
1872 200000
1873 200000
1874 200000
1875 200000
1876 200000
1877 200000
1878 200000
1879 200000
1880 200000
1881 200000
1882 200000
1883 200000
1884 200000
1885 200000
1886 200000
1887 200000
1888 200000
1889 200000
1890 200000
1891 200000
1892 200000
1893 200000
1894 200000
1895 200000
1896 200000
1897 200000
1898 200000
1899 200000
1900 200000
1901 200000
1902 200000
1903 200000
1904 200000
1905 200000
1906 200000
1907 200000
1908 200000
1909 200000
1910 200000
1911 200000
1912 200000
1913 200000
1914 200000
1915 200000
1916 200000
1917 200000
1918 200000
1919 200000
1920 200000
1921 200000
1922 200000
1923 200000
1924 200000
1925 200000
1926 200000
1927 200000
1928 200000
1929 200000
1930 200000
1931 200000
1932 200000
1933 200000
1934 200000
1935 200000
1936 200000
1937 200000
1938 200000
1939 200000
1940 200000
1941 200000
1942 200000
1943 200000
1944 200000
1945 200000
1946 200000
1947 200000
1948 200000
1949 200000
1950 200000
1951 200000
1952 200000
1953 200000
1954 200000
1955 200000
1956 200000
1957 200000
1958 200000
1959 200000
1960 200000
1961 200000
1962 200000
1963 200000
1964 200000
1965 200000
1966 200000
1967 200000
1968 200000
1969 200000
1970 200000
1971 200000
1972 200000
1973 200000
1974 200000
1975 200000
1976 200000
1977 200000
1978 200000
1979 200000
1980 200000
1981 200000
1982 200000
1983 200000
1984 200000
1985 200000
1986 200000
1987 200000
1988 200000
1989 200000
1990 200000
1991 200000
1992 200000
1993 200000
1994 200000
1995 200000
1996 200000
1997 200000
1998 200000
1999 200000
2000 200000
