1 1500
2 2999
3 4496
4 5990
5 7483
6 8972
7 10460
8 11945
9 13429
10 14910
11 16388
12 17865
13 19339
14 20811
15 22281
16 23749
17 25214
18 26678
19 28139
20 29598
21 31054
22 32509
23 33961
24 35411
25 36859
26 38305
27 39749
28 41190
29 42629
30 44067
31 45502
32 46934
33 48365
34 49794
35 51220
36 52644
37 54066
38 55486
39 56904
40 58320
41 59733
42 61145
43 62554
44 63961
45 65367
46 66770
47 68170
48 69569
49 70966
50 72360
51 73753
52 75143
53 76532
54 77918
55 79302
56 80684
57 82064
58 83442
59 84818
60 86192
61 87564
62 88933
63 90301
64 91666
65 93030
66 94391
67 95751
68 97108
69 98464
70 99817
71 101168
72 102518
73 103865
74 105210
75 106553
76 107894
77 109233
78 110571
79 111906
80 113239
81 114570
82 115899
83 117226
84 118552
85 119875
86 121196
87 122515
88 123832
89 125148
90 126461
91 127772
92 129081
93 130389
94 131694
95 132998
96 134299
97 135599
98 136896
99 138192
100 139485
101 140777
102 142067
103 143355
104 144641
105 145925
106 147207
107 148487
108 149765
109 151042
110 152316
111 153588
112 154859
113 156128
114 157394
115 158659
116 159922
117 161183
118 162443
119 163700
120 164955
121 166209
122 167460
123 168710
124 169958
125 171204
126 172448
127 173690
128 174931
129 176169
130 177406
131 178641
132 179874
133 181105
134 182334
135 183562
136 184787
137 186011
138 187233
139 188453
140 189671
141 190887
142 192102
143 193315
144 194526
145 195735
146 196942
147 198148
148 199351
149 200553
150 201753
151 202952
152 204148
153 205343
154 206536
155 207727
156 208916
157 210103
158 211289
159 212473
160 213655
161 214836
162 216014
163 217191
164 218366
165 219540
166 220711
167 221881
168 223049
169 224215
170 225380
171 226543
172 227704
173 228863
174 230021
175 231177
176 232331
177 233483
178 234634
179 235783
180 236930
181 238075
182 239219
183 240361
184 241501
185 242640
186 243777
187 244912
188 246045
189 247177
190 248307
191 249436
192 250562
193 251687
194 252811
195 253932
196 255052
197 256171
198 257287
199 258402
200 259515
201 260627
202 261737
203 262845
204 263951
205 265056
206 266160
207 267261
208 268361
209 269459
210 270556
211 271651
212 272744
213 273836
214 274926
215 276015
216 277101
217 278187
218 279270
219 280352
220 281432
221 282511
222 283588
223 284663
224 285737
225 286809
226 287880
227 288949
228 290016
229 291082
230 292146
231 293209
232 294270
233 295329
234 296387
235 297443
236 298498
237 299551
238 300602
239 301652
240 302701
241 303747
242 304792
243 305836
244 306878
245 307919
246 308957
247 309995
248 311031
249 312065
250 313098
251 314129
252 315158
253 316186
254 317213
255 318238
256 319261
257 320283
258 321303
259 322322
260 323339
261 324355
262 325369
263 326382
264 327393
265 328403
266 329411
267 330418
268 331423
269 332426
270 333429
271 334429
272 335428
273 336426
274 337422
275 338417
276 339410
277 340401
278 341392
279 342380
280 343367
281 344353
282 345337
283 346320
284 347301
285 348281
286 349259
287 350236
288 351212
289 352185
290 353158
291 354129
292 355098
293 356067
294 357033
295 357998
296 358962
297 359924
298 360885
299 361845
300 362803
301 363759
302 364714
303 365668
304 366620
305 367571
306 368520
307 369468
308 370415
309 371360
310 372303
311 373246
312 374186
313 375126
314 376064
315 377000
316 377936
317 378869
318 379802
319 380733
320 381662
321 382591
322 383517
323 384443
324 385367
325 386290
326 387211
327 388131
328 389049
329 389966
330 390882
331 391796
332 392709
333 393621
334 394531
335 395440
336 396348
337 397254
338 398159
339 399062
340 399964
341 400865
342 401764
343 402662
344 403559
345 404454
346 405348
347 406241
348 407132
349 408022
350 408911
351 409798
352 410684
353 411569
354 412452
355 413334
356 414215
357 415094
358 415972
359 416849
360 417724
361 418598
362 419471
363 420342
364 421213
365 422081
366 422949
367 423815
368 424680
369 425544
370 426406
371 427267
372 428127
373 428985
374 429842
375 430698
376 431553
377 432406
378 433258
379 434109
380 434958
381 435807
382 436654
383 437499
384 438344
385 439187
386 440029
387 440869
388 441709
389 442547
390 443383
391 444219
392 445053
393 445886
394 446718
395 447549
396 448378
397 449206
398 450033
399 450858
400 451683
401 452506
402 453328
403 454148
404 454968
405 455786
406 456603
407 457418
408 458233
409 459046
410 459858
411 460669
412 461479
413 462287
414 463094
415 463900
416 464705
417 465509
418 466311
419 467112
420 467912
421 468711
422 469508
423 470305
424 471100
425 471894
426 472686
427 473478
428 474268
429 475057
430 475845
431 476632
432 477418
433 478202
434 478986
435 479768
436 480549
437 481329
438 482107
439 482885
440 483661
441 484436
442 485210
443 485983
444 486754
445 487525
446 488294
447 489062
448 489829
449 490595
450 491360
451 492123
452 492885
453 493647
454 494407
455 495166
456 495924
457 496680
458 497436
459 498190
460 498944
461 499696
462 500447
463 501197
464 501945
465 502693
466 503440
467 504185
468 504929
469 505672
470 506414
471 507155
472 507895
473 508634
474 509371
475 510108
476 510843
477 511578
478 512311
479 513043
480 513774
481 514504
482 515233
483 515960
484 516687
485 517412
486 518137
487 518860
488 519582
489 520304
490 521024
491 521743
492 522461
493 523177
494 523893
495 524608
496 525322
497 526034
498 526746
499 527456
500 528165
501 528874
502 529581
503 530287
504 530992
505 531696
506 532399
507 533101
508 533802
509 534502
510 535201
511 535898
512 536595
513 537291
514 537985
515 538679
516 539371
517 540063
518 540753
519 541442
520 542131
521 542818
522 543504
523 544190
524 544874
525 545557
526 546239
527 546920
528 547601
529 548280
530 548958
531 549635
532 550311
533 550986
534 551660
535 552333
536 553005
537 553676
538 554346
539 555015
540 555683
541 556350
542 557016
543 557681
544 558345
545 559008
546 559670
547 560331
548 560991
549 561650
550 562308
551 562965
552 563621
553 564276
554 564930
555 565583
556 566235
557 566886
558 567537
559 568186
560 568834
561 569481
562 570127
563 570773
564 571417
565 572060
566 572703
567 573344
568 573985
569 574624
570 575263
571 575900
572 576537
573 577173
574 577807
575 578441
576 579074
577 579706
578 580337
579 580967
580 581596
581 582224
582 582851
583 583477
584 584102
585 584727
586 585350
587 585972
588 586594
589 587215
590 587834
591 588453
592 589071
593 589688
594 590303
595 590918
596 591533
597 592146
598 592758
599 593369
600 593980
601 594589
602 595198
603 595805
604 596412
605 597018
606 597623
607 598227
608 598830
609 599432
610 600034
611 600634
612 601233
613 601832
614 602430
615 603027
616 603622
617 604218
618 604812
619 605405
620 605997
621 606589
622 607179
623 607769
624 608358
625 608946
626 609533
627 610119
628 610704
629 611288
630 611872
631 612455
632 613036
633 613617
634 614197
635 614776
636 615355
637 615932
638 616509
639 617084
640 617659
641 618233
642 618806
643 619378
644 619950
645 620520
646 621090
647 621659
648 622226
649 622794
650 623360
651 623925
652 624490
653 625053
654 625616
655 626178
656 626739
657 627300
658 627859
659 628418
660 628976
661 629533
662 630089
663 630644
664 631198
665 631752
666 632305
667 632857
668 633408
669 633958
670 634508
671 635056
672 635604
673 636151
674 636697
675 637243
676 637787
677 638331
678 638874
679 639416
680 639957
681 640498
682 641037
683 641576
684 642114
685 642652
686 643188
687 643724
688 644258
689 644792
690 645326
691 645858
692 646390
693 646920
694 647450
695 647980
696 648508
697 649036
698 649563
699 650089
700 650614
701 651138
702 651662
703 652185
704 652707
705 653228
706 653749
707 654269
708 654788
709 655306
710 655823
711 656340
712 656856
713 657371
714 657885
715 658399
716 658912
717 659424
718 659935
719 660445
720 660955
721 661464
722 661972
723 662480
724 662986
725 663492
726 663997
727 664502
728 665005
729 665508
730 666010
731 666512
732 667012
733 667512
734 668011
735 668510
736 669007
737 669504
738 670000
739 670496
740 670990
741 671484
742 671977
743 672470
744 672961
745 673452
746 673942
747 674432
748 674921
749 675409
750 675896
751 676382
752 676868
753 677353
754 677838
755 678321
756 678804
757 679286
758 679768
759 680248
760 680728
761 681208
762 681686
763 682164
764 682641
765 683118
766 683593
767 684068
768 684542
769 685016
770 685489
771 685961
772 686432
773 686903
774 687373
775 687842
776 688311
777 688779
778 689246
779 689712
780 690178
781 690643
782 691108
783 691571
784 692034
785 692497
786 692958
787 693419
788 693879
789 694339
790 694798
791 695256
792 695713
793 696170
794 696626
795 697082
796 697536
797 697990
798 698444
799 698896
800 699348
801 699800
802 700250
803 700700
804 701150
805 701598
806 702046
807 702493
808 702940
809 703386
810 703831
811 704276
812 704720
813 705163
814 705606
815 706047
816 706489
817 706929
818 707369
819 707809
820 708247
821 708685
822 709122
823 709559
824 709995
825 710430
826 710865
827 711299
828 711732
829 712165
830 712597
831 713029
832 713460
833 713890
834 714319
835 714748
836 715176
837 715604
838 716031
839 716457
840 716883
841 717308
842 717732
843 718156
844 718579
845 719001
846 719423
847 719844
848 720265
849 720685
850 721104
851 721523
852 721941
853 722358
854 722775
855 723191
856 723606
857 724021
858 724436
859 724849
860 725262
861 725675
862 726087
863 726498
864 726908
865 727318
866 727728
867 728136
868 728544
869 728952
870 729359
871 729765
872 730171
873 730576
874 730980
875 731384
876 731787
877 732190
878 732592
879 732993
880 733394
881 733794
882 734194
883 734593
884 734991
885 735389
886 735786
887 736183
888 736579
889 736974
890 737369
891 737764
892 738157
893 738550
894 738943
895 739335
896 739726
897 740117
898 740507
899 740896
900 741285
901 741674
902 742061
903 742449
904 742835
905 743221
906 743607
907 743992
908 744376
909 744760
910 745143
911 745525
912 745907
913 746289
914 746670
915 747050
916 747430
917 747809
918 748187
919 748565
920 748943
921 749320
922 749696
923 750072
924 750447
925 750821
926 751195
927 751569
928 751942
929 752314
930 752686
931 753057
932 753428
933 753798
934 754168
935 754537
936 754905
937 755273
938 755640
939 756007
940 756374
941 756739
942 757104
943 757469
944 757833
945 758197
946 758560
947 758922
948 759284
949 759645
950 760006
951 760366
952 760726
953 761085
954 761444
955 761802
956 762160
957 762517
958 762873
959 763229
960 763584
961 763939
962 764294
963 764648
964 765001
965 765354
966 765706
967 766058
968 766409
969 766759
970 767109
971 767459
972 767808
973 768157
974 768505
975 768852
976 769199
977 769546
978 769892
979 770237
980 770582
981 770926
982 771270
983 771614
984 771956
985 772299
986 772641
987 772982
988 773323
989 773663
990 774003
991 774342
992 774681
993 775019
994 775357
995 775694
996 776031
997 776367
998 776702
999 777038
1000 777372
1001 777707
1002 778040
1003 778373
1004 778706
1005 779038
1006 779370
1007 779701
1008 780032
1009 780362
1010 780692
1011 781021
1012 781350
1013 781678
1014 782006
1015 782333
1016 782660
1017 782986
1018 783312
1019 783637
1020 783962
1021 784286
1022 784610
1023 784933
1024 785256
1025 785578
1026 785900
1027 786222
1028 786543
1029 786863
1030 787183
1031 787502
1032 787821
1033 788140
1034 788458
1035 788775
1036 789093
1037 789409
1038 789725
1039 790041
1040 790356
1041 790671
1042 790985
1043 791299
1044 791612
1045 791925
1046 792237
1047 792549
1048 792861
1049 793171
1050 793482
1051 793792
1052 794101
1053 794411
1054 794719
1055 795027
1056 795335
1057 795642
1058 795949
1059 796255
1060 796561
1061 796867
1062 797171
1063 797476
1064 797780
1065 798084
1066 798387
1067 798689
1068 798991
1069 799293
1070 799595
1071 799895
1072 800196
1073 800496
1074 800795
1075 801094
1076 801393
1077 801691
1078 801989
1079 802286
1080 802583
1081 802879
1082 803175
1083 803470
1084 803765
1085 804060
1086 804354
1087 804648
1088 804941
1089 805234
1090 805526
1091 805818
1092 806110
1093 806401
1094 806691
1095 806981
1096 807271
1097 807560
1098 807849
1099 808138
1100 808426
1101 808713
1102 809001
1103 809287
1104 809574
1105 809859
1106 810145
1107 810430
1108 810714
1109 810999
1110 811282
1111 811566
1112 811848
1113 812131
1114 812413
1115 812694
1116 812976
1117 813256
1118 813537
1119 813817
1120 814096
1121 814375
1122 814654
1123 814932
1124 815210
1125 815487
1126 815764
1127 816041
1128 816317
1129 816593
1130 816868
1131 817143
1132 817417
1133 817691
1134 817965
1135 818238
1136 818511
1137 818784
1138 819056
1139 819327
1140 819599
1141 819869
1142 820140
1143 820410
1144 820679
1145 820948
1146 821217
1147 821486
1148 821754
1149 822021
1150 822288
1151 822555
1152 822822
1153 823087
1154 823353
1155 823618
1156 823883
1157 824147
1158 824411
1159 824675
1160 824938
1161 825201
1162 825463
1163 825725
1164 825987
1165 826248
1166 826509
1167 826769
1168 827029
1169 827289
1170 827548
1171 827807
1172 828066
1173 828324
1174 828581
1175 828839
1176 829096
1177 829352
1178 829608
1179 829864
1180 830120
1181 830375
1182 830629
1183 830884
1184 831137
1185 831391
1186 831644
1187 831897
1188 832149
1189 832401
1190 832653
1191 832904
1192 833155
1193 833405
1194 833655
1195 833905
1196 834154
1197 834403
1198 834652
1199 834900
1200 835148
1201 835395
1202 835642
1203 835889
1204 836135
1205 836381
1206 836627
1207 836872
1208 837117
1209 837362
1210 837606
1211 837850
1212 838093
1213 838336
1214 838579
1215 838821
1216 839063
1217 839305
1218 839546
1219 839787
1220 840027
1221 840267
1222 840507
1223 840746
1224 840986
1225 841224
1226 841463
1227 841701
1228 841938
1229 842175
1230 842412
1231 842649
1232 842885
1233 843121
1234 843356
1235 843592
1236 843826
1237 844061
1238 844295
1239 844529
1240 844762
1241 844995
1242 845228
1243 845460
1244 845692
1245 845924
1246 846155
1247 846386
1248 846617
1249 846847
1250 847077
1251 847306
1252 847535
1253 847764
1254 847993
1255 848221
1256 848449
1257 848676
1258 848904
1259 849130
1260 849357
1261 849583
1262 849809
1263 850034
1264 850259
1265 850484
1266 850709
1267 850933
1268 851156
1269 851380
1270 851603
1271 851826
1272 852048
1273 852270
1274 852492
1275 852713
1276 852935
1277 853155
1278 853376
1279 853596
1280 853816
1281 854035
1282 854254
1283 854473
1284 854691
1285 854910
1286 855127
1287 855345
1288 855562
1289 855779
1290 855995
1291 856211
1292 856427
1293 856643
1294 856858
1295 857073
1296 857287
1297 857502
1298 857716
1299 857929
1300 858142
1301 858355
1302 858568
1303 858780
1304 858992
1305 859204
1306 859415
1307 859626
1308 859837
1309 860047
1310 860258
1311 860467
1312 860677
1313 860886
1314 861095
1315 861303
1316 861511
1317 861719
1318 861927
1319 862134
1320 862341
1321 862548
1322 862754
1323 862960
1324 863166
1325 863371
1326 863576
1327 863781
1328 863986
1329 864190
1330 864394
1331 864597
1332 864801
1333 865003
1334 865206
1335 865408
1336 865611
1337 865812
1338 866014
1339 866215
1340 866416
1341 866616
1342 866816
1343 867016
1344 867216
1345 867415
1346 867614
1347 867813
1348 868011
1349 868210
1350 868407
1351 868605
1352 868802
1353 868999
1354 869196
1355 869392
1356 869588
1357 869784
1358 869979
1359 870175
1360 870370
1361 870564
1362 870758
1363 870952
1364 871146
1365 871340
1366 871533
1367 871726
1368 871918
1369 872110
1370 872302
1371 872494
1372 872685
1373 872877
1374 873067
1375 873258
1376 873448
1377 873638
1378 873828
1379 874017
1380 874206
1381 874395
1382 874584
1383 874772
1384 874960
1385 875148
1386 875335
1387 875522
1388 875709
1389 875896
1390 876082
1391 876268
1392 876454
1393 876639
1394 876824
1395 877009
1396 877194
1397 877378
1398 877562
1399 877746
1400 877930
1401 878113
1402 878296
1403 878479
1404 878661
1405 878843
1406 879025
1407 879207
1408 879388
1409 879569
1410 879750
1411 879930
1412 880111
1413 880290
1414 880470
1415 880650
1416 880829
1417 881008
1418 881186
1419 881365
1420 881543
1421 881721
1422 881898
1423 882075
1424 882252
1425 882429
1426 882606
1427 882782
1428 882958
1429 883134
1430 883309
1431 883484
1432 883659
1433 883834
1434 884008
1435 884182
1436 884356
1437 884530
1438 884703
1439 884876
1440 885049
1441 885221
1442 885394
1443 885566
1444 885738
1445 885909
1446 886080
1447 886251
1448 886422
1449 886593
1450 886763
1451 886933
1452 887103
1453 887272
1454 887441
1455 887610
1456 887779
1457 887947
1458 888116
1459 888284
1460 888451
1461 888619
1462 888786
1463 888953
1464 889120
1465 889286
1466 889452
1467 889618
1468 889784
1469 889949
1470 890114
1471 890279
1472 890444
1473 890609
1474 890773
1475 890937
1476 891100
1477 891264
1478 891427
1479 891590
1480 891753
1481 891915
1482 892078
1483 892240
1484 892401
1485 892563
1486 892724
1487 892885
1488 893046
1489 893207
1490 893367
1491 893527
1492 893687
1493 893846
1494 894006
1495 894165
1496 894324
1497 894482
1498 894641
1499 894799
1500 894957
1501 895114
1502 895272
1503 895429
1504 895586
1505 895743
1506 895899
1507 896056
1508 896212
1509 896367
1510 896523
1511 896678
1512 896833
1513 896988
1514 897143
1515 897297
1516 897452
1517 897605
1518 897759
1519 897913
1520 898066
1521 898219
1522 898372
1523 898524
1524 898677
1525 898829
1526 898981
1527 899132
1528 899284
1529 899435
1530 899586
1531 899737
1532 899887
1533 900037
1534 900187
1535 900337
1536 900487
1537 900636
1538 900785
1539 900934
1540 901083
1541 901231
1542 901380
1543 901528
1544 901676
1545 901823
1546 901971
1547 902118
1548 902265
1549 902411
1550 902558
1551 902704
1552 902850
1553 902996
1554 903142
1555 903287
1556 903432
1557 903577
1558 903722
1559 903866
1560 904011
1561 904155
1562 904299
1563 904442
1564 904586
1565 904729
1566 904872
1567 905015
1568 905157
1569 905300
1570 905442
1571 905584
1572 905726
1573 905867
1574 906009
1575 906150
1576 906290
1577 906431
1578 906572
1579 906712
1580 906852
1581 906992
1582 907131
1583 907271
1584 907410
1585 907549
1586 907688
1587 907826
1588 907965
1589 908103
1590 908241
1591 908379
1592 908516
1593 908653
1594 908791
1595 908927
1596 909064
1597 909201
1598 909337
1599 909473
1600 909609
1601 909745
1602 909880
1603 910015
1604 910150
1605 910285
1606 910420
1607 910554
1608 910689
1609 910823
1610 910957
1611 911090
1612 911224
1613 911357
1614 911490
1615 911623
1616 911756
1617 911888
1618 912020
1619 912152
1620 912284
1621 912416
1622 912548
1623 912679
1624 912810
1625 912941
1626 913071
1627 913202
1628 913332
1629 913462
1630 913592
1631 913722
1632 913851
1633 913981
1634 914110
1635 914239
1636 914368
1637 914496
1638 914624
1639 914753
1640 914881
1641 915008
1642 915136
1643 915263
1644 915391
1645 915518
1646 915644
1647 915771
1648 915897
1649 916024
1650 916150
1651 916276
1652 916401
1653 916527
1654 916652
1655 916777
1656 916902
1657 917027
1658 917151
1659 917276
1660 917400
1661 917524
1662 917648
1663 917771
1664 917895
1665 918018
1666 918141
1667 918264
1668 918387
1669 918509
1670 918632
1671 918754
1672 918876
1673 918997
1674 919119
1675 919240
1676 919362
1677 919483
1678 919604
1679 919724
1680 919845
1681 919965
1682 920085
1683 920205
1684 920325
1685 920445
1686 920564
1687 920683
1688 920802
1689 920921
1690 921040
1691 921158
1692 921277
1693 921395
1694 921513
1695 921631
1696 921748
1697 921866
1698 921983
1699 922100
1700 922217
1701 922334
1702 922451
1703 922567
1704 922683
1705 922799
1706 922915
1707 923031
1708 923146
1709 923262
1710 923377
1711 923492
1712 923607
1713 923722
1714 923836
1715 923950
1716 924065
1717 924179
1718 924292
1719 924406
1720 924520
1721 924633
1722 924746
1723 924859
1724 924972
1725 925084
1726 925197
1727 925309
1728 925421
1729 925533
1730 925645
1731 925757
1732 925868
1733 925979
1734 926090
1735 926201
1736 926312
1737 926423
1738 926533
1739 926644
1740 926754
1741 926864
1742 926973
1743 927083
1744 927192
1745 927302
1746 927411
1747 927520
1748 927629
1749 927737
1750 927846
1751 927954
1752 928062
1753 928170
1754 928278
1755 928386
1756 928493
1757 928601
1758 928708
1759 928815
1760 928922
1761 929028
1762 929135
1763 929241
1764 929347
1765 929453
1766 929559
1767 929665
1768 929771
1769 929876
1770 929981
1771 930087
1772 930191
1773 930296
1774 930401
1775 930505
1776 930610
1777 930714
1778 930818
1779 930922
1780 931025
1781 931129
1782 931232
1783 931336
1784 931439
1785 931542
1786 931644
1787 931747
1788 931849
1789 931952
1790 932054
1791 932156
1792 932258
1793 932359
1794 932461
1795 932562
1796 932664
1797 932765
1798 932866
1799 932966
1800 933067
1801 933167
1802 933268
1803 933368
1804 933468
1805 933568
1806 933668
1807 933767
1808 933867
1809 933966
1810 934065
1811 934164
1812 934263
1813 934361
1814 934460
1815 934558
1816 934657
1817 934755
1818 934853
1819 934950
1820 935048
1821 935146
1822 935243
1823 935340
1824 935437
1825 935534
1826 935631
1827 935728
1828 935824
1829 935920
1830 936017
1831 936113
1832 936208
1833 936304
1834 936400
1835 936495
1836 936591
1837 936686
1838 936781
1839 936876
1840 936971
1841 937065
1842 937160
1843 937254
1844 937348
1845 937442
1846 937536
1847 937630
1848 937724
1849 937817
1850 937910
1851 938004
1852 938097
1853 938190
1854 938282
1855 938375
1856 938467
1857 938560
1858 938652
1859 938744
1860 938836
1861 938928
1862 939020
1863 939111
1864 939203
1865 939294
1866 939385
1867 939476
1868 939567
1869 939658
1870 939748
1871 939839
1872 939929
1873 940019
1874 940109
1875 940199
1876 940289
1877 940378
1878 940468
1879 940557
1880 940646
1881 940736
1882 940825
1883 940913
1884 941002
1885 941091
1886 941179
1887 941267
1888 941356
1889 941444
1890 941531
1891 941619
1892 941707
1893 941794
1894 941882
1895 941969
1896 942056
1897 942143
1898 942230
1899 942317
1900 942403
1901 942490
1902 942576
1903 942662
1904 942748
1905 942834
1906 942920
1907 943006
1908 943091
1909 943177
1910 943262
1911 943347
1912 943432
1913 943517
1914 943602
1915 943687
1916 943771
1917 943856
1918 943940
1919 944024
1920 944108
1921 944192
1922 944276
1923 944359
1924 944443
1925 944526
1926 944610
1927 944693
1928 944776
1929 944859
1930 944941
1931 945024
1932 945107
1933 945189
1934 945271
1935 945353
1936 945435
1937 945517
1938 945599
1939 945681
1940 945762
1941 945844
1942 945925
1943 946006
1944 946087
1945 946168
1946 946249
1947 946330
1948 946410
1949 946491
1950 946571
1951 946651
1952 946731
1953 946811
1954 946891
1955 946971
1956 947050
1957 947130
1958 947209
1959 947289
1960 947368
1961 947447
1962 947526
1963 947604
1964 947683
1965 947762
1966 947840
1967 947918
1968 947996
1969 948075
1970 948152
1971 948230
1972 948308
1973 948386
1974 948463
1975 948540
1976 948618
1977 948695
1978 948772
1979 948849
1980 948926
1981 949002
1982 949079
1983 949155
1984 949232
1985 949308
1986 949384
1987 949460
1988 949536
1989 949611
1990 949687
1991 949763
1992 949838
1993 949913
1994 949988
1995 950064
1996 950139
1997 950213
1998 950288
1999 950363
2000 950437
