1 1500
2 2989
3 4455
4 5899
5 7321
6 8722
7 10102
8 11460
9 12798
10 14116
11 15414
12 16693
13 17952
14 19192
15 20413
16 21616
17 22800
18 23967
19 25116
20 26248
21 27363
22 28460
23 29541
24 30606
25 31655
26 32688
27 33705
28 34707
29 35694
30 36666
31 37623
32 38566
33 39494
34 40409
35 41309
36 42196
37 43070
38 43930
39 44778
40 45612
41 46434
42 47244
43 48041
44 48826
45 49600
46 50361
47 51112
48 51851
49 52578
50 53295
51 54001
52 54696
53 55381
54 56055
55 56719
56 57373
57 58018
58 58652
59 59277
60 59892
61 60499
62 61096
63 61683
64 62263
65 62833
66 63395
67 63948
68 64493
69 65029
70 65558
71 66078
72 66591
73 67096
74 67593
75 68083
76 68565
77 69040
78 69508
79 69969
80 70423
81 70870
82 71310
83 71744
84 72171
85 72592
86 73006
87 73414
88 73816
89 74211
90 74601
91 74985
92 75363
93 75735
94 76102
95 76463
96 76819
97 77169
98 77514
99 77854
100 78189
101 78519
102 78843
103 79163
104 79478
105 79788
106 80093
107 80394
108 80691
109 80982
110 81270
111 81553
112 81832
113 82106
114 82377
115 82643
116 82905
117 83164
118 83418
119 83669
120 83916
121 84159
122 84398
123 84634
124 84866
125 85095
126 85320
127 85542
128 85761
129 85976
130 86188
131 86397
132 86602
133 86805
134 87004
135 87200
136 87394
137 87584
138 87772
139 87957
140 88139
141 88318
142 88495
143 88669
144 88840
145 89009
146 89175
147 89338
148 89499
149 89658
150 89814
151 89968
152 90120
153 90269
154 90416
155 90561
156 90704
157 90844
158 90983
159 91119
160 91253
161 91385
162 91516
163 91644
164 91770
165 91895
166 92017
167 92138
168 92257
169 92374
170 92489
171 92602
172 92714
173 92824
174 92933
175 93040
176 93145
177 93248
178 93350
179 93451
180 93550
181 93647
182 93743
183 93838
184 93931
185 94023
186 94113
187 94202
188 94290
189 94376
190 94461
191 94545
192 94627
193 94708
194 94788
195 94867
196 94945
197 95021
198 95096
199 95171
200 95244
201 95315
202 95386
203 95456
204 95525
205 95592
206 95659
207 95725
208 95789
209 95853
210 95916
211 95977
212 96038
213 96098
214 96157
215 96215
216 96272
217 96329
218 96384
219 96439
220 96493
221 96546
222 96598
223 96649
224 96700
225 96750
226 96799
227 96847
228 96895
229 96942
230 96988
231 97034
232 97078
233 97123
234 97166
235 97209
236 97251
237 97293
238 97334
239 97374
240 97414
241 97453
242 97491
243 97529
244 97566
245 97603
246 97639
247 97675
248 97710
249 97745
250 97779
251 97813
252 97846
253 97878
254 97910
255 97942
256 97973
257 98004
258 98034
259 98064
260 98093
261 98122
262 98150
263 98178
264 98206
265 98233
266 98259
267 98286
268 98312
269 98337
270 98362
271 98387
272 98411
273 98435
274 98459
275 98482
276 98505
277 98528
278 98550
279 98572
280 98594
281 98615
282 98636
283 98657
284 98677
285 98697
286 98717
287 98736
288 98755
289 98774
290 98792
291 98811
292 98829
293 98846
294 98864
295 98881
296 98898
297 98915
298 98931
299 98947
300 98963
301 98979
302 98994
303 99009
304 99024
305 99039
306 99054
307 99068
308 99082
309 99096
310 99110
311 99123
312 99136
313 99149
314 99162
315 99175
316 99187
317 99200
318 99212
319 99224
320 99235
321 99247
322 99258
323 99270
324 99281
325 99292
326 99302
327 99313
328 99323
329 99333
330 99344
331 99353
332 99363
333 99373
334 99382
335 99392
336 99401
337 99410
338 99419
339 99428
340 99436
341 99445
342 99453
343 99462
344 99470
345 99478
346 99486
347 99493
348 99501
349 99509
350 99516
351 99523
352 99531
353 99538
354 99545
355 99552
356 99558
357 99565
358 99572
359 99578
360 99584
361 99591
362 99597
363 99603
364 99609
365 99615
366 99621
367 99627
368 99632
369 99638
370 99643
371 99649
372 99654
373 99659
374 99664
375 99669
376 99674
377 99679
378 99684
379 99689
380 99694
381 99698
382 99703
383 99707
384 99712
385 99716
386 99720
387 99725
388 99729
389 99733
390 99737
391 99741
392 99745
393 99749
394 99753
395 99756
396 99760
397 99764
398 99767
399 99771
400 99774
401 99778
402 99781
403 99784
404 99788
405 99791
406 99794
407 99797
408 99800
409 99803
410 99806
411 99809
412 99812
413 99815
414 99818
415 99820
416 99823
417 99826
418 99828
419 99831
420 99834
421 99836
422 99839
423 99841
424 99844
425 99846
426 99848
427 99851
428 99853
429 99855
430 99857
431 99859
432 99862
433 99864
434 99866
435 99868
436 99870
437 99872
438 99874
439 99876
440 99877
441 99879
442 99881
443 99883
444 99885
445 99886
446 99888
447 99890
448 99892
449 99893
450 99895
451 99896
452 99898
453 99900
454 99901
455 99903
456 99904
457 99906
458 99907
459 99908
460 99910
461 99911
462 99912
463 99914
464 99915
465 99916
466 99918
467 99919
468 99920
469 99921
470 99923
471 99924
472 99925
473 99926
474 99927
475 99928
476 99929
477 99930
478 99932
479 99933
480 99934
481 99935
482 99936
483 99937
484 99938
485 99938
486 99939
487 99940
488 99941
489 99942
490 99943
491 99944
492 99945
493 99946
494 99946
495 99947
496 99948
497 99949
498 99950
499 99950
500 99951
501 99952
502 99953
503 99953
504 99954
505 99955
506 99955
507 99956
508 99957
509 99957
510 99958
511 99959
512 99959
513 99960
514 99961
515 99961
516 99962
517 99962
518 99963
519 99964
520 99964
521 99965
522 99965
523 99966
524 99966
525 99967
526 99967
527 99968
528 99968
529 99969
530 99969
531 99970
532 99970
533 99971
534 99971
535 99972
536 99972
537 99972
538 99973
539 99973
540 99974
541 99974
542 99974
543 99975
544 99975
545 99976
546 99976
547 99976
548 99977
549 99977
550 99977
551 99978
552 99978
553 99978
554 99979
555 99979
556 99979
557 99980
558 99980
559 99980
560 99981
561 99981
562 99981
563 99982
564 99982
565 99982
566 99982
567 99983
568 99983
569 99983
570 99984
571 99984
572 99984
573 99984
574 99985
575 99985
576 99985
577 99985
578 99985
579 99986
580 99986
581 99986
582 99986
583 99987
584 99987
585 99987
586 99987
587 99987
588 99988
589 99988
590 99988
591 99988
592 99988
593 99989
594 99989
595 99989
596 99989
597 99989
598 99989
599 99990
600 99990
601 99990
602 99990
603 99990
604 99990
605 99991
606 99991
607 99991
608 99991
609 99991
610 99991
611 99991
612 99992
613 99992
614 99992
615 99992
616 99992
617 99992
618 99992
619 99992
620 99993
621 99993
622 99993
623 99993
624 99993
625 99993
626 99993
627 99993
628 99993
629 99994
630 99994
631 99994
632 99994
633 99994
634 99994
635 99994
636 99994
637 99994
638 99994
639 99995
640 99995
641 99995
642 99995
643 99995
644 99995
645 99995
646 99995
647 99995
648 99995
649 99995
650 99995
651 99996
652 99996
653 99996
654 99996
655 99996
656 99996
657 99996
658 99996
659 99996
660 99996
661 99996
662 99996
663 99996
664 99996
665 99997
666 99997
667 99997
668 99997
669 99997
670 99997
671 99997
672 99997
673 99997
674 99997
675 99997
676 99997
677 99997
678 99997
679 99997
680 99997
681 99997
682 99997
683 99997
684 99998
685 99998
686 99998
687 99998
688 99998
689 99998
690 99998
691 99998
692 99998
693 99998
694 99998
695 99998
696 99998
697 99998
698 99998
699 99998
700 99998
701 99998
702 99998
703 99998
704 99998
705 99998
706 99998
707 99998
708 99998
709 99998
710 99998
711 99999
712 99999
713 99999
714 99999
715 99999
716 99999
717 99999
718 99999
719 99999
720 99999
721 99999
722 99999
723 99999
724 99999
725 99999
726 99999
727 99999
728 99999
729 99999
730 99999
731 99999
732 99999
733 99999
734 99999
735 99999
736 99999
737 99999
738 99999
739 99999
740 99999
741 99999
742 99999
743 99999
744 99999
745 99999
746 99999
747 99999
748 99999
749 99999
750 99999
751 99999
752 99999
753 99999
754 99999
755 99999
756 99999
757 100000
758 100000
759 100000
760 100000
761 100000
762 100000
763 100000
764 100000
765 100000
766 100000
767 100000
768 100000
769 100000
770 100000
771 100000
772 100000
773 100000
774 100000
775 100000
776 100000
777 100000
778 100000
779 100000
780 100000
781 100000
782 100000
783 100000
784 100000
785 100000
786 100000
787 100000
788 100000
789 100000
790 100000
791 100000
792 100000
793 100000
794 100000
795 100000
796 100000
797 100000
798 100000
799 100000
800 100000
801 100000
802 100000
803 100000
804 100000
805 100000
806 100000
807 100000
808 100000
809 100000
810 100000
811 100000
812 100000
813 100000
814 100000
815 100000
816 100000
817 100000
818 100000
819 100000
820 100000
821 100000
822 100000
823 100000
824 100000
825 100000
826 100000
827 100000
828 100000
829 100000
830 100000
831 100000
832 100000
833 100000
834 100000
835 100000
836 100000
837 100000
838 100000
839 100000
840 100000
841 100000
842 100000
843 100000
844 100000
845 100000
846 100000
847 100000
848 100000
849 100000
850 100000
851 100000
852 100000
853 100000
854 100000
855 100000
856 100000
857 100000
858 100000
859 100000
860 100000
861 100000
862 100000
863 100000
864 100000
865 100000
866 100000
867 100000
868 100000
869 100000
870 100000
871 100000
872 100000
873 100000
874 100000
875 100000
876 100000
877 100000
878 100000
879 100000
880 100000
881 100000
882 100000
883 100000
884 100000
885 100000
886 100000
887 100000
888 100000
889 100000
890 100000
891 100000
892 100000
893 100000
894 100000
895 100000
896 100000
897 100000
898 100000
899 100000
900 100000
901 100000
902 100000
903 100000
904 100000
905 100000
906 100000
907 100000
908 100000
909 100000
910 100000
911 100000
912 100000
913 100000
914 100000
915 100000
916 100000
917 100000
918 100000
919 100000
920 100000
921 100000
922 100000
923 100000
924 100000
925 100000
926 100000
927 100000
928 100000
929 100000
930 100000
931 100000
932 100000
933 100000
934 100000
935 100000
936 100000
937 100000
938 100000
939 100000
940 100000
941 100000
942 100000
943 100000
944 100000
945 100000
946 100000
947 100000
948 100000
949 100000
950 100000
951 100000
952 100000
953 100000
954 100000
955 100000
956 100000
957 100000
958 100000
959 100000
960 100000
961 100000
962 100000
963 100000
964 100000
965 100000
966 100000
967 100000
968 100000
969 100000
970 100000
971 100000
972 100000
973 100000
974 100000
975 100000
976 100000
977 100000
978 100000
979 100000
980 100000
981 100000
982 100000
983 100000
984 100000
985 100000
986 100000
987 100000
988 100000
989 100000
990 100000
991 100000
992 100000
993 100000
994 100000
995 100000
996 100000
997 100000
998 100000
999 100000
1000 100000
1001 100000
1002 100000
1003 100000
1004 100000
1005 100000
1006 100000
1007 100000
1008 100000
1009 100000
1010 100000
1011 100000
1012 100000
1013 100000
1014 100000
1015 100000
1016 100000
1017 100000
1018 100000
1019 100000
1020 100000
1021 100000
1022 100000
1023 100000
1024 100000
1025 100000
1026 100000
1027 100000
1028 100000
1029 100000
1030 100000
1031 100000
1032 100000
1033 100000
1034 100000
1035 100000
1036 100000
1037 100000
1038 100000
1039 100000
1040 100000
1041 100000
1042 100000
1043 100000
1044 100000
1045 100000
1046 100000
1047 100000
1048 100000
1049 100000
1050 100000
1051 100000
1052 100000
1053 100000
1054 100000
1055 100000
1056 100000
1057 100000
1058 100000
1059 100000
1060 100000
1061 100000
1062 100000
1063 100000
1064 100000
1065 100000
1066 100000
1067 100000
1068 100000
1069 100000
1070 100000
1071 100000
1072 100000
1073 100000
1074 100000
1075 100000
1076 100000
1077 100000
1078 100000
1079 100000
1080 100000
1081 100000
1082 100000
1083 100000
1084 100000
1085 100000
1086 100000
1087 100000
1088 100000
1089 100000
1090 100000
1091 100000
1092 100000
1093 100000
1094 100000
1095 100000
1096 100000
1097 100000
1098 100000
1099 100000
1100 100000
1101 100000
1102 100000
1103 100000
1104 100000
1105 100000
1106 100000
1107 100000
1108 100000
1109 100000
1110 100000
1111 100000
1112 100000
1113 100000
1114 100000
1115 100000
1116 100000
1117 100000
1118 100000
1119 100000
1120 100000
1121 100000
1122 100000
1123 100000
1124 100000
1125 100000
1126 100000
1127 100000
1128 100000
1129 100000
1130 100000
1131 100000
1132 100000
1133 100000
1134 100000
1135 100000
1136 100000
1137 100000
1138 100000
1139 100000
1140 100000
1141 100000
1142 100000
1143 100000
1144 100000
1145 100000
1146 100000
1147 100000
1148 100000
1149 100000
1150 100000
1151 100000
1152 100000
1153 100000
1154 100000
1155 100000
1156 100000
1157 100000
1158 100000
1159 100000
1160 100000
1161 100000
1162 100000
1163 100000
1164 100000
1165 100000
1166 100000
1167 100000
1168 100000
1169 100000
1170 100000
1171 100000
1172 100000
1173 100000
1174 100000
1175 100000
1176 100000
1177 100000
1178 100000
1179 100000
1180 100000
1181 100000
1182 100000
1183 100000
1184 100000
1185 100000
1186 100000
1187 100000
1188 100000
1189 100000
1190 100000
1191 100000
1192 100000
1193 100000
1194 100000
1195 100000
1196 100000
1197 100000
1198 100000
1199 100000
1200 100000
1201 100000
1202 100000
1203 100000
1204 100000
1205 100000
1206 100000
1207 100000
1208 100000
1209 100000
1210 100000
1211 100000
1212 100000
1213 100000
1214 100000
1215 100000
1216 100000
1217 100000
1218 100000
1219 100000
1220 100000
1221 100000
1222 100000
1223 100000
1224 100000
1225 100000
1226 100000
1227 100000
1228 100000
1229 100000
1230 100000
1231 100000
1232 100000
1233 100000
1234 100000
1235 100000
1236 100000
1237 100000
1238 100000
1239 100000
1240 100000
1241 100000
1242 100000
1243 100000
1244 100000
1245 100000
1246 100000
1247 100000
1248 100000
1249 100000
1250 100000
1251 100000
1252 100000
1253 100000
1254 100000
1255 100000
1256 100000
1257 100000
1258 100000
1259 100000
1260 100000
1261 100000
1262 100000
1263 100000
1264 100000
1265 100000
1266 100000
1267 100000
1268 100000
1269 100000
1270 100000
1271 100000
1272 100000
1273 100000
1274 100000
1275 100000
1276 100000
1277 100000
1278 100000
1279 100000
1280 100000
1281 100000
1282 100000
1283 100000
1284 100000
1285 100000
1286 100000
1287 100000
1288 100000
1289 100000
1290 100000
1291 100000
1292 100000
1293 100000
1294 100000
1295 100000
1296 100000
1297 100000
1298 100000
1299 100000
1300 100000
1301 100000
1302 100000
1303 100000
1304 100000
1305 100000
1306 100000
1307 100000
1308 100000
1309 100000
1310 100000
1311 100000
1312 100000
1313 100000
1314 100000
1315 100000
1316 100000
1317 100000
1318 100000
1319 100000
1320 100000
1321 100000
1322 100000
1323 100000
1324 100000
1325 100000
1326 100000
1327 100000
1328 100000
1329 100000
1330 100000
1331 100000
1332 100000
1333 100000
1334 100000
1335 100000
1336 100000
1337 100000
1338 100000
1339 100000
1340 100000
1341 100000
1342 100000
1343 100000
1344 100000
1345 100000
1346 100000
1347 100000
1348 100000
1349 100000
1350 100000
1351 100000
1352 100000
1353 100000
1354 100000
1355 100000
1356 100000
1357 100000
1358 100000
1359 100000
1360 100000
1361 100000
1362 100000
1363 100000
1364 100000
1365 100000
1366 100000
1367 100000
1368 100000
1369 100000
1370 100000
1371 100000
1372 100000
1373 100000
1374 100000
1375 100000
1376 100000
1377 100000
1378 100000
1379 100000
1380 100000
1381 100000
1382 100000
1383 100000
1384 100000
1385 100000
1386 100000
1387 100000
1388 100000
1389 100000
1390 100000
1391 100000
1392 100000
1393 100000
1394 100000
1395 100000
1396 100000
1397 100000
1398 100000
1399 100000
1400 100000
1401 100000
1402 100000
1403 100000
1404 100000
1405 100000
1406 100000
1407 100000
1408 100000
1409 100000
1410 100000
1411 100000
1412 100000
1413 100000
1414 100000
1415 100000
1416 100000
1417 100000
1418 100000
1419 100000
1420 100000
1421 100000
1422 100000
1423 100000
1424 100000
1425 100000
1426 100000
1427 100000
1428 100000
1429 100000
1430 100000
1431 100000
1432 100000
1433 100000
1434 100000
1435 100000
1436 100000
1437 100000
1438 100000
1439 100000
1440 100000
1441 100000
1442 100000
1443 100000
1444 100000
1445 100000
1446 100000
1447 100000
1448 100000
1449 100000
1450 100000
1451 100000
1452 100000
1453 100000
1454 100000
1455 100000
1456 100000
1457 100000
1458 100000
1459 100000
1460 100000
1461 100000
1462 100000
1463 100000
1464 100000
1465 100000
1466 100000
1467 100000
1468 100000
1469 100000
1470 100000
1471 100000
1472 100000
1473 100000
1474 100000
1475 100000
1476 100000
1477 100000
1478 100000
1479 100000
1480 100000
1481 100000
1482 100000
1483 100000
1484 100000
1485 100000
1486 100000
1487 100000
1488 100000
1489 100000
1490 100000
1491 100000
1492 100000
1493 100000
1494 100000
1495 100000
1496 100000
1497 100000
1498 100000
1499 100000
1500 100000
1501 100000
1502 100000
1503 100000
1504 100000
1505 100000
1506 100000
1507 100000
1508 100000
1509 100000
1510 100000
1511 100000
1512 100000
1513 100000
1514 100000
1515 100000
1516 100000
1517 100000
1518 100000
1519 100000
1520 100000
1521 100000
1522 100000
1523 100000
1524 100000
1525 100000
1526 100000
1527 100000
1528 100000
1529 100000
1530 100000
1531 100000
1532 100000
1533 100000
1534 100000
1535 100000
1536 100000
1537 100000
1538 100000
1539 100000
1540 100000
1541 100000
1542 100000
1543 100000
1544 100000
1545 100000
1546 100000
1547 100000
1548 100000
1549 100000
1550 100000
1551 100000
1552 100000
1553 100000
1554 100000
1555 100000
1556 100000
1557 100000
1558 100000
1559 100000
1560 100000
1561 100000
1562 100000
1563 100000
1564 100000
1565 100000
1566 100000
1567 100000
1568 100000
1569 100000
1570 100000
1571 100000
1572 100000
1573 100000
1574 100000
1575 100000
1576 100000
1577 100000
1578 100000
1579 100000
1580 100000
1581 100000
1582 100000
1583 100000
1584 100000
1585 100000
1586 100000
1587 100000
1588 100000
1589 100000
1590 100000
1591 100000
1592 100000
1593 100000
1594 100000
1595 100000
1596 100000
1597 100000
1598 100000
1599 100000
1600 100000
1601 100000
1602 100000
1603 100000
1604 100000
1605 100000
1606 100000
1607 100000
1608 100000
1609 100000
1610 100000
1611 100000
1612 100000
1613 100000
1614 100000
1615 100000
1616 100000
1617 100000
1618 100000
1619 100000
1620 100000
1621 100000
1622 100000
1623 100000
1624 100000
1625 100000
1626 100000
1627 100000
1628 100000
1629 100000
1630 100000
1631 100000
1632 100000
1633 100000
1634 100000
1635 100000
1636 100000
1637 100000
1638 100000
1639 100000
1640 100000
1641 100000
1642 100000
1643 100000
1644 100000
1645 100000
1646 100000
1647 100000
1648 100000
1649 100000
1650 100000
1651 100000
1652 100000
1653 100000
1654 100000
1655 100000
1656 100000
1657 100000
1658 100000
1659 100000
1660 100000
1661 100000
1662 100000
1663 100000
1664 100000
1665 100000
1666 100000
1667 100000
1668 100000
1669 100000
1670 100000
1671 100000
1672 100000
1673 100000
1674 100000
1675 100000
1676 100000
1677 100000
1678 100000
1679 100000
1680 100000
1681 100000
1682 100000
1683 100000
1684 100000
1685 100000
1686 100000
1687 100000
1688 100000
1689 100000
1690 100000
1691 100000
1692 100000
1693 100000
1694 100000
1695 100000
1696 100000
1697 100000
1698 100000
1699 100000
1700 100000
1701 100000
1702 100000
1703 100000
1704 100000
1705 100000
1706 100000
1707 100000
1708 100000
1709 100000
1710 100000
1711 100000
1712 100000
1713 100000
1714 100000
1715 100000
1716 100000
1717 100000
1718 100000
1719 100000
1720 100000
1721 100000
1722 100000
1723 100000
1724 100000
1725 100000
1726 100000
1727 100000
1728 100000
1729 100000
1730 100000
1731 100000
1732 100000
1733 100000
1734 100000
1735 100000
1736 100000
1737 100000
1738 100000
1739 100000
1740 100000
1741 100000
1742 100000
1743 100000
1744 100000
1745 100000
1746 100000
1747 100000
1748 100000
1749 100000
1750 100000
1751 100000
1752 100000
1753 100000
1754 100000
1755 100000
1756 100000
1757 100000
1758 100000
1759 100000
1760 100000
1761 100000
1762 100000
1763 100000
1764 100000
1765 100000
1766 100000
1767 100000
1768 100000
1769 100000
1770 100000
1771 100000
1772 100000
1773 100000
1774 100000
1775 100000
1776 100000
1777 100000
1778 100000
1779 100000
1780 100000
1781 100000
1782 100000
1783 100000
1784 100000
1785 100000
1786 100000
1787 100000
1788 100000
1789 100000
1790 100000
1791 100000
1792 100000
1793 100000
1794 100000
1795 100000
1796 100000
1797 100000
1798 100000
1799 100000
1800 100000
1801 100000
1802 100000
1803 100000
1804 100000
1805 100000
1806 100000
1807 100000
1808 100000
1809 100000
1810 100000
1811 100000
1812 100000
1813 100000
1814 100000
1815 100000
1816 100000
1817 100000
1818 100000
1819 100000
1820 100000
1821 100000
1822 100000
1823 100000
1824 100000
1825 100000
1826 100000
1827 100000
1828 100000
1829 100000
1830 100000
1831 100000
1832 100000
1833 100000
1834 100000
1835 100000
1836 100000
1837 100000
1838 100000
1839 100000
1840 100000
1841 100000
1842 100000
1843 100000
1844 100000
1845 100000
1846 100000
1847 100000
1848 100000
1849 100000
1850 100000
1851 100000
1852 100000
1853 100000
1854 100000
1855 100000
1856 100000
1857 100000
1858 100000
1859 100000
1860 100000
1861 100000
1862 100000
1863 100000
1864 100000
1865 100000
1866 100000
1867 100000
1868 100000
1869 100000
1870 100000
1871 100000
1872 100000
1873 100000
1874 100000
1875 100000
1876 100000
1877 100000
1878 100000
1879 100000
1880 100000
1881 100000
1882 100000
1883 100000
1884 100000
1885 100000
1886 100000
1887 100000
1888 100000
1889 100000
1890 100000
1891 100000
1892 100000
1893 100000
1894 100000
1895 100000
1896 100000
1897 100000
1898 100000
1899 100000
1900 100000
1901 100000
1902 100000
1903 100000
1904 100000
1905 100000
1906 100000
1907 100000
1908 100000
1909 100000
1910 100000
1911 100000
1912 100000
1913 100000
1914 100000
1915 100000
1916 100000
1917 100000
1918 100000
1919 100000
1920 100000
1921 100000
1922 100000
1923 100000
1924 100000
1925 100000
1926 100000
1927 100000
1928 100000
1929 100000
1930 100000
1931 100000
1932 100000
1933 100000
1934 100000
1935 100000
1936 100000
1937 100000
1938 100000
1939 100000
1940 100000
1941 100000
1942 100000
1943 100000
1944 100000
1945 100000
1946 100000
1947 100000
1948 100000
1949 100000
1950 100000
1951 100000
1952 100000
1953 100000
1954 100000
1955 100000
1956 100000
1957 100000
1958 100000
1959 100000
1960 100000
1961 100000
1962 100000
1963 100000
1964 100000
1965 100000
1966 100000
1967 100000
1968 100000
1969 100000
1970 100000
1971 100000
1972 100000
1973 100000
1974 100000
1975 100000
1976 100000
1977 100000
1978 100000
1979 100000
1980 100000
1981 100000
1982 100000
1983 100000
1984 100000
1985 100000
1986 100000
1987 100000
1988 100000
1989 100000
1990 100000
1991 100000
1992 100000
1993 100000
1994 100000
1995 100000
1996 100000
1997 100000
1998 100000
1999 100000
2000 100000
