0.185546875 1
0.2435302734375 2
0.24658203125 3
0.2578125 4
0.33984375 5
0.36376953125 6
0.37109375 7
0.37890625 8
0.443115234375 9
0.474609375 10
0.48974609375 11
0.494140625 12
0.515625 13
0.541015625 14
0.5419921875 15
0.591796875 16
0.650390625 17
0.65625 18
0.70068359375 19
0.796875 20
0.80810546875 21
0.81884765625 22
0.83203125 23
0.875 24
0.97265625 25
0.9794921875 26
0.982421875 27
1.005859375 28
1.046875 29
1.1121826171875 30
1.11328125 31
1.16015625 32
1.25390625 33
1.255859375 34
1.2578125 35
1.494140625 36
1.58984375 37
1.59832763671875 38
1.69970703125 39
1.798828125 40
1.8046875 41
1.953125 42
2.05078125 43
2.09765625 44
2.3271484375 45
2.35546875 46
2.486328125 47
2.587890625 48
2.6513671875 49
2.6873779296875 50
2.86328125 51
2.9756853580474854 52
3.059326171875 53
3.1558837890625 54
3.1796875 55
3.1875 56
3.220703125 57
3.458984375 58
3.578125 59
3.6953125 60
3.7191162109375 61
3.799560546875 62
4.275390625 63
4.5205078125 64
4.54150390625 65
4.56396484375 66
4.599609375 67
5.0029296875 68
5.03515625 69
5.08251953125 70
5.42578125 71
5.693359375 72
6.466796875 73
6.87109375 74
6.91796875 75
7.0458984375 76
7.212890625 77
7.22265625 78
8.001953125 79
8.5595703125 80
9.359375 81
9.4375 82
9.5390625 83
9.833984375 84
9.865234375 85
9.9765625 86
10.724609375 87
11.080078125 88
11.505859375 89
11.978515625 90
12.322265625 91
12.634765625 92
13.681640625 93
13.869140625 94
14.17529296875 95
14.4375 96
15.0263671875 97
15.06689453125 98
15.2890625 99
15.8046875 100
16.60546875 101
18.275390625 102
18.4296875 103
18.6884765625 104
19.39306640625 105
19.703125 106
20.1875 107
20.66796875 108
21.140625 109
21.3046875 110
21.830078125 111
23.8291015625 112
24.2734375 113
25.4189453125 114
25.855224609375 115
26.376953125 116
26.603515625 117
26.6474609375 118
26.72467041015625 119
27.146484375 120
27.3935546875 121
27.68115234375 122
29.486328125 123
29.754638671875 124
30.767578125 125
31.505859375 126
32.43505859375 127
32.76171875 128
34.876953125 129
35.2421875 130
38.3310546875 131
40.85302734375 132
41.255859375 133
41.376953125 134
44.1962890625 135
45.908203125 136
46.4140625 137
47.407958984375 138
48.369140625 139
48.78515625 140
52.125 141
62.248046875 142
64.05859375 143
64.3408203125 144
68.451171875 145
68.5078125 146
81.62109375 147
82.640625 148
83.7802734375 149
88.51171875 150
88.77734375 151
96.931640625 152
98.859375 153
104.826171875 154
105.1064453125 155
108.439453125 156
140.012939453125 157
169.748046875 158
