0.1474609375 1
0.15130615234375 2
0.15576171875 3
0.166015625 4
0.1796875 5
0.185546875 6
0.54278564453125 7
0.78125 8
0.904296875 9
0.95263671875 10
1.00390625 11
1.0771484375 12
1.1533203125 13
1.181640625 14
1.283203125 15
1.369140625 16
1.52490234375 17
1.569091796875 18
1.59765625 19
1.62939453125 20
1.71490478515625 21
1.724609375 22
1.73828125 23
1.7578125 24
1.80078125 25
2.236328125 26
2.2412109375 27
2.337890625 28
2.5517578125 29
2.587890625 30
2.7265625 31
2.75390625 32
2.873046875 33
2.962890625 34
3.06640625 35
3.171875 36
3.2286376953125 37
3.4471435546875 38
3.562744140625 39
3.65625 40
3.8974609375 41
3.9271240234375 42
3.966796875 43
4.880859375 44
4.943359375 45
5.0892333984375 46
5.388671875 47
5.62890625 48
5.73974609375 49
5.939453125 50
6.0927734375 51
6.140625 52
6.275390625 53
6.314453125 54
6.4189453125 55
6.515625 56
6.544921875 57
6.65234375 58
6.72265625 59
7.025390625 60
7.041015625 61
7.44921875 62
7.51171875 63
7.62109375 64
7.74609375 65
7.86932373046875 66
7.923828125 67
7.9931640625 68
7.998046875 69
8.167236328125 70
8.256591796875 71
8.39453125 72
8.509765625 73
8.5498046875 74
8.89453125 75
8.93359375 76
8.9599609375 77
9.4375 78
9.75927734375 79
9.92578125 80
9.931640625 81
10.19140625 82
10.50048828125 83
10.5908203125 84
10.7734375 85
11.076171875 86
11.111328125 87
11.302734375 88
11.3505859375 89
11.5068359375 90
11.541015625 91
11.669921875 92
11.748046875 93
11.9453125 94
11.9599609375 95
12.0390625 96
13.1943359375 97
13.3671875 98
13.501953125 99
13.671630859375 100
13.6748046875 101
13.73046875 102
14.50439453125 103
14.663818359375 104
14.674560546875 105
14.83203125 106
16.3994140625 107
16.73828125 108
16.75390625 109
17.126708984375 110
17.510498046875 111
17.587890625 112
17.83251953125 113
19.00390625 114
19.13671875 115
19.658203125 116
19.966796875 117
20.71484375 118
22.75 119
24.392578125 120
25.005859375 121
27.1787109375 122
27.23583984375 123
27.5347900390625 124
28.013671875 125
29.3662109375 126
30.37158203125 127
30.767578125 128
32.6435546875 129
34.1640625 130
36.90625 131
37.0146484375 132
37.324462890625 133
37.390625 134
37.8125 135
38.44140625 136
38.720703125 137
39.7080078125 138
41.107421875 139
41.3984375 140
42.7958984375 141
43.33099365234375 142
45.845703125 143
46.83984375 144
49.0052490234375 145
51.40380859375 146
52.521484375 147
53.47265625 148
53.6171875 149
54.7626953125 150
54.900390625 151
59.0859375 152
59.1015625 153
61.412109375 154
62.3502197265625 155
66.5888671875 156
68.335205078125 157
75.080078125 158
75.31640625 159
76.287109375 160
82.495849609375 161
83.966796875 162
102.62890625 163
102.802734375 164
113.01129150390625 165
119.775390625 166
134.853515625 167
144.6875 168
149.5419921875 169
156.994140625 170
162.23388671875 171
162.26953125 172
238.53125 173
