0.1708984375 1
0.1815185546875 2
0.189453125 3
0.193359375 4
0.208984375 5
0.21484375 6
0.248046875 7
0.25604248046875 8
0.276123046875 9
0.28125 10
0.3740234375 11
0.396484375 12
0.4140625 13
0.4169921875 14
0.4296875 15
0.4296875 16
0.4716796875 17
0.51544189453125 18
0.57470703125 19
0.5830078125 20
0.626953125 21
0.6416015625 22
0.6474609375 23
0.7421875 24
0.78662109375 25
0.79296875 26
0.80029296875 27
0.8076171875 28
0.826171875 29
0.84619140625 30
0.85791015625 31
0.896484375 32
0.8984375 33
0.90625 34
0.90625 35
0.9228515625 36
0.95703125 37
0.994140625 38
0.998046875 39
1.001953125 40
1.01263427734375 41
1.06005859375 42
1.109375 43
1.12109375 44
1.154296875 45
1.23828125 46
1.24658203125 47
1.3955078125 48
1.408203125 49
1.5869140625 50
1.62060546875 51
1.68017578125 52
1.72265625 53
1.724609375 54
1.7265625 55
1.732421875 56
1.73291015625 57
1.769287109375 58
1.78125 59
1.8046875 60
1.830078125 61
1.90625 62
1.907470703125 63
2.0947265625 64
2.1982421875 65
2.317626953125 66
2.53515625 67
2.537109375 68
2.556640625 69
2.7119140625 70
2.72265625 71
2.728515625 72
2.736328125 73
2.83135986328125 74
2.853515625 75
2.8564453125 76
2.90625 77
2.9853515625 78
3.033203125 79
3.10302734375 80
3.154296875 81
3.158203125 82
3.24609375 83
3.24755859375 84
3.259765625 85
3.330078125 86
3.337890625 87
3.351806640625 88
3.4169921875 89
3.455078125 90
3.509765625 91
3.5234375 92
3.546875 93
3.562714099884033 94
3.748046875 95
3.765625 96
3.8037109375 97
4.35791015625 98
4.3818359375 99
4.40234375 100
4.41796875 101
4.44921875 102
4.485107421875 103
4.60498046875 104
4.63330078125 105
4.71875 106
4.7529296875 107
4.90673828125 108
4.953125 109
4.9921875 110
5.015625 111
5.090576171875 112
5.1298828125 113
5.173828125 114
5.541015625 115
6.01171875 116
6.1484375 117
6.166015625 118
6.1806640625 119
6.37109375 120
6.47265625 121
6.5703125 122
6.611328125 123
6.6181640625 124
6.6865234375 125
6.765625 126
6.91796875 127
6.9375 128
7.048828125 129
7.0771484375 130
7.154296875 131
7.162109375 132
7.169921875 133
7.353515625 134
7.366943359375 135
7.65625 136
7.7490234375 137
7.787109375 138
7.947265625 139
8.015625 140
8.166015625 141
8.19140625 142
8.197265625 143
8.34765625 144
8.400390625 145
8.447265625 146
8.533203125 147
8.744140625 148
8.830078125 149
9.048828125 150
9.24609375 151
9.2646484375 152
9.33203125 153
9.5009765625 154
9.6591796875 155
9.717041015625 156
9.76385498046875 157
9.83203125 158
9.974609375 159
10.0185546875 160
10.171875 161
10.18896484375 162
10.4619140625 163
10.47265625 164
10.50390625 165
10.5234375 166
10.5546875 167
10.572265625 168
10.6796875 169
10.94921875 170
10.9619140625 171
11.076171875 172
11.3203125 173
11.359375 174
11.400390625 175
11.44140625 176
11.53125 177
11.990234375 178
12.126953125 179
12.32421875 180
12.5396728515625 181
12.54541015625 182
12.5859375 183
12.73828125 184
13.02734375 185
13.11328125 186
13.169921875 187
13.345703125 188
13.9283447265625 189
14.4296875 190
14.453125 191
14.66015625 192
15.28662109375 193
15.453125 194
15.505859375 195
15.564453125 196
15.828125 197
16.12109375 198
16.6865234375 199
16.833984375 200
16.939453125 201
17.2529296875 202
17.51171875 203
17.91015625 204
18.15234375 205
18.1904296875 206
18.215576171875 207
18.283203125 208
18.373046875 209
18.7197265625 210
18.80419921875 211
18.875 212
19.009765625 213
19.158203125 214
19.5654296875 215
19.6279296875 216
19.6298828125 217
20.583984375 218
20.646484375 219
20.9609375 220
21.04296875 221
21.056640625 222
21.220703125 223
21.232421875 224
22.224609375 225
22.6123046875 226
23.31689453125 227
23.3907470703125 228
24.7099609375 229
24.9892578125 230
25.25390625 231
25.865234375 232
26.181640625 233
26.28125 234
26.79296875 235
26.87896728515625 236
27.17138671875 237
27.337890625 238
27.6578369140625 239
29.833984375 240
30.1708984375 241
30.4423828125 242
30.53125 243
30.56640625 244
30.88714599609375 245
31.26025390625 246
31.705078125 247
32.791015625 248
33.1875 249
33.45166015625 250
33.66357421875 251
34.734375 252
34.79296875 253
34.900390625 254
35.23974609375 255
35.41943359375 256
35.486328125 257
37.8564453125 258
37.90234375 259
37.9375 260
38.61328125 261
38.982421875 262
39.08203125 263
39.4716796875 264
39.6435546875 265
41.98828125 266
42.390625 267
42.9169921875 268
43.2333984375 269
44.04541015625 270
46.08984375 271
46.59765625 272
46.8447265625 273
46.953125 274
47.265625 275
48.35546875 276
48.5390625 277
48.70361328125 278
48.76953125 279
51.376953125 280
52.20068359375 281
53.63043212890625 282
54.009765625 283
56.123046875 284
57.2421875 285
59.541015625 286
59.58984375 287
59.93017578125 288
60.5966796875 289
63.62841796875 290
63.7392578125 291
64.4649658203125 292
65.3515625 293
65.42236328125 294
68.6376953125 295
69.5 296
70.47265625 297
71.380859375 298
72.14300537109375 299
72.166015625 300
72.400390625 301
74.525390625 302
74.794921875 303
74.873046875 304
76.0078125 305
78.734375 306
80.740234375 307
80.806640625 308
87.32373046875 309
91.986328125 310
100.59814453125 311
101.451171875 312
111.3173828125 313
113.25439453125 314
120.9140625 315
128.607421875 316
130.92459106445313 317
132.244140625 318
146.8525390625 319
156.828125 320
161.814453125 321
177.326171875 322
185.630859375 323
191.2939453125 324
192.318359375 325
213.521484375 326
217.2421875 327
220.2822265625 328
273.9111328125 329
276.5029296875 330
