0.19287109375 1
0.20751953125 2
0.23046875 3
0.2431640625 4
0.24365234375 5
0.248291015625 6
0.251708984375 7
0.25732421875 8
0.2666015625 9
0.27197265625 10
0.28173828125 11
0.282470703125 12
0.2880859375 13
0.3349609375 14
0.34033203125 15
0.349609375 16
0.3525390625 17
0.37109375 18
0.3818359375 19
0.48974609375 20
0.52001953125 21
0.525390625 22
0.564453125 23
0.57080078125 24
0.59814453125 25
0.608551025390625 26
0.656982421875 27
0.7412109375 28
0.755859375 29
0.84716796875 30
0.884765625 31
0.890625 32
0.958984375 33
1.0634765625 34
1.22998046875 35
1.23992919921875 36
1.250244140625 37
1.262939453125 38
1.396484375 39
1.4140625 40
1.4588623046875 41
1.458984375 42
1.515625 43
1.5234375 44
1.5302734375 45
1.541015625 46
1.5849609375 47
1.70703125 48
1.720703125 49
1.724609375 50
1.7265625 51
1.7493267059326172 52
1.83203125 53
1.90380859375 54
2.045654296875 55
2.096923828125 56
2.17333984375 57
2.182373046875 58
2.2197265625 59
2.220458984375 60
2.220703125 61
2.338623046875 62
2.41357421875 63
2.4189453125 64
2.533447265625 65
2.556640625 66
2.6259765625 67
2.662109375 68
2.69384765625 69
2.850830078125 70
2.8876953125 71
2.982421875 72
3.001953125 73
3.0517578125 74
3.22607421875 75
3.25830078125 76
3.33837890625 77
3.4130859375 78
3.4267578125 79
3.4892578125 80
3.58984375 81
3.63037109375 82
3.65283203125 83
3.8037109375 84
3.865234375 85
3.8844680786132813 86
3.9541015625 87
3.969482421875 88
3.99365234375 89
4.02978515625 90
4.0908203125 91
4.18359375 92
4.373046875 93
4.54052734375 94
4.696044921875 95
4.962890625 96
5.013671875 97
5.2021484375 98
5.218017578125 99
5.224853515625 100
5.3203125 101
5.359375 102
5.37744140625 103
5.56640625 104
5.68115234375 105
5.8134765625 106
5.8349609375 107
6.091552734375 108
6.24462890625 109
6.3798828125 110
6.43359375 111
6.4951171875 112
6.5009765625 113
6.64697265625 114
6.76953125 115
6.9091796875 116
7.03662109375 117
7.04931640625 118
7.2001953125 119
7.2421875 120
7.2783203125 121
7.287109375 122
7.37109375 123
7.42626953125 124
7.7734375 125
8.0283203125 126
8.140625 127
8.18701171875 128
8.296875 129
8.318359375 130
8.34771728515625 131
8.3486328125 132
8.568359375 133
8.640625 134
8.6728515625 135
9.142578125 136
9.24609375 137
9.2705078125 138
9.2802734375 139
9.3929443359375 140
9.39453125 141
9.544921875 142
9.546875 143
10.35382080078125 144
10.45166015625 145
11.068359375 146
11.154296875 147
11.205322265625 148
11.2236328125 149
11.548828125 150
12.2001953125 151
12.453125 152
12.8291015625 153
12.95849609375 154
13.1572265625 155
13.244873046875 156
13.414794921875 157
13.7119140625 158
13.98046875 159
14.2275390625 160
14.3291015625 161
14.40087890625 162
14.849609375 163
15.224609375 164
15.755859375 165
15.8037109375 166
15.81298828125 167
15.837890625 168
15.95703125 169
16.062255859375 170
16.25390625 171
16.5009765625 172
17.12109375 173
17.203125 174
17.32763671875 175
17.460723876953125 176
17.6787109375 177
18.08984375 178
18.3037109375 179
18.715087890625 180
18.76416015625 181
19.23974609375 182
19.3046875 183
19.37939453125 184
19.74609375 185
19.892578125 186
19.9189453125 187
20.7691650390625 188
20.857666015625 189
21.5947265625 190
21.7421875 191
21.8896484375 192
22.18408203125 193
22.2255859375 194
22.41015625 195
22.5263671875 196
22.58203125 197
22.64111328125 198
22.72265625 199
23.236328125 200
23.828125 201
24.1845703125 202
24.63330078125 203
25.501953125 204
25.6953125 205
25.9384765625 206
26.125 207
26.71533203125 208
26.72314453125 209
27.98046875 210
28.38427734375 211
28.404296875 212
28.591796875 213
28.607421875 214
28.60791015625 215
28.7109375 216
29.90380859375 217
30.947265625 218
31.5703125 219
31.743408203125 220
31.98828125 221
32.45458984375 222
32.783203125 223
33.333984375 224
33.89263916015625 225
34.041259765625 226
34.099853515625 227
34.1982421875 228
34.9228515625 229
35.0791015625 230
35.2236328125 231
35.2255859375 232
35.269287109375 233
35.73681640625 234
35.7548828125 235
35.8271484375 236
35.85546875 237
36.718505859375 238
36.7802734375 239
37.69921875 240
37.75439453125 241
38.529052734375 242
38.573974609375 243
38.5849609375 244
40.20794677734375 245
41.4658203125 246
41.642578125 247
42.685302734375 248
44.05615234375 249
44.248046875 250
44.678741455078125 251
45.67578125 252
45.80224609375 253
45.88623046875 254
46.26611328125 255
46.994140625 256
47.27392578125 257
49.41015625 258
49.56494140625 259
50.697265625 260
51.7333984375 261
51.77392578125 262
53.88818359375 263
53.931640625 264
54.074951171875 265
56.8046875 266
57.22607421875 267
59.4033203125 268
59.984375 269
60.8330078125 270
62.734130859375 271
63.47412109375 272
63.87109375 273
63.955078125 274
65.70654296875 275
68.1669921875 276
68.3037109375 277
68.44091796875 278
70.41845703125 279
71.110107421875 280
71.87890625 281
72.23046875 282
72.697265625 283
73.2236328125 284
73.4404296875 285
73.4912109375 286
74.65625 287
81.2855224609375 288
83.6318359375 289
85.7734375 290
85.85546875 291
86.0111083984375 292
87.27490234375 293
87.8427734375 294
88.3818359375 295
89.43505859375 296
92.66064453125 297
97.17184448242188 298
97.2003173828125 299
98.693115234375 300
99.900390625 301
100.2474365234375 302
103.8017578125 303
106.97216796875 304
107.20166015625 305
109.6572265625 306
109.68310546875 307
117.65283203125 308
118.4462890625 309
130.7841796875 310
132.287109375 311
141.90625 312
154.99609375 313
155.203125 314
158.021484375 315
161.62451171875 316
182.5322265625 317
193.2666015625 318
208.6123046875 319
249.2001953125 320
263.37451171875 321
274.58203125 322
