0.19287109375 1
0.23046875 2
0.2431640625 3
0.24365234375 4
0.25732421875 5
0.2666015625 6
0.27197265625 7
0.28173828125 8
0.34033203125 9
0.349609375 10
0.3525390625 11
0.37109375 12
0.48974609375 13
0.52001953125 14
0.525390625 15
0.57080078125 16
0.59814453125 17
0.608551025390625 18
0.656982421875 19
0.7412109375 20
0.84716796875 21
0.884765625 22
0.890625 23
0.958984375 24
1.0634765625 25
1.22998046875 26
1.23992919921875 27
1.250244140625 28
1.262939453125 29
1.396484375 30
1.4140625 31
1.4588623046875 32
1.458984375 33
1.515625 34
1.5234375 35
1.5302734375 36
1.541015625 37
1.5849609375 38
1.7493267059326172 39
2.096923828125 40
2.220458984375 41
2.338623046875 42
2.41357421875 43
2.4189453125 44
2.533447265625 45
2.556640625 46
2.69384765625 47
2.850830078125 48
2.8876953125 49
2.982421875 50
3.001953125 51
3.0517578125 52
3.33837890625 53
3.4130859375 54
3.4892578125 55
3.58984375 56
3.63037109375 57
3.65283203125 58
3.8037109375 59
3.865234375 60
3.9541015625 61
3.969482421875 62
3.99365234375 63
4.02978515625 64
4.0908203125 65
4.18359375 66
5.013671875 67
5.2021484375 68
5.224853515625 69
5.3203125 70
5.359375 71
5.37744140625 72
5.56640625 73
5.8134765625 74
5.8349609375 75
6.091552734375 76
6.3798828125 77
6.5009765625 78
6.76953125 79
6.9091796875 80
7.04931640625 81
7.2421875 82
7.2783203125 83
7.37109375 84
7.7734375 85
8.0283203125 86
8.140625 87
8.18701171875 88
8.296875 89
8.318359375 90
8.34771728515625 91
8.3486328125 92
8.568359375 93
8.640625 94
8.6728515625 95
9.3929443359375 96
9.544921875 97
10.45166015625 98
11.068359375 99
11.2236328125 100
12.453125 101
13.1572265625 102
13.244873046875 103
13.414794921875 104
14.849609375 105
15.95703125 106
17.460723876953125 107
19.3046875 108
19.37939453125 109
19.74609375 110
21.5947265625 111
22.18408203125 112
22.41015625 113
22.5263671875 114
23.828125 115
24.63330078125 116
25.501953125 117
25.9384765625 118
26.125 119
26.71533203125 120
28.404296875 121
28.591796875 122
28.607421875 123
28.60791015625 124
31.5703125 125
31.98828125 126
33.333984375 127
33.89263916015625 128
35.0791015625 129
35.2236328125 130
35.2255859375 131
35.73681640625 132
35.8271484375 133
36.718505859375 134
36.7802734375 135
38.573974609375 136
38.5849609375 137
41.642578125 138
44.05615234375 139
44.248046875 140
45.88623046875 141
46.26611328125 142
46.994140625 143
53.88818359375 144
54.074951171875 145
70.41845703125 146
73.4404296875 147
74.65625 148
81.2855224609375 149
100.2474365234375 150
106.97216796875 151
117.65283203125 152
118.4462890625 153
141.90625 154
158.021484375 155
161.62451171875 156
