0.20751953125 1
0.248291015625 2
0.251708984375 3
0.282470703125 4
0.2880859375 5
0.3349609375 6
0.3818359375 7
0.564453125 8
0.755859375 9
1.70703125 10
1.720703125 11
1.724609375 12
1.7265625 13
1.83203125 14
1.90380859375 15
2.045654296875 16
2.17333984375 17
2.182373046875 18
2.2197265625 19
2.220703125 20
2.6259765625 21
2.662109375 22
3.22607421875 23
3.25830078125 24
3.4267578125 25
3.8844680786132813 26
4.373046875 27
4.54052734375 28
4.696044921875 29
4.962890625 30
5.218017578125 31
5.68115234375 32
6.24462890625 33
6.43359375 34
6.4951171875 35
6.64697265625 36
7.03662109375 37
7.2001953125 38
7.287109375 39
7.42626953125 40
9.142578125 41
9.24609375 42
9.2705078125 43
9.2802734375 44
9.39453125 45
9.546875 46
10.35382080078125 47
11.154296875 48
11.205322265625 49
11.548828125 50
12.2001953125 51
12.8291015625 52
12.95849609375 53
13.7119140625 54
13.98046875 55
14.2275390625 56
14.3291015625 57
14.40087890625 58
15.224609375 59
15.755859375 60
15.8037109375 61
15.81298828125 62
15.837890625 63
16.062255859375 64
16.25390625 65
16.5009765625 66
17.12109375 67
17.203125 68
17.32763671875 69
17.6787109375 70
18.08984375 71
18.3037109375 72
18.715087890625 73
18.76416015625 74
19.23974609375 75
19.892578125 76
19.9189453125 77
20.7691650390625 78
20.857666015625 79
21.7421875 80
21.8896484375 81
22.2255859375 82
22.58203125 83
22.64111328125 84
22.72265625 85
23.236328125 86
24.1845703125 87
25.6953125 88
26.72314453125 89
27.98046875 90
28.38427734375 91
28.7109375 92
29.90380859375 93
30.947265625 94
31.743408203125 95
32.45458984375 96
32.783203125 97
34.041259765625 98
34.099853515625 99
34.1982421875 100
34.9228515625 101
35.269287109375 102
35.7548828125 103
35.85546875 104
37.69921875 105
37.75439453125 106
38.529052734375 107
40.20794677734375 108
41.4658203125 109
42.685302734375 110
44.678741455078125 111
45.67578125 112
45.80224609375 113
47.27392578125 114
49.41015625 115
49.56494140625 116
50.697265625 117
51.7333984375 118
51.77392578125 119
53.931640625 120
56.8046875 121
57.22607421875 122
59.4033203125 123
59.984375 124
60.8330078125 125
62.734130859375 126
63.47412109375 127
63.87109375 128
63.955078125 129
65.70654296875 130
68.1669921875 131
68.3037109375 132
68.44091796875 133
71.110107421875 134
71.87890625 135
72.23046875 136
72.697265625 137
73.2236328125 138
73.4912109375 139
83.6318359375 140
85.7734375 141
85.85546875 142
86.0111083984375 143
87.27490234375 144
87.8427734375 145
88.3818359375 146
89.43505859375 147
92.66064453125 148
97.17184448242188 149
97.2003173828125 150
98.693115234375 151
99.900390625 152
103.8017578125 153
107.20166015625 154
109.6572265625 155
109.68310546875 156
130.7841796875 157
132.287109375 158
154.99609375 159
155.203125 160
182.5322265625 161
193.2666015625 162
208.6123046875 163
249.2001953125 164
263.37451171875 165
274.58203125 166
