1.02377 1
1.02566 2
1.02636 3
1.02706 4
1.0329 5
1.04155 6
1.74063 7
2.35029 8
2.39556 9
3.00098 10
3.17026 11
3.24987 12
3.36409 13
3.43806 14
4.23954 15
4.24585 16
5.02432 17
11.0781 18
11.0967 19
11.2389 20
12.0596 21
12.1229 22
15.1252 23
16.2015 24
17.1387 25
18.2114 26
20.0522 27
21.0933 28
22.2754 29
23.4245 30
24.3308 31
24.4161 32
25.0758 33
26.1045 34
28.1516 35
28.2305 36
29.0758 37
30.1212 38
30.571 39
31.0778 40
34.236 41
36.1294 42
37.5048 43
39.2689 44
40.243 45
43.4313 46
44.434 47
45.2052 48
46.1752 49
47.9958 50
48.174 51
48.3011 52
48.3478 53
51.1639 54
52.0087 55
52.2329 56
53.6158 57
56.3273 58
56.9321 59
62.2809 60
67.6668 61
67.7186 62
68.5597 63
69.6013 64
70.2745 65
70.7719 66
70.9435 67
72.1075 68
72.6783 69
73.514 70
75.2178 71
78.5191 72
87.7005 73
95.757 74
101.844 75
103.295 76
104.194 77
105.848 78
109.612 79
116.311 80
122.263 81
122.301 82
129.377 83
132.682 84
134.68 85
143.574 86
145.419 87
145.546 88
146.639 89
156.388 90
162.695 91
170.438 92
197.063 93
212.531 94
216.777 95
226.592 96
226.647 97
229.199 98
258.951 99
264.278 100
270.945 101
280.334 102
288.074 103
295.911 104
297.892 105
