1.03947 1
1.07471 2
2.03594 3
2.73077 4
2.80474 5
2.82828 6
3.05694 7
4.06203 8
5.09254 9
5.11609 10
7.05656 11
7.54457 12
7.55514 13
7.65606 14
8.09844 15
9.11356 16
10.118 17
12.1847 18
13.0814 19
13.1231 20
16.0604 21
19.0999 22
19.151 23
24.1134 24
24.2265 25
26.0827 26
29.1188 27
29.1202 28
29.1743 29
34.2201 30
40.1257 31
41.2511 32
41.3085 33
44.5696 34
46.6582 35
47.1566 36
49.6981 37
51.2038 38
52.2233 39
57.149 40
66.5189 41
67.1744 42
67.2823 43
67.7155 44
68.2501 45
76.1151 46
83.4461 47
95.608 48
96.3094 49
96.311 50
102.32 51
105.309 52
106.41 53
113.175 54
113.599 55
125.209 56
129.986 57
143.393 58
148.373 59
155.565 60
165.011 61
175.76 62
177.822 63
180.09 64
181.461 65
181.524 66
183.706 67
200.689 68
204.215 69
209.524 70
224.037 71
225.211 72
225.512 73
233.185 74
240.353 75
244.329 76
249.508 77
255.82 78
262.762 79
266.064 80
277.639 81
285.921 82
