1.02377 1
1.02566 2
1.02636 3
1.02706 4
1.0329 5
1.03947 6
1.04155 7
1.07471 8
1.74063 9
2.03594 10
2.35029 11
2.39556 12
2.73077 13
2.80474 14
2.82828 15
3.00098 16
3.05694 17
3.17026 18
3.24987 19
3.36409 20
3.43806 21
4.06203 22
4.23954 23
4.24585 24
5.02432 25
5.09254 26
5.11609 27
7.05656 28
7.54457 29
7.55514 30
7.65606 31
8.09844 32
9.11356 33
10.118 34
11.0781 35
11.0967 36
11.2389 37
12.0596 38
12.1229 39
12.1847 40
13.0814 41
13.1231 42
15.1252 43
16.0604 44
16.2015 45
17.1387 46
18.2114 47
19.0999 48
19.151 49
20.0522 50
21.0933 51
22.2754 52
23.4245 53
24.1134 54
24.2265 55
24.3308 56
24.4161 57
25.0758 58
26.0827 59
26.1045 60
28.1516 61
28.2305 62
29.0758 63
29.1188 64
29.1202 65
29.1743 66
30.1212 67
30.571 68
31.0778 69
34.2201 70
34.236 71
36.1294 72
37.5048 73
39.2689 74
40.1257 75
40.243 76
41.2511 77
41.3085 78
43.4313 79
44.434 80
44.5696 81
45.2052 82
46.1752 83
46.6582 84
47.1566 85
47.9958 86
48.174 87
48.3011 88
48.3478 89
49.6981 90
51.1639 91
51.2038 92
52.0087 93
52.2233 94
52.2329 95
53.6158 96
56.3273 97
56.9321 98
57.149 99
62.2809 100
66.5189 101
67.1744 102
67.2823 103
67.6668 104
67.7155 105
67.7186 106
68.2501 107
68.5597 108
69.6013 109
70.2745 110
70.7719 111
70.9435 112
72.1075 113
72.6783 114
73.514 115
75.2178 116
76.1151 117
78.5191 118
83.4461 119
87.7005 120
95.608 121
95.757 122
96.3094 123
96.311 124
101.844 125
102.32 126
103.295 127
104.194 128
105.309 129
105.848 130
106.41 131
109.612 132
113.175 133
113.599 134
116.311 135
122.263 136
122.301 137
125.209 138
129.377 139
129.986 140
132.682 141
134.68 142
143.393 143
143.574 144
145.419 145
145.546 146
146.639 147
148.373 148
155.565 149
156.388 150
162.695 151
165.011 152
170.438 153
175.76 154
177.822 155
180.09 156
181.461 157
181.524 158
183.706 159
197.063 160
200.689 161
204.215 162
209.524 163
212.531 164
216.777 165
224.037 166
225.211 167
225.512 168
226.592 169
226.647 170
229.199 171
233.185 172
240.353 173
244.329 174
249.508 175
255.82 176
258.951 177
262.762 178
264.278 179
266.064 180
270.945 181
277.639 182
280.334 183
285.921 184
288.074 185
295.911 186
297.892 187
