0.203125 1
0.2066650390625 2
0.24267578125 3
0.25537109375 4
0.27734375 5
0.2822265625 6
0.28271484375 7
0.29248046875 8
0.29296875 9
0.296875 10
0.302734375 11
0.302734375 12
0.34228515625 13
0.35693359375 14
0.359375 15
0.3603515625 16
0.376953125 17
0.3818359375 18
0.439453125 19
0.541015625 20
0.560546875 21
0.5732421875 22
0.688323974609375 23
0.71875 24
0.76171875 25
0.80078125 26
0.8349609375 27
0.8428955078125 28
0.9560546875 29
1.05859375 30
1.2779541015625 31
1.361328125 32
1.4150390625 33
1.5 34
1.6669921875 35
1.71337890625 36
1.720703125 37
1.7646484375 38
1.79931640625 39
1.826171875 40
1.841796875 41
1.94140625 42
2.15673828125 43
2.1630859375 44
2.1953125 45
2.1982421875 46
2.1986083984375 47
2.2412109375 48
2.310302734375 49
2.419921875 50
2.421875 51
2.4765625 52
2.53173828125 53
2.642822265625 54
2.65234375 55
2.9267578125 56
3.020263671875 57
3.126953125 58
3.162353515625 59
3.1640625 60
3.17041015625 61
3.2509765625 62
3.5576171875 63
3.7197265625 64
3.79150390625 65
3.7958984375 66
3.82421875 67
3.8916015625 68
3.976806640625 69
4.1279296875 70
4.1533203125 71
4.202484130859375 72
4.33203125 73
4.33642578125 74
4.5791015625 75
4.602294921875 76
4.64111328125 77
4.9169921875 78
5.0322265625 79
5.1591796875 80
5.1845703125 81
5.2099609375 82
5.2421875 83
5.32373046875 84
5.3466796875 85
5.5029296875 86
5.654296875 87
5.7265625 88
5.8076171875 89
6.181884765625 90
6.205078125 91
6.62890625 92
6.668701171875 93
6.830078125 94
6.972900390625 95
6.98480224609375 96
7.110595703125 97
7.16259765625 98
7.26416015625 99
7.29248046875 100
7.44140625 101
7.582763671875 102
7.66796875 103
7.8212890625 104
7.91796875 105
7.962890625 106
7.9892578125 107
8.171875 108
8.1982421875 109
8.2255859375 110
8.2763671875 111
8.4599609375 112
8.4912109375 113
8.634765625 114
8.654296875 115
8.673828125 116
8.8095703125 117
8.9970703125 118
9.025390625 119
9.035888671875 120
9.181143760681152 121
9.19921875 122
9.69775390625 123
9.8427734375 124
9.904296875 125
9.90625 126
9.953125 127
10.466796875 128
10.611328125 129
11.06640625 130
11.3154296875 131
11.35205078125 132
11.5400390625 133
11.74609375 134
12.001953125 135
12.1123046875 136
12.26953125 137
12.431640625 138
12.50390625 139
12.7705078125 140
12.78515625 141
13.109375 142
13.298828125 143
13.40692138671875 144
13.68017578125 145
13.82421875 146
13.90625 147
13.9814453125 148
14.67626953125 149
14.86376953125 150
14.9638671875 151
15.30859375 152
15.5703125 153
15.625 154
16.79296875 155
17.30078125 156
17.70849609375 157
17.755859375 158
18.005859375 159
18.05078125 160
18.64453125 161
19.029296875 162
19.2705078125 163
19.4443359375 164
19.52734375 165
19.96337890625 166
20.025390625 167
20.26220703125 168
20.50537109375 169
20.58203125 170
20.6142578125 171
21.0576171875 172
21.0625 173
21.068359375 174
21.0863037109375 175
21.8037109375 176
22.38671875 177
22.458984375 178
23.3125 179
23.54833984375 180
23.6484375 181
24.1953125 182
24.2919921875 183
24.33203125 184
24.33447265625 185
24.55712890625 186
25.4052734375 187
25.521484375 188
25.7001953125 189
25.71044921875 190
25.8779296875 191
26.5 192
27.1884765625 193
27.24560546875 194
27.24755859375 195
27.345703125 196
27.349609375 197
27.36279296875 198
27.8154296875 199
28.521484375 200
28.580078125 201
28.6044921875 202
29.6787109375 203
30.2451171875 204
30.2796630859375 205
30.5794677734375 206
30.6796875 207
31.87890625 208
32.16015625 209
33.44140625 210
34.1611328125 211
34.513671875 212
34.7421875 213
35.19189453125 214
35.236328125 215
35.384765625 216
35.451171875 217
35.78271484375 218
35.8565673828125 219
35.88232421875 220
35.921875 221
36.7578125 222
37.6488037109375 223
37.6845703125 224
37.83984375 225
37.85986328125 226
38.583984375 227
42.40576171875 228
43.75390625 229
44.0244140625 230
45.239013671875 231
45.845703125 232
46.015625 233
47.29736328125 234
48.208984375 235
49.197265625 236
49.41259765625 237
51.18359375 238
51.69384765625 239
52.056640625 240
52.65509033203125 241
52.6953125 242
53.48046875 243
54.914306640625 244
56.3125 245
56.451171875 246
56.9462890625 247
57.439453125 248
58.2802734375 249
59.59521484375 250
61.111328125 251
61.177490234375 252
62.630859375 253
63.77197265625 254
65.3984375 255
66.12451171875 256
68.939697265625 257
69.4052734375 258
69.75390625 259
71.63720703125 260
71.9189453125 261
71.9798583984375 262
73.115234375 263
73.42138671875 264
77.07421875 265
77.607421875 266
80.712890625 267
82.22265625 268
86.02490234375 269
86.251953125 270
88.4755859375 271
88.505859375 272
89.69140625 273
89.810546875 274
90.3369140625 275
90.3505859375 276
93.10546875 277
96.26171875 278
98.72119140625 279
100.814453125 280
103.0 281
106.197265625 282
106.845703125 283
107.330078125 284
109.12548828125 285
110.22265625 286
114.8359375 287
118.0989990234375 288
118.263671875 289
118.421875 290
121.24072265625 291
123.4375 292
128.04296875 293
130.75634765625 294
131.688720703125 295
138.63134765625 296
143.9241943359375 297
145.7802734375 298
150.6376953125 299
158.18359375 300
158.197265625 301
166.7442626953125 302
172.65869140625 303
175.181640625 304
179.41015625 305
179.662109375 306
184.181640625 307
186.549560546875 308
203.8681640625 309
208.697265625 310
223.599609375 311
226.7177734375 312
245.5 313
246.98046875 314
253.19140625 315
263.89697265625 316
270.798828125 317
287.06884765625 318
288.0576171875 319
294.083984375 320
