0.203125 1
0.25537109375 2
0.28271484375 3
0.296875 4
0.34228515625 5
0.35693359375 6
0.3818359375 7
0.5732421875 8
0.76171875 9
1.6669921875 10
1.720703125 11
2.15673828125 12
2.1630859375 13
2.1953125 14
2.1982421875 15
2.1986083984375 16
2.2412109375 17
2.419921875 18
2.4765625 19
2.642822265625 20
3.162353515625 21
3.1640625 22
3.5576171875 23
3.8916015625 24
4.1533203125 25
4.202484130859375 26
5.1845703125 27
5.2099609375 28
5.3466796875 29
6.181884765625 30
6.668701171875 31
7.16259765625 32
7.91796875 33
8.171875 34
8.1982421875 35
8.2255859375 36
8.4912109375 37
8.634765625 38
9.19921875 39
9.904296875 40
10.466796875 41
11.3154296875 42
11.35205078125 43
12.26953125 44
12.431640625 45
12.50390625 46
12.7705078125 47
13.40692138671875 48
13.90625 49
13.9814453125 50
14.86376953125 51
14.9638671875 52
15.30859375 53
15.625 54
16.79296875 55
17.30078125 56
17.70849609375 57
18.005859375 58
18.05078125 59
19.029296875 60
19.2705078125 61
19.52734375 62
19.96337890625 63
20.025390625 64
20.26220703125 65
20.6142578125 66
21.0576171875 67
21.0625 68
21.068359375 69
21.8037109375 70
22.458984375 71
23.3125 72
23.54833984375 73
23.6484375 74
24.1953125 75
24.2919921875 76
24.33203125 77
25.4052734375 78
26.5 79
27.1884765625 80
27.24560546875 81
27.24755859375 82
27.36279296875 83
29.6787109375 84
30.2451171875 85
30.2796630859375 86
30.5794677734375 87
30.6796875 88
32.16015625 89
34.1611328125 90
34.513671875 91
35.921875 92
36.7578125 93
37.6845703125 94
37.85986328125 95
38.583984375 96
42.40576171875 97
43.75390625 98
45.239013671875 99
45.845703125 100
48.208984375 101
49.197265625 102
49.41259765625 103
51.69384765625 104
52.65509033203125 105
52.6953125 106
53.48046875 107
54.914306640625 108
56.3125 109
56.9462890625 110
57.439453125 111
59.59521484375 112
61.111328125 113
61.177490234375 114
62.630859375 115
63.77197265625 116
65.3984375 117
66.12451171875 118
68.939697265625 119
69.4052734375 120
69.75390625 121
71.63720703125 122
71.9189453125 123
71.9798583984375 124
73.42138671875 125
77.07421875 126
77.607421875 127
80.712890625 128
82.22265625 129
88.4755859375 130
89.69140625 131
90.3369140625 132
90.3505859375 133
96.26171875 134
98.72119140625 135
100.814453125 136
103.0 137
106.197265625 138
106.845703125 139
107.330078125 140
109.12548828125 141
110.22265625 142
118.0989990234375 143
118.263671875 144
118.421875 145
123.4375 146
130.75634765625 147
131.688720703125 148
138.63134765625 149
143.9241943359375 150
145.7802734375 151
150.6376953125 152
158.197265625 153
172.65869140625 154
175.181640625 155
184.181640625 156
203.8681640625 157
208.697265625 158
223.599609375 159
246.98046875 160
263.89697265625 161
270.798828125 162
294.083984375 163
