0.2066650390625 1
0.24267578125 2
0.27734375 3
0.2822265625 4
0.29248046875 5
0.29296875 6
0.302734375 7
0.302734375 8
0.359375 9
0.3603515625 10
0.376953125 11
0.439453125 12
0.541015625 13
0.560546875 14
0.688323974609375 15
0.71875 16
0.80078125 17
0.8349609375 18
0.8428955078125 19
0.9560546875 20
1.05859375 21
1.2779541015625 22
1.361328125 23
1.4150390625 24
1.5 25
1.71337890625 26
1.7646484375 27
1.79931640625 28
1.826171875 29
1.841796875 30
1.94140625 31
2.310302734375 32
2.421875 33
2.53173828125 34
2.65234375 35
2.9267578125 36
3.020263671875 37
3.126953125 38
3.17041015625 39
3.2509765625 40
3.7197265625 41
3.79150390625 42
3.7958984375 43
3.82421875 44
3.976806640625 45
4.1279296875 46
4.33203125 47
4.33642578125 48
4.5791015625 49
4.602294921875 50
4.64111328125 51
4.9169921875 52
5.0322265625 53
5.1591796875 54
5.2421875 55
5.32373046875 56
5.5029296875 57
5.654296875 58
5.7265625 59
5.8076171875 60
6.205078125 61
6.62890625 62
6.830078125 63
6.972900390625 64
6.98480224609375 65
7.110595703125 66
7.26416015625 67
7.29248046875 68
7.44140625 69
7.582763671875 70
7.66796875 71
7.8212890625 72
7.962890625 73
7.9892578125 74
8.2763671875 75
8.4599609375 76
8.654296875 77
8.673828125 78
8.8095703125 79
8.9970703125 80
9.025390625 81
9.035888671875 82
9.181143760681152 83
9.69775390625 84
9.8427734375 85
9.90625 86
9.953125 87
10.611328125 88
11.06640625 89
11.5400390625 90
11.74609375 91
12.001953125 92
12.1123046875 93
12.78515625 94
13.109375 95
13.298828125 96
13.68017578125 97
13.82421875 98
14.67626953125 99
15.5703125 100
17.755859375 101
18.64453125 102
19.4443359375 103
20.50537109375 104
20.58203125 105
21.0863037109375 106
22.38671875 107
24.33447265625 108
24.55712890625 109
25.521484375 110
25.7001953125 111
25.71044921875 112
25.8779296875 113
27.345703125 114
27.349609375 115
27.8154296875 116
28.521484375 117
28.580078125 118
28.6044921875 119
31.87890625 120
33.44140625 121
34.7421875 122
35.19189453125 123
35.236328125 124
35.384765625 125
35.451171875 126
35.78271484375 127
35.8565673828125 128
35.88232421875 129
37.6488037109375 130
37.83984375 131
44.0244140625 132
46.015625 133
47.29736328125 134
51.18359375 135
52.056640625 136
56.451171875 137
58.2802734375 138
73.115234375 139
86.02490234375 140
86.251953125 141
88.505859375 142
89.810546875 143
93.10546875 144
114.8359375 145
121.24072265625 146
128.04296875 147
158.18359375 148
166.7442626953125 149
179.41015625 150
179.662109375 151
186.549560546875 152
226.7177734375 153
245.5 154
253.19140625 155
287.06884765625 156
288.0576171875 157
