0.000
182.460
260.100
304.610
335.030
350.590
361.950
372.110
383.730
401.330
412.030
424.080
455.960
469.450
482.410
490.370
498.420
503.630
502.420
507.300
508.750
509.760
509.340
509.940
514.180
516.120
516.580
518.290
521.870
520.460
522.680
524.380
523.680
524.630
524.280
524.090
522.390
521.630
518.460
517.190
521.100
520.180
520.330
514.070
515.840
517.980
518.060
518.040
517.320
513.600
514.900
514.650
513.330
513.120
512.920
507.270
504.950
507.840
508.430
508.300
510.320
509.000
507.400
508.700
506.090
506.820
506.330
506.990
508.720
508.600
507.950
503.020
504.810
505.910
504.640
506.570
507.430
507.450
507.780
505.910
505.800
503.310
503.120
501.440
502.660
502.610
500.280
498.350
497.480
496.680
496.050
496.790
494.710
494.610
492.070
490.680
488.060
484.590
485.650
488.270
490.240
488.090
488.220
485.240
485.160
484.550
483.280
484.660
480.820
481.920
480.850
483.950
481.570
483.440
485.080
487.880
488.900
487.080
487.750
488.900
491.830
485.650
485.830
486.200
482.060
473.770
473.930
474.970
472.750
470.660
469.300
470.250
469.650
470.000
470.780
471.610
471.800
471.480
471.900
474.020
473.020
470.940
470.780
469.860
471.080
471.290
469.530
470.630
470.650
468.380
466.470
462.340
461.840
462.700
461.020
463.080
462.600
464.210
462.940
462.970
463.240
453.620
456.870
457.800
453.690
456.310
454.900
456.260
458.160
458.000
458.250
455.230
455.650
456.760
456.700
456.380
455.210
453.070
454.750
456.320
458.370
457.790
457.890
458.090
456.650
457.500
456.260
456.260
457.770
458.040
457.260
458.780
459.160
455.080
453.040
451.550
452.960
454.290
453.990
455.680
456.470
456.330
456.600
457.060
455.910
454.340
453.910
454.160
451.830
451.650
451.520
449.520
450.950
447.330
449.310
450.380
448.260
445.660
444.870
444.530
443.330
443.520
443.380
443.910
446.180
444.930
443.460
444.930
443.750
444.310
444.930
443.480
445.700
447.290
449.810
450.490
449.940
448.850
449.150
448.560
450.110
449.990
446.950
443.290
443.670
444.230
442.770
444.990
444.280
443.200
442.860
444.420
445.140
444.940
440.530
440.980
441.830
442.600
443.050
443.730
440.810
442.380
442.700
443.910
443.860
443.640
444.190
444.000
444.460
445.200
445.010
444.700
442.900
444.360
443.680
443.630
444.120
444.020
443.890
443.680
445.030
444.500
445.260
442.670
441.910
443.540
442.880
442.920
442.270
441.680
439.670
441.850
440.960
441.850
441.210
442.100
438.900
439.170
438.440
439.860
439.520
439.200
439.340
439.920
438.540
438.980
439.000
438.570
437.930
439.170
439.720
437.380
436.860
436.710
436.080
437.260
435.710
436.870
437.810
439.200
440.780
440.270
440.280
442.520
441.650
442.660
443.710
445.820
444.260
444.510
444.930
444.850
445.140
444.350
444.980
446.180
446.570
448.440
446.800
447.870
446.720
448.130
448.050
448.090
445.510
446.620
446.420
445.570
446.310
445.600
445.330
445.330
446.460
446.200
445.930
445.020
446.050
445.760
446.010
446.540
446.990
446.590
446.430
446.790
446.340
444.940
444.910
444.600
444.150
444.220
443.770
444.400
443.830
444.360
443.270
444.370
444.570
444.290
440.920
441.380
442.720
443.650
444.560
444.540
442.790
442.830
443.420
442.810
443.130
442.210
441.270
441.510
442.850
441.490
442.060
441.260
442.450
442.730
444.660
442.440
444.830
444.010
443.380
442.140
442.730
442.440
442.340
440.910
442.470
443.020
441.870
442.240
441.060
439.280
439.150
439.500
440.210
439.640
438.810
438.080
438.790
440.350
440.490
441.350
440.830
440.380
440.860
441.100
440.600
440.580
440.300
440.670
440.110
441.040
441.810
441.410
439.830
439.970
441.440
441.710
441.010
441.360
439.510
438.580
439.940
438.840
438.570
438.650
437.770
439.120
439.400
439.080
438.950
438.510
438.710
438.420
438.080
437.570
438.400
438.590
440.060
440.490
437.770
439.110
438.740
438.290
437.200
437.590
438.200
438.070
437.200
437.090
438.710
438.430
438.670
438.220
437.560
437.560
437.790
437.420
437.210
437.010
437.060
436.850
436.700
436.530
436.620
437.290
433.770
435.500
436.620
434.290
434.890
433.730
434.770
434.750
434.880
435.230
434.550
434.650
433.980
434.000
433.690
434.850
434.460
435.300
434.750
435.120
436.170
436.490
436.270
437.370
438.080
436.990
437.780
437.910
437.240
436.990
436.720
437.310
437.050
437.090
437.010
436.840
437.120
436.760
437.780
438.100
434.360
435.290
436.900
435.930
437.760
436.850
436.070
435.790
436.000
434.710
435.830
436.470
434.460
432.900
432.250
432.460
430.940
431.510
431.830
431.690
431.590
432.070
431.680
429.290
429.810
430.430
430.890
431.710
432.210
431.470
432.800
432.830
432.410
432.100
431.990
432.170
431.800
431.590
431.950
430.830
431.830
430.180
428.920
428.920
429.700
430.130
430.570
430.320
430.780
430.200
429.490
428.530
428.930
429.350
430.550
429.160
429.090
428.530
428.660
423.110
423.270
424.200
425.700
425.030
425.500
426.700
426.040
426.380
426.330
426.130
427.800
427.330
426.890
427.090
427.140
427.390
427.210
427.480
426.540
426.780
427.950
425.740
425.520
426.400
427.010
427.490
426.040
426.290
426.610
425.770
427.390
426.080
425.990
425.820
426.400
427.370
427.360
429.080
428.370
427.280
426.620
427.360
426.190
426.940
427.330
426.800
427.720
427.490
427.770
428.000
426.270
425.980
426.260
426.600
426.760
427.050
427.660
426.910
426.650
426.190
425.810
426.450
426.630
426.750
426.680
426.860
426.830
426.140
426.650
426.630
426.260
425.130
425.420
425.720
425.940
426.270
426.930
427.390
426.950
427.010
427.280
426.770
427.820
421.390
422.750
423.290
418.600
419.420
421.140
416.630
417.190
418.120
418.260
418.570
417.960
417.710
417.600
417.190
417.500
417.130
416.760
417.360
417.780
412.710
414.220
414.240
414.570
415.410
415.480
415.660
415.960
415.300
415.430
415.580
416.020
416.600
415.780
416.860
416.410
416.500
416.910
417.420
416.840
418.090
416.420
416.670
416.080
409.800
410.240
410.850
411.110
411.120
411.360
410.630
411.070
410.810
410.700
410.650
409.580
410.870
410.860
411.490
410.650
411.890
412.120
411.790
411.360
411.400
411.680
412.350
411.240
412.190
412.890
412.240
411.580
412.890
411.770
411.340
410.950
411.370
411.370
411.350
411.360
411.660
409.950
410.060
410.300
410.150
411.600
411.140
410.860
412.170
412.840
413.560
413.610
412.820
413.140
414.440
414.270
414.420
416.110
415.530
416.510
415.710
415.940
416.070
416.330
415.940
416.010
416.440
416.200
415.900
415.420
415.660
415.920
416.080
416.120
415.190
416.780
416.990
417.550
418.400
418.840
418.210
418.790
418.750
419.290
419.070
419.080
419.900
420.120
419.180
419.430
419.220
419.910
419.580
419.760
420.780
419.850
421.610
419.210
419.320
418.280
419.220
420.890
421.450
420.040
419.770
419.710
419.550
419.590
420.800
420.720
420.090
419.900
419.710
420.270
420.350
419.890
420.190
420.080
421.440
420.120
420.570
420.200
420.290
420.480
421.490
422.270
421.230
420.720
421.350
420.620
420.540
420.700
421.030
421.520
420.750
421.930
421.840
422.210
422.660
421.960
422.710
422.290
421.520
422.010
420.820
422.060
421.380
422.210
421.760
421.600
421.510
422.570
421.710
421.850
421.480
422.500
422.590
422.100
422.620
422.850
422.070
421.910
422.150
423.220
423.450
422.630
422.650
421.540
421.550
421.870
422.370
421.390
422.640
422.270
422.060
422.110
421.530
421.610
421.640
420.800
420.850
421.270
420.320
421.090
421.070
421.930
416.700
415.630
416.160
414.590
416.080
417.250
417.800
417.860
417.900
418.730
418.920
419.290
418.530
419.070
419.160
417.940
418.340
419.660
418.940
419.140
419.310
418.780
418.930
418.730
419.460
419.490
419.070
418.670
418.330
418.090
418.620
418.720
418.780
418.930
418.440
419.180
419.670
419.270
420.570
419.720
418.720
421.270
420.780
422.690
422.860
423.150
423.820
423.530
423.530
424.580
423.130
423.770
423.110
421.750
421.640
422.220
421.870
421.410
422.110
421.300
421.020
421.960
421.760
422.130
422.440
422.780
422.140
422.150
423.040
423.320
422.920
422.840
422.390
422.950
424.050
423.840
424.570
425.010
425.440
426.430
426.070
425.110
424.950
425.390
423.080
422.730
423.080
422.920
422.950
422.450
421.960
422.880
420.320
420.660
419.800
420.340
420.610
420.920
421.730
421.640
420.930
420.830
421.010
422.190
421.520
422.370
422.430
422.580
421.980
421.710
421.780
422.570
423.030
422.700
423.300
423.470
423.120
422.640
422.620
422.550
423.420
422.580
420.990
421.900
422.100
422.380
421.900
421.300
422.230
422.480
422.160
421.920
421.670
422.120
422.140
422.060
423.170
422.180
422.530
422.860
424.260
423.460
423.090
419.690
420.110
420.290
420.410
419.660
418.830
418.860
419.330
419.390
419.200
419.330
419.380
418.450
418.840
419.640
419.640
420.230
419.750
419.500
419.260
419.460
419.270
419.160
419.110
418.960
419.270
418.690
419.270
419.350
418.660
418.650
418.930
419.310
418.660
418.810
418.540
419.230
419.300
418.810
418.330
418.930
419.360
419.540
419.290
419.540
420.050
420.500
421.010
420.300
419.980
420.470
420.540
421.030
420.920
421.240
422.170
422.720
422.490
422.570
422.630
422.500
422.350
421.620
422.150
421.860
421.810
421.090
421.530
422.150
422.550
421.430
421.300
422.160
422.250
422.410
421.430
421.930
420.610
422.530
422.470
423.050
422.930
423.150
423.080
423.980
423.240
423.620
423.990
423.020
423.400
423.300
423.390
423.710
423.540
423.230
424.460
424.550
424.020
424.280
424.540
424.000
424.290
423.920
424.130
423.360
423.680
423.370
423.760
423.440
423.760
423.520
424.150
423.910
424.060
424.580
420.670
421.940
422.340
422.810
423.480
424.860
424.240
423.530
424.950
424.780
423.760
423.560
423.820
423.800
424.700
424.430
424.280
425.130
418.040
418.690
419.650
419.550
418.980
418.530
418.450
418.710
416.960
415.910
415.680
416.610
417.050
417.480
417.030
417.460
417.460
417.350
417.410
417.500
416.850
416.910
417.300
418.390
417.420
417.880
417.580
417.380
417.680
417.670
413.170
411.680
411.660
411.410
410.680
410.510
410.620
410.430
410.920
410.990
411.600
412.760
412.390
412.440
411.300
411.330
410.640
411.210
411.000
410.950
411.090
411.030
411.520
411.340
411.710
411.970
411.460
411.590
412.060
412.240
412.360
413.160
413.300
413.770
412.290
412.800
412.640
412.520
412.670
412.430
413.130
413.060
413.240
412.910
412.960
413.070
412.830
412.080
412.520
413.080
411.300
411.210
411.340
411.590
411.900
411.560
410.720
411.940
411.310
410.050
410.150
409.980
409.930
402.200
402.940
402.340
401.650
401.600
401.430
402.030
402.480
402.680
402.690
402.260
403.000
402.990
403.010
403.440
404.370
404.150
403.220
402.650
403.020
402.940
402.810
403.340
403.800
403.630
404.060
404.220
404.080
403.990
404.030
404.410
404.270
404.720
404.950
405.710
405.080
405.130
401.610
402.840
404.090
403.920
404.740
404.970
405.420
405.300
405.370
406.170
406.130
405.710
406.960
406.430
405.350
406.040
406.800
407.050
406.500
407.000
407.350
406.370
406.630
406.740
406.730
407.590
406.650
405.760
405.880
407.070
406.470
407.450
407.340
406.460
407.420
407.390
406.560
408.210
406.450
406.900
406.540
407.590
407.390
407.310
407.580
407.140
408.170
408.470
408.790
408.620
409.430
408.940
409.020
409.740
410.020
408.280
405.890
406.260
406.460
406.450
406.520
404.090
404.980
405.240
405.560
403.310
402.660
402.690
403.460
402.770
403.300
403.340
402.850
402.980
403.640
403.500
404.150
403.490
403.640
404.380
404.850
404.480
405.230
405.340
406.800
406.330
406.650
405.660
406.540
406.080
405.960
405.920
405.820
406.670
406.640
405.620
405.620
405.560
405.980
405.740
406.420
405.900
406.210
405.220
406.220
407.190
408.000
407.510
407.240
408.110
407.330
407.450
407.570
407.900
407.710
407.740
407.310
407.640
407.500
407.370
407.250
406.760
407.310
407.170
407.310
407.580
407.470
407.360
407.600
407.420
407.590
406.890
406.750
406.760
406.870
407.410
407.140
406.990
407.250
407.270
408.440
408.430
408.200
408.650
407.320
408.330
408.250
407.810
408.330
407.450
407.500
407.360
407.300
407.760
407.720
406.890
407.440
406.260
405.810
405.810
405.990
406.580
406.310
405.640
405.490
405.780
405.800
405.810
406.360
406.580
406.610
406.390
406.530
406.070
405.840
406.050
406.650
406.520
406.580
407.400
407.140
408.180
408.160
407.470
407.680
408.590
407.620
407.920
407.800
407.870
408.070
408.250
408.440
408.860
408.580
408.170
408.410
408.760
408.770
407.990
407.860
408.040
408.260
408.050
408.130
408.000
408.360
408.790
408.930
408.840
408.560
409.560
408.950
409.170
409.750
409.630
409.550
411.240
409.840
410.250
409.950
409.890
410.150
410.400
409.780
409.660
409.590
409.650
409.930
409.450
409.880
409.560
409.800
409.610
410.080
408.970
408.690
408.690
409.630
410.710
410.620
409.620
409.700
409.520
409.860
410.390
410.200
410.000
409.690
409.210
409.530
410.820
410.600
410.560
410.170
410.060
409.910
410.000
410.280
410.040
410.330
410.310
410.300
410.040
410.550
410.070
410.740
410.930
411.000
411.230
411.230
411.640
412.100
412.400
411.940
411.860
411.880
411.700
412.400
412.040
412.350
412.840
413.770
414.050
414.710
415.170
414.750
415.370
415.750
415.370
415.720
415.860
416.000
416.640
416.190
415.950
415.970
416.600
416.020
415.640
415.780
415.670
414.720
414.150
414.650
414.590
414.500
414.860
414.540
414.480
414.320
413.720
412.840
413.140
413.990
414.680
414.450
414.200
414.260
414.110
414.320
414.740
414.150
414.240
414.240
414.580
413.960
414.600
414.030
414.730
414.580
414.940
415.370
414.460
415.420
415.510
415.740
415.780
415.520
415.570
415.350
414.960
415.070
415.260
415.450
415.440
415.610
416.100
415.570
415.730
415.890
416.110
417.320
415.700
416.300
415.340
417.060
416.660
416.120
416.650
417.550
416.360
417.030
418.230
417.510
419.440
420.200
421.380
421.440
420.610
421.050
420.650
420.260
420.610
421.420
420.800
421.200
421.550
421.410
421.260
421.110
421.120
421.470
421.420
421.820
421.800
421.870
422.120
422.020
421.840
422.570
421.830
421.260
421.090
421.160
421.660
421.100
420.840
414.090
415.530
415.110
415.900
415.930
415.660
415.560
416.400
416.010
415.710
415.960
415.170
415.520
414.840
415.070
415.050
414.910
415.170
415.720
415.950
415.290
416.030
416.740
416.200
417.460
417.000
416.610
416.790
416.590
417.380
413.070
410.850
411.360
411.740
412.430
412.120
412.340
413.060
412.750
411.230
411.930
411.470
411.690
412.020
411.250
412.450
412.620
412.660
413.220
412.570
412.090
411.690
412.120
411.880
411.620
411.260
410.320
409.890
409.870
410.370
410.570
410.630
410.910
411.430
411.360
411.640
411.140
410.950
410.770
410.710
411.010
411.320
411.400
411.520
410.710
410.940
411.550
411.580
411.140
411.530
411.160
411.000
411.840
411.150
411.330
411.450
410.870
410.860
410.720
410.860
411.040
411.520
411.020
411.020
411.710
411.570
411.150
410.970
411.340
411.580
411.760
411.000
411.530
411.310
411.420
410.450
411.780
412.530
412.840
413.260
412.770
414.020
414.370
413.950
414.340
415.020
414.750
414.840
414.670
414.700
414.040
414.750
415.220
414.690
415.940
416.260
415.870
415.930
415.150
414.990
414.820
414.370
414.550
414.450
414.740
413.840
414.110
414.590
414.570
415.140
415.470
415.080
415.510
415.920
415.470
415.870
415.680
415.950
415.830
415.380
415.610
416.260
415.570
415.240
414.900
414.960
415.210
415.340
415.490
415.020
415.210
415.130
415.450
416.090
416.020
415.480
415.820
415.300
415.170
415.150
414.620
414.640
414.860
414.140
414.040
414.220
415.060
415.290
416.000
416.780
416.340
415.150
416.210
416.380
417.320
415.260
416.120
417.700
417.370
417.770
417.410
417.220
416.990
417.450
418.930
418.840
419.700
419.920
419.840
420.020
420.660
421.060
421.140
421.220
421.820
422.310
422.310
422.540
423.370
423.090
422.370
422.870
422.880
423.220
423.390
422.520
422.530
422.620
422.370
422.420
422.110
422.250
422.390
422.310
422.630
422.570
422.560
422.910
423.170
423.280
422.720
423.510
423.570
423.290
423.140
423.280
422.550
423.050
423.880
422.900
422.690
422.270
422.450
422.750
422.240
422.330
420.870
420.960
421.660
420.630
420.550
420.830
421.210
421.150
421.000
421.040
420.880
420.290
420.680
420.450
420.340
420.450
420.480
420.430
420.310
420.630
420.310
419.060
419.880
420.660
422.140
422.050
421.580
422.540
423.190
422.880
422.740
423.070
423.610
424.510
424.090
423.670
423.350
423.050
423.360
422.910
422.560
422.660
422.400
421.820
421.840
421.230
422.960
423.000
423.200
423.500
423.580
423.410
423.980
424.330
423.130
422.830
422.010
423.170
422.710
424.070
423.060
423.140
423.100
423.160
423.430
422.920
423.360
423.440
423.130
423.770
423.670
423.340
422.930
422.910
422.860
422.650
422.640
422.730
422.140
422.520
423.310
422.910
422.750
423.070
423.010
423.140
423.160
422.420
423.350
423.330
423.630
422.860
423.460
423.020
423.200
423.160
423.180
422.730
422.810
422.970
422.970
423.420
423.680
423.950
423.920
424.190
423.490
424.100
424.550
424.210
424.390
424.210
424.930
426.060
425.470
421.950
418.850
419.530
419.320
420.330
419.850
420.730
420.220
420.800
421.570
420.070
419.930
420.310
420.090
420.690
419.820
420.260
419.750
419.870
419.740
419.710
420.070
420.390
420.280
421.570
420.560
420.520
420.460
420.460
420.580
421.120
421.110
421.300
421.270
421.130
421.790
423.170
422.330
421.910
422.520
422.470
422.150
421.290
420.710
420.610
421.090
421.360
422.030
421.810
422.940
423.010
423.210
422.110
422.180
422.190
422.210
422.170
422.340
421.920
422.110
422.040
421.790
422.720
421.840
421.530
421.890
421.780
422.190
422.410
422.510
421.890
421.990
423.270
423.200
423.110
423.300
423.220
423.690
422.880
423.380
423.180
423.490
422.690
422.670
422.230
422.000
421.830
422.150
422.140
422.750
423.570
423.470
424.040
423.340
423.000
422.810
422.420
422.080
422.050
422.370
421.800
421.870
422.080
422.430
422.360
423.290
423.490
423.760
423.630
423.580
422.640
422.880
423.320
423.480
423.550
423.800
422.790
422.270
422.870
423.120
422.970
422.820
422.300
422.680
422.490
422.830
422.650
422.990
422.800
422.830
422.810
422.400
422.110
422.360
423.320
424.190
423.650
423.000
423.250
423.180
423.440
423.220
423.640
423.640
423.750
423.670
423.370
424.230
425.110
424.980
423.850
423.640
423.630
423.770
423.660
424.140
423.620
423.210
423.410
423.230
423.750
423.460
424.350
423.530
424.520
424.190
424.040
425.110
425.030
425.260
425.850
426.000
426.180
425.750
426.400
425.570
424.970
425.010
424.560
425.400
425.300
425.500
424.950
425.420
425.890
425.970
425.230
424.960
425.120
425.270
424.180
424.380
424.840
424.140
424.530
424.920
424.550
423.980
424.390
424.800
424.560
423.950
424.420
424.370
424.120
424.150
424.130
423.910
424.130
423.840
423.760
423.650
423.720
423.470
423.810
423.780
423.480
423.530
423.210
422.790
423.680
423.510
424.580
424.340
424.750
424.130
423.900
424.900
424.320
424.480
424.470
424.800
424.850
425.350
425.250
425.240
425.310
425.540
424.490
424.530
424.410
422.210
424.300
424.500
424.940
424.670
425.280
425.640
424.660
424.550
424.390
424.440
424.720
425.390
424.710
424.530
424.060
423.770
425.090
425.330
426.130
426.350
425.600
425.980
426.550
426.700
427.400
426.490
425.810
426.180
425.600
425.750
425.310
425.070
425.050
425.820
425.460
425.000
425.400
425.670
425.800
425.750
425.490
426.390
425.930
425.270
425.300
426.230
426.030
426.240
426.230
426.760
426.540
427.120
426.330
426.190
426.560
427.230
427.570
425.780
425.670
425.840
425.620
426.260
426.360
426.330
426.490
426.040
425.760
425.880
426.480
426.130
425.690
425.100
425.760
425.480
425.870
425.920
426.560
426.120
426.670
426.740
426.400
426.580
426.370
426.520
426.150
426.250
426.460
426.970
426.590
427.160
427.720
427.140
427.480
427.710
427.870
427.570
428.570
428.250
428.870
428.820
428.820
428.270
428.670
428.440
428.260
428.040
427.980
427.850
428.120
428.270
428.170
428.110
428.290
428.950
428.900
429.100
428.560
428.360
428.420
427.980
427.820
429.080
428.790
428.570
429.160
429.360
428.680
427.970
428.680
428.130
427.980
428.200
427.630
427.800
427.490
427.390
426.930
427.400
427.780
428.190
428.800
428.510
428.870
428.730
428.710
428.730
428.940
428.850
428.230
428.040
428.600
427.840
428.490
428.710
428.900
429.420
428.780
428.850
428.360
428.830
428.590
428.440
428.700
425.740
428.170
429.330
429.150
429.960
429.800
430.720
430.900
431.030
430.700
430.030
430.290
429.300
430.210
429.850
428.920
429.420
431.160
430.550
430.310
430.580
431.430
431.150
430.530
429.800
429.280
427.990
429.390
429.970
430.050
430.400
430.680
430.560
431.010
431.140
431.230
431.790
431.270
430.140
430.600
431.950
431.340
431.160
431.530
431.150
431.480
432.390
432.180
431.240
430.910
430.450
430.720
430.930
430.470
430.590
430.810
431.450
431.610
431.900
431.390
431.810
431.920
431.600
431.450
430.900
430.670
430.580
431.740
431.350
431.650
431.830
431.460
431.630
431.000
431.410
431.380
431.430
431.670
431.500
431.390
431.110
431.480
430.810
431.370
430.760
431.190
431.750
431.520
427.270
428.820
430.730
430.250
431.840
432.470
432.680
432.170
432.810
432.100
432.110
430.880
431.370
431.230
431.160
431.530
431.070
430.810
431.040
431.080
431.090
431.030
431.020
430.930
431.400
431.370
431.730
431.290
430.860
430.490
431.160
430.340
431.140
430.500
430.390
430.630
431.060
431.480
431.050
430.530
430.540
431.300
431.150
430.110
430.690
430.970
431.720
431.740
432.310
432.120
432.230
433.100
432.420
431.630
431.420
431.150
430.970
430.500
430.960
430.220
429.580
429.770
430.290
430.750
432.010
432.210
431.620
431.950
432.130
431.860
431.660
431.770
431.260
431.960
431.910
431.720
431.140
431.810
432.070
431.520
431.430
431.570
431.400
431.400
431.680
431.510
432.570
431.580
431.690
431.480
432.070
432.060
432.410
432.450
432.400
432.550
432.540
431.190
430.960
431.710
431.730
431.840
432.200
432.450
431.870
431.200
431.860
431.390
431.700
431.640
431.980
431.990
431.830
431.980
431.800
431.520
432.050
432.500
432.800
432.530
432.640
432.690
432.840
432.760
432.540
432.830
433.230
433.490
432.580
432.450
433.190
433.260
433.570
432.700
432.710
432.750
433.770
432.820
432.160
432.080
431.710
431.560
431.480
432.080
431.990
431.470
432.250
431.850
432.540
433.470
434.110
434.030
434.260
433.780
433.030
433.740
432.980
433.860
433.830
433.950
433.480
433.930
433.840
434.880
433.820
434.580
434.480
434.540
434.220
434.390
434.840
434.530
434.660
434.560
436.120
436.290
436.880
437.280
438.040
438.250
438.390
438.470
438.360
437.400
438.570
438.280
438.270
438.320
437.810
437.260
437.580
438.130
437.960
437.360
437.450
437.060
437.070
437.050
437.010
437.050
436.750
436.690
436.650
436.050
436.610
436.530
436.620
437.680
437.880
437.010
436.170
436.720
437.280
436.740
437.180
437.400
437.850
438.060
438.170
436.860
436.860
437.070
436.770
437.280
437.940
438.210
434.120
435.030
434.680
435.070
435.420
435.590
436.190
435.820
436.070
435.630
435.550
434.930
431.500
432.720
432.750
433.730
434.800
435.770
434.960
434.140
435.070
435.090
435.150
435.640
435.960
434.600
434.540
435.040
434.650
435.360
435.640
435.180
435.360
435.890
435.050
434.490
434.790
433.960
433.380
433.750
434.150
434.640
434.320
434.080
434.580
434.420
435.430
433.840
434.550
434.490
434.570
434.110
433.740
434.140
434.410
434.780
435.130
434.980
435.180
434.820
435.260
435.280
435.510
435.280
434.480
434.500
434.250
433.910
433.260
433.150
433.540
433.850
434.810
433.580
433.300
433.320
434.040
433.660
433.720
433.620
433.880
434.550
433.870
433.640
433.750
433.550
434.030
434.580
433.940
434.180
434.350
434.510
434.000
435.150
435.470
434.610
434.560
435.200
435.720
435.800
436.340
436.270
436.900
437.080
436.450
436.210
436.770
436.890
436.660
437.450
437.640
437.220
437.090
437.280
437.520
436.890
437.330
436.350
436.630
437.170
437.370
436.660
438.240
437.370
437.880
437.590
436.930
436.970
437.290
436.790
436.970
436.520
437.250
437.400
437.160
437.050
437.480
437.470
437.600
437.870
437.710
437.780
437.960
437.730
437.680
437.970
438.470
437.970
438.030
437.990
438.190
438.170
437.970
438.470
437.910
437.040
436.720
437.030
437.100
437.470
437.120
436.850
437.390
438.310
437.580
437.510
438.210
438.290
438.050
438.820
439.690
438.200
438.300
438.490
437.730
438.750
438.290
439.110
440.150
440.170
439.730
440.450
439.630
439.270
438.560
438.260
438.530
438.280
437.870
438.080
437.890
438.110
438.430
438.190
438.510
438.670
438.280
438.590
439.570
439.470
439.510
438.790
439.250
438.880
438.990
438.490
438.210
438.280
438.940
438.490
438.800
438.610
438.560
438.790
438.830
439.930
438.200
438.600
438.480
439.350
438.480
438.860
438.300
438.510
438.970
438.420
438.650
437.960
438.380
439.930
440.580
440.310
440.300
440.750
440.010
440.390
440.810
441.320
440.340
440.210
440.760
439.970
439.740
439.350
439.680
440.250
440.160
439.310
439.930
439.540
440.460
440.490
439.950
440.070
440.270
440.300
440.630
441.330
441.270
441.300
441.440
440.910
440.520
441.230
441.680
442.450
443.000
442.810
441.060
441.360
441.380
440.720
440.980
440.780
441.530
441.040
440.730
439.710
439.930
440.300
440.470
440.200
440.890
441.070
440.520
440.890
440.570
440.490
440.740
441.040
441.600
441.410
440.380
440.850
441.060
440.940
441.320
441.130
441.050
440.930
441.710
441.840
441.680
441.700
440.860
440.860
441.680
442.150
443.130
442.470
441.930
441.800
441.060
441.740
440.970
441.510
441.580
441.640
441.340
441.530
441.590
441.290
441.430
442.260
443.080
441.940
442.780
442.530
442.530
442.450
441.870
441.260
441.160
441.170
441.570
441.950
442.780
443.070
442.310
442.340
442.640
442.560
442.220
442.850
441.490
442.040
441.810
442.790
442.540
442.450
441.580
442.140
441.690
441.650
442.120
442.150
441.250
440.640
441.270
441.430
442.110
442.070
441.830
442.050
442.640
442.600
443.710
442.190
442.480
442.600
442.690
443.200
443.820
443.000
442.410
442.340
442.540
442.520
442.300
442.310
442.540
441.930
442.050
442.050
442.390
443.070
442.940
443.520
443.200
443.420
442.940
442.910
442.890
443.150
443.390
444.390
443.570
443.770
444.690
443.950
444.460
443.260
443.280
443.910
443.650
444.220
444.320
444.780
444.790
444.730
443.950
443.970
444.500
445.140
445.170
445.620
444.860
444.640
444.870
444.430
444.330
444.290
444.480
444.410
444.860
445.370
445.020
444.690
445.080
444.340
444.760
444.790
444.910
444.490
445.380
445.020
445.480
445.300
444.930
444.380
444.590
444.240
443.980
444.230
443.890
443.940
444.370
443.880
444.420
444.560
444.330
444.510
443.990
444.120
443.730
444.490
444.120
443.830
444.160
444.400
444.350
444.830
445.080
445.220
445.460
445.350
446.060
446.230
446.540
446.440
445.440
445.230
445.410
446.190
445.850
445.540
445.850
445.470
445.460
445.680
445.600
445.650
445.560
445.300
445.520
445.720
445.870
445.930
446.200
446.700
446.990
446.520
446.260
445.780
445.960
445.750
446.770
447.030
446.690
447.420
447.670
447.590
448.040
448.120
449.090
447.660
448.550
448.720
448.930
448.370
449.130
449.420
449.310
449.270
449.000
448.620
448.160
448.280
448.320
448.870
448.420
447.360
448.080
447.760
448.190
448.420
448.880
448.590
448.760
449.110
449.500
449.360
448.760
448.860
449.200
448.710
449.530
449.920
448.740
449.120
449.000
449.740
449.230
449.340
448.800
449.080
448.100
448.970
449.540
449.170
449.240
449.570
448.420
449.530
449.640
449.690
448.740
448.830
449.720
449.060
450.150
449.990
449.700
450.440
450.270
448.950
449.050
449.060
449.280
449.160
450.000
449.840
449.770
449.910
449.950
449.310
450.020
449.220
449.880
449.400
449.370
449.540
449.950
450.050
450.200
449.620
449.080
449.360
449.330
449.200
449.500
449.760
449.360
449.320
449.150
450.240
449.850
450.420
449.970
450.570
451.170
450.330
449.670
449.750
450.580
449.400
449.070
449.560
449.630
450.030
450.090
450.030
450.180
450.160
450.000
449.950
450.130
450.130
450.790
450.020
450.120
450.600
450.490
450.530
449.820
449.670
449.980
449.660
450.410
450.000
450.670
450.650
450.490
450.540
449.800
451.010
451.230
452.320
451.670
451.710
452.490
451.710
451.500
451.440
450.200
449.470
449.790
450.310
450.010
450.850
450.610
449.790
449.500
449.640
449.900
450.840
449.830
450.110
450.480
451.020
450.940
450.170
450.770
451.190
450.740
450.600
450.480
450.790
450.390
450.680
450.710
451.280
451.280
451.310
451.620
451.550
451.570
451.900
451.410
451.140
451.130
451.700
451.610
451.650
451.650
452.120
451.900
451.850
452.030
452.290
451.850
451.490
451.330
452.150
452.420
451.120
450.920
450.870
451.260
451.510
451.560
451.950
451.900
451.920
451.970
452.260
452.080
452.280
451.630
451.560
452.040
451.600
451.990
451.810
452.180
451.670
451.530
451.900
451.300
451.110
451.120
451.990
452.200
451.370
451.510
451.270
451.780
451.710
451.250
451.460
451.850
451.260
451.630
452.050
451.580
451.800
451.460
452.150
451.670
452.050
452.170
451.470
451.120
451.690
451.710
451.250
450.930
451.270
451.190
451.510
451.440
451.380
451.640
451.400
451.490
451.890
452.410
453.640
452.340
452.030
451.600
452.440
452.150
452.370
452.340
452.300
451.800
452.130
452.270
452.380
451.900
451.810
452.660
452.360
452.080
453.620
454.660
454.580
455.040
455.850
456.160
457.590
457.940
457.610
457.800
458.330
458.400
458.620
458.880
459.510
459.750
459.570
459.490
459.140
459.360
459.190
459.450
459.220
459.950
460.350
459.080
458.740
458.790
458.050
458.740
459.600
459.700
459.490
459.040
457.630
457.230
456.880
456.810
456.170
456.850
457.180
457.500
457.160
456.690
457.140
457.650
457.890
457.420
457.780
457.800
457.500
458.390
457.200
457.440
457.680
457.310
457.380
458.560
458.640
458.660
457.690
457.960
458.790
458.400
458.280
457.610
458.930
458.890
458.540
458.070
458.300
458.710
459.200
460.030
458.660
458.350
457.620
457.900
457.950
457.910
458.230
458.280
458.480
457.620
458.840
459.300
459.070
457.980
458.260
457.660
457.720
458.030
457.800
459.390
458.530
458.190
457.760
457.300
458.030
457.840
458.870
458.280
458.160
458.020
458.240
458.790
459.060
458.530
458.650
458.580
458.590
458.510
458.340
458.190
457.990
456.180
456.520
456.390
456.660
456.300
455.780
456.080
456.930
457.080
457.530
456.510
457.220
457.190
456.410
456.050
456.560
456.070
455.870
456.130
456.580
456.650
456.340
455.690
455.780
455.510
456.100
456.180
456.180
456.690
456.360
456.300
456.630
457.230
456.860
456.810
457.410
457.180
456.870
456.920
457.070
457.600
458.260
457.960
457.920
457.450
457.420
457.520
457.290
457.590
457.050
456.400
456.800
457.120
456.790
457.170
457.470
457.360
456.450
453.960
455.120
455.580
454.760
454.660
455.720
455.310
455.450
455.800
456.100
455.840
455.640
456.060
456.120
456.820
455.950
456.530
456.950
456.650
456.450
457.110
457.090
456.690
455.540
456.110
457.020
456.520
456.840
457.140
457.360
457.420
456.960
456.590
457.010
457.210
457.160
458.370
458.830
459.050
458.040
458.340
458.390
458.520
457.920
457.820
457.960
458.590
458.480
459.060
457.510
457.930
457.970
458.400
458.320
457.750
457.710
458.110
458.320
458.880
458.750
458.010
457.240
457.440
457.840
457.760
457.570
458.020
458.050
457.240
457.770
457.520
457.980
457.360
457.260
457.450
457.980
457.440
456.420
457.440
457.200
457.190
457.030
457.140
457.500
457.770
457.810
458.510
458.500
457.360
457.400
457.320
457.470
457.430
457.910
449.270
450.390
449.860
450.610
450.750
451.230
450.350
450.950
450.580
450.290
450.320
450.220
450.130
450.630
450.460
451.110
451.320
450.740
451.030
451.610
451.870
452.110
451.570
452.060
450.720
450.690
450.270
450.450
449.860
449.700
449.540
449.910
450.080
450.010
450.190
450.880
450.720
450.160
449.830
449.990
450.360
450.740
451.000
450.330
450.640
451.040
450.410
450.920
451.310
450.770
450.240
450.500
450.850
450.460
450.260
450.630
449.790
450.210
450.610
450.390
450.830
450.620
450.930
450.740
451.260
451.070
450.470
450.380
450.660
450.510
450.660
451.480
450.930
451.400
451.600
451.510
452.030
452.450
452.370
451.560
451.460
452.030
451.650
451.100
451.440
451.920
451.940
452.030
451.990
451.860
451.110
451.730
452.640
452.160
452.310
452.880
452.670
452.950
452.520
452.590
452.970
452.630
453.390
453.390
453.480
453.230
454.160
454.120
453.650
454.060
453.190
453.410
453.450
452.500
453.040
452.960
453.240
452.460
452.380
452.560
453.200
452.490
452.020
452.540
452.750
453.120
453.650
453.450
453.500
453.710
453.150
453.620
453.050
453.250
453.940
453.370
453.070
452.930
453.220
452.890
452.450
452.850
452.630
452.330
452.920
452.850
453.690
452.440
452.730
453.250
453.340
453.230
453.340
453.480
453.030
452.890
452.840
453.010
453.550
453.410
454.220
454.820
453.830
453.820
453.620
453.420
453.430
453.290
453.540
454.130
454.810
454.420
453.830
454.530
454.330
454.430
454.380
454.300
454.580
455.080
454.240
454.340
453.760
453.770
454.330
455.440
455.410
455.760
454.870
454.960
455.270
454.910
454.510
455.010
455.300
455.210
455.000
455.020
455.680
455.880
456.140
455.920
455.700
455.930
455.440
456.420
456.230
456.170
455.980
455.460
455.420
455.720
455.330
455.360
454.900
454.420
454.590
454.960
454.910
454.920
455.240
455.210
455.010
455.460
455.630
456.430
455.800
455.810
456.360
455.830
455.030
454.700
455.880
456.320
457.080
456.430
457.530
455.940
456.320
456.420
456.510
456.280
457.050
456.660
456.710
456.610
456.350
456.950
456.600
457.300
456.680
456.780
456.840
456.520
456.380
455.850
455.850
456.330
456.360
456.510
455.880
456.650
456.890
456.830
456.410
456.420
456.500
455.940
453.490
453.760
453.450
454.050
454.320
453.610
453.700
454.200
454.390
455.120
454.520
454.410
454.560
454.380
453.810
453.770
454.130
454.040
454.620
454.630
454.210
453.980
454.380
454.520
454.850
454.600
454.500
455.360
456.110
456.290
456.360
456.360
456.000
457.020
456.730
456.380
456.710
456.780
456.480
456.130
456.770
456.540
456.290
456.100
455.820
455.710
454.740
455.070
454.780
455.620
455.290
455.660
455.090
454.810
455.090
455.700
456.060
455.580
455.770
455.510
455.490
456.220
456.260
456.910
456.920
457.330
456.950
446.530
444.800
445.840
444.970
445.000
444.820
444.280
443.970
444.510
445.070
445.130
445.430
446.210
446.120
446.350
445.360
445.750
445.510
445.120
445.570
446.160
445.110
445.240
444.860
445.090
445.700
444.900
444.920
444.550
444.590
443.730
443.360
443.980
443.780
443.700
443.760
443.920
444.580
444.630
445.060
443.330
441.870
442.850
442.240
442.780
442.510
442.820
442.180
442.000
442.180
442.130
442.390
442.840
443.090
443.820
443.160
443.510
443.050
443.400
444.010
443.580
443.550
443.310
443.130
443.820
443.480
444.090
443.960
444.340
444.120
444.080
443.970
443.850
443.900
443.960
443.930
444.160
444.360
444.200
444.810
444.620
444.500
444.740
445.290
445.290
444.720
445.040
444.980
444.690
444.660
444.760
444.890
444.990
444.840
445.590
445.670
445.610
445.200
445.270
445.410
445.310
445.200
445.390
444.880
445.120
444.900
444.800
444.610
445.280
445.740
445.980
446.000
446.440
446.050
446.090
445.250
445.340
445.520
445.320
445.040
444.940
445.560
446.280
446.240
445.730
445.270
445.130
444.960
444.770
445.230
445.390
444.900
444.350
444.870
444.770
444.990
445.390
444.840
445.230
445.250
445.060
445.850
444.720
444.860
445.220
445.000
445.090
444.680
445.130
445.810
445.900
446.100
446.300
445.920
445.650
445.520
445.690
445.800
445.230
445.530
445.650
446.020
445.660
445.390
446.670
447.270
447.450
447.740
447.420
447.160
446.880
446.400
446.700
446.810
446.630
446.720
446.660
446.410
446.140
447.070
446.280
446.130
446.540
446.850
446.750
447.310
447.360
447.420
447.300
447.590
447.490
446.770
447.270
447.250
447.060
446.980
446.990
446.590
447.400
447.110
446.420
446.170
447.530
447.880
447.310
447.700
447.420
447.210
447.090
446.950
447.030
446.980
448.110
447.690
447.250
447.390
447.170
447.130
447.360
447.220
447.130
446.930
446.790
446.670
447.110
447.680
447.300
447.610
447.680
447.650
447.710
448.080
448.040
448.060
447.820
448.440
448.620
447.960
448.550
448.730
448.330
447.950
448.150
448.200
448.720
448.600
448.330
449.000
448.620
449.400
448.380
448.840
449.260
449.390
449.660
448.920
448.810
448.390
449.430
449.450
448.190
448.130
448.560
448.640
448.590
448.680
449.710
449.380
449.580
449.500
449.690
449.940
449.990
449.710
449.630
449.440
449.740
449.300
448.760
449.050
448.920
448.800
449.050
448.680
448.890
449.140
449.090
448.590
448.490
448.890
448.380
449.170
449.400
449.080
448.270
448.850
448.820
448.200
448.780
448.800
449.430
449.530
449.700
449.160
449.800
449.600
450.080
449.210
449.560
449.630
449.930
450.670
451.080
449.990
450.430
450.260
450.510
450.820
449.950
450.790
450.770
450.850
451.090
450.730
450.370
450.780
450.840
450.890
450.800
450.690
450.970
451.250
451.610
452.250
451.960
452.280
451.620
451.460
450.940
451.010
450.810
450.950
451.280
451.810
452.350
451.720
451.450
451.570
451.680
451.850
452.600
452.140
451.640
451.870
451.660
451.450
451.310
451.450
451.140
451.130
450.980
451.300
451.000
450.590
450.850
450.670
450.830
450.870
450.760
450.710
450.660
450.270
450.430
450.330
450.410
450.410
450.510
451.200
451.200
450.990
451.170
450.680
450.640
450.490
450.790
451.750
451.540
451.810
451.010
451.670
451.790
451.530
452.140
452.380
452.440
452.610
452.760
452.270
451.990
451.540
451.860
451.470
451.820
451.450
451.440
451.970
451.620
452.270
451.500
452.040
451.680
451.990
450.000
450.450
450.460
450.950
450.950
451.790
452.950
452.600
452.250
452.190
452.440
451.900
451.780
452.250
451.680
451.390
451.690
451.740
451.510
451.050
451.170
451.300
451.590
451.700
451.060
450.760
450.950
450.600
450.560
450.740
451.330
451.480
451.730
452.250
452.400
451.790
451.420
451.330
451.960
451.210
451.600
452.120
452.070
452.070
452.020
452.620
452.930
452.130
452.000
452.210
451.900
451.700
452.170
452.360
452.080
452.160
453.200
452.790
452.680
452.830
452.960
452.880
453.360
453.250
453.000
452.840
452.370
452.400
452.720
452.450
452.790
453.170
452.790
453.230
453.960
453.970
453.810
453.580
453.590
453.670
454.130
454.180
454.360
454.260
453.690
453.570
453.720
453.570
453.390
453.680
453.860
454.170
453.180
453.270
453.350
454.040
454.130
453.900
455.010
455.500
454.520
454.010
454.600
453.910
453.960
454.210
454.030
453.830
454.490
453.850
453.690
453.660
454.480
454.390
453.900
453.820
453.330
453.600
453.250
453.410
453.200
453.500
453.390
452.960
453.090
453.360
453.240
452.930
454.140
453.760
453.760
453.120
452.980
453.150
453.230
453.220
453.370
453.920
453.790
453.630
453.800
453.520
453.450
453.610
453.220
452.840
453.260
453.110
453.120
453.660
453.870
453.580
453.530
453.640
453.820
453.500
453.660
454.110
454.580
454.600
454.940
455.110
454.420
454.560
454.730
455.070
453.650
453.770
453.710
453.910
454.280
453.690
453.710
453.950
454.470
454.840
454.610
454.850
454.290
454.210
454.110
454.840
454.600
454.460
454.710
454.670
453.840
453.920
453.850
454.620
454.960
455.370
454.610
454.550
454.390
454.570
454.830
454.320
454.150
454.240
454.280
454.100
453.780
453.770
454.330
454.470
454.310
454.150
454.210
454.100
454.340
453.940
454.130
454.530
454.620
455.170
454.500
454.730
455.060
455.360
455.600
455.420
455.610
455.410
455.540
455.470
456.030
455.270
455.750
456.280
455.620
455.090
456.050
456.260
455.720
456.020
456.200
455.670
455.710
455.940
456.190
456.990
456.610
456.920
456.410
455.960
455.730
456.170
456.710
456.970
456.840
456.580
456.970
456.160
456.240
456.090
456.590
456.720
457.000
456.380
456.330
456.360
456.760
456.940
456.560
457.200
456.440
456.990
457.010
457.100
456.410
456.610
457.010
456.860
456.930
457.300
457.530
457.190
458.140
458.290
458.440
458.210
459.310
458.870
457.980
458.420
458.110
458.230
458.250
457.830
457.810
458.280
458.710
458.810
458.870
459.020
458.740
458.180
457.720
457.720
458.260
458.210
458.350
458.230
458.040
458.900
458.800
458.510
458.620
458.910
459.130
459.600
459.250
458.820
458.570
458.960
458.520
459.230
458.890
458.990
458.390
458.300
458.130
458.460
458.930
459.600
459.800
459.450
459.520
460.050
460.280
459.830
459.910
460.250
460.030
460.000
459.400
460.030
460.270
459.450
459.210
459.880
460.130
460.120
459.840
459.500
459.650
459.570
458.810
458.940
459.490
459.150
459.480
459.500
459.910
459.980
459.940
459.680
459.430
460.040
459.810
460.140
460.490
461.150
461.250
460.410
460.830
460.570
461.280
461.130
460.430
460.230
460.340
459.790
459.750
459.700
459.640
459.940
459.580
460.000
459.720
459.650
459.020
458.950
459.000
458.870
458.880
458.930
459.070
459.310
459.280
459.860
460.510
459.970
460.270
458.960
459.300
459.820
459.180
459.640
459.680
460.120
461.230
460.450
460.470
460.730
460.290
461.180
460.430
460.360
461.020
461.670
460.790
461.260
460.930
460.680
460.370
460.200
460.560
461.160
461.020
460.400
460.050
460.120
459.890
459.750
459.860
459.370
459.760
460.100
460.110
460.720
459.850
460.290
459.760
460.310
460.460
460.080
460.210
459.840
459.960
459.470
459.230
460.260
459.690
460.190
459.610
459.030
459.550
458.990
459.060
459.840
459.310
459.450
459.230
459.240
459.260
459.550
459.450
459.080
459.360
459.800
459.730
460.010
460.330
459.980
460.020
459.420
459.860
460.080
459.930
460.260
460.550
461.120
460.890
460.190
460.390
460.160
460.470
460.300
460.020
460.290
459.710
460.110
459.880
460.010
460.780
461.230
461.680
461.760
462.310
461.980
461.860
461.930
462.120
461.790
461.010
461.010
461.270
461.570
460.580
460.770
460.910
460.590
461.370
461.040
461.380
462.120
461.860
461.430
460.840
461.190
461.630
461.410
461.740
461.560
461.120
460.970
461.150
461.180
461.870
462.680
462.710
462.110
461.820
462.450
462.340
461.600
461.390
461.560
461.710
462.030
461.830
461.120
460.780
460.770
460.340
460.630
460.590
460.760
461.420
461.010
460.680
460.760
461.160
461.290
461.050
460.800
461.250
461.190
461.690
461.100
461.400
461.150
461.120
461.120
460.750
460.900
461.290
461.370
461.660
461.220
461.200
461.420
461.740
462.200
462.490
461.560
461.680
461.890
462.170
462.340
461.900
462.110
462.310
461.740
461.580
461.970
462.340
463.000
462.430
462.590
462.330
462.580
462.130
461.990
462.130
461.470
461.560
461.260
461.290
461.810
462.270
462.170
462.240
462.210
462.030
462.710
462.520
462.000
461.680
462.140
462.630
462.740
463.260
463.250
463.420
463.580
463.630
464.020
463.370
463.570
464.070
464.110
464.220
463.400
464.260
464.770
464.080
463.130
463.920
464.490
464.090
463.880
464.360
464.040
463.680
463.830
463.970
464.210
463.920
463.450
463.470
463.950
463.220
463.690
463.780
463.990
463.990
464.420
464.260
463.860
464.330
464.100
463.230
464.570
464.670
464.100
464.590
464.720
464.370
464.240
465.050
465.480
465.380
464.420
464.850
464.600
464.790
464.110
464.620
464.780
465.170
465.170
465.620
465.160
465.370
465.210
465.310
465.030
465.240
466.200
466.260
466.080
466.530
466.730
465.940
466.720
466.830
467.130
466.560
466.170
466.190
467.240
465.770
465.900
465.960
465.720
465.230
465.110
465.480
465.300
465.750
465.420
465.400
465.790
466.080
466.250
466.430
466.240
466.290
466.230
466.490
466.400
466.400
466.070
466.320
466.270
466.040
465.760
465.790
465.490
465.530
465.730
465.450
465.250
464.950
465.140
465.410
465.300
465.840
465.650
466.330
467.280
466.770
466.850
466.760
466.340
466.620
466.830
466.540
465.640
465.930
465.830
465.900
465.390
465.350
465.290
465.660
465.220
465.000
466.100
466.280
465.580
466.190
466.480
466.380
466.400
466.530
466.690
466.690
466.450
466.560
466.480
466.820
467.020
467.400
467.180
467.430
467.320
466.820
466.670
466.620
467.140
467.100
467.840
468.050
467.880
467.530
467.970
467.460
467.790
467.060
467.460
467.090
466.820
467.110
466.950
467.620
467.590
467.460
467.360
467.490
467.130
467.200
467.590
466.880
466.340
466.370
466.440
466.670
466.550
466.680
467.130
467.800
467.310
467.150
467.230
467.490
467.260
467.550
468.230
467.740
467.190
467.200
467.200
466.840
466.610
466.880
467.590
467.860
467.710
467.650
467.210
467.280
467.900
467.960
467.570
467.590
467.990
468.460
467.810
467.700
467.510
467.480
467.620
466.680
466.720
467.000
466.460
466.360
466.320
466.300
466.190
465.880
465.760
466.050
465.960
465.540
465.030
465.540
466.380
466.780
466.740
467.820
467.490
466.910
467.470
467.060
467.400
467.110
467.140
466.410
466.870
466.410
466.330
466.200
466.570
466.700
466.360
466.820
466.820
467.150
467.630
467.790
468.200
468.400
468.250
468.720
468.480
469.070
468.600
468.640
468.610
469.650
469.370
469.960
468.820
468.670
468.320
467.840
467.290
467.820
467.070
467.250
467.200
467.310
467.590
467.770
468.110
468.230
468.300
468.110
467.810
467.840
468.330
469.150
468.340
468.540
469.300
468.410
469.390
468.680
468.530
468.110
468.060
467.510
467.440
467.160
466.920
468.020
468.250
467.650
467.870
467.410
467.610
467.250
467.670
468.110
468.930
469.020
468.050
467.990
467.830
467.870
467.330
467.290
467.250
467.600
467.550
467.410
468.100
467.710
467.700
467.560
467.630
468.130
468.710
468.120
468.570
468.490
468.240
468.530
468.100
468.180
468.090
467.790
467.430
467.670
468.770
467.960
468.110
468.060
468.550
468.980
468.240
468.010
468.710
468.560
468.750
468.130
467.530
455.840
458.610
458.950
459.150
459.600
459.890
460.090
460.790
460.960
461.270
461.430
461.360
460.510
460.610
460.960
460.960
460.690
459.790
460.820
460.610
461.160
460.810
460.560
461.150
460.600
461.640
460.840
460.990
460.670
460.430
460.340
461.090
460.670
461.180
460.450
460.890
461.240
461.350
461.260
461.480
461.270
461.440
461.130
461.340
461.360
462.250
461.770
461.790
462.180
461.780
462.520
462.650
462.880
461.380
461.460
461.260
461.270
462.050
461.350
459.030
459.200
459.410
459.400
459.300
459.570
459.610
460.900
460.000
460.600
460.900
460.480
460.480
460.910
460.370
460.300
460.380
460.050
459.950
459.870
460.570
460.580
460.510
460.820
460.710
461.090
461.670
461.260
461.540
461.480
461.970
462.090
462.490
461.370
461.900
461.980
462.330
462.420
462.490
461.730
461.340
461.390
461.900
462.110
461.270
461.750
460.410
460.540
461.020
461.090
461.840
461.490
461.930
461.520
461.490
462.140
461.940
462.390
462.610
462.580
461.380
461.930
462.220
462.190
462.460
462.210
462.600
462.360
462.170
462.240
461.890
461.720
461.810
461.520
461.130
461.710
461.770
461.880
461.920
461.540
461.770
462.320
461.860
463.210
463.400
463.200
462.870
462.730
462.850
463.130
463.310
462.240
461.960
462.240
462.880
463.010
462.780
462.880
462.820
462.840
463.240
463.020
462.100
463.130
462.700
463.430
463.750
464.110
465.000
464.860
465.080
464.980
466.360
464.520
464.420
463.550
464.230
464.720
463.920
466.100
466.170
466.380
465.110
465.280
464.990
465.390
465.650
465.350
465.630
465.750
465.650
465.770
466.350
466.630
465.940
464.730
466.220
466.270
465.680
465.990
465.930
465.530
466.240
466.290
466.260
466.250
466.230
466.090
466.370
465.980
466.110
467.750
467.420
466.840
466.830
467.790
467.710
466.980
467.090
466.910
466.700
466.190
466.250
467.610
467.300
466.820
467.060
466.540
466.380
466.670
466.570
466.270
465.990
466.550
467.220
467.650
468.410
468.560
469.060
468.690
468.830
469.740
468.660
468.590
468.430
469.170
469.690
469.960
469.210
468.740
468.830
468.590
468.300
468.380
468.050
468.000
468.440
468.560
468.500
468.050
468.450
468.920
469.290
469.640
468.960
469.560
470.280
469.580
469.070
468.960
468.050
468.390
469.090
468.780
468.210
468.380
469.730
468.040
469.250
469.380
467.730
467.540
467.460
467.380
467.490
468.340
467.330
467.390
468.270
467.640
467.810
467.960
468.740
468.710
468.610
469.220
469.260
468.800
468.270
468.260
468.130
468.050
467.960
468.390
468.310
468.550
468.970
468.840
469.450
469.190
469.100
468.710
467.900
468.640
468.200
467.780
468.930
469.010
468.930
468.660
468.410
467.800
467.830
467.950
468.820
467.730
468.550
467.760
467.160
467.500
467.730
468.020
467.680
468.520
468.590
469.390
469.080
469.490
470.210
470.710
470.990
470.470
469.910
469.260
469.840
470.110
470.180
469.770
469.690
469.650
469.520
469.670
469.680
468.890
469.460
469.520
469.340
470.320
470.300
470.350
470.420
469.900
470.350
469.680
469.730
470.470
469.270
468.970
469.580
468.830
469.200
470.030
469.330
469.500
469.140
469.860
469.920
470.030
470.180
470.220
469.990
470.260
470.340
468.930
469.280
469.580
469.520
469.870
469.380
470.100
469.050
469.590
469.760
469.750
470.200
470.180
469.870
469.870
470.780
470.450
471.140
471.170
470.910
470.320
470.430
471.300
471.130
471.340
470.370
470.390
470.720
470.610
470.910
470.900
470.880
471.360
471.660
471.080
471.300
470.800
470.720
471.160
470.690
471.210
471.700
471.610
471.960
471.790
472.820
473.230
472.780
472.870
472.960
474.260
472.630
472.590
473.690
472.430
472.550
472.410
472.230
472.220
472.170
472.320
472.060
472.600
472.320
472.410
471.990
472.150
472.040
472.620
472.170
471.810
471.820
472.120
471.530
471.600
472.240
471.860
472.240
471.800
472.160
473.170
472.810
472.860
473.140
473.210
473.330
473.270
473.510
472.870
472.880
472.550
473.130
473.510
473.750
473.720
473.860
473.930
474.250
474.340
474.620
474.910
474.710
474.810
474.240
473.960
474.700
474.350
473.210
473.380
472.920
473.420
473.640
473.620
473.390
473.870
473.450
473.580
473.310
473.530
473.060
472.390
473.160
472.990
473.200
473.610
472.920
472.820
473.650
473.480
473.090
472.960
473.700
474.730
474.300
474.900
473.230
472.990
473.290
473.180
472.780
473.080
472.810
472.620
472.030
471.830
472.160
472.230
471.830
472.210
472.700
472.970
473.460
472.930
473.080
472.890
473.260
472.980
472.880
472.680
472.870
472.790
472.700
472.810
472.230
472.110
472.480
472.410
473.200
473.980
473.230
473.510
473.630
473.960
474.760
474.040
474.070
473.680
474.420
474.090
473.480
473.320
473.800
473.940
473.850
473.490
473.450
474.140
474.330
474.690
474.600
473.720
474.230
473.830
473.820
473.550
474.070
473.930
473.340
473.620
474.200
474.120
474.710
473.660
474.440
474.780
474.500
474.450
474.540
474.460
474.370
474.140
474.400
474.450
474.550
474.340
474.780
475.370
474.620
475.240
475.340
475.770
475.460
475.030
475.520
474.730
474.650
474.730
474.650
474.690
474.290
473.880
474.610
474.900
474.200
473.670
474.110
474.520
474.610
474.370
474.510
473.820
474.440
474.980
474.390
474.810
475.390
475.490
474.800
474.620
474.520
476.090
476.050
476.230
474.950
475.050
474.780
474.730
474.900
475.410
475.120
475.670
475.990
475.760
476.710
476.260
475.600
475.370
475.170
475.560
476.990
476.110
475.500
475.480
475.600
476.540
475.890
474.640
474.630
474.560
474.800
474.810
475.090
474.840
474.600
475.200
475.030
474.990
475.360
475.670
476.410
475.400
476.190
476.690
475.990
476.690
476.390
477.080
476.740
477.490
477.110
477.230
479.320
478.400
478.880
478.320
478.570
478.340
479.470
478.610
478.310
478.140
477.810
477.710
477.960
477.910
476.990
477.420
478.070
478.000
477.470
477.690
477.780
477.510
478.250
478.670
479.110
478.300
478.620
478.730
479.010
479.060
478.610
478.340
479.010
478.330
478.600
478.420
478.550
478.480
479.010
479.740
479.160
478.560
479.060
479.670
479.000
479.370
479.470
479.610
479.790
479.930
479.820
480.180
479.240
478.830
479.110
479.230
479.130
478.730
479.010
479.780
480.050
479.520
479.370
479.000
479.280
479.530
479.840
479.750
479.950
480.060
480.390
480.010
479.840
479.690
480.180
480.340
480.990
480.600
480.870
480.740
480.880
480.960
480.190
480.040
480.740
480.430
480.490
480.460
480.640
481.020
481.290
481.350
480.850
481.060
480.860
480.790
480.740
480.750
480.510
480.130
480.130
480.220
480.560
480.370
480.440
480.580
481.110
482.040
481.520
481.760
481.450
481.230
481.570
481.310
481.220
481.300
477.720
480.520
481.250
480.450
480.590
481.040
481.680
480.470
480.200
480.080
480.860
480.950
481.050
480.220
480.360
480.010
480.070
480.060
479.690
479.440
479.900
479.890
480.160
479.990
479.960
480.040
480.220
480.350
480.250
479.740
480.080
480.950
481.030
480.450
481.060
480.920
481.700
481.230
481.700
482.130
482.170
483.080
483.510
482.910
483.010
483.050
482.840
482.680
482.340
482.360
482.570
483.020
483.050
482.390
483.190
483.140
482.570
483.410
483.190
483.180
482.790
482.780
482.620
482.210
482.860
482.930
482.680
482.600
483.590
483.700
483.460
483.270
483.240
482.990
482.490
482.160
482.850
482.080
481.670
482.230
482.350
482.690
482.370
482.140
482.490
482.070
481.960
481.630
481.100
481.110
481.610
482.130
481.280
481.490
482.000
481.400
481.400
481.800
481.130
480.890
481.170
480.810
480.830
481.190
480.790
480.730
480.700
480.710
480.880
481.180
481.390
481.350
481.500
480.220
480.610
480.930
480.490
480.780
480.510
481.130
480.840
481.030
481.270
482.010
481.610
481.870
481.380
481.490
481.800
481.970
481.930
482.150
482.370
482.700
481.840
480.440
481.070
480.490
480.490
480.180
479.880
479.930
480.220
480.280
480.300
479.970
480.440
480.110
480.060
479.540
479.540
479.910
479.780
479.970
479.950
480.400
480.280
480.350
479.500
479.470
479.760
479.590
480.820
479.950
479.360
479.390
479.380
479.750
480.590
479.620
479.690
479.560
479.920
480.200
479.670
479.690
479.700
479.350
479.120
479.130
479.440
479.040
479.240
479.650
479.440
480.140
480.150
479.530
479.480
479.410
479.470
478.970
479.030
478.710
479.190
479.440
479.220
479.360
479.810
479.840
479.990
479.530
479.730
479.750
479.710
479.870
480.280
480.260
479.520
479.850
480.070
480.070
479.660
479.510
480.080
479.890
480.130
480.420
480.180
480.430
479.950
479.550
479.870
479.450
479.490
479.630
480.180
479.150
479.380
479.880
479.590
480.290
479.590
479.830
480.270
481.030
481.340
480.750
479.250
479.270
478.620
478.930
479.560
478.360
478.630
479.090
479.130
479.110
479.410
479.240
479.910
480.150
479.840
480.370
479.650
479.610
479.720
479.600
479.500
479.400
479.670
480.230
480.140
480.470
480.330
480.740
480.940
480.690
481.080
481.020
480.710
480.390
480.360
480.700
480.270
480.770
480.830
480.970
480.790
480.710
480.630
480.380
480.820
480.710
480.570
479.860
479.690
480.950
480.440
480.490
480.980
481.940
481.440
480.990
480.220
480.600
480.430
480.110
480.060
480.120
479.900
479.460
479.320
478.940
478.810
478.610
478.940
478.800
478.320
479.250
479.420
479.070
478.780
478.380
478.670
478.910
478.990
479.150
478.630
478.540
478.850
478.900
478.780
479.690
479.220
479.910
480.030
480.480
480.180
480.270
480.480
480.160
479.730
479.790
480.070
480.350
479.910
479.950
479.780
479.450
479.490
479.240
478.970
479.430
479.340
479.640
479.470
480.300
479.550
479.360
479.360
479.460
479.160
479.370
479.510
478.960
478.990
478.420
478.530
478.880
479.130
479.360
478.870
479.170
479.310
479.480
479.500
479.340
479.140
479.480
479.240
479.260
479.220
479.400
478.990
479.320
479.260
479.240
478.760
478.870
480.130
480.050
479.460
479.550
479.410
479.490
479.720
480.090
479.780
480.230
480.430
480.890
480.670
480.740
480.990
480.880
481.110
481.090
481.360
481.100
482.110
482.080
482.100
482.400
482.770
482.660
482.610
481.900
482.150
481.950
481.710
481.620
481.470
481.430
481.470
481.470
481.260
481.560
481.570
481.540
482.150
481.810
482.030
481.590
481.380
481.540
481.680
481.450
481.970
482.150
482.130
481.580
481.770
481.590
481.250
480.960
481.480
481.320
482.290
482.720
483.280
479.290
477.670
478.170
479.130
479.800
479.610
481.150
481.200
481.210
480.700
481.370
480.700
480.530
479.770
479.520
478.940
479.580
478.330
478.510
478.650
478.620
478.460
478.750
478.040
478.890
479.300
480.060
479.350
479.350
479.180
479.150
479.340
479.720
479.720
480.000
480.350
480.900
479.960
480.480
480.560
480.790
480.560
480.580
480.710
480.260
480.740
480.510
480.320
479.700
480.570
480.800
480.620
480.300
480.410
480.170
479.300
478.930
479.630
479.630
479.540
480.160
479.920
479.690
479.930
479.760
479.620
479.790
480.330
479.790
480.050
479.520
479.970
480.730
480.300
480.090
480.490
480.630
480.440
480.880
480.270
480.540
480.140
480.520
481.300
480.560
480.290
480.790
480.580
480.750
481.090
481.380
482.000
481.560
482.180
482.270
482.270
481.440
481.550
481.390
482.190
481.450
481.080
481.080
481.230
481.660
481.450
481.410
481.220
481.920
481.570
481.410
481.790
482.650
482.580
482.950
482.120
483.050
483.660
482.740
482.440
482.560
482.630
482.570
483.320
483.010
482.490
482.400
483.280
483.180
482.830
482.360
482.360
482.540
482.540
482.130
482.500
482.620
481.860
482.260
483.080
482.560
483.280
483.020
482.860
484.030
483.870
483.690
483.750
483.700
483.480
483.370
483.180
482.410
482.660
482.930
483.680
482.700
483.370
483.570
483.040
483.670
482.790
483.990
484.110
482.750
482.850
482.950
483.230
483.090
483.280
483.040
483.040
483.370
483.800
484.040
484.100
484.870
485.290
485.680
484.640
484.910
485.930
485.440
485.380
485.060
484.670
483.990
483.900
484.560
483.870
484.130
484.180
484.160
483.380
484.290
484.090
483.930
484.450
484.310
484.580
484.260
484.500
484.740
485.230
485.520
485.800
485.770
486.460
485.890
487.010
486.860
485.590
485.570
485.450
485.540
485.690
485.650
485.450
484.300
484.440
484.550
484.620
484.310
484.580
484.530
485.420
484.970
484.780
484.930
485.030
485.250
484.660
484.780
483.960
484.690
484.130
484.480
485.250
484.970
485.160
485.890
485.640
485.180
485.130
485.570
485.040
485.110
484.820
484.600
484.700
484.790
484.250
484.320
485.520
485.230
484.330
484.650
484.370
484.100
484.090
484.680
485.450
484.660
484.470
484.770
484.810
484.770
484.140
485.070
484.940
484.670
484.720
485.230
485.730
485.530
485.330
486.160
486.290
486.050
484.860
484.850
485.010
485.040
485.650
485.320
486.620
487.310
486.960
486.820
487.610
487.480
486.660
486.130
486.650
486.450
486.100
485.690
484.910
484.790
485.620
484.920
485.000
484.860
484.730
484.830
484.730
484.860
484.960
484.480
485.340
485.170
484.690
484.290
484.600
484.700
485.250
484.650
485.260
484.430
484.750
485.000
485.110
484.790
484.930
485.390
485.060
484.810
484.840
484.940
484.700
482.690
485.170
485.720
485.880
485.550
485.790
486.410
485.720
485.910
485.960
485.730
485.550
485.780
486.210
486.320
486.220
485.970
486.460
486.290
486.140
486.390
487.380
487.500
486.140
486.220
486.690
486.260
485.980
486.030
485.210
484.690
485.300
484.460
484.760
485.390
486.790
485.850
485.990
487.240
486.730
486.790
486.630
486.610
486.500
486.280
486.080
487.750
486.260
487.030
486.660
486.310
486.270
486.630
486.510
486.210
487.010
486.240
486.150
486.520
485.230
486.190
486.300
487.040
485.560
486.530
485.720
485.910
485.970
487.210
487.720
487.150
487.010
486.800
486.400
486.230
486.580
486.600
487.360
486.840
487.630
488.100
487.820
486.360
486.680
486.490
486.050
486.700
486.110
486.300
