0.001 0.00145372
0.002 0.00533032
0.003 0.00743014
0.004 0.00936844
0.005 0.00936844
0.006 0.0100145
0.007 0.00856081
0.008 0.0109837
0.009 0.00985301
0.01 0.012922
0.011 0.00807624
0.012 0.00839929
0.013 0.00807624
0.014 0.0180908
0.015 0.0400581
0.016 0.0797932
0.017 0.128251
0.018 0.151026
0.019 0.136004
0.02 0.0912615
0.021 0.058472
0.022 0.0303667
0.023 0.0214828
0.024 0.0179293
0.025 0.0156679
0.026 0.0145372
0.027 0.0135681
0.028 0.0140527
0.029 0.0119528
0.03 0.00985301
0.031 0.00904539
0.032 0.00306897
0.033 0.0038766
0.034 0.00371507
0.035 0.00290745
0.036 0.00209982
0.037 0.00145372
0.038 0.0032305
0.039 0.000969149
0.04 0.00161525
0.041 0.000807624
0.042 0.000646099
0.043 0.000807624
0.044 0.000807624
0.045 0.000161525
0.046 0.00032305
0.047 0.00032305
0.049 0.000161525
0.05 0.000646099
0.051 0.000161525
0.06 0.000161525
0.061 0.000161525
0.077 0.000161525
0.078 0.000161525
0.103 0.000161525
0.118 0.000161525
