0 0.173273
0.001 0.0529493
0.002 0.0470372
0.003 0.0390419
0.004 0.0339857
0.005 0.0305511
0.006 0.02688
0.007 0.0236932
0.008 0.0213058
0.009 0.0188171
0.01 0.016655
0.011 0.0101687
0.012 0.0124659
0.013 0.0200784
0.014 0.030461
0.015 0.0449202
0.016 0.0473751
0.017 0.0465643
0.018 0.0452129
0.019 0.0427243
0.02 0.0393572
0.021 0.0259003
0.022 0.020191
0.023 0.0160357
0.024 0.0117903
0.025 0.00998851
0.026 0.00952681
0.027 0.00780388
0.028 0.00726335
0.029 0.007162
0.03 0.0062949
0.031 0.00650886
0.032 0.00538276
0.033 0.00508998
0.034 0.0045044
0.035 0.0043017
0.036 0.00460575
0.037 0.00374992
0.038 0.003581
0.039 0.00279273
0.04 0.00242112
0.041 0.00220716
0.042 0.0013288
0.043 0.00102475
0.044 0.00110358
0.045 0.000833315
0.046 0.000585572
0.047 0.000472962
0.048 0.000585572
0.049 0.000394135
0.05 0.000326569
0.051 0.000304047
0.052 0.000247742
0.053 0.000191437
0.054 0.000168915
0.055 0.000202698
0.056 0.000180176
0.057 0.000146393
0.058 7.88271e-05
0.059 0.00011261
0.06 5.6305e-05
0.061 6.7566e-05
0.062 5.6305e-05
0.063 5.6305e-05
0.064 5.6305e-05
0.065 9.00881e-05
0.066 3.3783e-05
0.067 3.3783e-05
0.068 4.5044e-05
0.069 7.88271e-05
0.07 3.3783e-05
0.071 1.1261e-05
0.072 2.2522e-05
0.073 3.3783e-05
0.074 2.2522e-05
0.075 6.7566e-05
0.076 2.2522e-05
0.077 4.5044e-05
0.078 2.2522e-05
0.079 2.2522e-05
0.081 1.1261e-05
0.082 2.2522e-05
0.085 2.2522e-05
0.086 2.2522e-05
0.089 2.2522e-05
0.092 1.1261e-05
0.093 2.2522e-05
0.094 1.1261e-05
0.098 1.1261e-05
0.102 1.1261e-05
0.119 1.1261e-05
0.179 1.1261e-05
0.232 1.1261e-05
0.234 1.1261e-05
