0.1787109375 1
0.19677734375 2
0.236328125 3
0.25390625 4
0.25439453125 5
0.26416015625 6
0.269287109375 7
0.27197265625 8
0.2744140625 9
0.283203125 10
0.313232421875 11
0.3154296875 12
0.318359375 13
0.3330078125 14
0.3349609375 15
0.3388671875 16
0.3447265625 17
0.3466796875 18
0.3525390625 19
0.595123291015625 20
0.607421875 21
0.60888671875 22
0.77734375 23
0.778564453125 24
0.82763671875 25
0.92431640625 26
1.2725830078125 27
1.291015625 28
1.365234375 29
1.3828125 30
1.4033203125 31
1.5126953125 32
1.5166015625 33
1.533203125 34
1.559661865234375 35
1.6435546875 36
1.6513671875 37
1.709716796875 38
1.71484375 39
1.81298828125 40
1.8408203125 41
1.843505859375 42
1.8447265625 43
1.8525390625 44
1.8662109375 45
1.869140625 46
2.091796875 47
2.1318359375 48
2.1767578125 49
2.2109375 50
2.22265625 51
2.284912109375 52
2.3134765625 53
2.38671875 54
2.40380859375 55
2.43212890625 56
2.437255859375 57
2.5419921875 58
2.5927734375 59
2.617919921875 60
2.638916015625 61
2.707275390625 62
2.7392578125 63
2.8466796875 64
2.88037109375 65
2.896484375 66
2.90771484375 67
2.953125 68
2.96875 69
2.98358154296875 70
2.99462890625 71
3.106642961502075 72
3.167724609375 73
3.18212890625 74
3.24609375 75
3.279541015625 76
3.355224609375 77
3.5625 78
3.5869140625 79
3.61083984375 80
3.650390625 81
3.6554641723632813 82
3.765625 83
3.83203125 84
3.8876953125 85
4.10064697265625 86
4.11083984375 87
4.20703125 88
4.2108154296875 89
4.248046875 90
4.4921875 91
4.525634765625 92
4.6064453125 93
4.607421875 94
4.6357421875 95
4.748046875 96
4.781982421875 97
4.857666015625 98
5.126953125 99
5.181640625 100
5.3291015625 101
5.509765625 102
5.53125 103
5.89990234375 104
6.03662109375 105
6.052734375 106
6.103515625 107
6.1435546875 108
6.1796875 109
6.326171875 110
6.4013671875 111
6.54541015625 112
6.55224609375 113
6.77197265625 114
6.870361328125 115
6.91796875 116
6.9208984375 117
6.938720703125 118
7.29296875 119
7.447265625 120
7.504150390625 121
7.74609375 122
7.83447265625 123
7.84375 124
7.9072265625 125
8.238037109375 126
8.25390625 127
8.349609375 128
8.4404296875 129
8.5322265625 130
8.7548828125 131
8.77587890625 132
8.7919921875 133
8.9931640625 134
9.2275390625 135
9.31103515625 136
9.4677734375 137
9.6826171875 138
9.7034912109375 139
9.900390625 140
9.94921875 141
10.1904296875 142
10.376953125 143
10.50390625 144
10.9423828125 145
11.04296875 146
11.4326171875 147
11.4462890625 148
11.4931640625 149
11.7109375 150
12.3291015625 151
12.4775390625 152
12.7294921875 153
13.1826171875 154
13.21875 155
13.3544921875 156
13.35986328125 157
13.625 158
13.62939453125 159
13.9189453125 160
13.9287109375 161
14.15985107421875 162
14.544921875 163
14.556640625 164
14.77490234375 165
14.8857421875 166
15.1083984375 167
15.38671875 168
15.5458984375 169
15.734375 170
15.86376953125 171
16.3759765625 172
16.3759765625 173
16.70068359375 174
16.73583984375 175
16.7734375 176
16.916015625 177
16.984375 178
17.1806640625 179
17.392578125 180
17.46728515625 181
17.628173828125 182
18.158203125 183
18.5009765625 184
18.8330078125 185
18.83984375 186
19.193359375 187
19.45068359375 188
19.76123046875 189
19.91845703125 190
20.38134765625 191
20.4619140625 192
20.58056640625 193
20.748046875 194
20.857421875 195
21.30169677734375 196
21.6044921875 197
21.72021484375 198
22.1328125 199
22.4541015625 200
22.7548828125 201
22.771484375 202
22.828125 203
22.8701171875 204
22.927734375 205
23.3642578125 206
23.7010498046875 207
23.802734375 208
24.08154296875 209
24.48486328125 210
24.520263671875 211
24.70166015625 212
24.943359375 213
25.02587890625 214
26.09033203125 215
26.19140625 216
27.234375 217
27.66387939453125 218
28.0908203125 219
28.23681640625 220
28.6328125 221
28.71240234375 222
28.7451171875 223
28.927734375 224
29.796875 225
29.904541015625 226
29.9456787109375 227
31.115234375 228
31.64306640625 229
31.91015625 230
32.16015625 231
32.492919921875 232
32.9019775390625 233
33.9599609375 234
34.221435546875 235
34.33203125 236
34.4716796875 237
34.857421875 238
35.07958984375 239
35.1064453125 240
35.423828125 241
35.46875 242
35.54296875 243
35.8359375 244
36.397216796875 245
36.60986328125 246
37.216796875 247
37.66943359375 248
38.7666015625 249
39.0126953125 250
40.2451171875 251
40.87158203125 252
40.9248046875 253
40.9501953125 254
41.03106689453125 255
44.18572998046875 256
45.08642578125 257
45.5 258
45.9921875 259
48.41015625 260
48.448974609375 261
49.34423828125 262
49.95458984375 263
51.185546875 264
51.320556640625 265
51.5146484375 266
54.16650390625 267
55.0087890625 268
57.83984375 269
58.166015625 270
59.8857421875 271
60.0009765625 272
60.96142578125 273
61.26708984375 274
64.9091796875 275
65.5703125 276
67.5341796875 277
67.8623046875 278
69.1181640625 279
69.23046875 280
70.74609375 281
70.90234375 282
72.8489990234375 283
73.6319580078125 284
74.4462890625 285
78.8583984375 286
80.66796875 287
81.826171875 288
83.01123046875 289
84.3037109375 290
85.2227783203125 291
85.59814453125 292
86.13720703125 293
89.38671875 294
89.595703125 295
90.673828125 296
95.22816467285156 297
95.552734375 298
95.7601318359375 299
96.189453125 300
97.11181640625 301
97.123779296875 302
99.1015625 303
108.408203125 304
114.58154296875 305
119.08984375 306
125.80810546875 307
127.3076171875 308
133.921875 309
143.7841796875 310
151.63525390625 311
155.197265625 312
162.892578125 313
175.9521484375 314
182.1015625 315
183.23193359375 316
205.134765625 317
215.6357421875 318
216.2197265625 319
234.294921875 320
244.0859375 321
292.6259765625 322
295.242919921875 323
