0.1787109375 1
0.25439453125 2
0.269287109375 3
0.2744140625 4
0.283203125 5
0.313232421875 6
0.3349609375 7
0.607421875 8
0.778564453125 9
1.5126953125 10
1.5166015625 11
1.533203125 12
1.8408203125 13
1.843505859375 14
1.8447265625 15
1.8525390625 16
1.8662109375 17
1.869140625 18
2.1767578125 19
2.2109375 20
2.22265625 21
2.8466796875 22
2.96875 23
3.18212890625 24
3.6554641723632813 25
4.20703125 26
4.248046875 27
4.4921875 28
4.525634765625 29
4.857666015625 30
5.3291015625 31
5.89990234375 32
6.1796875 33
6.4013671875 34
6.54541015625 35
6.55224609375 36
6.77197265625 37
6.91796875 38
6.9208984375 39
8.238037109375 40
8.4404296875 41
8.7548828125 42
8.77587890625 43
8.7919921875 44
9.2275390625 45
9.4677734375 46
9.94921875 47
10.1904296875 48
10.50390625 49
11.4462890625 50
11.7109375 51
12.3291015625 52
13.35986328125 53
13.625 54
13.62939453125 55
13.9189453125 56
13.9287109375 57
14.15985107421875 58
14.556640625 59
14.77490234375 60
14.8857421875 61
15.38671875 62
15.5458984375 63
15.734375 64
15.86376953125 65
16.3759765625 66
16.73583984375 67
16.916015625 68
16.984375 69
17.1806640625 70
17.392578125 71
17.628173828125 72
18.5009765625 73
18.8330078125 74
18.83984375 75
19.193359375 76
19.76123046875 77
19.91845703125 78
20.38134765625 79
20.58056640625 80
20.857421875 81
22.1328125 82
22.4541015625 83
22.828125 84
22.8701171875 85
22.927734375 86
23.7010498046875 87
23.802734375 88
24.70166015625 89
24.943359375 90
26.19140625 91
28.0908203125 92
28.23681640625 93
29.904541015625 94
29.9456787109375 95
31.115234375 96
31.64306640625 97
32.16015625 98
32.492919921875 99
32.9019775390625 100
34.33203125 101
35.423828125 102
35.46875 103
35.54296875 104
36.397216796875 105
36.60986328125 106
37.216796875 107
40.2451171875 108
40.9501953125 109
41.03106689453125 110
44.18572998046875 111
45.08642578125 112
45.9921875 113
48.41015625 114
48.448974609375 115
49.34423828125 116
49.95458984375 117
51.185546875 118
51.320556640625 119
51.5146484375 120
55.0087890625 121
57.83984375 122
58.166015625 123
59.8857421875 124
60.0009765625 125
60.96142578125 126
61.26708984375 127
64.9091796875 128
65.5703125 129
67.5341796875 130
67.8623046875 131
69.1181640625 132
69.23046875 133
70.74609375 134
70.90234375 135
73.6319580078125 136
74.4462890625 137
78.8583984375 138
80.66796875 139
81.826171875 140
83.01123046875 141
84.3037109375 142
85.2227783203125 143
85.59814453125 144
86.13720703125 145
95.22816467285156 146
95.552734375 147
95.7601318359375 148
96.189453125 149
97.11181640625 150
97.123779296875 151
99.1015625 152
108.408203125 153
114.58154296875 154
119.08984375 155
125.80810546875 156
127.3076171875 157
143.7841796875 158
155.197265625 159
175.9521484375 160
182.1015625 161
183.23193359375 162
205.134765625 163
234.294921875 164
292.6259765625 165
295.242919921875 166
