0.19677734375 1
0.236328125 2
0.25390625 3
0.26416015625 4
0.27197265625 5
0.3154296875 6
0.318359375 7
0.3330078125 8
0.3388671875 9
0.3447265625 10
0.3466796875 11
0.3525390625 12
0.595123291015625 13
0.60888671875 14
0.77734375 15
0.82763671875 16
0.92431640625 17
1.2725830078125 18
1.291015625 19
1.365234375 20
1.3828125 21
1.4033203125 22
1.559661865234375 23
1.6435546875 24
1.6513671875 25
1.709716796875 26
1.71484375 27
1.81298828125 28
2.091796875 29
2.1318359375 30
2.284912109375 31
2.3134765625 32
2.38671875 33
2.40380859375 34
2.43212890625 35
2.437255859375 36
2.5419921875 37
2.5927734375 38
2.617919921875 39
2.638916015625 40
2.707275390625 41
2.7392578125 42
2.88037109375 43
2.896484375 44
2.90771484375 45
2.953125 46
2.98358154296875 47
2.99462890625 48
3.106642961502075 49
3.167724609375 50
3.24609375 51
3.279541015625 52
3.355224609375 53
3.5625 54
3.5869140625 55
3.61083984375 56
3.650390625 57
3.765625 58
3.83203125 59
3.8876953125 60
4.10064697265625 61
4.11083984375 62
4.2108154296875 63
4.6064453125 64
4.607421875 65
4.6357421875 66
4.748046875 67
4.781982421875 68
5.126953125 69
5.181640625 70
5.509765625 71
5.53125 72
6.03662109375 73
6.052734375 74
6.103515625 75
6.1435546875 76
6.326171875 77
6.870361328125 78
6.938720703125 79
7.29296875 80
7.447265625 81
7.504150390625 82
7.74609375 83
7.83447265625 84
7.84375 85
7.9072265625 86
8.25390625 87
8.349609375 88
8.5322265625 89
8.9931640625 90
9.31103515625 91
9.6826171875 92
9.7034912109375 93
9.900390625 94
10.376953125 95
10.9423828125 96
11.04296875 97
11.4326171875 98
11.4931640625 99
12.4775390625 100
12.7294921875 101
13.1826171875 102
13.21875 103
13.3544921875 104
14.544921875 105
15.1083984375 106
16.3759765625 107
16.70068359375 108
16.7734375 109
17.46728515625 110
18.158203125 111
19.45068359375 112
20.4619140625 113
20.748046875 114
21.30169677734375 115
21.6044921875 116
21.72021484375 117
22.7548828125 118
22.771484375 119
23.3642578125 120
24.08154296875 121
24.48486328125 122
24.520263671875 123
25.02587890625 124
26.09033203125 125
27.234375 126
27.66387939453125 127
28.6328125 128
28.71240234375 129
28.7451171875 130
28.927734375 131
29.796875 132
31.91015625 133
33.9599609375 134
34.221435546875 135
34.4716796875 136
34.857421875 137
35.07958984375 138
35.1064453125 139
35.8359375 140
37.66943359375 141
38.7666015625 142
39.0126953125 143
40.87158203125 144
40.9248046875 145
45.5 146
54.16650390625 147
72.8489990234375 148
89.38671875 149
89.595703125 150
90.673828125 151
133.921875 152
151.63525390625 153
162.892578125 154
215.6357421875 155
216.2197265625 156
244.0859375 157
