3592.640
3593.369
3595.263
3592.458
3591.583
3593.828
3593.793
3594.732
3591.067
3592.318
3595.094
3594.426
3595.384
3592.986
3594.408
3593.513
3594.546
3591.970
3592.990
3593.806
3594.076
3593.154
3594.344
3594.572
3586.845
3593.822
3592.622
3595.134
3593.048
3593.152
3592.841
3590.431
3595.859
3592.022
3591.854
3594.041
3594.993
3593.403
3593.157
3593.786
3593.839
3590.950
3594.620
3593.879
3593.308
3591.947
3592.238
3592.706
3591.781
3595.986
3595.578
3591.671
3594.499
3593.755
3589.969
3593.536
3593.824
3594.390
3593.866
3593.831
3595.765
3591.573
3592.824
3594.724
3594.847
3593.561
3595.429
3596.288
3594.504
3591.304
3591.500
3590.729
3594.067
3594.238
3591.355
3592.686
3589.236
3593.744
3593.150
3591.848
3594.813
3593.381
3594.467
3595.579
3593.176
3593.869
3592.799
3592.997
3593.403
3592.730
3593.390
3592.478
3594.555
3594.184
3593.600
3592.198
3594.470
3591.383
3592.886
3592.484
3594.118
3593.739
3595.297
3593.492
3594.692
3590.478
3594.364
3596.310
3594.651
3595.634
3593.635
3591.854
3594.912
3591.425
3593.202
3593.347
3592.132
3595.448
3593.835
3593.395
3593.008
3594.963
3592.929
3592.939
3593.896
3591.835
3594.631
3594.635
3593.976
3594.764
3592.858
3593.507
3592.091
3593.852
3594.677
3592.416
3593.837
3590.662
3591.111
3595.724
3593.666
3591.906
3594.010
3596.043
3593.242
3593.606
3594.619
3592.575
3589.062
3593.654
3593.151
3593.239
3593.985
3593.594
3595.020
3593.992
3593.220
3595.421
3595.285
3593.645
3594.314
3594.464
3593.969
3593.025
3593.185
3592.900
3593.107
3594.102
3591.789
3594.912
3592.459
3592.939
3593.581
3593.667
3592.171
3593.030
3594.612
3593.676
3596.414
3593.589
3593.118
3592.406
3589.712
3594.588
3593.907
3595.784
3592.064
3592.181
3594.960
3593.555
3591.723
3594.413
3594.177
3594.094
3592.945
3594.397
3595.467
3591.811
3595.680
3592.128
3592.933
3595.013
3592.684
3593.362
3589.812
3594.041
3595.314
3594.890
3593.261
3596.067
3593.339
3595.654
3590.592
3595.430
3594.480
3594.656
3592.966
3591.258
3595.898
3595.792
3592.152
3594.001
3591.591
3591.077
3593.192
3594.967
3594.256
3592.355
3592.882
3593.394
3594.337
3590.662
3592.253
3593.735
3595.076
3592.952
3593.219
3592.395
3595.952
3594.058
3590.238
3593.674
3591.280
3594.841
3593.061
3593.052
3594.760
3594.612
3592.448
3596.085
3593.406
3592.383
3593.732
3589.399
3592.392
3596.359
3592.082
3594.895
3594.375
3593.629
3592.185
3592.652
3595.210
3593.135
3594.268
3593.350
3594.635
3594.582
3595.492
3593.775
3593.733
3589.019
3594.447
3594.287
3592.354
3592.821
3594.339
3594.634
3593.318
3595.798
3593.274
3594.562
3593.128
3595.085
3595.931
3594.633
3593.058
3591.842
3592.357
3593.510
3592.737
3592.749
3594.733
3593.039
3594.458
3589.597
3593.808
3594.817
3591.206
3593.227
3592.068
3591.571
3592.190
3592.097
3592.724
3594.576
3596.034
3591.502
3590.743
3591.935
3594.039
3591.908
3589.831
3593.476
3592.971
3593.818
3595.208
3594.215
3595.094
3594.802
3592.073
3593.926
3595.398
3593.889
3593.313
3593.632
3593.226
3594.803
3593.305
3593.333
3594.611
3591.891
3593.918
3592.524
3594.753
3593.999
3592.511
3592.360
3594.050
3592.423
3593.331
3593.569
3594.045
3593.376
3593.812
3594.329
3593.933
3592.860
3589.536
3594.564
3593.978
3593.600
3594.251
3591.747
3589.417
3590.707
3591.933
3591.965
3593.411
3590.483
3590.560
3594.472
3593.822
3592.554
3595.817
3594.432
3592.536
3595.886
3592.092
3592.604
3594.591
3592.662
3592.378
3595.128
3592.791
3590.897
3594.625
3594.615
3595.087
3594.560
3593.932
3590.146
3596.253
3593.934
3594.171
3592.466
3595.791
3592.949
3595.334
3592.085
3591.639
3595.469
3590.179
3594.383
3594.567
3592.765
3592.210
3592.312
3590.074
3593.316
3590.906
3593.136
3593.278
3591.763
3592.711
3595.147
3594.144
3594.450
3595.221
3595.015
3591.320
3594.939
3590.558
3590.719
3595.598
3590.814
3594.436
3591.363
3595.164
3590.189
3594.756
3591.681
3593.444
3594.402
3593.083
3593.504
3591.882
3591.454
3591.772
3591.525
3593.349
3593.528
3593.160
3590.829
3593.975
3594.662
3592.692
3590.899
3592.257
3591.468
3594.216
3593.695
3593.134
3597.102
3592.466
3589.577
3594.781
3594.217
3591.438
3594.811
3594.796
3592.862
3592.308
3592.356
3591.639
3590.482
3591.036
3592.268
3594.148
3590.492
3593.946
3594.064
3595.321
3593.129
3594.613
3593.095
3592.421
3594.190
3594.773
3594.478
3592.112
3594.315
3595.129
3591.358
3595.230
3595.754
3593.562
3591.160
3594.484
3593.452
3593.096
3589.677
3594.558
3592.686
3594.371
3593.214
3595.401
3593.157
3595.782
3594.600
3594.788
3593.611
3588.930
3594.997
3594.624
3592.119
3592.108
3593.922
3592.197
3593.200
3593.851
3592.308
3591.229
3592.356
3592.169
3595.640
3594.614
3594.740
3592.222
3594.169
3593.068
3590.344
3590.163
3595.946
3592.768
3591.540
3593.774
3591.459
3594.752
3594.578
3589.969
3593.721
3595.283
3592.967
3591.872
3594.448
3594.281
3593.065
3594.646
3593.960
3593.803
3592.419
3589.933
3594.896
3592.717
3594.877
3595.569
3594.605
3594.401
3589.815
3594.465
3594.919
3591.252
3595.270
3593.406
3594.427
3591.017
3593.522
3593.385
3595.721
3589.172
3590.502
3593.876
3592.666
3592.210
3594.319
3594.960
3594.070
3595.878
3595.328
3594.235
3594.128
3593.443
3594.415
3595.554
3593.082
3594.293
3591.747
3591.906
3591.296
3594.781
3595.020
3593.543
3590.179
3593.749
3592.379
3595.430
3592.620
3589.170
3592.516
3593.811
3592.831
3594.097
3593.307
3596.245
3594.257
3595.638
3593.104
3595.903
3590.035
3591.846
3590.701
3593.082
3592.175
3592.170
3595.590
3594.915
3587.852
3594.799
3591.457
3594.920
3596.069
3591.360
3595.087
3592.549
3591.099
3593.903
3593.818
3593.267
3591.990
3592.865
3593.615
3591.229
3586.594
3594.250
3593.633
3596.138
3593.690
3595.987
3592.687
3591.527
3594.565
3591.983
3592.417
3592.180
3594.564
3592.145
3592.389
3595.200
3593.962
3593.136
3593.485
3591.419
3591.847
3593.712
3594.661
3592.847
3594.951
3592.161
3592.526
3590.507
3595.145
3593.971
3592.958
3594.841
3593.397
3593.450
3593.423
3594.713
3593.899
3592.128
3589.504
3594.155
3592.998
3594.484
3592.639
3590.086
3596.009
3592.086
3592.953
3592.985
3593.984
3593.085
3592.194
3595.561
3594.910
3592.073
3591.510
3592.202
3592.618
3591.803
3596.247
3595.940
3590.583
3595.446
3594.541
3593.616
3593.851
3594.884
3593.511
3594.726
3594.742
3595.226
3594.476
3592.514
3593.659
3595.791
3593.756
3593.470
3593.301
3594.268
3594.142
3594.640
3592.369
3596.318
3593.088
3593.570
3591.372
3592.399
3591.693
3595.633
3594.000
3590.420
3594.074
3594.961
3594.422
3593.582
3590.617
3592.924
3592.494
3592.904
3590.752
3595.571
3592.772
3592.112
3595.362
3592.378
3594.589
3593.027
3593.776
3593.798
3593.573
3594.794
3592.745
3592.219
3591.270
3595.020
3595.091
3593.587
3593.034
3592.690
3594.488
3594.875
3594.175
3593.951
3594.335
3592.301
3587.202
3594.564
3594.271
3594.069
3592.729
3592.306
3594.796
3594.076
3595.777
3593.725
3595.027
3593.506
3593.055
3593.068
3591.536
3591.493
3592.174
3593.949
3594.339
3594.612
3595.415
3595.226
3594.240
3593.818
3592.742
3590.302
3593.398
3592.488
3594.143
3591.619
3594.677
3595.668
3592.883
3593.083
3594.528
3595.818
3593.441
3595.419
3592.770
3595.275
3589.504
3593.443
3591.550
3594.864
3594.016
3592.526
3592.085
3595.785
3593.246
3591.462
3594.886
3594.955
3594.261
3595.017
3594.499
3593.405
3592.414
3594.749
3594.394
3593.394
3595.726
3596.645
3593.148
3596.231
3594.267
3594.726
3590.704
3593.566
3594.653
3594.548
3591.646
3591.673
3593.216
3593.494
3593.261
3593.180
3592.313
3596.168
3595.815
3592.863
3594.079
3594.379
3594.577
3590.947
3594.876
3592.900
3590.966
3595.243
3593.480
3594.787
3593.487
3592.980
3594.415
3594.647
3591.302
3593.568
3587.938
3596.053
3593.779
3594.716
3596.762
3593.588
3592.183
3588.371
3594.458
3592.292
3596.264
3592.603
3594.355
3591.995
3595.768
3593.556
3594.844
3593.928
3595.421
3594.036
3595.937
3594.259
3593.935
3593.854
3595.344
3593.299
3589.930
3594.828
3590.395
3593.907
3594.057
3592.117
3593.040
3593.594
3591.926
3592.668
3594.057
3594.706
3594.431
3593.652
3593.986
3592.624
3595.257
3596.123
3596.552
3593.200
3593.683
3592.208
3594.263
3593.255
3591.483
3587.772
3593.366
3594.094
3590.011
3594.756
3594.362
3593.820
3591.759
3594.697
3593.937
3593.374
3594.595
3593.710
3590.804
3593.217
3595.911
3591.615
3594.205
3595.470
3592.881
3594.469
3591.252
3595.103
3591.086
3594.884
3595.250
3595.321
3594.696
3592.707
3593.671
3590.583
3593.185
3594.330
3593.863
3594.082
3592.123
3594.309
3595.164
3591.305
3595.867
3594.073
3589.441
3593.149
3591.822
3594.386
3593.590
3594.964
3593.181
3593.256
3594.211
3590.192
3592.050
3595.914
3595.804
3594.742
3596.371
3592.052
3593.294
3590.957
3596.160
3594.456
3594.297
3594.265
3592.938
3591.728
3588.216
3594.964
3594.832
3593.051
3593.355
3593.302
3592.858
3592.345
3593.234
3593.316
3594.507
3595.725
3593.852
3594.833
3594.288
3594.463
3593.904
3589.985
3591.961
3593.472
3591.729
3592.034
3591.822
3594.553
3594.639
3592.941
3591.122
3593.755
3595.087
3591.494
3593.161
3592.545
3595.901
3590.745
3594.231
3592.151
3595.449
3591.819
3594.804
3591.853
3592.828
3592.708
3594.607
3592.669
3590.051
3596.235
3594.646
3593.849
3592.168
3591.150
3594.121
3591.486
3591.864
3589.909
3594.315
3592.518
3593.875
3593.174
3593.445
3589.991
3595.688
3594.837
3594.018
3594.425
3593.941
3588.776
3593.444
3592.740
3594.195
3595.596
3595.128
3594.337
3595.775
3595.128
3593.147
3595.149
3589.306
3594.476
3591.782
3592.156
3594.227
3593.623
3589.346
3589.822
3592.318
3593.634
3593.419
3592.723
3595.184
3594.423
3592.042
3592.441
3593.965
3592.517
3596.451
3590.365
3594.845
3592.814
3594.449
3595.239
3594.324
3590.724
3594.062
3592.213
3592.638
3594.205
3592.494
3593.972
3591.905
3593.425
3592.462
3592.927
3593.876
3590.873
3593.534
3591.946
3594.968
3594.976
3594.527
3594.930
3594.484
3594.277
3593.300
3593.630
3594.939
3591.680
3594.575
3593.125
3594.028
3591.339
3592.975
3593.205
3594.855
3593.103
3592.567
3593.076
3592.031
3595.718
3593.126
3596.538
3594.033
3592.404
3594.493
3594.155
3592.374
3595.914
3595.413
3594.820
3593.327
3595.667
3595.412
3593.872
3593.763
3593.072
3595.873
3594.565
3594.339
3593.247
3592.261
3592.305
3591.192
3594.878
3590.270
3591.753
3592.339
3590.548
3591.476
3594.463
3593.152
3591.457
3595.505
3594.201
3593.473
3594.105
3593.545
3595.655
3594.900
3593.717
3593.354
3593.604
3592.896
3592.312
3592.189
3593.255
3591.949
3595.335
3592.365
3595.328
3591.642
3594.970
3591.986
3595.569
3594.431
3593.560
3594.021
3594.394
3592.768
3593.715
3594.050
3592.966
3593.657
3596.093
3593.405
3592.601
3595.019
3593.799
3592.183
3593.997
3595.421
3595.246
3594.303
3592.779
3593.142
3593.315
3592.379
3595.995
3593.156
3592.484
3592.324
3592.162
3589.545
3593.182
3594.544
3593.700
3594.218
3591.549
3593.525
3594.190
3588.429
3592.879
3595.151
3592.568
3595.416
3595.715
3594.960
3591.757
3592.769
3595.140
3593.163
3591.215
3595.038
3593.932
3596.693
3595.523
3590.643
3594.604
3590.197
3592.460
3594.477
3592.969
3592.831
3594.799
3593.650
3594.198
3594.756
3593.059
3592.777
3592.271
3593.713
3594.988
3595.702
3592.464
3590.673
3593.179
3594.064
3590.523
3591.199
3594.713
3594.789
3593.932
3592.497
3594.043
3593.686
3595.314
3593.275
3595.232
3594.135
3593.444
3592.945
3592.560
3593.775
3595.977
3592.017
3593.858
3594.313
3593.403
3590.196
3594.130
3592.210
3592.993
3594.236
3594.839
3594.628
3591.649
3593.398
3592.319
3591.631
3592.188
3592.169
3595.790
3594.680
3592.656
3593.436
3595.267
3591.317
3595.341
3595.396
3595.167
3593.132
3593.356
3589.913
3594.719
3595.822
3593.804
3595.140
3594.647
3593.731
3591.822
3593.537
3591.229
3594.482
3594.690
3593.456
3593.436
3593.510
3592.931
3593.356
3593.379
3594.029
3594.062
3591.454
3592.901
3595.237
3595.488
3594.711
3593.946
3595.220
3593.500
3591.830
3595.937
3595.432
3594.393
3594.524
3595.424
3592.159
3593.271
3595.334
3593.219
3593.246
3593.744
3593.649
3591.532
3591.837
3593.354
3594.970
3593.731
3595.152
3593.459
3593.942
3592.536
3591.261
3591.365
3592.897
3592.566
3592.954
3593.508
3593.606
3593.406
3593.197
3593.682
3588.872
3591.034
3593.370
3595.249
3589.634
3593.900
3595.260
3593.709
3592.908
3594.478
3594.757
3594.134
3592.650
3595.490
3595.906
3595.302
3593.300
3590.559
3594.566
3593.960
3593.930
3594.945
3591.603
3593.893
3594.382
3592.405
3595.336
3593.648
3594.765
3592.818
3592.521
3595.034
3594.357
3594.778
3595.031
3595.185
3593.550
3593.110
3595.748
3593.591
3593.362
3591.298
3594.407
3594.397
3595.208
3593.359
3591.380
3594.357
3590.635
3595.679
3590.364
3595.443
3593.186
3594.069
3591.838
3594.043
3592.564
3594.651
3594.265
3593.536
3594.350
3592.664
3591.418
3594.758
3591.702
3595.615
3596.247
3594.550
3595.052
3591.697
3594.453
3593.067
3592.609
3592.631
3591.709
3594.694
3595.394
3590.506
3595.492
3594.104
3592.764
3589.498
3594.106
3595.188
3593.546
3592.761
3591.703
3592.714
3594.180
3594.557
3593.543
3593.625
3595.485
3593.616
3593.046
3592.260
3594.267
3594.491
3594.298
3592.873
3593.340
3594.654
3593.382
3592.151
3591.728
3593.869
3592.977
3594.484
3591.813
3592.549
3592.512
3595.398
3595.753
3593.631
3594.255
3595.216
3593.747
3590.920
3592.374
3593.158
3593.427
3593.603
3589.477
3589.798
3594.687
3592.597
3595.283
3594.279
3593.037
3593.640
3594.458
3595.137
3594.180
3592.295
3593.987
3591.477
3593.647
3593.410
3594.039
3594.665
3594.458
3593.523
3593.763
3593.995
3594.861
3594.878
3590.487
3592.196
3591.472
3592.206
3592.632
3593.552
3593.675
3595.016
3588.132
3594.874
3592.132
3594.269
3593.139
3594.037
3594.452
3593.859
3591.592
3593.549
3595.657
3590.225
3590.000
3591.839
3593.795
3593.689
3595.169
3594.187
3592.933
3591.004
3595.116
3594.758
3595.013
3593.344
3592.164
3594.744
3591.593
3594.069
3590.953
3592.839
3595.042
3590.679
3593.615
3592.150
3596.312
3593.369
3593.270
3594.128
3596.367
3591.376
3594.653
3594.299
3594.148
3593.031
3594.836
3594.474
3591.845
3593.697
3592.201
3595.578
3593.865
3591.823
3595.324
3592.231
3594.733
3590.901
3590.531
3592.675
3594.047
3588.695
3594.161
3593.706
3592.940
