0.4742816090583801 1
0.839754581451416 2
1.755156397819519 3
1.8687009811401367 4
1.954768180847168 5
1.9860578775405884 6
2.2502098083496094 7
2.337920904159546 8
2.490356922149658 9
2.5804357528686523 10
2.7321717739105225 11
2.754746198654175 12
2.938655138015747 13
2.973071336746216 14
2.976789712905884 15
3.0478506088256836 16
3.133925437927246 17
3.1500449180603027 18
3.2018237113952637 19
3.246837854385376 20
3.3425614833831787 21
3.6495912075042725 22
3.895570993423462 23
4.278253078460693 24
4.306728839874268 25
6.860085487365723 26
7.049745559692383 27
7.30873441696167 28
8.254266738891602 29
8.378363609313965 30
8.455135345458984 31
9.216238021850586 32
10.647183418273926 33
10.947970390319824 34
12.54629135131836 35
13.745803833007813 36
14.255314826965332 37
14.957677841186523 38
15.430243492126465 39
16.87790870666504 40
17.86245346069336 41
18.69424057006836 42
19.706100463867188 43
19.746292114257813 44
19.86028289794922 45
20.06964874267578 46
21.540569305419922 47
22.730470657348633 48
23.023029327392578 49
24.81237030029297 50
27.37417984008789 51
27.908098220825195 52
29.12032699584961 53
29.478702545166016 54
30.57100486755371 55
31.540334701538086 56
31.898679733276367 57
31.97043800354004 58
32.69837188720703 59
32.80545425415039 60
32.99070739746094 61
33.483882904052734 62
35.719295501708984 63
36.224971771240234 64
36.6414680480957 65
37.09975051879883 66
37.6053581237793 67
37.93303680419922 68
38.34971618652344 69
38.80894088745117 70
39.78556442260742 71
41.544166564941406 72
42.34785842895508 73
42.5469970703125 74
43.77540588378906 75
45.08960723876953 76
45.12135314941406 77
47.22765350341797 78
47.41806411743164 79
47.740325927734375 80
49.92319107055664 81
50.885318756103516 82
51.55743408203125 83
52.20891571044922 84
52.294097900390625 85
52.370147705078125 86
53.404624938964844 87
55.93648147583008 88
56.51173782348633 89
57.74058151245117 90
58.052249908447266 91
58.68672180175781 92
59.301334381103516 93
59.44060134887695 94
59.471614837646484 95
60.50982666015625 96
61.911930084228516 97
62.54954147338867 98
63.04722595214844 99
63.30452346801758 100
63.514766693115234 101
63.70683670043945 102
64.06250762939453 103
64.12837982177734 104
64.36689758300781 105
65.92475128173828 106
66.33854675292969 107
67.49771118164063 108
69.69332122802734 109
70.57118225097656 110
71.9587173461914 111
72.10176849365234 112
76.6692886352539 113
79.29682922363281 114
80.45227813720703 115
82.3700180053711 116
82.61966705322266 117
87.07272338867188 118
87.253173828125 119
87.72081756591797 120
88.05545043945313 121
91.38221740722656 122
92.78126525878906 123
92.8893051147461 124
93.13948822021484 125
93.68860626220703 126
95.870849609375 127
97.49296569824219 128
98.07672119140625 129
99.09166717529297 130
100.94677734375 131
104.1353988647461 132
104.79597473144531 133
105.10691833496094 134
107.45344543457031 135
109.96051788330078 136
110.77416229248047 137
111.74290466308594 138
111.8959732055664 139
111.93978118896484 140
113.33695983886719 141
114.22921752929688 142
118.8955078125 143
119.81041717529297 144
123.2914810180664 145
123.97236633300781 146
124.30770111083984 147
126.04817199707031 148
127.29984283447266 149
129.9190216064453 150
131.392822265625 151
132.51210021972656 152
134.35765075683594 153
134.72811889648438 154
143.64837646484375 155
143.75401306152344 156
145.89810180664063 157
152.25796508789063 158
154.50726318359375 159
155.13958740234375 160
156.44712829589844 161
157.73056030273438 162
159.64370727539063 163
162.34613037109375 164
163.82545471191406 165
164.0116424560547 166
168.5540313720703 167
171.2172393798828 168
174.35333251953125 169
175.71517944335938 170
177.59190368652344 171
182.35568237304688 172
183.20684814453125 173
188.5922393798828 174
190.81752014160156 175
194.0645751953125 176
195.77056884765625 177
201.7756805419922 178
202.41627502441406 179
207.5220184326172 180
208.75924682617188 181
210.68450927734375 182
216.69911193847656 183
217.0032501220703 184
224.4115753173828 185
227.28897094726563 186
227.88824462890625 187
230.2307891845703 188
236.8015594482422 189
248.5147247314453 190
248.69410705566406 191
253.7454376220703 192
271.7292785644531 193
272.51519775390625 194
275.24041748046875 195
279.1440124511719 196
284.7426452636719 197
293.1546325683594 198
298.7008361816406 199
304.0537109375 200
306.662841796875 201
310.1063232421875 202
313.0018005371094 203
316.09765625 204
318.5234069824219 205
319.2626647949219 206
321.4347839355469 207
321.76165771484375 208
332.755859375 209
340.1716003417969 210
353.5007019042969 211
356.77508544921875 212
359.7392883300781 213
381.8187255859375 214
388.34625244140625 215
389.0745544433594 216
389.5690612792969 217
399.00811767578125 218
404.8094177246094 219
412.7411193847656 220
425.3735656738281 221
428.3946533203125 222
430.8569030761719 223
436.00048828125 224
445.28106689453125 225
459.9945373535156 226
460.1015319824219 227
467.786865234375 228
470.25689697265625 229
473.4322509765625 230
475.4774475097656 231
490.0921325683594 232
499.321044921875 233
507.75445556640625 234
515.2987060546875 235
523.844970703125 236
526.87841796875 237
545.6090698242188 238
546.005859375 239
552.0609741210938 240
557.9290161132813 241
560.68115234375 242
561.3495483398438 243
564.657958984375 244
576.48291015625 245
578.2711181640625 246
581.6187133789063 247
584.1123657226563 248
612.5530395507813 249
628.4775390625 250
658.4766845703125 251
660.9627075195313 252
670.118408203125 253
679.996337890625 254
694.920166015625 255
701.0371704101563 256
714.2164916992188 257
716.8489379882813 258
725.4849243164063 259
774.3223266601563 260
777.2235717773438 261
780.0151977539063 262
919.06103515625 263
937.9151611328125 264
962.0233764648438 265
969.0452270507813 266
993.9771728515625 267
998.5200805664063 268
1089.5943603515625 269
1145.4871826171875 270
1183.470947265625 271
1184.5989990234375 272
1241.2669677734375 273
1297.1705322265625 274
1310.2576904296875 275
1324.748291015625 276
1437.603271484375 277
1476.89501953125 278
1494.705078125 279
1507.811279296875 280
1509.4713134765625 281
1518.810302734375 282
1634.602294921875 283
1685.2325439453125 284
1728.4842529296875 285
1738.152587890625 286
1766.4630126953125 287
1901.6995849609375 288
1930.330810546875 289
2052.27392578125 290
2088.04638671875 291
2451.786865234375 292
2470.27734375 293
2593.233154296875 294
2689.470947265625 295
2700.89599609375 296
2709.06201171875 297
3130.1083984375 298
3160.58447265625 299
3346.662353515625 300
3445.8701171875 301
3590.311767578125 302
3773.14208984375 303
3891.44921875 304
4012.38330078125 305
4103.72705078125 306
4198.85546875 307
4382.916015625 308
4748.38623046875 309
4905.52392578125 310
4941.00244140625 311
6215.2919921875 312
6341.99560546875 313
6564.212890625 314
6779.435546875 315
6975.1611328125 316
