0.000
65.670
99.780
151.600
186.660
203.130
218.630
230.130
240.340
248.540
254.240
261.970
264.410
264.230
268.230
266.230
268.350
269.730
267.410
268.650
267.610
265.880
267.000
264.810
265.520
264.820
264.590
264.780
265.550
262.490
260.840
261.010
259.750
258.850
257.300
256.820
257.210
255.120
254.090
253.980
252.800
252.450
251.740
248.710
249.010
249.170
246.330
247.000
243.950
244.190
242.560
241.780
241.050
238.530
238.230
238.760
238.540
238.750
237.570
238.240
238.060
236.390
237.010
238.260
236.020
233.450
233.810
232.640
231.530
232.110
232.740
231.000
231.640
230.970
231.120
232.180
232.400
231.480
231.670
232.530
232.100
232.240
232.030
230.630
229.900
229.510
229.370
229.930
227.500
226.470
226.810
225.740
225.830
223.820
224.310
224.880
224.210
224.060
224.110
223.950
224.040
222.680
222.640
223.510
223.040
222.360
220.310
221.200
221.510
220.780
221.020
218.780
217.100
217.360
217.740
217.440
216.770
216.440
215.620
215.970
215.840
215.040
215.030
215.720
215.560
213.600
212.420
212.920
211.860
211.060
211.120
211.010
208.870
206.880
206.070
206.790
206.620
205.040
205.420
205.550
206.140
205.140
204.970
205.810
204.510
202.550
201.150
201.720
201.910
202.030
202.460
201.690
202.500
201.770
202.340
201.050
200.960
201.190
200.990
200.880
200.430
200.870
200.780
200.480
199.930
199.860
199.710
199.800
199.830
197.690
197.580
197.680
197.230
196.580
196.760
196.450
196.360
197.310
196.420
196.380
196.490
196.480
196.400
193.900
193.980
193.700
193.500
193.360
192.240
191.890
192.240
190.840
191.210
190.660
190.710
189.980
189.090
189.330
189.060
188.420
189.090
189.150
187.770
187.150
187.200
186.950
187.380
187.690
187.430
187.500
187.140
186.940
186.060
186.050
185.850
186.550
185.980
185.350
184.580
184.270
184.020
183.730
184.030
183.920
184.410
184.480
184.580
184.990
183.680
183.270
183.440
183.540
183.390
183.740
183.350
183.030
183.060
181.450
181.030
181.130
180.800
180.250
180.880
180.300
180.790
180.660
180.960
181.190
181.150
181.390
180.910
181.230
181.910
181.950
181.800
181.320
181.320
181.820
181.010
181.470
181.550
181.810
181.640
180.920
180.840
181.730
181.130
180.560
181.130
181.170
180.870
181.230
181.300
180.330
180.030
179.970
180.370
179.420
180.000
180.180
179.610
179.320
179.250
179.610
179.360
178.540
178.210
178.540
178.220
177.850
177.880
178.200
178.890
178.930
178.630
178.260
177.900
178.100
178.240
178.290
178.360
178.280
178.720
178.860
178.940
178.500
178.740
178.090
177.730
177.780
178.160
177.910
178.160
178.210
178.200
177.570
177.500
176.580
176.160
176.190
176.130
176.120
175.030
175.660
175.540
175.730
175.640
175.840
175.230
176.170
176.820
176.490
176.480
176.030
176.610
177.170
177.770
177.120
177.070
176.790
176.660
176.400
176.800
177.100
177.190
176.790
176.450
176.740
177.070
176.520
176.670
176.960
176.630
176.540
176.270
176.290
176.770
176.110
176.450
176.530
175.610
175.390
175.390
175.600
175.860
175.490
176.030
176.380
176.210
176.440
176.750
176.890
175.860
175.940
176.200
176.560
176.400
176.170
176.100
176.070
176.280
176.280
175.660
175.570
175.380
175.530
175.280
175.510
175.780
175.110
174.560
174.770
174.560
174.200
174.070
173.650
173.600
174.140
173.970
173.950
173.770
174.000
173.930
174.160
174.450
174.180
174.170
174.190
174.320
174.960
175.030
174.450
174.120
172.380
172.120
172.310
172.800
172.800
173.300
173.560
173.580
173.520
174.070
173.030
174.000
174.160
173.860
173.640
173.650
173.350
173.110
172.870
173.820
173.140
171.710
172.080
171.730
169.690
169.410
169.870
170.310
170.340
170.640
171.170
171.200
170.610
167.810
167.550
167.460
168.020
167.870
167.320
167.830
167.300
167.440
168.030
168.090
167.990
167.630
167.890
167.940
167.370
167.390
167.880
168.210
167.530
167.350
167.670
166.960
167.410
167.290
166.830
167.480
166.930
166.170
166.290
165.840
166.410
166.220
166.210
166.190
165.860
165.620
165.490
165.220
165.130
165.090
164.800
165.250
165.750
166.000
165.460
165.150
165.510
165.190
165.170
165.740
165.670
165.980
165.680
165.330
165.280
165.750
165.350
165.480
165.420
165.680
165.290
164.710
165.080
164.810
164.760
164.930
165.340
165.000
165.610
163.610
163.670
163.580
164.110
163.750
163.570
163.660
164.240
163.670
163.680
163.500
161.560
161.310
160.810
160.540
160.840
160.710
161.080
160.780
161.210
161.080
160.880
161.250
161.150
160.910
160.790
160.700
160.440
160.390
160.690
160.450
160.420
160.640
160.580
160.810
160.970
160.480
158.370
158.290
158.430
158.360
158.810
157.750
157.500
157.690
157.430
155.660
155.920
155.900
156.450
156.190
155.540
155.760
155.730
155.980
155.970
155.960
156.140
155.900
156.160
155.920
153.210
153.200
152.730
152.780
152.670
152.560
152.700
152.400
152.350
152.830
152.220
151.620
151.860
152.180
152.160
151.600
152.260
152.060
151.860
151.840
152.140
152.210
151.530
151.660
151.420
151.330
151.560
151.520
151.790
152.310
152.790
152.580
152.800
152.600
152.530
152.370
151.830
151.550
151.710
151.580
151.480
151.700
151.900
152.030
151.460
151.470
151.600
152.100
151.560
151.790
151.900
152.130
152.010
151.580
151.300
151.480
151.610
151.720
151.850
152.140
151.990
152.320
152.240
151.930
152.030
152.490
152.480
152.130
152.390
152.160
152.160
152.070
152.250
152.010
152.580
152.160
152.290
152.410
152.470
152.490
152.800
152.100
151.340
151.470
151.500
151.400
151.370
151.990
152.230
152.410
151.540
151.590
152.160
151.800
150.820
151.150
151.060
151.110
150.880
151.150
150.590
150.770
150.620
150.690
150.230
150.380
150.640
150.650
150.740
150.820
150.800
150.330
150.490
151.140
150.970
151.070
150.130
149.940
150.150
149.990
149.790
150.180
149.680
149.950
149.990
150.140
149.990
149.960
150.030
150.020
150.410
150.230
149.580
149.550
150.050
150.170
149.800
149.710
148.550
148.300
148.260
148.160
148.540
148.270
148.320
147.900
147.970
147.750
147.180
145.480
145.860
146.430
146.600
145.950
146.440
146.480
146.370
146.790
146.600
146.410
146.220
146.130
146.070
145.730
146.080
146.410
146.430
147.040
146.740
146.940
146.630
146.780
146.540
146.650
146.260
146.720
146.530
146.880
147.050
147.360
147.830
147.910
147.480
148.040
147.400
147.580
148.000
147.590
147.750
147.400
147.410
147.100
147.340
147.480
147.550
147.350
147.480
147.430
145.720
145.520
145.120
144.640
144.800
144.980
144.630
144.610
144.920
145.000
145.680
145.300
144.560
144.500
144.500
144.690
144.440
144.330
144.320
144.000
144.280
143.400
143.420
143.260
143.520
143.850
143.780
143.560
143.640
143.520
143.620
143.610
143.500
143.470
143.680
143.710
143.290
143.230
143.250
143.500
143.770
144.290
144.600
143.780
143.750
143.770
144.160
144.310
144.450
144.840
144.120
143.980
143.870
144.270
144.050
144.680
144.520
144.490
144.600
144.430
144.310
144.230
145.190
145.130
145.450
145.180
144.790
145.030
144.830
145.100
145.530
145.490
145.290
145.150
145.150
145.360
145.050
144.880
144.890
145.040
145.230
144.120
144.140
144.070
144.550
144.310
143.870
144.110
144.160
144.350
144.180
144.390
144.470
144.920
144.950
145.280
145.090
144.630
144.260
144.140
144.180
144.690
144.850
144.250
144.430
144.460
144.600
144.430
145.030
144.520
144.780
144.460
144.690
144.980
144.880
144.990
144.930
144.980
145.070
144.700
145.020
144.950
145.060
144.730
145.140
145.220
145.110
145.490
145.100
145.020
145.260
146.120
145.810
145.210
145.320
145.720
145.110
144.800
144.800
144.820
144.680
144.910
144.920
144.590
145.230
144.030
144.100
144.150
144.760
144.810
144.160
144.270
144.220
144.490
144.470
144.410
144.010
144.330
144.460
144.590
143.970
144.310
144.040
144.070
142.770
142.900
142.850
142.500
142.780
142.730
143.140
143.690
143.790
143.530
143.040
143.160
143.310
142.900
142.740
142.620
142.870
142.650
143.080
142.920
142.770
142.570
142.600
142.780
142.510
142.640
142.680
142.980
142.450
142.690
142.700
142.610
142.770
142.320
142.680
142.700
142.900
143.200
143.290
142.940
142.950
143.130
143.130
143.070
142.960
142.770
142.730
142.410
142.540
142.810
142.740
142.730
142.930
143.040
143.480
143.590
142.550
142.510
142.700
142.420
142.420
142.580
142.620
142.710
142.750
142.740
142.860
142.820
142.690
142.730
142.770
143.500
143.040
143.070
143.160
143.000
142.580
142.460
142.240
142.170
142.400
142.880
143.130
143.280
142.980
142.640
142.410
142.220
142.590
142.670
142.590
142.170
142.240
142.200
142.220
142.320
142.620
142.980
142.220
142.250
142.780
142.610
142.380
142.320
142.180
142.120
142.390
142.210
141.710
142.260
142.760
142.270
142.360
142.240
142.330
142.550
142.330
142.440
142.460
142.810
142.880
143.190
142.850
142.270
141.740
141.980
141.400
141.610
141.890
142.380
142.180
142.300
141.970
142.110
142.400
142.260
143.020
142.700
142.920
143.060
143.210
143.240
143.520
143.630
143.430
143.140
143.120
143.240
143.020
142.860
142.680
142.530
142.720
142.860
142.800
142.810
142.840
143.310
143.010
143.010
143.070
143.290
143.320
143.180
143.280
142.880
142.890
142.440
142.460
142.600
142.650
142.580
142.640
142.900
143.070
143.510
143.390
143.410
143.140
143.310
143.040
143.040
143.570
143.450
143.620
143.050
143.100
143.020
143.370
143.170
143.480
143.510
143.850
143.520
143.410
143.730
143.250
143.150
143.310
143.290
143.040
142.980
142.910
143.110
142.900
143.120
143.140
142.910
142.950
142.730
142.740
142.840
142.240
142.660
142.260
142.300
142.350
142.530
141.930
142.210
142.250
142.020
142.220
142.230
142.060
142.240
141.780
141.960
142.010
142.430
143.060
143.520
142.080
142.280
142.410
142.560
142.650
142.580
142.710
142.600
142.460
142.410
142.740
142.630
142.220
142.170
142.320
142.260
142.360
141.630
141.610
141.680
141.890
141.630
141.650
141.570
141.340
141.180
141.150
141.200
141.140
141.410
141.650
141.930
141.450
141.240
141.380
141.680
141.520
141.690
141.870
142.480
142.220
142.060
141.440
141.620
141.660
141.570
141.250
141.170
140.940
140.730
141.090
140.980
140.930
141.400
141.020
141.440
141.030
141.670
142.360
142.030
141.850
141.930
141.910
141.930
141.880
142.110
142.280
142.140
141.690
142.000
141.640
141.660
141.260
141.270
141.350
141.560
141.890
141.890
142.050
141.750
141.130
141.060
141.190
141.260
141.050
141.400
141.160
141.210
141.300
141.500
141.790
141.810
141.300
141.210
141.280
141.420
141.490
141.020
141.040
141.190
141.170
141.150
141.630
141.720
141.020
141.120
140.940
140.810
141.260
141.650
141.250
141.480
141.070
141.410
141.760
141.920
141.970
142.040
142.100
142.370
142.140
141.810
141.890
142.530
142.720
143.370
142.920
139.630
139.380
139.230
139.260
139.240
139.380
139.390
139.290
139.800
139.590
139.340
139.360
139.410
139.160
139.120
138.970
138.840
138.690
138.560
138.860
139.010
139.300
139.080
139.300
139.640
138.510
138.570
138.070
137.980
138.160
137.900
138.140
138.060
138.000
138.050
137.980
137.890
137.960
137.850
137.790
137.760
137.720
137.960
137.090
137.250
137.360
137.390
137.390
136.810
136.670
136.720
136.990
136.770
136.880
136.640
136.770
137.040
136.840
137.130
137.170
137.170
137.000
136.940
137.040
137.020
136.860
136.770
136.900
136.660
136.880
136.660
136.200
136.330
136.600
136.230
136.400
136.340
136.490
136.540
136.780
136.750
136.860
136.620
136.420
136.720
136.210
136.170
136.490
136.500
137.160
136.840
137.090
137.360
137.000
137.120
137.030
137.220
137.080
137.560
137.440
137.310
137.520
137.460
137.190
137.250
137.530
137.260
137.250
137.280
137.130
137.110
137.180
137.540
137.210
136.990
137.050
137.050
137.250
137.300
137.140
137.150
137.240
137.130
136.950
136.850
136.770
137.170
137.060
137.060
137.230
137.200
137.160
137.390
137.200
137.250
137.230
137.180
137.330
137.390
137.580
136.980
136.990
137.130
136.990
137.350
136.930
136.740
136.700
136.680
136.640
136.470
136.890
136.670
136.620
136.990
136.820
136.830
136.770
136.980
137.620
137.550
137.260
137.440
137.510
137.690
138.040
137.640
137.830
138.110
138.270
138.210
138.130
138.540
137.830
137.740
137.530
137.650
137.560
137.850
137.380
137.690
137.490
137.690
136.970
137.120
136.980
137.060
137.350
137.260
137.080
137.130
137.360
137.960
137.480
137.800
138.020
138.500
137.760
137.530
137.740
137.830
137.740
137.660
137.460
137.830
138.310
138.610
137.660
137.990
137.430
137.210
137.300
137.080
137.080
136.750
136.930
136.760
136.710
136.560
136.760
136.720
136.230
136.380
136.490
135.970
136.070
136.120
136.250
135.940
135.730
135.550
135.530
135.660
135.710
135.840
135.930
135.750
135.880
136.270
136.420
136.430
136.520
136.370
136.480
136.840
136.620
136.270
136.410
136.410
136.190
135.910
135.930
136.030
136.160
136.560
136.440
136.460
137.020
136.390
136.630
136.490
136.670
136.730
136.550
136.730
136.350
136.420
136.440
136.550
136.520
136.570
136.540
136.660
137.050
136.700
136.520
136.270
136.260
136.120
136.410
136.100
136.290
136.380
135.950
135.680
135.400
135.340
135.670
135.590
135.580
135.780
135.920
135.710
135.510
135.650
136.050
136.100
135.840
135.870
135.750
135.300
135.060
135.100
135.050
135.490
135.340
135.530
135.490
135.190
135.260
134.830
135.370
135.360
135.810
135.880
135.720
135.450
135.390
135.350
135.560
135.690
135.330
135.520
135.600
135.630
135.530
135.540
136.010
136.080
136.120
136.170
136.370
136.140
136.100
135.860
135.800
135.910
135.440
135.740
135.820
135.740
135.550
135.560
135.590
135.370
135.380
135.740
135.670
135.690
135.760
135.740
135.870
135.870
135.950
136.030
135.680
135.390
135.790
135.690
136.020
135.670
135.970
136.130
135.940
135.840
135.960
135.680
135.830
135.770
135.980
136.060
136.330
136.480
136.260
136.470
136.970
137.380
136.860
136.830
136.780
136.760
136.630
136.740
135.810
135.780
135.790
135.620
135.780
134.810
134.890
135.130
135.070
135.340
135.340
135.680
135.100
135.190
135.090
135.060
135.030
135.080
135.290
135.040
135.300
135.530
135.620
135.440
135.380
135.220
135.760
135.430
135.410
135.510
135.390
135.460
135.460
135.310
135.390
135.490
135.530
135.280
135.180
135.300
135.340
135.310
135.350
135.310
135.400
135.280
134.970
134.350
134.310
134.470
134.340
134.580
134.570
134.460
134.620
134.470
134.530
134.700
134.070
134.190
134.290
134.260
134.310
134.320
134.610
134.210
134.070
133.990
133.750
133.820
134.150
134.200
134.020
133.930
133.930
134.030
134.220
134.070
134.070
134.270
134.330
134.320
134.360
134.900
135.030
134.770
134.540
134.510
134.850
134.690
134.640
134.260
134.320
134.350
134.330
134.380
134.300
134.190
134.100
134.090
133.810
133.860
133.980
134.010
133.800
133.930
133.790
133.830
133.840
133.740
133.790
133.990
133.880
134.230
133.940
133.880
134.000
134.080
134.190
134.200
134.160
134.220
133.680
134.120
133.880
133.910
133.830
133.900
134.030
134.150
134.160
134.130
133.590
133.950
134.020
133.700
133.870
133.870
134.370
134.270
134.620
134.760
134.440
134.400
134.600
134.740
134.720
134.340
134.160
134.120
134.250
134.160
134.020
133.720
134.310
134.570
134.220
134.140
134.260
134.350
134.250
133.910
133.710
133.890
133.590
133.710
133.580
133.380
133.200
133.600
133.210
133.350
133.850
133.950
134.240
134.340
133.600
133.580
133.720
133.730
133.830
133.850
133.400
133.410
133.530
133.610
133.850
133.790
133.900
133.730
133.500
133.340
133.280
133.330
133.340
133.220
133.350
133.180
133.400
133.500
133.620
133.510
133.930
133.940
134.030
134.090
133.950
134.380
133.640
133.660
133.820
133.540
133.730
133.810
133.860
133.550
133.840
134.020
134.090
134.300
134.210
133.050
133.180
133.330
133.140
132.830
132.800
132.890
133.100
133.150
133.070
133.300
133.390
133.330
133.440
133.030
133.060
133.190
133.190
133.030
133.150
132.640
132.630
133.030
132.820
132.910
132.930
133.100
132.970
133.230
131.880
131.760
131.890
131.820
132.020
132.350
132.810
132.620
132.500
132.740
132.570
132.580
132.270
132.120
131.970
132.130
131.710
131.320
131.550
131.320
131.370
131.550
131.710
131.610
131.600
131.680
131.760
131.840
131.840
131.750
131.430
131.370
131.450
131.510
131.390
131.390
131.490
131.400
131.520
131.480
131.090
131.150
131.390
131.670
131.970
131.930
131.710
131.890
132.380
131.950
132.000
132.020
131.610
131.710
131.470
131.490
131.840
132.030
132.300
132.320
132.290
132.030
132.270
132.140
132.650
132.420
132.360
131.740
131.740
131.640
131.690
131.710
131.760
131.700
131.890
132.040
132.320
132.350
132.560
132.390
132.630
132.230
132.290
132.020
131.890
131.990
131.970
131.910
132.230
132.150
132.240
132.170
132.240
132.210
132.190
132.300
132.100
131.950
131.980
132.140
132.020
132.180
132.220
132.510
132.580
132.200
132.130
132.010
131.900
131.980
132.120
131.910
131.660
131.770
131.950
131.990
131.990
131.770
132.030
132.210
132.110
132.080
131.570
131.760
131.560
131.400
131.320
131.270
131.560
131.350
131.320
131.480
131.540
131.830
131.550
131.860
131.670
131.700
132.120
131.910
131.910
132.030
131.940
131.930
132.440
132.210
132.620
132.300
131.850
131.770
131.690
131.650
131.470
131.260
131.320
131.310
131.260
131.500
131.290
131.140
131.130
131.660
131.220
131.300
131.100
131.150
131.210
131.060
131.060
131.400
131.700
131.960
131.640
131.770
131.550
131.370
131.430
131.300
131.260
131.320
131.230
131.230
131.320
131.360
131.550
131.530
131.550
131.220
130.980
131.000
131.010
130.850
130.780
130.850
130.960
131.370
131.580
131.620
131.530
131.710
131.620
131.170
131.380
131.150
131.580
131.780
131.680
131.650
131.700
131.710
131.770
131.690
131.550
131.500
131.590
131.610
131.700
131.800
131.680
131.710
131.610
131.500
131.380
131.590
131.700
131.470
131.590
131.610
131.980
132.060
131.730
131.920
131.890
131.300
131.340
131.560
131.600
131.670
131.740
131.880
131.650
131.520
131.470
131.690
131.770
131.870
131.800
131.820
132.150
131.240
131.190
131.140
131.280
131.380
131.710
131.820
131.770
131.640
131.550
131.580
131.600
131.650
131.630
131.470
131.580
131.540
131.610
131.600
131.680
131.810
131.910
132.060
131.800
131.790
131.730
131.730
131.750
131.550
131.500
131.700
131.740
131.800
131.590
131.870
132.060
131.800
131.460
131.880
131.760
131.790
131.550
131.580
131.670
131.790
131.990
132.040
132.040
131.870
131.910
131.610
131.970
132.210
131.710
131.330
131.130
131.120
131.010
130.940
131.130
131.450
131.270
131.460
131.350
131.380
131.560
131.520
131.520
131.830
131.890
131.880
131.990
132.050
132.360
132.410
131.770
131.860
131.800
131.640
131.640
131.500
131.380
131.590
131.630
131.810
132.010
132.290
132.220
132.370
132.350
132.210
132.360
132.380
132.010
131.810
131.890
132.260
132.340
132.380
132.460
132.490
132.600
132.670
132.440
132.590
132.310
132.290
132.330
132.600
132.080
132.370
132.000
132.320
132.760
132.610
132.460
132.710
132.580
132.500
132.520
132.610
132.600
132.550
132.920
132.750
132.750
132.550
132.600
132.460
132.260
132.150
132.160
131.940
132.110
132.060
132.130
132.300
132.230
132.170
132.540
132.040
132.590
132.290
132.340
132.700
132.420
132.530
133.030
132.720
132.610
132.460
132.550
132.650
132.630
132.720
132.790
132.940
133.280
133.020
132.740
132.860
132.700
132.900
131.950
132.390
132.100
132.350
132.370
132.660
132.540
132.620
132.500
132.920
132.620
132.720
132.680
132.390
132.220
132.370
132.560
133.080
132.740
132.790
132.680
132.650
132.570
132.560
132.540
132.530
132.690
132.620
132.800
132.900
132.910
133.620
133.420
133.400
133.190
133.260
133.090
133.050
132.950
132.980
133.080
132.980
132.680
132.810
132.830
132.800
133.060
133.220
133.260
132.910
132.950
132.960
132.860
132.620
132.830
133.620
133.350
132.900
132.940
133.160
133.340
133.710
133.210
133.240
133.180
133.290
133.420
133.100
133.140
133.110
133.080
133.230
133.200
133.120
133.190
132.900
132.860
133.130
133.290
132.890
133.030
133.100
132.850
133.550
133.650
133.400
133.080
133.100
133.080
133.010
133.060
133.050
133.090
133.220
132.870
132.750
132.980
133.150
133.220
133.150
133.090
132.990
133.070
133.130
132.880
133.260
133.230
133.230
131.570
131.620
131.410
131.330
131.120
130.890
130.820
130.890
131.180
131.070
131.340
131.240
131.450
131.770
131.950
132.120
132.230
132.100
132.050
130.700
130.710
130.850
131.060
131.150
130.810
130.570
130.990
130.970
130.890
130.920
130.940
130.970
131.020
130.990
130.770
130.740
130.880
130.960
131.190
131.140
131.090
131.050
131.160
131.010
130.810
130.410
130.320
130.520
130.650
130.580
130.510
130.670
130.700
130.660
130.780
130.970
130.640
130.860
130.700
130.990
131.220
130.980
131.150
130.810
130.800
130.750
130.710
130.800
130.790
130.630
130.560
130.520
130.640
130.500
130.750
130.580
130.780
130.950
130.910
130.620
130.660
130.810
130.950
130.920
130.680
130.520
130.330
130.120
130.280
130.240
130.860
130.260
130.290
130.290
130.380
130.550
130.640
130.840
130.830
130.910
130.540
130.060
130.220
130.310
130.210
130.100
130.160
130.010
130.310
130.280
130.310
130.430
130.640
130.390
130.450
130.450
130.930
130.460
130.700
130.340
130.510
130.240
130.210
130.210
130.080
130.170
130.360
130.570
130.500
130.370
130.220
130.660
130.740
130.790
130.840
130.810
130.740
130.790
130.670
130.460
130.450
130.360
130.180
130.240
130.300
130.610
130.700
130.540
130.720
130.920
130.720
131.090
130.960
131.160
130.720
130.570
130.800
130.940
131.010
131.080
131.320
131.210
131.130
130.640
130.450
130.600
130.300
130.060
129.920
129.730
129.830
129.940
130.040
130.190
130.040
130.070
130.360
129.960
129.910
129.940
130.060
130.190
130.340
130.150
129.990
130.060
130.490
130.340
130.490
130.330
130.380
130.070
129.990
129.990
130.140
130.150
130.190
130.110
130.030
130.450
130.430
130.340
130.100
130.100
130.030
130.190
130.230
130.030
130.080
129.810
130.010
129.640
129.760
129.820
129.920
130.070
130.380
130.090
130.150
129.890
129.890
130.070
130.180
130.330
130.440
129.920
129.920
129.830
129.780
129.980
129.540
129.370
129.300
129.580
129.340
129.670
129.830
129.850
129.350
129.440
129.350
129.590
129.610
130.080
129.780
130.120
129.950
129.950
130.100
129.150
128.650
128.830
128.790
128.920
128.850
128.700
128.710
128.870
127.500
127.370
127.640
127.680
127.210
127.360
127.340
127.370
127.480
127.370
127.450
127.490
127.530
127.400
127.420
127.220
127.160
127.140
127.360
127.340
127.510
127.610
127.690
127.760
127.980
128.050
128.030
128.010
128.070
128.240
127.930
127.870
127.730
127.810
128.040
127.440
127.430
127.700
127.520
127.390
127.760
127.670
127.750
127.250
127.330
127.430
127.430
127.240
127.450
127.410
127.570
127.810
127.390
127.190
127.110
127.160
127.230
127.180
127.640
128.070
127.800
127.770
127.750
127.910
128.100
127.630
127.660
127.680
127.560
127.770
127.880
127.650
127.610
127.660
127.640
127.600
127.310
127.370
127.710
127.580
127.700
127.860
127.830
127.790
127.800
127.770
127.560
127.390
127.880
127.760
127.980
127.960
128.030
127.780
127.490
127.420
127.560
127.710
127.550
127.750
127.890
128.440
128.800
128.370
128.380
128.310
128.210
128.370
128.320
128.480
128.290
128.180
127.830
127.640
127.900
127.650
127.620
128.060
127.940
128.430
128.150
128.070
128.120
128.010
128.140
127.700
127.670
127.460
127.450
127.840
127.970
127.500
127.690
127.620
127.500
127.220
127.950
127.680
127.550
127.640
127.620
127.800
127.760
127.680
127.690
127.770
127.600
127.700
127.620
127.570
127.590
127.620
127.900
128.070
127.680
127.760
128.020
128.080
127.970
127.660
127.900
127.560
127.640
127.450
127.240
127.140
127.150
127.280
127.250
127.140
127.170
127.350
127.510
127.360
127.780
128.010
127.980
128.070
128.290
128.200
128.250
128.470
128.510
128.800
128.300
127.970
128.060
128.050
128.190
128.400
128.240
128.220
128.150
128.120
128.350
128.810
129.000
129.200
129.260
129.050
129.100
128.920
128.730
128.800
128.690
128.690
128.480
128.570
128.780
128.630
128.610
128.500
128.410
128.940
128.820
128.410
128.420
128.560
128.490
128.760
128.760
128.730
128.710
129.010
128.800
128.610
128.610
128.860
128.730
128.780
128.890
128.790
128.710
128.710
128.810
128.820
128.670
128.790
128.860
128.660
128.660
128.620
129.090
128.940
129.060
129.080
129.060
128.970
129.040
128.680
128.680
128.600
128.780
128.590
128.870
129.020
128.860
128.140
128.700
128.850
128.920
129.060
128.900
129.080
128.940
128.900
128.730
128.630
128.300
128.340
127.930
127.890
128.000
128.230
127.750
127.890
128.090
128.420
128.520
128.610
128.450
128.660
128.670
128.690
128.810
129.190
128.860
128.910
128.980
129.100
129.220
128.960
128.950
129.220
129.240
129.160
129.170
129.080
129.290
129.130
129.200
128.900
128.900
128.940
129.100
128.940
128.710
128.800
128.890
129.240
129.390
129.400
129.420
129.300
129.260
129.240
129.100
130.240
130.260
129.330
129.170
129.090
129.210
128.870
128.870
128.900
129.010
128.980
128.660
128.340
128.360
128.500
128.800
128.670
128.600
128.990
128.630
128.670
128.820
129.040
129.040
129.070
128.890
129.020
128.960
128.700
128.930
128.640
128.770
129.000
128.970
128.880
129.310
129.320
129.290
129.570
129.630
129.410
129.330
129.360
129.510
129.200
129.260
129.370
129.400
129.530
129.440
129.640
129.080
129.160
129.510
129.540
129.240
129.150
129.400
129.450
129.390
129.300
129.430
129.400
129.440
129.470
129.600
129.940
130.120
130.200
130.100
129.960
129.920
130.180
129.840
129.950
129.660
129.660
129.710
129.520
129.430
129.320
129.310
129.390
129.260
129.070
129.380
128.990
129.010
128.870
128.940
128.730
128.630
128.580
128.600
128.890
128.790
128.840
129.240
129.110
129.330
129.100
129.100
129.100
129.150
128.910
128.670
128.710
128.680
128.740
128.810
128.960
129.170
129.180
129.110
129.240
129.180
128.980
128.880
128.990
128.860
129.320
129.240
129.330
129.870
129.280
129.160
129.280
129.980
129.260
129.250
129.010
129.020
128.990
129.020
127.460
127.170
127.510
127.480
127.720
127.700
127.580
127.180
127.510
127.770
127.300
127.020
126.880
126.960
126.910
127.020
126.610
126.720
126.630
126.890
126.930
127.170
127.160
127.360
127.570
127.590
127.450
127.510
127.310
127.610
127.730
127.820
127.350
127.490
127.630
127.520
127.800
127.680
128.040
128.120
127.720
127.940
127.810
127.900
127.720
127.720
127.790
127.690
127.680
127.880
127.570
127.660
127.670
127.700
127.560
127.620
127.570
127.520
127.640
127.580
127.910
127.910
127.770
127.950
127.970
127.790
127.930
127.880
127.810
127.880
127.890
128.320
128.550
128.110
127.930
127.850
127.880
127.780
127.760
127.600
127.730
127.480
127.490
127.600
127.800
127.850
127.770
127.780
127.810
127.730
127.690
128.020
128.050
127.870
127.980
127.980
127.840
128.150
128.170
127.850
128.120
127.720
127.730
127.880
128.060
128.270
128.580
128.140
128.170
128.140
128.310
128.100
127.980
127.920
127.950
128.270
127.930
127.740
127.860
127.960
127.940
127.980
128.090
128.050
127.980
127.890
127.820
127.510
127.490
127.290
127.360
127.360
127.640
127.670
127.920
127.670
127.530
127.350
127.430
127.430
127.550
127.550
127.670
127.940
127.900
127.710
127.630
127.790
127.860
127.730
127.930
127.970
127.800
127.770
127.840
127.650
128.260
128.230
128.380
128.650
128.720
128.850
128.620
128.470
128.360
128.380
128.330
128.350
128.340
128.190
128.210
128.240
128.410
128.450
128.610
128.880
128.930
128.790
128.570
128.590
129.210
128.920
128.890
128.960
128.920
128.710
128.750
129.030
128.970
128.990
129.020
128.990
128.880
128.740
128.830
128.990
128.950
129.010
128.940
129.000
128.910
128.830
128.990
128.690
128.430
128.670
128.510
128.630
128.680
128.800
128.940
128.950
128.950
128.950
128.920
128.980
129.020
129.050
128.920
129.220
128.770
128.740
128.990
128.850
128.970
128.950
129.160
129.210
129.280
129.470
129.500
129.480
129.480
129.320
129.430
129.290
129.440
129.320
129.310
129.160
128.890
129.070
128.790
128.670
128.650
128.670
128.560
128.570
128.940
128.920
128.910
128.970
129.070
129.090
129.240
129.650
129.230
129.280
129.440
129.330
129.380
129.410
129.110
129.300
129.230
129.670
129.410
129.640
129.720
129.610
129.430
129.560
129.600
129.390
129.250
129.160
129.180
129.070
129.090
129.310
129.240
129.340
129.350
129.660
129.380
129.420
129.460
129.750
129.470
129.490
129.480
129.840
129.720
129.780
129.490
129.720
129.920
130.050
129.610
129.520
129.810
129.450
129.530
129.490
129.700
129.430
129.800
129.250
129.360
129.390
129.280
129.350
129.160
129.220
129.220
129.290
129.300
129.300
129.440
129.510
129.260
129.320
129.460
130.040
130.750
130.830
130.940
131.090
130.840
130.370
130.190
130.160
130.270
130.360
130.320
130.320
129.190
129.320
129.440
129.400
129.480
129.460
129.320
129.340
129.240
129.230
129.340
129.520
129.850
129.960
129.630
129.640
129.430
129.460
129.600
129.730
129.680
129.780
129.710
129.520
129.520
129.640
129.490
129.710
129.770
129.740
129.420
129.110
129.000
128.880
129.010
128.990
129.170
129.720
129.610
129.970
129.820
129.880
129.620
129.670
129.590
129.660
129.750
129.520
129.440
129.540
129.450
129.540
129.500
129.730
130.330
130.360
129.240
129.070
129.010
129.050
128.780
128.590
128.660
128.690
128.710
128.760
128.660
128.660
128.600
128.770
128.930
128.810
128.900
128.870
128.850
128.730
128.910
128.870
128.600
128.400
128.090
128.230
128.190
128.100
128.300
128.530
128.770
128.760
128.760
128.670
128.530
128.590
128.590
128.330
128.530
128.520
128.570
128.130
128.410
128.390
128.220
128.360
128.540
128.550
128.730
128.770
128.710
128.690
128.670
129.080
128.960
128.300
128.150
127.920
128.060
128.050
128.040
128.230
128.030
128.030
127.950
127.940
128.210
128.060
128.240
128.420
128.070
128.280
128.260
128.320
128.540
128.430
128.620
128.630
128.720
128.900
128.520
128.220
128.360
128.260
128.310
128.340
128.390
128.250
128.670
128.570
128.530
128.530
128.340
128.410
128.480
128.480
128.520
128.580
128.370
128.400
128.570
128.460
128.380
128.540
128.610
128.550
128.350
128.560
128.730
128.830
128.660
128.550
128.450
128.540
128.330
128.460
128.760
128.710
129.040
128.970
128.810
128.810
128.840
128.670
128.660
128.360
128.340
128.340
128.440
128.350
128.560
128.500
128.390
128.390
128.620
128.680
128.860
128.690
128.440
128.400
128.380
128.690
128.800
129.290
129.490
129.440
129.600
129.650
129.440
129.050
129.040
128.710
128.720
128.590
128.610
128.820
129.170
128.670
128.720
128.930
128.920
128.910
128.910
128.930
128.950
128.970
128.760
128.750
128.450
128.490
128.220
128.300
128.170
128.220
128.190
128.480
128.620
128.920
129.030
128.610
129.020
129.060
129.130
129.030
129.400
129.120
129.050
129.130
128.910
128.510
128.520
128.660
128.790
128.940
128.880
128.780
129.020
129.010
129.100
128.730
128.740
129.020
129.200
129.230
128.980
128.740
128.660
128.810
128.950
129.110
128.850
128.620
128.890
128.570
128.560
128.590
128.690
129.240
128.770
128.530
127.140
127.110
126.950
127.230
126.950
127.090
127.070
126.750
126.840
126.770
127.020
127.050
127.190
127.230
127.470
127.430
127.260
127.190
127.200
127.430
127.370
127.500
127.550
127.300
127.130
127.130
127.150
127.130
127.110
127.010
127.080
127.310
127.500
127.510
127.750
128.380
128.010
128.070
128.030
127.920
127.910
128.080
127.700
127.710
127.390
127.380
127.250
127.380
127.490
127.510
127.490
127.890
127.850
128.080
127.880
127.790
127.760
127.740
127.820
127.830
128.050
128.200
128.080
128.230
127.940
128.120
128.090
128.140
128.360
128.540
128.540
128.380
128.290
128.260
128.130
128.370
128.260
128.540
128.430
128.240
128.680
128.920
128.360
128.590
128.390
128.210
128.140
128.210
128.110
127.970
127.880
127.530
127.540
127.830
127.580
127.580
127.580
127.540
127.560
127.370
127.350
127.460
127.290
127.100
126.940
126.870
127.130
126.990
127.060
127.280
127.320
127.360
127.660
127.750
127.860
127.650
127.720
127.500
127.290
127.670
127.640
127.120
127.280
127.530
127.800
127.870
127.380
127.300
127.370
127.350
127.350
127.350
127.090
126.980
127.050
127.260
127.110
127.030
126.880
126.980
127.100
127.090
126.950
127.090
127.100
127.320
127.220
127.500
127.690
127.630
127.220
127.450
127.560
127.860
128.030
128.130
128.030
127.860
127.870
127.820
128.100
127.820
127.830
127.960
128.170
127.760
127.870
127.670
127.480
127.620
127.780
128.010
127.810
128.000
128.150
128.240
128.260
128.370
128.030
128.020
128.150
127.960
127.980
127.700
127.850
127.610
127.740
127.700
127.720
127.690
127.730
127.780
127.870
127.950
127.980
128.310
128.160
127.830
127.800
127.810
127.930
127.900
127.930
128.170
127.650
127.730
128.200
128.370
128.370
128.260
128.190
128.090
127.990
128.080
128.200
128.100
127.930
127.590
127.510
127.270
127.010
127.220
127.310
127.410
127.510
127.440
127.420
127.410
127.570
127.480
127.450
127.720
127.790
127.820
127.910
127.920
127.910
128.060
127.950
127.610
127.540
127.710
127.710
127.760
127.640
127.750
128.140
128.300
128.330
127.960
128.040
128.300
128.280
128.320
128.430
128.400
128.210
128.020
128.410
127.620
127.890
127.890
128.010
128.160
127.880
127.940
127.970
127.970
128.480
128.050
128.260
128.490
128.740
128.850
128.350
128.270
128.410
128.530
128.470
128.740
128.610
128.610
128.230
127.880
127.900
127.810
127.940
127.990
127.820
128.160
128.040
128.140
128.130
127.700
127.720
128.000
128.130
128.030
128.080
128.500
127.890
127.930
127.970
128.300
128.660
127.680
127.800
127.720
127.700
127.680
127.890
127.910
127.620
127.950
128.000
128.000
128.020
128.030
128.010
128.310
128.300
127.810
128.230
127.930
128.050
127.980
127.830
128.200
127.830
128.050
126.780
126.720
126.750
126.430
126.420
126.540
126.190
126.110
126.230
126.270
126.380
126.440
126.490
126.640
126.690
126.700
126.380
126.290
126.320
126.220
126.380
126.550
126.850
126.830
126.980
126.880
127.250
126.890
126.580
126.880
127.060
127.080
127.080
126.950
127.250
127.250
127.310
127.380
127.730
127.710
127.520
127.660
127.680
127.560
127.550
127.770
127.340
127.070
127.250
126.960
127.010
126.940
126.720
126.810
126.870
127.010
127.170
127.560
127.530
127.560
127.710
127.590
127.530
127.540
127.740
127.340
127.300
127.130
126.880
127.230
127.330
127.460
127.390
127.490
127.260
126.870
126.900
126.600
126.540
126.990
126.960
127.160
127.050
127.080
126.930
126.890
126.960
126.610
126.730
126.870
126.690
126.800
126.830
126.840
126.970
126.630
126.630
126.580
126.630
126.830
127.000
126.970
127.120
127.200
127.120
127.410
127.100
126.990
127.070
127.120
127.110
126.720
126.790
127.410
127.050
127.230
127.350
127.120
127.100
127.040
126.890
126.950
126.860
126.980
126.950
126.970
127.060
127.060
127.120
127.100
127.280
127.230
127.200
126.920
127.180
126.990
126.750
126.960
126.770
126.870
127.110
126.980
127.100
127.200
126.530
126.770
126.470
126.480
126.380
126.370
126.260
126.320
126.380
126.440
126.830
126.940
127.030
126.960
126.760
126.660
126.870
126.970
126.990
127.560
127.020
126.980
127.110
127.270
127.490
127.470
127.500
127.550
127.350
127.270
127.430
127.430
127.450
127.360
127.560
127.600
127.400
127.590
127.480
127.390
127.280
127.320
127.410
127.430
127.450
127.240
127.200
127.110
126.930
127.110
127.050
127.220
127.050
127.120
126.990
127.240
127.260
127.270
127.090
127.370
127.280
127.530
127.690
127.730
127.760
127.710
127.600
127.510
127.550
127.490
127.480
127.480
127.230
127.200
127.290
127.330
127.640
127.890
128.630
128.350
128.850
128.910
128.670
128.900
128.530
128.700
128.570
128.660
128.650
128.750
128.600
128.630
128.660
128.720
128.490
128.360
128.490
128.420
128.350
128.300
128.220
128.320
128.190
128.320
128.410
128.430
128.330
128.300
128.260
128.330
128.070
128.330
128.480
128.680
128.790
129.050
128.930
128.690
128.570
128.590
128.680
128.710
128.670
129.100
128.610
128.890
128.810
128.710
128.770
128.910
128.630
128.640
128.420
128.490
127.820
128.100
128.030
128.040
128.280
127.900
127.860
128.020
127.870
127.920
127.910
128.000
128.020
128.120
128.360
128.090
128.210
128.180
128.180
128.220
128.220
128.070
128.140
128.320
128.300
128.380
128.400
128.410
128.450
128.440
128.150
128.320
128.390
128.070
128.240
128.100
127.980
127.960
128.280
127.730
127.640
127.510
127.340
127.510
127.580
127.750
127.760
127.770
127.900
128.020
127.780
128.010
127.640
127.500
127.560
127.800
127.860
127.860
127.970
127.920
128.320
128.190
128.250
128.040
127.850
127.590
127.470
127.460
127.320
127.360
127.560
127.760
127.580
127.390
127.480
127.150
127.280
127.250
127.260
127.650
127.260
127.540
127.430
126.950
127.060
127.200
127.070
127.090
127.100
127.290
127.170
127.130
127.180
127.180
127.260
127.300
127.260
127.080
127.150
127.080
127.090
127.330
127.340
127.210
127.150
127.130
127.100
127.070
127.340
127.040
127.270
127.130
127.350
127.290
127.400
127.730
127.840
127.170
127.070
126.930
126.660
126.570
126.640
126.480
126.460
126.400
126.320
126.370
126.420
126.580
126.600
126.690
126.730
126.670
126.870
126.950
126.860
127.030
126.940
127.010
127.060
127.150
127.380
127.330
127.260
127.310
127.300
126.810
126.940
126.300
126.260
126.370
126.270
126.430
126.310
126.270
126.250
126.080
126.370
126.230
126.290
126.150
126.260
126.270
126.370
126.750
126.410
126.270
126.430
126.500
126.590
126.480
126.470
126.420
126.420
126.520
126.630
126.610
126.700
126.740
126.850
126.710
126.690
126.730
126.580
126.360
126.330
126.310
126.600
126.510
126.480
126.470
126.340
126.110
126.190
126.050
126.170
126.230
126.300
126.870
127.330
126.740
126.640
126.810
126.840
127.060
127.020
127.070
127.130
127.330
127.390
127.450
127.580
127.480
127.430
127.410
127.510
127.480
127.450
127.400
127.150
126.860
126.820
127.070
127.030
126.930
126.730
126.960
126.950
127.230
127.080
126.840
126.950
126.960
127.130
127.140
127.140
127.740
127.970
127.400
127.540
127.530
127.520
127.360
127.320
127.410
127.280
127.490
127.460
127.030
127.460
127.690
127.730
127.680
127.450
127.370
127.840
127.460
127.320
127.450
127.160
127.520
127.280
127.250
127.310
127.410
127.580
127.770
127.760
127.760
127.910
128.110
128.190
127.870
128.250
128.370
128.360
128.260
128.070
128.100
128.170
128.250
128.380
128.160
128.260
128.090
128.330
127.910
128.010
128.430
128.460
128.210
128.080
128.070
128.110
128.030
127.880
127.770
127.750
127.810
127.840
128.010
127.780
127.620
127.580
127.610
127.620
127.670
127.830
127.880
127.940
127.940
127.840
127.810
127.910
127.860
127.880
127.950
127.880
128.160
127.880
127.610
127.850
127.810
128.110
128.230
127.610
127.610
127.600
127.780
127.870
127.950
127.700
127.630
127.420
127.560
127.650
128.070
127.640
127.690
127.850
127.960
128.090
128.100
128.250
128.380
128.350
128.370
128.420
128.500
128.520
128.490
128.560
128.450
128.380
128.630
128.440
128.070
127.910
127.810
128.040
128.210
128.270
128.010
127.980
127.990
127.610
127.880
127.780
127.810
128.080
127.860
127.840
127.690
127.860
127.560
127.590
127.480
127.620
128.000
128.080
127.660
127.630
127.660
127.620
127.670
128.020
127.740
127.820
128.090
127.980
128.060
127.780
127.840
127.820
127.540
127.550
127.500
127.470
127.500
127.780
127.900
127.940
127.870
128.150
128.270
128.400
128.330
128.400
128.350
128.480
128.670
128.730
128.570
128.550
128.340
128.350
128.350
128.460
128.450
128.410
129.010
128.600
128.380
128.350
128.200
127.950
128.020
127.930
127.840
128.000
127.950
128.010
127.710
127.920
127.740
127.900
128.160
128.130
128.200
128.270
128.510
128.360
128.240
128.090
127.970
128.030
128.000
127.990
128.030
127.860
127.730
127.840
127.760
127.730
127.760
127.780
127.720
127.900
128.190
128.170
128.090
127.890
127.890
128.110
128.110
128.170
128.400
128.080
128.120
128.070
127.860
127.940
127.750
127.990
128.120
128.130
128.120
128.110
128.480
128.940
127.980
128.010
128.050
127.740
127.780
127.710
127.750
127.750
127.920
127.930
127.800
127.840
127.770
128.000
127.590
127.540
127.460
127.550
127.000
126.880
127.040
127.200
127.030
126.990
127.170
127.330
127.440
127.370
127.660
127.630
127.550
127.700
127.800
128.490
128.570
128.150
127.980
128.290
128.420
128.500
128.450
128.450
127.400
127.410
127.460
127.290
127.370
126.970
126.960
126.840
126.780
126.750
126.740
126.620
126.660
126.560
126.430
126.440
126.490
126.300
126.330
126.390
126.570
126.660
126.900
127.040
126.780
126.940
126.970
127.260
126.870
126.780
127.050
126.820
126.900
126.870
127.260
126.930
126.110
126.020
126.000
126.000
126.030
125.850
125.820
125.860
126.000
125.990
126.160
126.330
126.320
126.430
126.380
126.320
126.300
126.430
126.450
126.740
126.770
126.830
126.960
126.470
126.550
126.520
126.610
126.700
126.590
126.080
125.750
125.740
125.790
125.750
126.190
126.210
126.530
126.550
126.750
126.630
126.800
126.480
126.520
126.440
126.660
126.750
126.620
126.650
126.630
126.540
126.930
127.170
127.080
126.690
126.840
126.830
126.770
126.940
126.840
126.910
126.970
126.880
126.680
126.690
126.740
126.700
126.710
126.710
126.490
126.480
126.490
126.490
126.920
126.910
126.750
126.690
126.780
126.730
126.830
126.800
126.870
126.820
126.570
126.540
126.830
126.980
127.010
126.620
126.610
126.540
126.810
126.690
126.790
126.850
127.120
127.270
126.840
126.870
126.910
126.950
127.070
127.050
127.120
127.260
127.620
127.670
127.620
127.530
127.900
127.830
127.990
128.140
127.930
127.890
127.930
127.850
127.690
127.580
127.390
127.280
127.440
127.490
127.410
127.430
127.520
127.800
127.810
127.760
127.750
127.710
128.050
127.930
127.680
127.890
127.760
127.870
128.050
128.080
128.280
128.420
128.630
127.980
128.110
128.240
128.220
128.320
127.960
127.810
127.950
128.070
128.050
127.700
127.700
127.510
127.500
127.360
127.440
127.480
127.570
127.860
127.880
127.730
127.640
127.120
127.210
127.140
127.260
127.220
127.330
127.400
127.370
127.440
127.320
127.370
127.420
127.490
127.460
127.680
127.680
127.820
127.660
127.700
128.150
127.840
128.270
128.240
128.250
128.180
128.030
128.130
127.850
127.560
127.560
127.540
127.670
128.020
127.630
127.770
127.670
127.770
128.050
128.250
128.450
128.710
128.270
128.310
128.210
128.070
127.970
128.030
127.960
128.200
127.880
128.030
127.810
128.070
128.090
127.840
128.000
127.900
128.090
128.090
128.080
128.470
128.400
128.760
128.910
128.730
128.340
128.370
128.280
128.130
128.140
128.120
128.320
128.350
128.310
128.090
127.990
128.070
128.190
128.310
128.370
128.700
128.490
128.460
128.430
128.370
128.130
128.190
128.250
128.160
128.400
127.550
127.750
127.560
127.560
127.450
127.530
127.510
127.800
127.820
127.740
127.770
127.650
127.690
127.410
127.300
127.580
127.730
127.580
127.640
127.900
127.800
127.950
128.070
128.160
128.180
128.290
128.380
128.450
128.220
128.270
128.240
128.070
128.180
128.090
128.110
128.280
128.330
128.350
128.470
128.510
128.450
128.560
128.660
128.430
128.360
128.460
128.450
128.270
128.500
127.960
127.920
127.970
128.180
128.040
127.680
128.790
129.230
128.490
128.430
128.360
128.290
128.110
128.270
128.240
128.540
128.130
128.010
127.920
127.900
128.100
128.260
128.160
128.230
128.070
128.130
128.440
128.810
128.770
128.930
129.060
129.120
129.050
129.130
129.000
128.980
129.090
128.890
128.970
129.170
129.230
129.100
129.010
128.910
128.860
128.810
128.630
128.490
128.570
128.750
128.760
128.630
128.600
128.460
128.540
128.680
128.840
128.920
128.950
128.750
128.780
128.640
128.490
128.640
128.850
128.530
128.450
128.830
127.960
127.970
128.040
128.140
128.190
128.210
128.310
128.470
128.340
128.480
128.380
128.710
128.500
128.510
128.700
128.780
128.670
128.770
128.960
128.990
128.990
128.820
128.390
128.490
128.420
128.810
128.780
128.660
128.800
128.660
128.630
128.500
128.500
128.370
128.380
128.540
128.380
128.290
128.270
128.590
128.550
128.590
128.440
128.540
128.560
128.560
129.050
128.490
128.540
128.590
128.630
128.340
128.310
128.200
128.380
128.180
128.270
128.280
128.230
128.380
128.420
128.580
128.520
128.530
128.850
128.420
128.380
128.480
128.900
129.130
128.370
128.110
128.260
128.280
128.520
128.160
128.700
127.960
128.100
127.960
128.020
128.080
127.830
127.730
127.890
127.920
127.680
127.760
127.930
127.710
127.680
127.500
127.730
127.610
127.800
127.810
127.960
127.940
128.070
127.980
127.880
127.900
128.010
127.930
127.860
127.890
127.960
127.920
128.350
127.860
127.660
127.800
128.140
128.340
128.620
128.400
128.340
128.140
128.200
128.050
128.030
127.930
127.880
127.830
127.890
127.750
127.660
127.910
127.800
127.860
127.990
128.320
128.320
128.560
128.230
128.230
128.360
128.210
128.290
128.390
128.590
128.540
128.390
128.430
128.420
128.630
128.660
128.650
128.430
128.910
128.770
128.490
128.290
128.420
128.390
128.060
128.030
127.950
127.720
127.690
127.650
127.770
127.670
127.860
128.000
128.070
128.400
128.540
128.570
128.540
128.630
128.490
128.250
128.220
128.440
128.670
128.850
128.570
128.560
128.600
128.370
128.320
128.320
128.490
128.350
128.130
127.960
128.080
128.390
128.430
128.410
128.620
128.360
128.270
128.430
128.250
128.390
128.440
128.430
128.400
128.410
128.360
128.680
128.310
128.420
128.500
128.430
128.650
128.670
128.550
128.520
128.880
128.750
128.800
128.850
128.950
128.910
128.670
128.430
128.940
128.670
128.800
128.920
128.970
128.900
128.890
128.970
128.920
128.970
129.290
129.490
129.640
129.820
129.580
129.620
129.700
129.830
129.520
129.270
129.150
129.160
128.920
129.050
128.970
128.970
129.030
129.160
129.200
129.210
129.170
129.100
128.880
129.270
129.410
129.500
129.360
129.580
129.370
129.390
129.310
129.190
129.500
129.480
129.600
130.150
129.960
129.620
129.710
129.660
129.550
129.430
129.320
129.220
129.720
129.280
129.370
129.330
129.140
129.240
129.220
129.400
129.150
129.100
129.090
129.040
129.000
129.070
129.280
129.150
129.070
129.120
129.100
129.040
128.960
129.090
129.000
129.060
128.960
129.530
129.640
129.730
129.420
129.450
129.620
129.400
129.360
129.670
129.530
129.500
129.330
129.390
129.540
129.740
129.710
129.800
129.880
129.980
129.760
129.570
129.840
130.070
129.720
129.630
129.540
129.540
129.640
129.770
129.580
129.730
129.630
129.660
129.890
129.900
129.680
129.620
129.700
129.770
129.670
129.410
129.420
129.260
129.430
129.410
129.790
129.350
129.400
129.330
129.460
129.630
129.790
129.880
129.760
129.880
129.920
129.930
129.810
130.130
129.840
129.870
129.690
130.260
130.480
130.340
130.190
130.260
130.230
130.440
130.460
129.600
129.670
129.610
129.640
129.820
129.890
129.860
129.760
129.850
129.730
129.800
129.570
129.660
129.720
129.810
129.850
129.960
129.790
129.850
130.050
129.880
129.830
129.740
129.590
129.570
129.710
129.900
130.070
130.080
130.180
130.090
129.880
130.060
129.920
130.060
129.750
129.900
129.740
129.900
129.920
129.940
130.030
130.130
130.210
130.390
130.370
130.030
130.080
130.050
130.110
130.110
130.080
130.140
129.920
129.900
129.740
129.850
129.850
129.850
130.130
129.860
129.800
129.940
130.000
129.900
129.900
129.730
129.880
129.440
129.580
129.930
129.680
129.680
129.740
129.690
129.630
129.520
129.360
129.880
129.510
129.420
129.430
129.380
129.580
129.650
129.590
129.560
129.310
129.340
129.320
129.220
129.480
129.570
129.510
129.400
129.310
129.240
129.330
129.510
129.360
129.280
129.430
129.440
129.380
129.620
129.430
129.300
129.240
129.690
129.710
130.080
130.000
129.390
129.460
129.230
129.340
129.200
129.210
129.220
129.340
129.640
130.250
129.710
129.340
129.470
129.520
129.570
129.410
129.430
129.390
129.530
129.510
129.550
129.340
129.320
129.180
129.320
129.350
129.340
129.260
129.390
129.190
129.390
129.440
129.930
129.440
129.410
129.510
129.680
129.380
129.430
129.460
129.490
129.590
129.870
129.830
129.820
129.740
129.570
129.490
129.360
129.610
129.560
129.490
129.680
129.310
129.360
129.400
129.240
129.640
129.840
129.520
129.650
129.910
129.920
129.820
130.000
129.560
129.520
129.480
129.520
129.430
129.540
129.700
129.770
130.120
129.700
129.540
129.460
129.380
129.450
129.680
129.700
129.570
129.620
129.660
129.740
129.890
129.910
129.780
129.740
130.030
129.580
129.940
129.630
129.660
129.930
130.010
130.270
130.360
130.260
130.320
130.250
130.370
130.240
130.300
130.070
130.020
130.170
130.310
130.400
130.380
130.250
130.300
130.290
130.300
130.550
130.050
130.290
130.290
130.190
129.970
129.860
129.500
129.500
129.740
129.760
129.990
129.990
129.690
129.710
129.580
129.630
129.550
129.710
129.640
129.510
129.450
129.510
129.470
129.530
129.650
129.460
129.470
129.520
129.550
129.430
129.440
129.240
129.070
129.140
129.370
129.260
129.450
129.530
129.270
129.350
129.510
129.390
129.480
129.570
129.560
129.570
129.340
129.250
129.400
129.580
129.520
129.560
129.610
129.870
129.870
130.250
129.910
129.760
129.660
129.930
129.620
129.490
129.580
129.550
129.580
129.620
129.300
129.430
129.390
129.610
129.590
129.740
129.770
129.900
129.800
129.750
129.850
129.600
129.680
130.030
130.030
130.230
130.390
130.450
130.480
130.450
130.480
130.280
130.220
129.910
129.850
129.990
130.090
130.080
130.120
130.100
130.140
130.330
130.180
130.450
130.310
130.350
130.410
130.880
130.500
130.830
130.080
130.140
130.060
130.030
130.210
130.100
130.130
129.780
129.620
129.620
129.830
129.790
129.930
129.850
129.650
129.890
130.070
130.260
130.290
130.390
130.370
130.420
130.640
130.460
130.750
130.900
130.710
130.640
130.810
130.720
130.700
130.490
130.690
130.780
130.890
130.920
131.090
131.300
131.270
131.230
131.110
130.940
131.040
131.040
130.670
130.770
130.660
130.680
130.580
130.520
130.610
130.730
130.800
131.190
131.200
131.170
131.050
131.210
131.000
130.670
130.870
130.330
130.490
130.340
130.320
130.160
130.210
130.270
130.170
130.370
130.200
130.180
129.550
129.790
129.590
129.670
129.700
129.740
129.770
129.700
129.610
129.780
129.970
129.870
129.960
129.630
129.720
129.580
129.680
129.860
130.000
129.950
129.680
129.790
129.720
129.480
129.540
129.440
129.620
129.590
129.410
129.500
129.400
129.550
129.320
129.630
129.790
129.620
129.920
129.890
129.720
129.720
129.840
130.320
130.500
130.380
130.400
130.390
130.320
130.290
130.190
130.160
130.000
130.080
129.740
129.770
129.930
130.280
130.220
130.160
130.240
130.170
130.350
130.500
130.440
130.280
130.470
130.450
130.250
130.110
129.780
129.810
129.710
129.690
129.750
129.530
129.620
129.600
129.560
129.620
129.580
129.470
129.320
129.300
129.430
129.440
129.560
130.460
130.120
130.090
130.010
129.920
130.000
129.550
128.970
128.860
128.700
128.670
128.760
128.630
128.780
128.770
128.900
129.040
129.010
129.200
129.270
129.050
128.900
129.040
128.830
128.830
128.780
128.600
129.020
129.030
128.860
128.760
128.870
128.810
128.810
128.770
128.860
128.920
128.960
128.840
129.070
128.870
129.030
128.920
128.910
129.140
127.790
128.230
128.160
127.690
127.910
127.640
127.430
127.970
128.030
128.000
127.780
127.610
127.580
127.860
127.430
127.550
127.540
127.560
127.370
127.560
127.300
127.060
127.270
127.180
127.420
127.190
127.320
127.310
127.490
127.510
127.840
127.870
128.040
127.930
128.100
128.090
127.970
127.950
128.040
127.830
127.570
127.240
127.270
127.330
127.380
127.370
127.500
127.360
127.500
127.580
127.430
127.460
127.420
127.680
127.700
127.720
128.120
128.010
128.050
128.230
128.280
128.430
128.590
128.350
128.320
128.500
128.400
128.570
128.660
129.050
128.460
128.510
128.490
128.570
128.590
128.790
128.660
128.740
128.360
128.310
128.200
128.060
128.050
128.030
128.070
128.410
128.230
128.420
128.470
128.360
128.520
128.430
128.540
128.580
128.310
128.410
128.270
128.100
128.390
128.370
128.500
128.390
128.310
128.370
128.710
128.170
128.440
128.490
128.400
128.390
128.140
128.140
127.960
128.040
127.870
127.940
127.750
127.740
127.690
127.670
127.610
127.880
127.800
128.030
127.940
128.300
126.650
126.790
127.280
127.200
127.090
127.110
127.270
127.280
126.870
126.720
126.820
126.920
126.800
126.840
127.040
126.770
126.720
126.580
126.850
127.020
126.950
126.870
126.780
127.160
127.230
127.380
127.320
126.990
127.010
126.740
127.080
127.290
126.570
126.440
126.460
126.450
126.440
126.280
126.460
126.460
126.370
126.390
126.100
126.100
126.050
126.170
126.240
126.160
126.320
126.430
126.470
126.610
126.700
126.760
126.840
126.870
126.770
126.920
126.830
126.970
127.190
127.160
127.170
127.320
127.290
127.200
127.250
127.240
127.400
127.410
127.290
127.260
127.370
127.360
127.370
127.560
127.590
127.710
127.380
127.240
127.150
126.930
126.830
126.570
126.700
126.630
126.700
126.960
126.940
127.010
126.900
126.970
127.030
126.720
126.550
126.530
126.570
126.640
126.600
126.580
126.710
126.780
126.550
126.840
127.130
127.350
127.150
127.210
127.100
127.240
127.210
127.100
127.140
127.090
127.280
127.390
127.410
127.610
127.430
127.350
127.370
127.050
127.130
127.060
126.740
126.610
126.710
126.890
126.730
126.730
126.940
127.000
126.970
127.040
126.960
127.120
127.180
127.170
127.170
127.020
127.280
127.190
127.200
127.360
127.520
127.670
127.750
127.410
127.400
127.400
127.580
127.530
127.460
127.400
127.400
127.210
127.160
127.590
127.240
127.300
127.310
127.320
127.400
127.250
126.840
126.730
127.000
127.150
127.320
127.440
127.690
127.470
127.650
127.400
127.380
127.320
127.410
127.400
127.120
127.230
127.120
127.610
127.480
127.270
127.190
126.980
127.050
127.100
126.950
127.020
126.760
126.890
126.990
127.090
127.090
127.110
127.120
127.060
127.090
127.230
127.300
127.270
127.240
127.300
127.090
127.170
127.330
127.490
127.230
127.200
127.250
127.210
127.260
127.210
127.230
127.160
127.210
127.340
127.540
127.450
127.420
127.450
127.240
127.180
126.940
126.880
126.820
126.650
126.740
126.880
127.040
127.030
126.970
127.020
127.020
126.940
126.950
126.990
127.000
126.920
127.010
127.090
127.180
127.000
127.100
127.110
127.070
126.950
126.760
126.960
127.030
126.940
127.000
127.020
126.930
126.900
127.000
127.010
127.220
127.180
127.190
127.260
127.540
127.330
127.260
126.970
126.980
127.070
127.160
127.300
127.340
127.320
127.490
127.450
127.540
127.520
127.330
127.400
127.220
127.290
127.310
127.260
127.460
127.660
127.290
127.400
127.270
127.350
127.450
127.230
127.170
127.170
127.290
127.350
127.310
127.490
127.460
127.490
127.130
127.010
127.270
127.390
127.470
127.430
127.220
127.280
127.540
127.310
127.190
127.150
127.130
127.090
127.050
127.250
127.240
127.590
127.410
127.360
127.430
127.300
127.470
127.790
127.760
127.730
127.850
127.770
127.530
127.540
127.610
127.640
127.500
127.470
127.540
127.790
127.900
127.740
127.860
128.000
128.060
127.790
127.890
127.810
127.960
127.700
127.780
127.590
127.720
127.630
127.610
127.650
127.430
127.380
127.490
127.340
127.240
127.080
127.050
127.200
127.360
127.430
127.320
127.430
127.350
127.060
127.300
127.280
127.260
127.290
127.320
127.200
127.280
127.380
127.460
127.470
127.510
127.580
127.480
127.460
127.380
127.410
127.670
127.450
127.940
127.770
128.160
127.560
127.910
128.030
127.820
127.930
128.140
127.970
128.130
127.880
127.780
127.790
127.690
127.710
127.610
127.590
127.530
127.520
127.700
128.080
127.920
127.690
127.600
127.640
127.380
127.340
127.070
127.100
127.250
127.350
127.560
127.480
127.530
127.570
127.570
127.570
127.680
127.730
127.550
127.650
127.510
127.640
127.770
127.540
127.730
127.400
127.410
127.400
127.550
127.310
127.440
127.320
127.380
127.150
127.040
126.980
126.930
126.690
126.750
126.970
127.070
127.280
127.370
127.390
127.460
127.230
127.280
127.350
127.770
127.850
127.670
127.790
127.960
127.870
128.000
127.820
127.660
127.570
127.580
127.500
127.330
127.640
127.190
127.320
127.490
127.670
127.770
127.620
127.570
127.370
127.110
127.270
127.520
127.390
127.690
127.760
127.820
127.770
128.050
127.800
127.890
127.760
127.840
127.680
127.620
127.670
127.190
127.140
126.970
126.730
126.920
127.070
127.060
127.100
127.230
127.330
127.380
127.400
127.400
127.460
127.420
127.520
127.440
127.660
127.700
127.840
127.670
128.090
127.670
127.730
127.790
127.990
127.630
127.750
127.710
127.690
127.740
127.840
127.850
127.780
127.810
127.610
127.850
127.650
127.720
127.800
128.050
128.010
127.830
128.050
127.780
127.280
127.160
127.080
127.020
126.920
127.030
127.040
126.920
126.850
126.920
126.980
127.170
127.250
127.600
127.680
127.660
127.800
127.940
128.180
128.290
128.380
128.340
128.130
128.000
128.130
127.930
127.930
127.830
127.950
127.750
127.560
127.770
127.410
127.480
127.500
127.470
127.490
127.450
127.690
127.120
126.740
126.750
126.900
126.920
127.030
126.960
127.050
127.070
127.100
127.300
127.320
127.340
127.380
127.240
127.150
127.100
127.230
127.650
127.690
127.510
127.530
127.700
127.670
127.590
127.630
127.550
127.690
127.610
127.560
127.750
127.750
127.490
127.370
127.420
127.420
127.590
127.530
127.580
127.240
127.340
127.390
127.480
127.730
127.600
127.620
127.290
127.500
127.420
127.370
127.510
127.270
127.440
127.420
127.440
127.200
127.200
127.380
127.410
126.820
126.940
126.940
127.020
127.200
127.180
127.130
127.570
127.770
127.310
127.510
127.540
127.570
127.650
127.700
127.740
127.510
127.360
127.500
127.440
127.570
127.720
127.830
127.700
127.630
127.520
127.640
127.820
127.620
127.720
127.570
127.500
127.160
127.290
127.340
127.190
127.300
127.410
127.380
127.480
127.300
127.240
126.930
126.900
126.920
127.000
126.950
126.860
126.800
126.890
127.000
127.440
127.170
127.230
127.310
127.360
127.350
127.510
127.680
127.600
127.710
127.870
127.870
127.790
127.830
127.830
127.860
127.860
127.820
127.820
127.680
127.840
127.770
127.810
128.150
127.780
127.890
127.840
127.900
127.960
127.920
127.920
128.170
128.130
127.950
128.020
127.770
127.950
127.990
128.200
128.170
127.940
128.000
127.830
128.070
127.620
127.590
127.830
128.160
127.780
127.720
127.680
127.930
128.040
128.050
128.110
127.880
128.010
128.150
128.320
127.930
127.980
127.840
127.690
127.840
127.310
127.240
127.450
127.080
127.090
127.140
127.170
127.240
126.960
127.100
127.060
127.060
127.220
127.250
127.240
127.350
127.520
127.100
126.920
127.090
126.920
127.100
127.200
127.390
127.120
127.150
127.230
127.340
127.040
127.140
127.270
127.540
127.640
127.640
127.920
127.870
127.730
127.830
127.790
127.760
128.200
128.330
128.220
128.230
128.150
128.120
128.050
128.040
127.870
127.580
127.640
127.690
127.470
127.490
127.590
127.620
127.780
127.830
127.940
127.890
127.880
128.080
128.410
128.360
128.590
128.200
128.070
127.820
127.580
127.710
127.600
127.710
127.790
127.840
127.850
127.790
127.740
127.750
127.800
127.910
127.960
128.020
127.940
128.220
128.170
128.540
128.530
128.800
128.780
128.640
128.540
128.470
128.530
128.280
128.270
128.890
128.490
128.370
128.390
128.280
128.260
128.270
127.900
128.060
127.990
127.680
127.660
