0.1943359375 1
0.1968994140625 2
0.208984375 3
0.236083984375 4
0.24169921875 5
0.2548828125 6
0.280517578125 7
0.28125 8
0.2822265625 9
0.318359375 10
0.32666015625 11
0.333984375 12
0.336181640625 13
0.33642578125 14
0.337890625 15
0.34765625 16
0.3544921875 17
0.3837890625 18
0.4501953125 19
0.569244384765625 20
0.57177734375 21
0.580078125 22
0.6318359375 23
0.638671875 24
0.697265625 25
0.77294921875 26
0.8203125 27
0.8583984375 28
0.912109375 29
1.0791015625 30
1.0849609375 31
1.1064453125 32
1.12451171875 33
1.2099609375 34
1.2118926048278809 35
1.302032470703125 36
1.310546875 37
1.3408203125 38
1.3544921875 39
1.4765625 40
1.65771484375 41
1.6728515625 42
1.693359375 43
1.70166015625 44
1.71484375 45
1.7236328125 46
1.723876953125 47
1.7392578125 48
1.8759765625 49
1.884765625 50
1.923828125 51
1.98046875 52
2.0087890625 53
2.017578125 54
2.068359375 55
2.0718994140625 56
2.1171875 57
2.18603515625 58
2.1865234375 59
2.2041015625 60
2.209228515625 61
2.210205078125 62
2.21630859375 63
2.3916015625 64
2.4052734375 65
2.451171875 66
2.5498046875 67
2.563232421875 68
2.6064453125 69
2.6468505859375 70
2.6484375 71
2.67578125 72
2.709716796875 73
2.7099609375 74
2.724609375 75
2.91015625 76
3.044189453125 77
3.0576171875 78
3.13232421875 79
3.15869140625 80
3.1728515625 81
3.2109375 82
3.26220703125 83
3.263671875 84
3.30377197265625 85
3.3682937622070313 86
3.407470703125 87
3.4189453125 88
3.49462890625 89
3.52392578125 90
3.64697265625 91
3.66796875 92
3.6767578125 93
3.720703125 94
3.865234375 95
4.14501953125 96
4.27783203125 97
4.36572265625 98
4.484619140625 99
4.490234375 100
4.55712890625 101
4.5908203125 102
4.7509765625 103
4.876953125 104
4.939453125 105
4.984375 106
5.0244140625 107
5.33203125 108
5.3837890625 109
5.447509765625 110
5.5205078125 111
5.53173828125 112
5.759765625 113
5.797576904296875 114
5.888671875 115
5.955078125 116
5.9560546875 117
6.015625 118
6.134765625 119
6.26416015625 120
6.408203125 121
6.72119140625 122
6.794921875 123
6.84765625 124
6.8564453125 125
6.95166015625 126
6.9794921875 127
7.009765625 128
7.2841796875 129
7.3017578125 130
7.375 131
7.466796875 132
7.93115234375 133
8.009765625 134
8.52392578125 135
8.5283203125 136
8.6005859375 137
8.89453125 138
9.0322265625 139
9.0625 140
9.482421875 141
9.6123046875 142
9.6357421875 143
9.66015625 144
9.80517578125 145
10.1494140625 146
10.46875 147
10.5263671875 148
10.845703125 149
10.890625 150
10.97314453125 151
10.98828125 152
11.072265625 153
11.3125 154
11.32080078125 155
11.49951171875 156
11.568359375 157
11.6572265625 158
11.73046875 159
11.775390625 160
11.833984375 161
11.939453125 162
12.038330078125 163
12.23046875 164
12.34326171875 165
12.821685791015625 166
12.943359375 167
12.95068359375 168
12.998046875 169
13.028564453125 170
13.5146484375 171
13.826171875 172
13.9083251953125 173
14.2802734375 174
14.474609375 175
14.493408203125 176
14.68017578125 177
14.857421875 178
14.9345703125 179
14.94140625 180
15.2392578125 181
15.42578125 182
15.4501953125 183
15.7001953125 184
16.000244140625 185
16.3583984375 186
16.556640625 187
16.7568359375 188
17.14306640625 189
17.3173828125 190
18.33154296875 191
18.97412109375 192
18.9835205078125 193
19.21484375 194
19.53662109375 195
19.54443359375 196
20.12109375 197
20.18896484375 198
20.537109375 199
20.5927734375 200
20.9072265625 201
22.0673828125 202
22.3466796875 203
22.35400390625 204
22.4912109375 205
22.5029296875 206
22.6240234375 207
22.8798828125 208
22.9375 209
24.01953125 210
24.093994140625 211
24.4013671875 212
25.40234375 213
25.564453125 214
25.8857421875 215
26.1376953125 216
26.8427734375 217
26.940185546875 218
27.1556396484375 219
27.571044921875 220
27.67822265625 221
28.041015625 222
28.1904296875 223
28.2236328125 224
28.22802734375 225
29.830078125 226
29.9638671875 227
30.373046875 228
30.81640625 229
30.87109375 230
31.41796875 231
31.797607421875 232
32.400390625 233
32.8056640625 234
33.47314453125 235
33.7509765625 236
34.671875 237
34.7255859375 238
35.134033203125 239
35.17724609375 240
35.35107421875 241
35.57666015625 242
35.799346923828125 243
35.9111328125 244
35.9599609375 245
36.01806640625 246
36.12060546875 247
36.2216796875 248
36.29296875 249
36.7099609375 250
36.9052734375 251
37.917724609375 252
38.3076171875 253
38.384765625 254
39.56982421875 255
41.484375 256
41.824951171875 257
42.609375 258
42.623046875 259
43.714599609375 260
44.34228515625 261
45.503753662109375 262
46.0927734375 263
46.203125 264
47.470703125 265
48.1689453125 266
48.510986328125 267
49.6044921875 268
53.9111328125 269
55.0546875 270
55.765380859375 271
56.1162109375 272
58.88671875 273
59.42578125 274
59.46435546875 275
59.4736328125 276
61.883544921875 277
62.435546875 278
66.25390625 279
66.3416748046875 280
67.1044921875 281
67.5302734375 282
68.462890625 283
69.0986328125 284
69.95166015625 285
72.6376953125 286
73.7880859375 287
74.798828125 288
76.1123046875 289
77.064453125 290
78.8857421875 291
79.2744140625 292
81.64111328125 293
82.4326171875 294
83.56640625 295
83.75244140625 296
85.666015625 297
92.1158447265625 298
92.666015625 299
93.4833984375 300
93.9150390625 301
96.003173828125 302
98.81640625 303
99.96923828125 304
102.26708984375 305
105.94483184814453 306
106.7236328125 307
107.421875 308
112.8056640625 309
114.1708984375 310
121.24072265625 311
130.0556640625 312
147.87109375 313
174.0166015625 314
185.5283203125 315
236.323486328125 316
247.77978515625 317
254.275390625 318
267.23095703125 319
283.62353515625 320
