0.1968994140625 1
0.208984375 2
0.28125 3
0.2822265625 4
0.32666015625 5
0.333984375 6
0.336181640625 7
0.33642578125 8
0.337890625 9
0.34765625 10
0.3544921875 11
0.4501953125 12
0.569244384765625 13
0.57177734375 14
0.6318359375 15
0.638671875 16
0.697265625 17
0.8203125 18
0.8583984375 19
0.912109375 20
1.0791015625 21
1.0849609375 22
1.1064453125 23
1.12451171875 24
1.2099609375 25
1.2118926048278809 26
1.302032470703125 27
1.310546875 28
1.3408203125 29
1.3544921875 30
1.4765625 31
1.65771484375 32
1.6728515625 33
1.723876953125 34
1.7392578125 35
1.8759765625 36
1.923828125 37
1.98046875 38
2.0087890625 39
2.017578125 40
2.068359375 41
2.0718994140625 42
2.1171875 43
2.3916015625 44
2.4052734375 45
2.451171875 46
2.5498046875 47
2.563232421875 48
2.6064453125 49
2.6468505859375 50
2.6484375 51
2.67578125 52
2.724609375 53
3.044189453125 54
3.0576171875 55
3.13232421875 56
3.15869140625 57
3.1728515625 58
3.26220703125 59
3.263671875 60
3.30377197265625 61
3.407470703125 62
3.4189453125 63
3.49462890625 64
3.52392578125 65
3.64697265625 66
3.66796875 67
3.720703125 68
3.865234375 69
4.14501953125 70
4.27783203125 71
4.484619140625 72
4.490234375 73
4.876953125 74
4.984375 75
5.33203125 76
5.5205078125 77
5.53173828125 78
5.759765625 79
5.888671875 80
5.9560546875 81
6.015625 82
6.134765625 83
6.26416015625 84
6.794921875 85
6.84765625 86
6.95166015625 87
6.9794921875 88
7.009765625 89
7.466796875 90
7.93115234375 91
9.6123046875 92
9.6357421875 93
9.80517578125 94
10.1494140625 95
10.46875 96
10.5263671875 97
10.845703125 98
10.890625 99
10.98828125 100
11.32080078125 101
12.23046875 102
12.34326171875 103
12.821685791015625 104
12.943359375 105
12.998046875 106
13.826171875 107
13.9083251953125 108
16.000244140625 109
17.14306640625 110
18.97412109375 111
19.53662109375 112
20.537109375 113
20.5927734375 114
20.9072265625 115
22.0673828125 116
22.35400390625 117
22.5029296875 118
22.6240234375 119
24.093994140625 120
26.8427734375 121
27.1556396484375 122
27.67822265625 123
28.1904296875 124
28.2236328125 125
28.22802734375 126
30.373046875 127
30.87109375 128
33.7509765625 129
34.671875 130
34.7255859375 131
35.17724609375 132
35.35107421875 133
35.57666015625 134
36.2216796875 135
36.7099609375 136
38.3076171875 137
39.56982421875 138
41.824951171875 139
44.34228515625 140
46.0927734375 141
46.203125 142
47.470703125 143
48.1689453125 144
49.6044921875 145
53.9111328125 146
61.883544921875 147
62.435546875 148
67.5302734375 149
69.0986328125 150
81.64111328125 151
96.003173828125 152
107.421875 153
112.8056640625 154
114.1708984375 155
236.323486328125 156
