0.1943359375 1
0.236083984375 2
0.24169921875 3
0.2548828125 4
0.280517578125 5
0.318359375 6
0.3837890625 7
0.580078125 8
0.77294921875 9
1.693359375 10
1.70166015625 11
1.71484375 12
1.7236328125 13
1.884765625 14
2.18603515625 15
2.1865234375 16
2.2041015625 17
2.209228515625 18
2.210205078125 19
2.21630859375 20
2.709716796875 21
2.7099609375 22
2.91015625 23
3.2109375 24
3.3682937622070313 25
3.6767578125 26
4.36572265625 27
4.55712890625 28
4.5908203125 29
4.7509765625 30
4.939453125 31
5.0244140625 32
5.3837890625 33
5.447509765625 34
5.797576904296875 35
5.955078125 36
6.408203125 37
6.72119140625 38
6.8564453125 39
7.2841796875 40
7.3017578125 41
7.375 42
8.009765625 43
8.52392578125 44
8.5283203125 45
8.6005859375 46
8.89453125 47
9.0322265625 48
9.0625 49
9.482421875 50
9.66015625 51
10.97314453125 52
11.072265625 53
11.3125 54
11.49951171875 55
11.568359375 56
11.6572265625 57
11.73046875 58
11.775390625 59
11.833984375 60
11.939453125 61
12.038330078125 62
12.95068359375 63
13.028564453125 64
13.5146484375 65
14.2802734375 66
14.474609375 67
14.493408203125 68
14.68017578125 69
14.857421875 70
14.9345703125 71
14.94140625 72
15.2392578125 73
15.42578125 74
15.4501953125 75
15.7001953125 76
16.3583984375 77
16.556640625 78
16.7568359375 79
17.3173828125 80
18.33154296875 81
18.9835205078125 82
19.21484375 83
19.54443359375 84
20.12109375 85
20.18896484375 86
22.3466796875 87
22.4912109375 88
22.8798828125 89
22.9375 90
24.01953125 91
24.4013671875 92
25.40234375 93
25.564453125 94
25.8857421875 95
26.1376953125 96
26.940185546875 97
27.571044921875 98
28.041015625 99
29.830078125 100
29.9638671875 101
30.81640625 102
31.41796875 103
31.797607421875 104
32.400390625 105
32.8056640625 106
33.47314453125 107
35.134033203125 108
35.799346923828125 109
35.9111328125 110
35.9599609375 111
36.01806640625 112
36.12060546875 113
36.29296875 114
36.9052734375 115
37.917724609375 116
38.384765625 117
41.484375 118
42.609375 119
42.623046875 120
43.714599609375 121
45.503753662109375 122
48.510986328125 123
55.0546875 124
55.765380859375 125
56.1162109375 126
58.88671875 127
59.42578125 128
59.46435546875 129
59.4736328125 130
66.25390625 131
66.3416748046875 132
67.1044921875 133
68.462890625 134
69.95166015625 135
72.6376953125 136
73.7880859375 137
74.798828125 138
76.1123046875 139
77.064453125 140
78.8857421875 141
79.2744140625 142
82.4326171875 143
83.56640625 144
83.75244140625 145
85.666015625 146
92.1158447265625 147
92.666015625 148
93.4833984375 149
93.9150390625 150
98.81640625 151
99.96923828125 152
102.26708984375 153
105.94483184814453 154
106.7236328125 155
121.24072265625 156
130.0556640625 157
147.87109375 158
174.0166015625 159
185.5283203125 160
247.77978515625 161
254.275390625 162
267.23095703125 163
283.62353515625 164
