0.14 1
0.19 2
0.19 3
0.20 4
0.25 5
0.27 6
0.30 7
0.31 8
0.35 9
0.99 10
1.06 11
1.26 12
1.47 13
1.68 14
1.78 15
1.89 16
1.89 17
2.30 18
2.36 19
2.37 20
2.53 21
2.71 22
2.75 23
2.75 24
2.77 25
2.79 26
2.79 27
3.10 28
3.13 29
3.32 30
3.37 31
3.43 32
3.47 33
3.49 34
3.55 35
3.92 36
3.93 37
3.97 38
4.10 39
4.11 40
4.11 41
4.12 42
4.22 43
4.29 44
4.31 45
4.34 46
4.40 47
4.47 48
4.51 49
4.58 50
4.59 51
4.60 52
4.62 53
4.77 54
4.78 55
5.19 56
5.34 57
5.58 58
5.68 59
5.82 60
5.90 61
6.06 62
6.21 63
6.24 64
6.31 65
6.44 66
6.50 67
6.55 68
6.71 69
6.75 70
6.77 71
6.85 72
6.98 73
7.07 74
7.48 75
7.58 76
7.74 77
7.94 78
8.22 79
8.45 80
8.67 81
8.76 82
8.79 83
8.89 84
8.94 85
9.02 86
9.49 87
9.67 88
9.85 89
9.98 90
10.14 91
10.50 92
10.79 93
10.92 94
11.52 95
11.81 96
12.06 97
12.08 98
12.11 99
12.49 100
13.36 101
13.50 102
13.53 103
13.58 104
14.16 105
14.23 106
15.17 107
16.24 108
16.30 109
16.52 110
16.71 111
16.77 112
18.34 113
18.52 114
19.63 115
20.20 116
20.39 117
20.81 118
20.96 119
21.55 120
21.85 121
22.00 122
22.26 123
22.53 124
22.58 125
24.00 126
24.18 127
24.67 128
25.29 129
26.38 130
26.85 131
27.18 132
27.93 133
28.25 134
28.30 135
28.95 136
29.03 137
29.57 138
29.84 139
32.16 140
34.34 141
34.42 142
35.11 143
35.59 144
36.93 145
36.96 146
37.30 147
39.79 148
40.28 149
40.73 150
41.21 151
42.10 152
42.47 153
44.40 154
44.63 155
44.68 156
46.14 157
47.40 158
49.63 159
50.51 160
52.21 161
53.15 162
53.36 163
53.83 164
55.46 165
55.70 166
56.03 167
56.95 168
58.85 169
62.37 170
62.41 171
63.71 172
63.81 173
64.09 174
66.21 175
66.33 176
68.33 177
69.42 178
71.96 179
72.86 180
75.08 181
75.60 182
75.71 183
76.75 184
77.62 185
79.09 186
80.23 187
81.31 188
81.90 189
83.33 190
83.78 191
84.86 192
87.34 193
89.11 194
90.23 195
95.82 196
95.90 197
98.17 198
98.94 199
100.00 200
102.47 201
103.80 202
104.56 203
108.03 204
110.24 205
112.68 206
124.64 207
126.36 208
130.54 209
133.89 210
135.02 211
137.19 212
138.54 213
138.66 214
139.50 215
143.48 216
143.95 217
147.13 218
148.61 219
150.49 220
153.01 221
153.47 222
156.71 223
159.65 224
162.26 225
164.71 226
165.87 227
170.59 228
195.24 229
203.70 230
203.97 231
204.64 232
212.69 233
218.82 234
228.17 235
229.33 236
238.84 237
243.86 238
269.81 239
272.06 240
286.34 241
302.63 242
304.46 243
