0.298 1
0.366 2
0.456 3
0.485 4
0.536 5
0.583 6
0.761 7
0.971 8
0.977 9
0.984 10
1.090 11
1.105 12
1.353 13
1.377 14
1.522 15
1.823 16
1.893 17
2.042 18
2.155 19
2.521 20
2.623 21
2.627 22
2.992 23
3.039 24
3.215 25
3.218 26
3.244 27
3.323 28
3.381 29
3.392 30
3.506 31
3.581 32
3.623 33
3.664 34
3.931 35
4.123 36
4.241 37
4.247 38
4.254 39
4.255 40
4.297 41
4.533 42
4.615 43
4.720 44
4.728 45
4.788 46
5.095 47
5.228 48
5.267 49
5.374 50
5.403 51
5.413 52
5.502 53
6.082 54
6.216 55
6.587 56
6.703 57
6.751 58
7.209 59
7.235 60
7.367 61
7.438 62
7.487 63
7.796 64
7.803 65
7.834 66
7.884 67
8.164 68
8.362 69
8.515 70
8.724 71
8.772 72
8.884 73
9.247 74
9.564 75
10.201 76
10.304 77
10.409 78
10.573 79
10.884 80
10.964 81
11.224 82
11.388 83
11.657 84
11.678 85
12.224 86
12.924 87
13.146 88
13.159 89
13.219 90
13.258 91
13.282 92
13.710 93
13.746 94
14.087 95
14.150 96
14.347 97
14.356 98
14.409 99
14.808 100
15.402 101
15.420 102
15.631 103
15.659 104
15.711 105
15.728 106
16.348 107
16.430 108
16.843 109
17.582 110
18.128 111
18.319 112
18.356 113
18.763 114
18.833 115
19.262 116
19.276 117
19.278 118
19.446 119
19.798 120
19.908 121
20.189 122
20.225 123
20.258 124
20.565 125
20.941 126
21.517 127
21.837 128
21.911 129
22.077 130
22.626 131
22.748 132
22.849 133
22.901 134
22.970 135
23.243 136
23.389 137
23.391 138
25.153 139
25.537 140
25.745 141
26.255 142
27.288 143
28.313 144
29.297 145
29.580 146
30.002 147
30.387 148
30.749 149
32.296 150
33.373 151
33.416 152
33.873 153
34.275 154
34.544 155
34.937 156
35.154 157
36.846 158
37.128 159
37.444 160
38.677 161
38.682 162
41.372 163
41.526 164
42.555 165
43.087 166
43.447 167
44.262 168
44.351 169
45.262 170
45.317 171
45.626 172
46.175 173
46.673 174
46.899 175
47.382 176
47.685 177
47.860 178
48.493 179
49.309 180
50.047 181
51.476 182
51.936 183
53.194 184
53.972 185
54.256 186
54.304 187
55.411 188
55.635 189
56.017 190
56.170 191
57.077 192
57.491 193
58.945 194
60.006 195
60.590 196
60.748 197
61.240 198
63.424 199
64.015 200
64.986 201
66.101 202
67.283 203
67.463 204
69.434 205
70.491 206
71.753 207
71.967 208
72.250 209
72.681 210
72.738 211
73.266 212
73.913 213
74.243 214
76.266 215
76.747 216
78.199 217
79.929 218
81.239 219
82.361 220
83.237 221
84.781 222
87.562 223
87.810 224
87.863 225
88.225 226
88.651 227
92.914 228
95.872 229
96.326 230
97.287 231
98.653 232
101.260 233
103.349 234
108.905 235
110.051 236
111.270 237
113.685 238
114.832 239
115.194 240
115.802 241
116.385 242
119.324 243
119.404 244
119.580 245
119.831 246
122.516 247
124.015 248
129.472 249
142.107 250
149.985 251
150.389 252
155.609 253
168.559 254
177.225 255
178.228 256
179.710 257
185.677 258
186.428 259
186.913 260
190.716 261
192.539 262
196.334 263
201.734 264
201.998 265
202.678 266
205.509 267
207.173 268
211.795 269
214.620 270
220.238 271
224.975 272
226.495 273
232.388 274
235.410 275
253.268 276
262.040 277
273.645 278
276.942 279
289.731 280
292.929 281
300.729 282
