0.300 1
0.377 2
0.402 3
0.442 4
0.448 5
0.452 6
0.455 7
0.458 8
0.487 9
0.538 10
0.546 11
0.577 12
0.603 13
0.617 14
0.647 15
0.697 16
0.712 17
0.750 18
0.784 19
0.791 20
0.833 21
0.854 22
0.915 23
0.949 24
0.988 25
1.097 26
1.180 27
1.219 28
1.319 29
1.410 30
1.523 31
1.588 32
1.598 33
1.619 34
1.743 35
1.750 36
1.801 37
2.061 38
2.063 39
2.104 40
2.223 41
2.285 42
2.531 43
2.532 44
2.542 45
2.553 46
2.574 47
2.588 48
2.593 49
2.596 50
2.609 51
2.611 52
2.612 53
2.620 54
2.630 55
2.641 56
2.648 57
2.748 58
2.822 59
2.868 60
2.904 61
2.943 62
2.980 63
3.248 64
3.273 65
3.340 66
3.394 67
3.396 68
3.554 69
3.607 70
3.623 71
3.747 72
3.751 73
3.779 74
3.818 75
3.890 76
4.006 77
4.015 78
4.051 79
4.053 80
4.076 81
4.218 82
4.277 83
4.287 84
4.408 85
4.419 86
4.494 87
4.694 88
4.802 89
4.897 90
4.899 91
4.971 92
4.974 93
4.985 94
5.111 95
5.270 96
5.325 97
5.348 98
5.458 99
5.575 100
5.623 101
5.634 102
5.646 103
5.656 104
5.893 105
5.994 106
6.074 107
6.074 108
6.248 109
6.425 110
6.542 111
6.573 112
6.578 113
6.588 114
6.607 115
6.714 116
6.793 117
6.942 118
7.077 119
7.459 120
7.792 121
8.356 122
8.660 123
8.764 124
8.771 125
8.776 126
9.684 127
9.703 128
9.736 129
10.123 130
10.139 131
10.139 132
10.297 133
10.333 134
10.564 135
10.765 136
10.766 137
11.283 138
11.629 139
11.688 140
11.732 141
12.097 142
12.107 143
12.415 144
12.626 145
12.941 146
12.946 147
12.992 148
13.087 149
13.394 150
13.713 151
13.767 152
14.289 153
14.319 154
15.138 155
15.473 156
15.551 157
15.611 158
15.883 159
16.134 160
16.253 161
16.269 162
16.559 163
16.584 164
17.190 165
17.392 166
17.496 167
17.599 168
17.938 169
18.192 170
18.330 171
18.359 172
18.455 173
18.619 174
18.660 175
18.827 176
19.226 177
19.229 178
19.323 179
19.578 180
19.902 181
20.562 182
20.613 183
20.634 184
20.757 185
21.243 186
21.327 187
21.377 188
21.454 189
21.685 190
21.697 191
21.973 192
22.236 193
22.259 194
22.662 195
22.829 196
23.162 197
23.407 198
23.575 199
23.795 200
23.859 201
24.249 202
24.851 203
25.501 204
26.386 205
26.392 206
26.500 207
26.601 208
26.782 209
27.392 210
27.562 211
27.657 212
28.264 213
28.649 214
29.266 215
29.468 216
29.614 217
29.728 218
29.918 219
30.263 220
30.831 221
31.817 222
32.023 223
32.478 224
33.352 225
34.246 226
34.607 227
35.524 228
35.969 229
36.538 230
37.716 231
38.673 232
39.115 233
39.848 234
40.907 235
41.385 236
41.837 237
42.375 238
42.547 239
43.267 240
43.460 241
43.530 242
43.627 243
45.102 244
45.782 245
46.215 246
47.223 247
48.501 248
48.831 249
48.836 250
49.374 251
49.581 252
49.919 253
50.036 254
50.402 255
50.816 256
51.034 257
51.043 258
51.409 259
51.578 260
51.733 261
53.628 262
55.476 263
56.920 264
57.384 265
57.491 266
58.881 267
59.545 268
59.711 269
61.890 270
63.003 271
63.389 272
63.586 273
63.840 274
63.918 275
66.948 276
66.949 277
75.731 278
75.816 279
76.009 280
76.450 281
76.890 282
79.303 283
79.402 284
80.181 285
83.640 286
85.896 287
89.530 288
90.283 289
93.519 290
94.917 291
105.563 292
106.887 293
107.099 294
108.380 295
112.832 296
116.045 297
121.287 298
125.975 299
127.990 300
128.191 301
144.715 302
146.297 303
153.540 304
160.699 305
172.620 306
182.199 307
182.788 308
186.372 309
189.640 310
193.389 311
201.955 312
205.741 313
211.466 314
219.792 315
221.658 316
228.765 317
235.208 318
251.434 319
277.084 320
296.641 321
