0.10 1
0.11 2
0.14 3
0.16 4
0.25 5
0.29 6
0.50 7
0.51 8
0.53 9
0.62 10
0.75 11
0.90 12
0.94 13
0.96 14
1.08 15
1.16 16
1.48 17
1.75 18
1.76 19
1.90 20
1.90 21
1.93 22
2.03 23
2.22 24
2.31 25
2.31 26
2.44 27
2.45 28
2.55 29
2.70 30
2.83 31
2.84 32
2.99 33
3.14 34
3.71 35
3.75 36
3.90 37
4.03 38
4.09 39
4.09 40
4.17 41
4.17 42
4.41 43
4.63 44
4.64 45
4.68 46
4.79 47
4.80 48
4.85 49
4.89 50
4.89 51
4.93 52
5.00 53
5.02 54
5.35 55
5.43 56
5.43 57
5.50 58
5.67 59
5.69 60
5.89 61
6.01 62
6.07 63
6.10 64
6.23 65
6.44 66
6.85 67
6.86 68
6.95 69
7.03 70
7.17 71
7.26 72
8.06 73
8.69 74
8.83 75
9.23 76
9.33 77
9.38 78
9.72 79
9.72 80
9.86 81
9.98 82
10.14 83
10.14 84
10.38 85
10.38 86
10.81 87
11.38 88
11.44 89
12.41 90
12.43 91
12.51 92
12.81 93
13.71 94
13.73 95
14.42 96
14.58 97
14.73 98
14.89 99
15.16 100
15.32 101
15.40 102
15.85 103
15.96 104
16.79 105
17.04 106
17.24 107
18.01 108
18.56 109
18.82 110
19.02 111
19.24 112
19.28 113
19.62 114
19.71 115
19.94 116
20.14 117
20.37 118
21.35 119
21.40 120
21.59 121
21.64 122
22.09 123
22.37 124
22.48 125
23.24 126
23.45 127
23.68 128
26.42 129
26.45 130
26.79 131
28.91 132
30.40 133
31.15 134
31.78 135
32.42 136
32.67 137
33.60 138
33.83 139
34.28 140
34.68 141
34.78 142
34.78 143
35.94 144
40.75 145
41.92 146
41.98 147
42.08 148
43.35 149
43.38 150
43.76 151
43.83 152
44.66 153
46.79 154
47.48 155
48.15 156
49.36 157
51.82 158
53.49 159
54.53 160
56.63 161
57.57 162
57.59 163
58.63 164
60.33 165
61.08 166
66.43 167
71.85 168
71.97 169
72.32 170
72.99 171
73.91 172
73.96 173
76.09 174
76.47 175
78.06 176
81.53 177
86.01 178
87.12 179
89.75 180
89.86 181
90.29 182
91.21 183
91.29 184
93.55 185
96.11 186
96.38 187
98.05 188
101.48 189
102.41 190
103.32 191
105.56 192
105.63 193
107.05 194
108.82 195
110.21 196
110.70 197
110.85 198
111.97 199
116.18 200
116.73 201
118.45 202
121.11 203
121.42 204
122.25 205
124.37 206
130.69 207
131.96 208
135.73 209
146.19 210
150.22 211
153.62 212
155.69 213
162.19 214
169.32 215
170.80 216
171.76 217
173.32 218
184.71 219
189.85 220
193.55 221
195.23 222
205.41 223
208.36 224
208.65 225
210.50 226
218.90 227
221.05 228
221.85 229
240.50 230
250.23 231
261.87 232
271.24 233
276.26 234
281.99 235
287.58 236
292.06 237
297.98 238
