0.154053 1
0.238953 2
0.331569 3
2.42969 4
3.95081 5
4.14062 6
4.39453 7
5.41406 8
6.28906 9
6.45117 10
6.65503 11
6.91467 12
7.3733 13
7.44922 14
7.51172 15
9.92578 16
9.93359 17
10.3984 18
10.5781 19
12.1055 20
13.1562 21
14.7539 22
15.3691 23
15.8457 24
16.1426 25
17.3112 26
17.6521 27
17.6768 28
20.3711 29
20.6406 30
20.666 31
21.0716 32
23.2344 33
23.887 34
24.3316 35
24.4805 36
24.7383 37
26.6332 38
27.0039 39
27.1133 40
27.6289 41
27.6787 42
29.6055 43
30.125 44
30.3398 45
31.6582 46
32.1171 47
32.75 48
34.8094 49
34.9588 50
37.7985 51
38.252 52
38.957 53
42.6018 54
44.8848 55
45.875 56
48.0898 57
49.2779 58
50.6328 59
51.0938 60
51.7715 61
52.1758 62
52.1914 63
52.7588 64
54.8224 65
55.4217 66
55.8398 67
58.3887 68
58.6562 69
58.7496 70
59.1758 71
62.3125 72
63.2734 73
63.3125 74
64.1445 75
65.125 76
65.1367 77
66.6523 78
66.7617 79
67.9878 80
69.2654 81
69.3337 82
70.3071 83
70.5664 84
77.1367 85
79.1094 86
83.1975 87
83.8331 88
88.3315 89
89.9819 90
90.9604 91
91.7852 92
92.4375 93
93.1465 94
94.4414 95
102.823 96
102.91 97
105.086 98
105.117 99
110.887 100
111.469 101
113.309 102
117.537 103
119.068 104
119.375 105
120.507 106
122.381 107
122.398 108
123.568 109
129.553 110
132.318 111
134.047 112
135.814 113
135.949 114
139.379 115
143.367 116
146.754 117
150.609 118
155.633 119
158.988 120
160.592 121
164.088 122
164.182 123
165.611 124
168.796 125
169.129 126
173.512 127
174.611 128
176.244 129
183.982 130
184.404 131
185.531 132
186.32 133
189.035 134
189.941 135
194.725 136
196.127 137
197.397 138
199.686 139
200.518 140
202.148 141
204.695 142
205.736 143
209.855 144
217.793 145
218.118 146
223.062 147
225.388 148
228.049 149
229.132 150
232.309 151
233.91 152
236.747 153
242.455 154
244.47 155
246.355 156
250.176 157
258.969 158
261.93 159
266.169 160
266.563 161
275.896 162
278.385 163
280.793 164
287.194 165
290.566 166
290.993 167
296.134 168
299.516 169
300.644 170
309.165 171
312.074 172
312.096 173
314.675 174
337.376 175
337.611 176
338.463 177
354.41 178
355.266 179
362.653 180
376.795 181
377.001 182
382.2 183
388.608 184
390.905 185
394.85 186
397.015 187
397.938 188
399.077 189
403.645 190
405.8 191
406.646 192
418.657 193
421.785 194
437.718 195
438.81 196
449.004 197
465.34 198
470.377 199
487.562 200
488.335 201
495.224 202
498.15 203
499.745 204
522.504 205
523.935 206
535.094 207
537.874 208
554.23 209
562.637 210
592.857 211
600.022 212
606.586 213
631.764 214
639.891 215
645.789 216
651.005 217
665.331 218
679.76 219
692.949 220
693.244 221
713.209 222
736.525 223
743.727 224
759.109 225
764.138 226
818.189 227
831.186 228
841.534 229
857.027 230
863.258 231
887.639 232
926.729 233
928.27 234
928.785 235
963.201 236
996.002 237
1011.21 238
1055.31 239
1058.34 240
1104.84 241
1131.83 242
1202.08 243
1224.19 244
1227.09 245
1269.64 246
1270.12 247
1286.07 248
1291.29 249
1301.99 250
1317.85 251
1354.23 252
1371.43 253
1375.53 254
1416.14 255
1530.03 256
1587.47 257
1593.17 258
1595.21 259
1693.09 260
1735.92 261
1749.33 262
1797.07 263
1820.39 264
1937.57 265
1981.84 266
2051.59 267
2092.68 268
2125.22 269
2153.73 270
2201.14 271
2227.23 272
2230.97 273
2266.63 274
2284.65 275
2288.56 276
2317.99 277
2429.14 278
2462.07 279
2481.46 280
2505.64 281
2506.36 282
2512.06 283
2599.03 284
2630.02 285
2862.79 286
2885.29 287
3284.77 288
3318.87 289
3404.03 290
3444.07 291
3497.65 292
3849.55 293
4573.18 294
4668.64 295
4709.27 296
5455.17 297
5642.04 298
5696.29 299
6467.46 300
6975.96 301
7445.37 302
7778.88 303
7829.44 304
8019.04 305
8167.86 306
8495.54 307
10233.2 308
12171.9 309
12567.6 310
12633.3 311
14675.6 312
15792.3 313
16407.7 314
18289.2 315
19908.5 316
20373.9 317
21948.7 318
