0.287 1
0.289 2
0.314 3
0.325 4
0.341 5
0.344 6
0.391 7
0.391 8
0.402 9
0.412 10
0.414 11
0.420 12
0.462 13
0.483 14
0.512 15
0.579 16
0.701 17
0.743 18
0.788 19
0.837 20
0.910 21
0.992 22
1.050 23
1.135 24
1.222 25
1.266 26
1.315 27
1.642 28
1.699 29
1.720 30
1.796 31
1.998 32
2.190 33
2.235 34
2.435 35
2.513 36
2.634 37
2.663 38
2.671 39
2.688 40
2.691 41
2.716 42
2.877 43
2.965 44
3.018 45
3.185 46
3.215 47
3.296 48
3.329 49
3.483 50
3.615 51
3.858 52
4.015 53
4.086 54
4.122 55
4.144 56
4.202 57
4.256 58
4.337 59
4.421 60
4.449 61
4.453 62
4.583 63
4.671 64
4.688 65
4.721 66
4.775 67
4.894 68
5.436 69
5.608 70
5.671 71
5.904 72
5.959 73
6.014 74
6.151 75
6.174 76
6.211 77
6.326 78
6.463 79
6.676 80
6.967 81
7.057 82
7.072 83
7.314 84
7.383 85
7.406 86
7.459 87
7.681 88
7.780 89
8.013 90
8.019 91
8.210 92
8.220 93
8.402 94
8.600 95
8.610 96
8.744 97
8.758 98
8.847 99
9.187 100
9.194 101
9.348 102
9.466 103
9.683 104
9.697 105
10.121 106
10.162 107
10.240 108
10.350 109
11.530 110
11.653 111
11.834 112
11.987 113
12.194 114
12.758 115
12.818 116
13.044 117
13.358 118
13.516 119
13.786 120
13.834 121
13.945 122
14.113 123
14.621 124
14.917 125
15.351 126
15.945 127
16.261 128
16.264 129
16.287 130
16.699 131
17.130 132
17.677 133
17.698 134
17.731 135
17.749 136
17.909 137
18.680 138
19.151 139
19.949 140
20.283 141
20.704 142
21.298 143
21.334 144
21.340 145
21.356 146
21.453 147
21.824 148
21.843 149
22.211 150
22.435 151
22.527 152
22.632 153
22.816 154
23.148 155
23.626 156
23.814 157
24.038 158
25.670 159
25.778 160
26.269 161
26.465 162
26.694 163
26.842 164
26.981 165
27.253 166
27.848 167
28.206 168
28.210 169
28.551 170
28.898 171
29.105 172
29.455 173
30.484 174
30.606 175
30.805 176
31.127 177
31.215 178
31.465 179
31.890 180
32.951 181
33.280 182
34.195 183
34.220 184
34.450 185
34.762 186
34.886 187
36.703 188
37.273 189
38.021 190
38.174 191
39.326 192
39.718 193
42.958 194
43.505 195
44.285 196
44.836 197
44.859 198
46.202 199
46.731 200
46.975 201
47.104 202
47.320 203
47.894 204
48.170 205
48.880 206
50.662 207
51.792 208
52.169 209
54.014 210
54.174 211
55.436 212
55.754 213
56.120 214
56.493 215
56.546 216
57.088 217
57.534 218
57.760 219
58.263 220
58.283 221
59.151 222
59.431 223
60.534 224
61.569 225
61.696 226
62.199 227
62.441 228
63.975 229
65.677 230
67.635 231
68.136 232
70.190 233
70.198 234
70.204 235
70.425 236
72.662 237
72.679 238
72.683 239
74.092 240
76.969 241
80.227 242
81.929 243
85.719 244
87.310 245
89.555 246
94.695 247
96.725 248
97.349 249
97.556 250
97.585 251
99.448 252
99.578 253
100.728 254
107.577 255
112.533 256
113.722 257
113.986 258
117.499 259
122.207 260
124.966 261
125.303 262
126.221 263
129.172 264
137.380 265
142.668 266
143.673 267
145.354 268
145.873 269
158.698 270
167.802 271
169.174 272
170.260 273
171.883 274
174.223 275
174.698 276
177.632 277
183.411 278
185.561 279
218.944 280
226.731 281
244.175 282
246.426 283
247.202 284
256.803 285
270.010 286
271.715 287
273.297 288
283.269 289
283.692 290
292.342 291
292.589 292
293.413 293
302.791 294
