0.324 1
0.375 2
0.448 3
0.466 4
0.468 5
0.479 6
0.515 7
0.547 8
0.577 9
0.596 10
0.598 11
0.620 12
0.683 13
0.741 14
0.760 15
0.777 16
0.781 17
0.818 18
0.895 19
0.910 20
0.945 21
1.013 22
1.027 23
1.157 24
1.212 25
1.278 26
1.597 27
1.662 28
1.666 29
1.669 30
1.683 31
1.807 32
1.989 33
2.086 34
2.244 35
2.379 36
2.479 37
2.555 38
2.608 39
2.638 40
2.646 41
2.651 42
2.651 43
2.658 44
2.659 45
2.691 46
2.725 47
2.753 48
2.760 49
2.856 50
2.879 51
3.075 52
3.079 53
3.117 54
3.301 55
3.452 56
3.452 57
3.616 58
3.690 59
3.718 60
3.744 61
3.772 62
3.855 63
3.882 64
4.172 65
4.241 66
4.291 67
4.292 68
4.308 69
4.379 70
4.471 71
4.515 72
4.612 73
4.615 74
4.663 75
4.731 76
4.884 77
4.920 78
5.018 79
5.052 80
5.125 81
5.159 82
5.162 83
5.199 84
5.205 85
5.297 86
5.354 87
5.617 88
5.633 89
5.707 90
5.745 91
5.825 92
6.142 93
6.167 94
6.313 95
6.341 96
6.477 97
6.507 98
6.538 99
6.593 100
6.764 101
6.958 102
7.072 103
7.133 104
7.156 105
7.254 106
7.374 107
7.494 108
7.527 109
7.749 110
7.888 111
8.007 112
8.092 113
8.259 114
8.577 115
8.894 116
8.895 117
8.932 118
8.953 119
9.346 120
9.432 121
9.496 122
9.712 123
9.765 124
10.103 125
10.175 126
10.242 127
10.383 128
10.626 129
10.918 130
11.084 131
11.370 132
11.756 133
11.836 134
12.139 135
12.264 136
12.308 137
12.771 138
13.241 139
13.449 140
13.530 141
13.992 142
14.000 143
14.055 144
14.651 145
14.797 146
15.095 147
15.148 148
15.264 149
15.374 150
15.523 151
15.882 152
16.030 153
16.690 154
16.880 155
16.987 156
17.127 157
17.475 158
17.948 159
18.066 160
18.282 161
18.674 162
18.840 163
18.942 164
18.953 165
18.987 166
18.999 167
19.317 168
19.510 169
19.697 170
20.071 171
20.354 172
20.389 173
20.752 174
21.038 175
21.346 176
21.479 177
21.786 178
21.821 179
21.954 180
22.298 181
22.680 182
22.926 183
22.928 184
23.080 185
23.211 186
23.324 187
23.335 188
23.654 189
23.949 190
24.519 191
24.600 192
24.669 193
24.753 194
24.897 195
25.232 196
25.434 197
25.542 198
25.765 199
25.950 200
26.232 201
26.314 202
26.950 203
27.232 204
28.090 205
28.368 206
28.692 207
28.936 208
29.981 209
30.090 210
30.142 211
30.403 212
30.907 213
31.914 214
32.461 215
32.538 216
32.974 217
33.237 218
33.823 219
33.941 220
35.527 221
35.555 222
36.293 223
37.296 224
37.458 225
37.779 226
39.114 227
40.339 228
40.414 229
42.345 230
42.794 231
43.031 232
43.124 233
43.491 234
44.189 235
44.424 236
44.591 237
44.772 238
45.631 239
48.161 240
48.429 241
49.738 242
49.850 243
50.012 244
50.366 245
50.375 246
50.552 247
51.703 248
52.753 249
53.395 250
53.710 251
55.316 252
55.378 253
56.269 254
56.674 255
57.315 256
57.948 257
58.018 258
58.283 259
59.899 260
60.191 261
61.012 262
62.353 263
63.264 264
63.532 265
63.722 266
63.794 267
64.178 268
65.160 269
65.247 270
69.250 271
69.990 272
71.482 273
71.968 274
74.433 275
75.560 276
75.863 277
77.474 278
78.628 279
78.725 280
82.335 281
85.804 282
90.165 283
90.993 284
91.584 285
92.789 286
100.296 287
101.903 288
106.332 289
107.967 290
109.478 291
110.969 292
117.925 293
122.361 294
123.867 295
125.855 296
125.964 297
131.820 298
139.261 299
143.121 300
144.774 301
153.582 302
156.163 303
171.244 304
173.365 305
175.709 306
187.395 307
193.211 308
197.666 309
200.926 310
210.178 311
217.761 312
230.141 313
234.654 314
237.825 315
258.187 316
267.486 317
288.715 318
