0.279 1
0.340 2
0.381 3
0.447 4
0.539 5
0.542 6
0.754 7
0.974 8
0.978 9
0.979 10
0.982 11
0.991 12
1.250 13
1.311 14
1.412 15
1.421 16
1.677 17
1.739 18
1.855 19
2.034 20
2.319 21
2.341 22
2.398 23
2.420 24
2.441 25
3.209 26
3.219 27
3.229 28
3.318 29
3.376 30
3.443 31
3.537 32
3.636 33
3.718 34
3.749 35
3.883 36
3.965 37
4.141 38
4.150 39
4.235 40
4.237 41
4.276 42
4.549 43
4.628 44
5.008 45
5.119 46
5.217 47
5.224 48
5.258 49
5.272 50
5.394 51
5.731 52
5.922 53
5.932 54
5.977 55
6.208 56
6.298 57
6.434 58
6.515 59
6.560 60
6.748 61
6.854 62
6.877 63
6.963 64
7.264 65
7.328 66
7.483 67
7.733 68
8.236 69
8.501 70
9.203 71
9.325 72
9.392 73
9.576 74
9.629 75
9.810 76
9.827 77
10.198 78
10.210 79
10.313 80
10.395 81
10.651 82
10.673 83
10.742 84
11.236 85
11.341 86
11.410 87
11.444 88
11.450 89
11.808 90
12.115 91
12.216 92
12.245 93
12.304 94
12.970 95
13.029 96
13.577 97
13.862 98
14.376 99
14.447 100
14.451 101
14.631 102
14.961 103
15.239 104
15.433 105
15.668 106
15.860 107
15.991 108
16.247 109
16.253 110
16.310 111
16.880 112
17.382 113
17.433 114
17.927 115
18.256 116
18.317 117
18.370 118
18.795 119
18.992 120
19.232 121
19.289 122
19.364 123
19.936 124
21.139 125
21.273 126
21.382 127
21.761 128
21.800 129
21.807 130
22.189 131
22.303 132
23.802 133
24.161 134
24.388 135
24.518 136
24.624 137
26.010 138
26.561 139
26.660 140
26.743 141
26.813 142
27.698 143
28.505 144
28.896 145
29.444 146
29.696 147
29.840 148
29.879 149
30.754 150
30.797 151
31.689 152
32.592 153
32.616 154
32.656 155
32.993 156
33.250 157
33.261 158
33.542 159
35.458 160
35.700 161
36.336 162
36.723 163
37.044 164
37.552 165
37.941 166
37.983 167
38.504 168
38.793 169
38.811 170
39.695 171
40.517 172
41.344 173
41.394 174
41.782 175
43.217 176
43.231 177
43.439 178
44.225 179
44.278 180
44.345 181
45.015 182
45.212 183
45.460 184
46.225 185
46.803 186
48.126 187
48.906 188
49.993 189
50.197 190
50.218 191
50.340 192
53.234 193
53.431 194
56.276 195
56.337 196
56.362 197
57.392 198
57.482 199
57.604 200
59.280 201
59.347 202
62.081 203
62.245 204
63.450 205
64.240 206
65.001 207
65.629 208
66.243 209
66.491 210
68.225 211
68.446 212
68.925 213
69.125 214
69.746 215
69.975 216
70.175 217
70.595 218
71.401 219
72.291 220
74.449 221
74.484 222
74.705 223
75.480 224
75.683 225
76.053 226
78.553 227
78.735 228
78.987 229
80.281 230
80.581 231
81.598 232
82.705 233
84.552 234
92.248 235
93.959 236
95.534 237
97.542 238
102.149 239
102.810 240
104.319 241
104.844 242
107.865 243
109.427 244
112.387 245
113.799 246
114.250 247
115.013 248
117.531 249
118.492 250
120.760 251
123.230 252
131.244 253
133.696 254
134.764 255
136.737 256
139.605 257
143.816 258
145.294 259
151.777 260
155.241 261
155.760 262
160.092 263
168.667 264
172.216 265
173.894 266
176.732 267
177.194 268
191.963 269
200.382 270
201.366 271
202.897 272
216.389 273
217.229 274
222.510 275
225.223 276
230.225 277
234.428 278
245.284 279
247.791 280
255.811 281
279.989 282
280.183 283
284.759 284
291.806 285
297.382 286
298.474 287
303.577 288
305.227 289
