0.296 1
0.299 2
0.321 3
0.330 4
0.337 5
0.343 6
0.355 7
0.368 8
0.378 9
0.385 10
0.389 11
0.397 12
0.410 13
0.412 14
0.415 15
0.416 16
0.417 17
0.444 18
0.447 19
0.516 20
0.578 21
0.584 22
0.607 23
0.664 24
0.683 25
0.686 26
0.706 27
0.711 28
0.711 29
0.719 30
0.747 31
0.771 32
0.879 33
0.902 34
0.908 35
0.930 36
0.958 37
0.992 38
0.993 39
1.007 40
1.081 41
1.110 42
1.348 43
1.363 44
1.364 45
1.480 46
1.510 47
1.581 48
1.736 49
1.739 50
1.790 51
1.852 52
1.852 53
1.860 54
1.862 55
1.862 56
1.879 57
1.889 58
1.900 59
1.902 60
1.902 61
1.911 62
1.912 63
1.981 64
1.996 65
2.040 66
2.150 67
2.170 68
2.191 69
2.212 70
2.363 71
2.381 72
2.574 73
2.592 74
2.678 75
2.691 76
2.694 77
2.748 78
2.770 79
2.778 80
2.844 81
2.874 82
2.892 83
2.924 84
2.935 85
2.984 86
2.984 87
3.014 88
3.044 89
3.113 90
3.125 91
3.195 92
3.339 93
3.417 94
3.472 95
3.626 96
3.685 97
3.708 98
3.775 99
3.808 100
3.825 101
4.019 102
4.161 103
4.175 104
4.191 105
4.214 106
4.247 107
4.276 108
4.321 109
4.442 110
4.454 111
4.555 112
4.564 113
4.682 114
4.710 115
4.730 116
4.767 117
4.895 118
4.928 119
5.059 120
5.082 121
5.087 122
5.147 123
5.218 124
5.375 125
5.418 126
5.485 127
5.499 128
5.541 129
5.743 130
5.916 131
6.537 132
6.949 133
6.978 134
6.999 135
7.000 136
7.041 137
7.061 138
7.166 139
7.221 140
7.760 141
7.793 142
7.832 143
7.913 144
7.936 145
8.213 146
8.535 147
8.580 148
8.610 149
8.820 150
8.836 151
8.927 152
9.143 153
9.202 154
9.243 155
9.286 156
9.511 157
9.583 158
9.721 159
10.061 160
10.113 161
10.199 162
10.247 163
10.279 164
10.360 165
10.541 166
10.627 167
10.640 168
10.729 169
10.853 170
12.256 171
12.258 172
12.316 173
12.519 174
12.777 175
12.866 176
13.699 177
13.740 178
13.858 179
14.114 180
14.135 181
14.262 182
14.330 183
14.708 184
14.765 185
14.789 186
15.011 187
15.124 188
15.463 189
15.475 190
15.669 191
15.839 192
15.875 193
15.927 194
15.952 195
16.059 196
16.073 197
16.193 198
16.951 199
16.997 200
17.376 201
17.476 202
17.713 203
17.787 204
17.789 205
17.865 206
18.263 207
18.959 208
18.971 209
18.979 210
19.248 211
19.676 212
19.887 213
19.950 214
20.049 215
20.525 216
20.551 217
20.943 218
21.292 219
21.320 220
21.374 221
21.381 222
21.508 223
21.773 224
21.785 225
21.894 226
22.232 227
22.737 228
23.628 229
23.974 230
24.320 231
24.480 232
24.814 233
25.592 234
26.493 235
27.451 236
27.762 237
29.647 238
29.930 239
30.570 240
31.158 241
31.166 242
31.361 243
31.585 244
31.748 245
31.753 246
32.209 247
32.422 248
32.457 249
32.779 250
33.207 251
33.622 252
33.828 253
35.658 254
36.582 255
37.034 256
37.539 257
37.758 258
37.820 259
37.936 260
38.350 261
38.371 262
38.552 263
39.119 264
39.137 265
39.496 266
39.941 267
40.645 268
42.339 269
42.500 270
44.378 271
45.041 272
46.599 273
47.322 274
48.953 275
50.332 276
50.584 277
52.660 278
53.063 279
53.231 280
54.620 281
55.929 282
56.272 283
58.509 284
59.624 285
61.051 286
62.342 287
62.419 288
63.217 289
64.691 290
65.495 291
69.107 292
72.709 293
74.999 294
76.530 295
77.535 296
78.186 297
78.695 298
80.209 299
80.256 300
82.988 301
83.698 302
91.677 303
93.913 304
94.169 305
95.166 306
98.612 307
99.028 308
101.660 309
104.576 310
110.094 311
116.043 312
117.637 313
118.530 314
118.938 315
120.456 316
127.826 317
129.449 318
137.764 319
141.473 320
152.617 321
152.901 322
169.060 323
170.607 324
174.149 325
207.830 326
209.553 327
249.458 328
254.688 329
267.612 330
273.422 331
