124.015 0.257127
48.493 0.363459
8.362 0.0577214
51.476 0.422065
15.420 0.19323
88.651 0.157544
63.424 0.317777
73.266 0.0457918
11.657 6.40677
111.270 0.506715
34.544 0.463012
44.351 0.833483
44.262 0.578435
19.262 0.929535
196.334 0.0610551
73.913 0.216498
224.975 0.0489014
119.324 0.0756551
178.228 0.0508779
201.998 0.0717126
84.781 0.0923479
201.734 0.0697993
119.580 0.0724123
226.495 0.0724678
11.388 0.2419
18.128 0.057089
20.941 1.97152
70.491 0.201738
7.209 1.29299
168.559 0.259867
300.729 0.397175
214.620 0.309008
110.051 0.13732
115.802 0.144282
114.832 0.14349
113.685 0.131081
292.929 0.0291594
47.860 0.124149
32.296 0.675731
67.283 0.900618
276.942 0.903832
149.985 0.786599
79.929 0.69816
60.748 0.753727
16.430 1.26197
7.487 2.01846
14.356 0.0936528
192.539 6.53369
41.526 2.18893
119.404 2.12992
72.681 0.965383
9.564 1.12052
57.077 0.815393
74.243 0.777395
45.262 1.04562
21.837 0.804492
58.945 0.128196
25.745 0.353584
23.389 0.362046
33.373 0.804689
33.873 0.403867
25.537 0.303424
38.677 0.39396
29.297 0.312115
34.275 0.258736
55.635 0.261761
54.304 0.44059
72.738 0.253359
87.863 0.329082
13.710 0.0761182
11.678 0.878815
45.626 0.663185
56.017 1.51411
81.239 1.44545
60.590 5.20807
289.731 0.0168171
211.795 0.0101607
71.967 0.114783
10.304 1.2345
54.256 0.938497
67.463 1.08405
177.225 1.02993
220.238 0.831151
45.317 1.84888
83.237 1.2316
232.388 0.923619
27.288 1.60219
253.268 0.980763
122.516 0.110701
119.831 0.120938
155.609 0.101603
5.502 0.104099
26.255 0.0303792
88.225 0.0380164
47.382 0.150732
76.266 1.61595
96.326 1.36166
19.908 0.264443
72.250 0.0678069
30.749 0.117032
5.267 1.17792
150.389 1.7872
61.240 0.581011
60.006 0.109732
2.627 0.298275
18.356 0.0477415
3.323 1.53585
7.235 2.04093
3.664 1.55909
5.228 2.01086
6.216 1.73036
3.931 1.4259
3.215 1.6209
3.218 1.61362
4.247 1.89826
4.241 1.86171
4.254 2.03534
4.255 1.37493
3.244 1.55143
97.287 0.219235
12.224 0.393343
6.703 0.664329
235.410 0.551149
20.565 2.0795
10.409 0.0897848
46.899 0.65433
9.247 1.28065
262.040 0.419146
273.645 0.0287572
34.937 0.0221695
43.447 0.020634
41.372 0.0186062
42.555 0.022102
14.347 0.527769
55.411 0.714725
51.936 0.428597
2.042 0.308285
66.101 0.297837
