124.015 0.21145
48.493 0.304312
8.362 0.178307
51.476 0.353738
15.420 0.205188
88.651 0.145954
63.424 0.307738
73.266 0.092171
11.657 4.8401
111.270 0.372904
34.544 0.418915
44.351 0.713513
44.262 0.441937
19.262 0.772454
196.334 0.230536
73.913 0.19224
224.975 0.522738
119.324 0.316466
178.228 0.522516
201.998 0.388855
84.781 0.332468
201.734 0.339521
119.580 0.322353
226.495 0.291225
11.388 0.161925
18.128 0.226776
20.941 1.30471
70.491 0.281696
7.209 1.09779
168.559 0.309464
300.729 0.395103
214.620 0.360651
110.051 0.145642
115.802 0.146241
114.832 0.176606
113.685 0.130888
292.929 0.24819
47.860 0.109758
32.296 0.701263
67.283 0.933564
276.942 0.585108
149.985 0.547161
79.929 0.545384
60.748 0.596793
16.430 1.00609
7.487 1.68131
14.356 0.0821956
192.539 7.02645
41.526 2.21326
119.404 1.94106
72.681 0.813225
9.564 1.00345
57.077 0.748655
74.243 0.54785
45.262 0.849123
21.837 1.01722
58.945 0.121164
25.745 0.188969
23.389 0.195134
33.373 0.358104
33.873 0.274673
25.537 0.129694
38.677 0.17535
29.297 0.0954705
34.275 0.0999271
55.635 0.109266
54.304 0.178606
72.738 0.11063
87.863 0.122589
13.710 0.138366
11.678 0.788491
45.626 0.540065
56.017 1.30285
81.239 1.10321
60.590 4.91144
289.731 0.280854
211.795 0.0554876
71.967 0.207234
10.304 1.12781
54.256 0.819909
67.463 0.784756
177.225 0.797399
220.238 0.672695
45.317 1.48002
83.237 0.959561
232.388 0.707222
27.288 1.31285
253.268 0.694884
122.516 0.215041
119.831 0.215529
155.609 0.196017
5.502 0.106325
26.255 0.0695867
88.225 0.0895324
47.382 0.108839
76.266 1.63248
96.326 1.42826
19.908 0.401698
72.250 0.156263
30.749 0.157143
5.267 1.33074
150.389 1.79979
61.240 0.396734
60.006 0.255941
2.627 0.372668
18.356 0.1399
3.323 1.81252
7.235 2.30891
3.664 1.84416
5.228 2.31484
6.216 2.06274
3.931 1.69295
3.215 1.94868
3.218 1.96551
4.247 2.11679
4.241 2.11601
4.254 2.32276
4.255 1.52644
3.244 1.85327
97.287 0.180774
12.224 0.389725
6.703 0.686409
235.410 0.480192
20.565 1.95293
10.409 0.0748391
46.899 0.451097
9.247 0.965178
262.040 0.97131
273.645 0.117115
34.937 0.237198
43.447 0.274541
41.372 0.243111
42.555 0.25111
14.347 0.574685
55.411 0.0136435
51.936 0.333584
2.042 0.601861
66.101 0.304201
