90.165 0.541108
31.914 0.908817
6.142 0.286063
37.458 1.59483
17.127 0.642728
33.941 0.384697
44.189 0.63991
32.974 0.172227
6.593 9.56363
30.090 1.76344
15.882 1.45637
20.752 3.74268
18.066 1.71283
13.992 3.92453
92.789 0.701678
53.710 0.344666
65.247 0.350591
58.018 0.44126
45.631 0.248384
153.582 0.925076
57.315 0.685841
63.264 0.675044
63.722 0.880591
58.283 0.671534
64.178 0.564991
10.383 0.366946
16.690 0.641342
12.771 3.91081
197.666 0.797684
43.124 0.941819
267.486 1.81683
5.159 1.8616
82.335 0.194255
44.772 0.866948
78.725 0.904757
60.191 1.02223
37.296 0.302767
40.414 0.334686
32.461 0.394165
43.031 0.362088
117.925 12.4935
193.211 0.458369
122.361 0.309715
25.765 0.267378
18.840 1.77097
20.071 2.83932
101.903 1.7502
74.433 2.45368
49.850 2.74766
30.142 3.30048
14.055 4.71455
5.825 4.29013
7.888 0.107885
75.863 2.15577
63.794 8.04072
24.897 8.98265
57.948 8.29199
50.012 2.9151
8.259 2.38491
26.314 3.2168
237.825 1.47691
210.178 1.26379
125.855 2.2353
48.161 2.79741
21.786 3.84563
106.332 0.116447
15.264 4.66765
56.674 0.420722
22.298 0.173917
19.697 0.774788
18.674 0.305933
21.346 1.03462
21.038 0.971147
23.335 0.922734
30.403 1.01424
28.368 0.754794
30.907 0.888698
33.823 0.680898
36.293 0.820902
43.491 0.830057
42.345 0.585382
14.651 0.208859
6.341 3.56805
14.000 3.01871
25.542 3.61722
28.090 2.96198
258.187 2.48457
13.241 35.2022
71.482 0.0680451
109.478 0.128756
55.316 0.400951
7.072 2.56547
28.936 3.74647
24.600 3.76659
50.366 4.66509
56.269 3.82799
144.774 2.09662
21.479 5.34564
187.395 3.26152
26.950 5.10957
50.552 3.28891
13.530 6.94678
91.584 3.81787
78.628 0.409154
75.560 0.416464
90.993 0.387766
7.254 0.138131
9.346 0.169377
63.532 0.178666
22.680 0.397619
21.954 2.62991
15.095 3.37244
16.987 1.07824
59.899 0.436902
24.519 0.848893
3.744 3.3563
24.753 12.198
28.692 1.12418
50.375 0.699633
100.296 0.748415
2.379 0.418243
13.449 0.309168
2.725 4.22826
3.718 8.25471
2.651 5.78348
3.616 6.08822
3.690 5.97805
2.651 5.6507
2.658 2.70579
2.691 2.85061
2.753 6.53869
2.659 5.62016
3.075 6.02862
2.638 5.73351
2.646 3.59864
156.163 0.359874
42.794 0.4116
217.761 0.218983
175.709 0.195681
7.527 0.613392
5.125 0.844878
123.867 1.67658
17.475 5.28521
12.264 0.13136
32.538 0.327894
7.156 1.10551
71.968 1.1312
200.926 0.894598
230.141 0.320182
110.969 0.30623
11.756 0.169445
9.712 0.153213
9.765 0.145622
125.964 0.370725
171.244 0.263396
10.242 0.13884
139.261 0.434091
8.932 1.42185
55.378 0.0182383
17.948 1.55165
1.662 2.06197
40.339 1.30154
