90.165 1.66534
31.914 2.45351
6.142 0.41668
37.458 4.32119
17.127 1.56914
33.941 1.11015
44.189 1.67946
32.974 0.319611
6.593 35.5259
30.090 8.06733
15.882 5.64534
20.752 13.8977
18.066 7.3232
13.992 12.9844
92.789 1.48561
53.710 0.839646
65.247 0.537672
58.018 0.710488
45.631 0.483294
153.582 1.46291
57.315 1.24972
63.264 1.06723
63.722 1.48527
58.283 1.16525
64.178 0.897371
10.383 0.742833
16.690 1.17289
12.771 17.256
197.666 2.24104
43.124 1.95738
5.159 5.28922
82.335 0.587661
44.772 2.67815
78.725 3.51978
60.191 3.22944
37.296 0.836779
40.414 0.917655
32.461 0.986223
43.031 1.00263
193.211 0.553192
122.361 0.400267
25.765 0.565748
18.840 6.31984
20.071 10.2891
101.903 6.20251
74.433 9.54806
49.850 9.74554
30.142 12.0933
14.055 17.3172
5.825 13.7134
7.888 0.225684
75.863 10.1749
24.897 35.9249
57.948 34.0062
50.012 9.13445
8.259 7.66118
26.314 13.0384
237.825 6.49484
210.178 5.47497
125.855 9.67192
48.161 10.3392
21.786 14.7542
106.332 0.26769
15.264 13.7087
56.674 1.28379
22.298 0.513248
19.697 3.584
18.674 1.24751
21.346 5.6729
21.038 4.3326
23.335 4.26225
30.403 5.22652
28.368 4.77231
30.907 6.58802
33.823 4.09372
36.293 6.88998
43.491 6.8602
42.345 4.43016
14.651 0.338703
6.341 11.6518
14.000 10.9678
25.542 13.237
28.090 10.6842
13.241 121.81
71.482 0.15412
109.478 0.148055
55.316 0.836438
7.072 7.82506
28.936 12.982
24.600 13.7021
50.366 17.1016
56.269 13.8644
144.774 7.89007
21.479 18.7408
26.950 18.4878
50.552 12.3783
13.530 24.0421
91.584 14.4548
78.628 0.707558
75.560 0.78051
90.993 0.786034
7.254 0.221884
9.346 0.253531
63.532 0.231873
22.680 1.12944
21.954 8.74392
15.095 11.8081
16.987 2.37102
59.899 0.730516
24.519 2.21598
3.744 9.55526
24.753 46.5651
28.692 3.98083
50.375 1.14723
100.296 1.01235
2.379 0.866448
13.449 0.460233
2.725 10.3854
3.718 22.9081
2.651 14.3601
3.616 16.0034
3.690 15.8721
2.651 14.2267
2.658 6.1949
2.691 6.67365
2.753 16.6485
2.659 14.0555
3.075 15.4468
2.638 14.2965
2.646 8.56595
156.163 1.40455
42.794 1.38379
217.761 0.769761
175.709 0.629293
7.527 1.48827
5.125 1.84438
123.867 5.62391
17.475 16.9013
12.264 0.226342
32.538 0.959389
7.156 3.59447
71.968 3.15833
200.926 2.04915
230.141 0.517976
110.969 0.411977
11.756 0.228528
9.712 0.222443
9.765 0.220527
125.964 0.536664
171.244 0.476576
10.242 0.209833
139.261 0.548984
8.932 4.65431
55.378 0.738248
17.948 3.56563
1.662 4.43122
40.339 3.16837
