90.165 1.12423
31.914 1.5447
6.142 0.130616
37.458 2.72636
17.127 0.926414
33.941 0.725453
44.189 1.03955
32.974 0.147385
6.593 25.9622
30.090 6.30389
15.882 4.18897
20.752 10.155
18.066 5.61037
13.992 9.05989
92.789 0.783937
53.710 0.49498
65.247 0.187081
58.018 0.269229
45.631 0.23491
153.582 0.537837
57.315 0.56388
63.264 0.39219
63.722 0.604677
58.283 0.493719
64.178 0.33238
10.383 0.375887
16.690 0.531551
12.771 13.3452
197.666 1.44335
43.124 1.01556
5.159 3.42762
82.335 0.393406
44.772 1.81121
78.725 2.61503
60.191 2.20721
37.296 0.534012
40.414 0.582969
32.461 0.592058
43.031 0.640538
193.211 0.0948228
122.361 0.0905525
25.765 0.29837
18.840 4.54887
20.071 7.44975
101.903 4.4523
74.433 7.09438
49.850 6.99787
30.142 8.79285
14.055 12.6026
5.825 9.42328
7.888 0.117799
75.863 8.01911
24.897 26.9423
57.948 25.7143
50.012 6.21935
8.259 5.27627
26.314 9.82158
237.825 5.01793
210.178 4.21118
125.855 7.43661
48.161 7.54179
21.786 10.9085
106.332 0.151243
15.264 9.04101
56.674 0.863069
22.298 0.339331
19.697 2.80921
18.674 0.941577
21.346 4.63828
21.038 3.36146
23.335 3.33952
30.403 4.21228
28.368 4.01752
30.907 5.69932
33.823 3.41283
36.293 6.06908
43.491 6.03014
42.345 3.84478
14.651 0.129844
6.341 8.08371
14.000 7.94907
25.542 9.61976
28.090 7.72221
13.241 86.6075
71.482 0.0860752
109.478 0.0192988
55.316 0.435487
7.072 5.25959
28.936 9.23555
24.600 9.93553
50.366 12.4365
56.269 10.0364
144.774 5.79345
21.479 13.3951
26.950 13.3782
50.552 9.08935
13.530 17.0953
91.584 10.6369
78.628 0.298404
75.560 0.364046
90.993 0.398268
7.254 0.083753
9.346 0.0841535
63.532 0.0532074
22.680 0.731825
21.954 6.11401
15.095 8.43571
16.987 1.29279
59.899 0.293614
24.519 1.36708
3.744 6.19896
24.753 34.3671
28.692 2.85665
50.375 0.447595
100.296 0.263933
2.379 0.448205
13.449 0.151066
2.725 6.1571
3.718 14.6534
2.651 8.57657
3.616 9.91515
3.690 9.89404
2.651 8.57605
2.658 3.48911
2.691 3.82304
2.753 10.1098
2.659 8.43531
3.075 9.41815
2.638 8.56296
2.646 4.96731
156.163 1.04467
42.794 0.972185
217.761 0.550778
175.709 0.433612
7.527 0.874878
5.125 0.9995
123.867 3.94733
17.475 11.6161
12.264 0.0949821
32.538 0.631495
7.156 2.48896
71.968 2.02714
200.926 1.15455
230.141 0.197794
110.969 0.105748
11.756 0.059083
9.712 0.0692301
9.765 0.0749048
125.964 0.165939
171.244 0.213179
10.242 0.0709932
139.261 0.114892
8.932 3.23246
55.378 0.72001
17.948 2.01398
1.662 2.36924
40.339 1.86683
