124.015 0.468577
48.493 0.667771
8.362 0.236028
51.476 0.775802
15.420 0.398418
88.651 0.303498
63.424 0.625516
73.266 0.137963
11.657 11.2469
111.270 0.879619
34.544 0.881927
44.351 1.547
44.262 1.02037
19.262 1.70199
196.334 0.291591
73.913 0.408737
224.975 0.57164
119.324 0.392121
178.228 0.573394
201.998 0.460568
84.781 0.424816
201.734 0.409321
119.580 0.394766
226.495 0.363693
11.388 0.403825
18.128 0.283865
20.941 3.27623
70.491 0.483433
7.209 2.39079
168.559 0.569332
300.729 0.792278
214.620 0.669659
110.051 0.282962
115.802 0.290523
114.832 0.320096
113.685 0.261969
292.929 0.277349
47.860 0.233907
32.296 1.37699
67.283 1.83418
276.942 1.48894
149.985 1.33376
79.929 1.24354
60.748 1.35052
16.430 2.26805
7.487 3.69977
14.356 0.175848
192.539 13.5601
41.526 4.4022
119.404 4.07098
72.681 1.77861
9.564 2.12398
57.077 1.56405
74.243 1.32524
45.262 1.89474
21.837 1.82171
58.945 0.24936
25.745 0.542553
23.389 0.557181
33.373 1.16279
33.873 0.67854
25.537 0.433118
38.677 0.56931
29.297 0.407586
34.275 0.358663
55.635 0.371027
54.304 0.619196
72.738 0.363989
87.863 0.45167
13.710 0.214484
11.678 1.66731
45.626 1.20325
56.017 2.81696
81.239 2.54867
60.590 10.1195
289.731 0.297671
211.795 0.0656483
71.967 0.322017
10.304 2.36232
54.256 1.75841
67.463 1.86881
177.225 1.82733
220.238 1.50385
45.317 3.3289
83.237 2.19116
232.388 1.63084
27.288 2.91504
253.268 1.67565
122.516 0.325742
119.831 0.336466
155.609 0.29762
5.502 0.210424
26.255 0.099966
88.225 0.127549
47.382 0.259571
76.266 3.24843
96.326 2.78992
19.908 0.666141
72.250 0.22407
30.749 0.274176
5.267 2.50866
150.389 3.58698
61.240 0.977745
60.006 0.365673
2.627 0.670944
18.356 0.187641
3.323 3.34837
7.235 4.34984
3.664 3.40325
5.228 4.32571
6.216 3.7931
3.931 3.11886
3.215 3.56957
3.218 3.57913
4.247 4.01504
4.241 3.97772
4.254 4.35809
4.255 2.90137
3.244 3.4047
97.287 0.400009
12.224 0.783069
6.703 1.35074
235.410 1.03134
20.565 4.03243
10.409 0.164624
46.899 1.10543
9.247 2.24583
262.040 1.39046
273.645 0.145872
34.937 0.259368
43.447 0.295175
41.372 0.261717
42.555 0.273212
14.347 1.10245
55.411 0.728368
51.936 0.76218
2.042 0.910145
66.101 0.602038
