0.2294921875 1
0.22998046875 2
0.2353515625 3
0.2569580078125 4
0.26953125 5
0.27490234375 6
0.286865234375 7
0.2919921875 8
0.2958984375 9
0.29833984375 10
0.30517578125 11
0.3115234375 12
0.31298828125 13
0.326171875 14
0.32666015625 15
0.33203125 16
0.35595703125 17
0.3876953125 18
0.4189453125 19
0.43603515625 20
0.544921875 21
0.56640625 22
0.57080078125 23
0.644775390625 24
0.64697265625 25
0.654754638671875 26
0.748046875 27
0.810546875 28
0.822265625 29
0.8583984375 30
0.8916015625 31
0.91015625 32
0.939453125 33
1.2435302734375 34
1.38232421875 35
1.38525390625 36
1.4423828125 37
1.5634765625 38
1.703125 39
1.70654296875 40
1.708984375 41
1.72802734375 42
1.802734375 43
1.85009765625 44
1.9365234375 45
1.9462890625 46
2.040283203125 47
2.16748046875 48
2.2001953125 49
2.2021484375 50
2.208984375 51
2.2171630859375 52
2.220703125 53
2.25244140625 54
2.25732421875 55
2.3974609375 56
2.46826171875 57
2.4697265625 58
2.5380859375 59
2.5576171875 60
2.722412109375 61
2.734375 62
2.779052734375 63
2.802001953125 64
2.890380859375 65
3.072265625 66
3.115234375 67
3.1494140625 68
3.1534423828125 69
3.15863037109375 70
3.23681640625 71
3.26806640625 72
3.32177734375 73
3.33984375 74
3.349609375 75
3.427734375 76
3.52294921875 77
3.5986328125 78
3.62890625 79
3.6650390625 80
3.677490234375 81
3.7756881713867188 82
3.94921875 83
3.9647216796875 84
4.032958984375 85
4.137451171875 86
4.194955825805664 87
4.212890625 88
4.328125 89
4.4345703125 90
4.4541015625 91
4.4609375 92
4.53515625 93
4.564453125 94
4.71337890625 95
4.7177734375 96
4.861328125 97
4.9501953125 98
4.9755859375 99
5.1640625 100
5.2222900390625 101
5.244384765625 102
5.32373046875 103
5.53271484375 104
5.6767578125 105
5.7421875 106
5.7529296875 107
5.7587890625 108
5.7783203125 109
5.8720703125 110
5.904296875 111
5.992431640625 112
6.1494140625 113
6.212890625 114
6.361328125 115
6.4306640625 116
6.771484375 117
6.892578125 118
6.89501953125 119
7.19921875 120
7.23974609375 121
7.27294921875 122
7.279296875 123
7.412109375 124
7.4591064453125 125
7.474609375 126
7.7353515625 127
7.759765625 128
7.78271484375 129
7.875 130
7.902099609375 131
8.060546875 132
8.2802734375 133
8.5341796875 134
8.779296875 135
8.91796875 136
9.3671875 137
9.7381591796875 138
9.81396484375 139
9.919921875 140
9.998046875 141
10.3583984375 142
10.60791015625 143
11.0009765625 144
11.06640625 145
11.2021484375 146
11.736328125 147
12.045928955078125 148
12.1201171875 149
12.23046875 150
12.2890625 151
12.447021484375 152
12.72265625 153
12.746337890625 154
13.14111328125 155
13.2314453125 156
13.2392578125 157
13.4765625 158
13.74072265625 159
13.7890625 160
13.7900390625 161
14.072265625 162
14.091796875 163
14.2451171875 164
14.724609375 165
15.2177734375 166
15.3359375 167
15.3427734375 168
15.431640625 169
15.654296875 170
15.849609375 171
15.87548828125 172
16.52734375 173
16.783203125 174
16.958984375 175
16.98486328125 176
17.251953125 177
17.328125 178
17.33642578125 179
17.4296875 180
17.529296875 181
17.599609375 182
17.619140625 183
17.767578125 184
18.68927001953125 185
19.3173828125 186
19.533203125 187
19.6279296875 188
19.6851806640625 189
20.2197265625 190
20.392578125 191
20.49560546875 192
20.732421875 193
21.8232421875 194
22.010009765625 195
22.583984375 196
22.828125 197
23.60400390625 198
23.79296875 199
23.990966796875 200
24.32177734375 201
24.3935546875 202
24.448486328125 203
24.5810546875 204
24.61474609375 205
24.666015625 206
24.7861328125 207
25.03271484375 208
25.1220703125 209
25.419921875 210
25.7724609375 211
26.018798828125 212
26.779296875 213
27.07080078125 214
27.337890625 215
28.5908203125 216
28.65625 217
28.6904296875 218
28.749267578125 219
29.431640625 220
30.724609375 221
31.078125 222
31.1435546875 223
31.26416015625 224
31.4755859375 225
32.23095703125 226
32.8876953125 227
33.83837890625 228
34.7371826171875 229
34.81103515625 230
35.18603515625 231
35.2099609375 232
35.3017578125 233
35.4715576171875 234
35.5390625 235
35.7724609375 236
35.8076171875 237
35.9716796875 238
35.9912109375 239
36.77685546875 240
37.378173828125 241
38.38232421875 242
38.548583984375 243
38.57373046875 244
39.427734375 245
39.705322265625 246
41.828125 247
42.237884521484375 248
42.701171875 249
44.17041015625 250
45.3837890625 251
45.46826171875 252
47.2255859375 253
47.7158203125 254
49.215087890625 255
50.154296875 256
51.150390625 257
51.685791015625 258
52.2080078125 259
52.3253173828125 260
52.689208984375 261
52.783447265625 262
54.697021484375 263
57.2255859375 264
57.9111328125 265
58.8515625 266
60.8671875 267
61.04248046875 268
61.28759765625 269
63.5078125 270
64.3037109375 271
67.484375 272
67.65283203125 273
69.0556640625 274
71.29296875 275
72.130859375 276
72.78564453125 277
72.9473876953125 278
75.206787109375 279
75.58544921875 280
76.0869140625 281
76.522705078125 282
77.1259765625 283
77.83984375 284
77.912109375 285
89.333984375 286
89.56982421875 287
90.77741241455078 288
90.7900390625 289
91.0029296875 290
91.23681640625 291
92.705078125 292
93.169921875 293
94.6630859375 294
97.91015625 295
98.5810546875 296
103.03515625 297
103.3056640625 298
103.9395751953125 299
104.1268310546875 300
107.513671875 301
107.6845703125 302
107.81591796875 303
112.4169921875 304
124.8984375 305
127.3349609375 306
128.32470703125 307
135.8248291015625 308
140.6494140625 309
146.33544921875 310
149.4306640625 311
159.14303588867188 312
166.251953125 313
173.666015625 314
181.802734375 315
192.4951171875 316
200.3642578125 317
203.4501953125 318
204.56289672851563 319
255.75927734375 320
271.669921875 321
275.033203125 322
295.395263671875 323
295.9345703125 324
