0.22998046875 1
0.2353515625 2
0.26953125 3
0.27490234375 4
0.286865234375 5
0.2919921875 6
0.29833984375 7
0.31298828125 8
0.33203125 9
0.35595703125 10
0.3876953125 11
0.4189453125 12
0.43603515625 13
0.544921875 14
0.57080078125 15
0.644775390625 16
0.64697265625 17
0.654754638671875 18
0.748046875 19
0.822265625 20
0.8583984375 21
0.8916015625 22
0.91015625 23
0.939453125 24
1.2435302734375 25
1.38232421875 26
1.38525390625 27
1.4423828125 28
1.5634765625 29
1.9365234375 30
2.16748046875 31
2.2001953125 32
2.2021484375 33
2.25244140625 34
2.25732421875 35
2.3974609375 36
2.46826171875 37
2.4697265625 38
2.5576171875 39
2.722412109375 40
2.734375 41
2.802001953125 42
2.890380859375 43
3.072265625 44
3.115234375 45
3.1534423828125 46
3.15863037109375 47
3.26806640625 48
3.32177734375 49
3.33984375 50
3.427734375 51
3.52294921875 52
3.5986328125 53
3.62890625 54
3.6650390625 55
3.677490234375 56
3.94921875 57
3.9647216796875 58
4.032958984375 59
4.137451171875 60
4.194955825805664 61
4.212890625 62
4.4541015625 63
4.4609375 64
4.53515625 65
4.564453125 66
4.861328125 67
4.9501953125 68
4.9755859375 69
5.1640625 70
5.2222900390625 71
5.32373046875 72
5.53271484375 73
5.6767578125 74
5.7421875 75
5.7529296875 76
5.7587890625 77
5.7783203125 78
5.8720703125 79
5.904296875 80
5.992431640625 81
6.1494140625 82
6.361328125 83
6.4306640625 84
6.89501953125 85
7.279296875 86
7.412109375 87
7.4591064453125 88
7.474609375 89
7.875 90
7.902099609375 91
8.060546875 92
8.2802734375 93
8.779296875 94
8.91796875 95
9.81396484375 96
9.998046875 97
10.60791015625 98
11.0009765625 99
11.06640625 100
11.2021484375 101
12.1201171875 102
12.72265625 103
12.746337890625 104
13.14111328125 105
13.2314453125 106
13.4765625 107
13.7890625 108
14.091796875 109
14.2451171875 110
16.958984375 111
17.328125 112
17.529296875 113
17.619140625 114
18.68927001953125 115
19.6279296875 116
22.583984375 117
23.79296875 118
24.32177734375 119
24.448486328125 120
24.5810546875 121
24.666015625 122
25.03271484375 123
25.1220703125 124
27.07080078125 125
27.337890625 126
28.5908203125 127
28.65625 128
28.6904296875 129
31.26416015625 130
32.8876953125 131
35.18603515625 132
35.2099609375 133
35.3017578125 134
35.8076171875 135
35.9716796875 136
37.378173828125 137
38.38232421875 138
38.57373046875 139
39.705322265625 140
44.17041015625 141
45.46826171875 142
47.7158203125 143
54.697021484375 144
57.9111328125 145
61.04248046875 146
63.5078125 147
67.65283203125 148
89.56982421875 149
93.169921875 150
98.5810546875 151
103.03515625 152
135.8248291015625 153
146.33544921875 154
149.4306640625 155
159.14303588867188 156
200.3642578125 157
204.56289672851563 158
295.395263671875 159
