0.2294921875 1
0.2569580078125 2
0.2958984375 3
0.30517578125 4
0.3115234375 5
0.326171875 6
0.32666015625 7
0.56640625 8
0.810546875 9
1.703125 10
1.70654296875 11
1.708984375 12
1.72802734375 13
1.802734375 14
1.85009765625 15
1.9462890625 16
2.040283203125 17
2.208984375 18
2.2171630859375 19
2.220703125 20
2.5380859375 21
2.779052734375 22
3.1494140625 23
3.23681640625 24
3.349609375 25
3.7756881713867188 26
4.328125 27
4.4345703125 28
4.71337890625 29
4.7177734375 30
5.244384765625 31
6.212890625 32
6.771484375 33
6.892578125 34
7.19921875 35
7.23974609375 36
7.27294921875 37
7.7353515625 38
7.759765625 39
7.78271484375 40
8.5341796875 41
9.3671875 42
9.7381591796875 43
9.919921875 44
10.3583984375 45
11.736328125 46
12.045928955078125 47
12.23046875 48
12.2890625 49
12.447021484375 50
13.2392578125 51
13.74072265625 52
13.7900390625 53
14.072265625 54
14.724609375 55
15.2177734375 56
15.3359375 57
15.3427734375 58
15.431640625 59
15.654296875 60
15.849609375 61
15.87548828125 62
16.52734375 63
16.783203125 64
16.98486328125 65
17.251953125 66
17.33642578125 67
17.4296875 68
17.599609375 69
17.767578125 70
19.3173828125 71
19.533203125 72
19.6851806640625 73
20.2197265625 74
20.392578125 75
20.49560546875 76
20.732421875 77
21.8232421875 78
22.010009765625 79
22.828125 80
23.60400390625 81
23.990966796875 82
24.3935546875 83
24.61474609375 84
24.7861328125 85
25.419921875 86
25.7724609375 87
26.018798828125 88
26.779296875 89
28.749267578125 90
29.431640625 91
30.724609375 92
31.078125 93
31.1435546875 94
31.4755859375 95
32.23095703125 96
33.83837890625 97
34.7371826171875 98
34.81103515625 99
35.4715576171875 100
35.5390625 101
35.7724609375 102
35.9912109375 103
36.77685546875 104
38.548583984375 105
39.427734375 106
41.828125 107
42.237884521484375 108
42.701171875 109
45.3837890625 110
47.2255859375 111
49.215087890625 112
50.154296875 113
51.150390625 114
51.685791015625 115
52.2080078125 116
52.3253173828125 117
52.689208984375 118
52.783447265625 119
57.2255859375 120
58.8515625 121
60.8671875 122
61.28759765625 123
64.3037109375 124
67.484375 125
69.0556640625 126
71.29296875 127
72.130859375 128
72.78564453125 129
72.9473876953125 130
75.206787109375 131
75.58544921875 132
76.0869140625 133
76.522705078125 134
77.1259765625 135
77.83984375 136
77.912109375 137
89.333984375 138
90.77741241455078 139
90.7900390625 140
91.0029296875 141
91.23681640625 142
92.705078125 143
94.6630859375 144
97.91015625 145
103.3056640625 146
103.9395751953125 147
104.1268310546875 148
107.513671875 149
107.6845703125 150
107.81591796875 151
112.4169921875 152
124.8984375 153
127.3349609375 154
128.32470703125 155
140.6494140625 156
166.251953125 157
173.666015625 158
181.802734375 159
192.4951171875 160
203.4501953125 161
255.75927734375 162
271.669921875 163
275.033203125 164
295.9345703125 165
