0.000221
0.000225
0.000229
0.000244
0.000244
0.000244
0.000244
0.000244
0.000244
0.000244
0.000244
0.000244
0.000244
0.000244
0.000244
0.000244
0.000244
0.000275
0.000305
0.000305
0.000305
0.000305
0.000305
0.000305
0.000366
0.000366
0.000366
0.000366
0.000366
0.000366
0.000366
0.000366
0.000366
0.000366
0.000383
0.000389
0.000397
0.000427
0.000427
0.000427
0.000427
0.000427
0.000427
0.000427
0.000427
0.000427
0.000427
0.000427
0.000427
0.000458
0.000458
0.000458
0.000488
0.000488
0.000488
0.000488
0.000488
0.000488
0.000488
0.000488
0.000488
0.000488
0.000488
0.000488
0.000488
0.000488
0.000488
0.000488
0.000488
0.000488
0.000488
0.000488
0.000488
0.000488
0.000488
0.000488
0.000488
0.000488
0.000488
0.000488
0.000488
0.000488
0.000488
0.000488
0.000488
0.000488
0.000488
0.000488
0.000488
0.000488
0.000488
0.000488
0.000488
0.000488
0.000488
0.000488
0.000488
0.000488
0.000488
0.000488
0.000488
0.000488
0.000488
0.000488
0.000488
0.000488
0.000488
0.000488
0.000488
0.000488
0.000488
0.000488
0.000488
0.000488
0.000488
0.000488
0.000488
0.000488
0.000488
0.000488
0.000488
0.000488
0.000488
0.000488
0.000488
0.000488
0.000488
0.000488
0.000488
0.000488
0.000488
0.000488
0.000488
0.000488
0.000488
0.000488
0.000488
0.000488
0.000488
0.000488
0.000488
0.000488
0.000488
0.000488
0.000488
0.000488
0.000488
0.000488
0.000488
0.000488
0.000488
0.000488
0.000488
0.000488
0.000488
0.000488
0.000488
0.000519
0.000534
0.000542
0.000549
0.000549
0.000549
0.000549
0.000549
0.000549
0.000565
0.000580
0.000580
0.000580
0.000580
0.000580
0.000580
0.000580
0.000580
0.000580
0.000580
0.000587
0.000610
0.000610
0.000610
0.000610
0.000610
0.000610
0.000610
0.000610
0.000610
0.000610
0.000610
0.000610
0.000610
0.000610
0.000610
0.000610
0.000610
0.000610
0.000610
0.000610
0.000610
0.000610
0.000610
0.000610
0.000610
0.000610
0.000610
0.000610
0.000610
0.000610
0.000610
0.000610
0.000610
0.000610
0.000610
0.000610
0.000610
0.000610
0.000610
0.000610
0.000610
0.000610
0.000610
0.000610
0.000610
0.000610
0.000610
0.000610
0.000610
0.000610
0.000610
0.000610
0.000610
0.000610
0.000610
0.000610
0.000610
0.000610
0.000610
0.000610
0.000610
0.000610
0.000610
0.000610
0.000610
0.000610
0.000610
0.000610
0.000610
0.000610
0.000610
0.000610
0.000610
0.000610
0.000610
0.000610
0.000610
0.000610
0.000610
0.000610
0.000610
0.000610
0.000626
0.000641
0.000641
0.000656
0.000671
0.000671
0.000671
0.000671
0.000671
0.000671
0.000671
0.000671
0.000671
0.000679
0.000679
0.000683
0.000685
0.000687
0.000687
0.000690
0.000690
0.000694
0.000698
0.000702
0.000702
0.000702
0.000702
0.000702
0.000702
0.000710
0.000717
0.000717
0.000717
0.000732
0.000732
0.000732
0.000732
0.000732
0.000732
0.000732
0.000732
0.000732
0.000732
0.000732
0.000732
0.000732
0.000732
0.000732
0.000732
0.000732
0.000732
0.000732
0.000732
0.000732
0.000732
0.000732
0.000732
0.000732
0.000732
0.000732
0.000732
0.000732
0.000732
0.000732
0.000732
0.000732
0.000732
0.000732
0.000732
0.000732
0.000732
0.000732
0.000732
0.000732
0.000732
0.000732
0.000732
0.000732
0.000732
0.000732
0.000732
0.000732
0.000732
0.000732
0.000732
0.000732
0.000732
0.000732
0.000732
0.000732
0.000732
0.000732
0.000732
0.000732
0.000732
0.000732
0.000732
0.000732
0.000732
0.000732
0.000732
0.000732
0.000732
0.000732
0.000732
0.000732
0.000732
0.000732
0.000732
0.000732
0.000732
0.000732
0.000732
0.000732
0.000732
0.000732
0.000732
0.000732
0.000732
0.000732
0.000732
0.000732
0.000732
0.000732
0.000732
0.000732
0.000732
0.000732
0.000732
0.000732
0.000732
0.000732
0.000732
0.000732
0.000732
0.000732
0.000732
0.000732
0.000732
0.000732
0.000732
0.000732
0.000732
0.000732
0.000732
0.000732
0.000732
0.000732
0.000732
0.000732
0.000732
0.000732
0.000732
0.000732
0.000732
0.000732
0.000732
0.000732
0.000732
0.000732
0.000732
0.000732
0.000732
0.000732
0.000732
0.000732
0.000732
0.000732
0.000732
0.000732
0.000732
0.000732
0.000732
0.000732
0.000732
0.000732
0.000732
0.000732
0.000732
0.000732
0.000732
0.000732
0.000732
0.000732
0.000732
0.000732
0.000732
0.000732
0.000732
0.000732
0.000732
0.000732
0.000732
0.000732
0.000732
0.000732
0.000732
0.000732
0.000732
0.000732
0.000732
0.000732
0.000732
0.000732
0.000732
0.000732
0.000732
0.000732
0.000732
0.000732
0.000732
0.000732
0.000732
0.000732
0.000732
0.000732
0.000732
0.000732
0.000732
0.000732
0.000732
0.000732
0.000732
0.000732
0.000732
0.000732
0.000732
0.000732
0.000732
0.000732
0.000732
0.000732
0.000732
0.000732
0.000732
0.000732
0.000732
0.000732
0.000732
0.000732
0.000732
0.000732
0.000732
0.000732
0.000732
0.000732
0.000732
0.000732
0.000732
0.000732
0.000732
0.000732
0.000732
0.000732
0.000732
0.000732
0.000732
0.000732
0.000732
0.000732
0.000732
0.000732
0.000732
0.000732
0.000732
0.000732
0.000732
0.000732
0.000732
0.000732
0.000732
0.000732
0.000732
0.000732
0.000732
0.000732
0.000732
0.000732
0.000732
0.000732
0.000732
0.000732
0.000732
0.000732
0.000732
0.000732
0.000732
0.000732
0.000732
0.000732
0.000732
0.000732
0.000732
0.000732
0.000732
0.000732
0.000732
0.000732
0.000732
0.000732
0.000732
0.000732
0.000732
0.000732
0.000732
0.000732
0.000732
0.000732
0.000732
0.000732
0.000732
0.000732
0.000732
0.000732
0.000732
0.000732
0.000732
0.000732
0.000732
0.000732
0.000732
0.000732
0.000732
0.000732
0.000732
0.000732
0.000732
0.000732
0.000732
0.000732
0.000732
0.000732
0.000732
0.000732
0.000732
0.000732
0.000732
0.000732
0.000732
0.000732
0.000732
0.000732
0.000732
0.000732
0.000732
0.000732
0.000732
0.000732
0.000732
0.000732
0.000732
0.000732
0.000732
0.000732
0.000732
0.000732
0.000732
0.000732
0.000732
0.000732
0.000732
0.000732
0.000732
0.000732
0.000732
0.000732
0.000732
0.000732
0.000732
0.000732
0.000732
0.000732
0.000732
0.000732
0.000732
0.000732
0.000732
0.000732
0.000732
0.000732
0.000732
0.000732
0.000732
0.000732
0.000732
0.000732
0.000732
0.000732
0.000732
0.000732
0.000732
0.000732
0.000732
0.000732
0.000732
0.000732
0.000732
0.000732
0.000732
0.000732
0.000732
0.000732
0.000732
0.000732
0.000732
0.000732
0.000732
0.000732
0.000732
0.000732
0.000732
0.000732
0.000732
0.000732
0.000732
0.000732
0.000732
0.000732
0.000732
0.000732
0.000732
0.000732
0.000732
0.000732
0.000732
0.000732
0.000732
0.000732
0.000732
0.000732
0.000732
0.000732
0.000732
0.000732
0.000732
0.000748
0.000748
0.000748
0.000763
0.000763
0.000763
0.000763
0.000763
0.000763
0.000763
0.000763
0.000763
0.000763
0.000763
0.000763
0.000763
0.000763
0.000763
0.000793
0.000793
0.000793
0.000793
0.000793
0.000793
0.000793
0.000793
0.000793
0.000793
0.000793
0.000793
0.000793
0.000793
0.000793
0.000793
0.000793
0.000793
0.000793
0.000793
0.000793
0.000793
0.000793
0.000793
0.000793
0.000811
0.000814
0.000816
0.000820
0.000824
0.000824
0.000824
0.000824
0.000824
0.000824
0.000827
0.000832
0.000839
0.000851
0.000851
0.000854
0.000854
0.000854
0.000854
0.000854
0.000854
0.000854
0.000854
0.000854
0.000854
0.000854
0.000854
0.000854
0.000854
0.000854
0.000854
0.000854
0.000854
0.000854
0.000854
0.000854
0.000854
0.000854
0.000854
0.000854
0.000854
0.000854
0.000854
0.000854
0.000854
0.000854
0.000854
0.000854
0.000854
0.000854
0.000854
0.000854
0.000854
0.000854
0.000854
0.000854
0.000854
0.000854
0.000854
0.000854
0.000854
0.000854
0.000854
0.000854
0.000854
0.000854
0.000854
0.000854
0.000854
0.000854
0.000854
0.000854
0.000854
0.000854
0.000854
0.000854
0.000854
0.000854
0.000854
0.000854
0.000854
0.000854
0.000854
0.000854
0.000854
0.000854
0.000854
0.000854
0.000854
0.000854
0.000854
0.000854
0.000854
0.000854
0.000854
0.000854
0.000854
0.000854
0.000854
0.000854
0.000854
0.000854
0.000854
0.000854
0.000854
0.000854
0.000854
0.000854
0.000854
0.000854
0.000854
0.000854
0.000854
0.000854
0.000854
0.000854
0.000854
0.000854
0.000854
0.000854
0.000854
0.000854
0.000854
0.000854
0.000854
0.000854
0.000854
0.000854
0.000854
0.000854
0.000854
0.000854
0.000854
0.000854
0.000854
0.000854
0.000854
0.000854
0.000854
0.000854
0.000854
0.000854
0.000854
0.000854
0.000854
0.000854
0.000854
0.000854
0.000854
0.000854
0.000854
0.000854
0.000854
0.000854
0.000854
0.000854
0.000854
0.000854
0.000854
0.000854
0.000854
0.000854
0.000854
0.000854
0.000854
0.000854
0.000854
0.000854
0.000854
0.000854
0.000854
0.000854
0.000854
0.000854
0.000854
0.000854
0.000854
0.000854
0.000854
0.000854
0.000854
0.000854
0.000860
0.000862
0.000862
0.000870
0.000870
0.000870
0.000870
0.000870
0.000870
0.000870
0.000870
0.000877
0.000885
0.000885
0.000885
0.000885
0.000885
0.000885
0.000885
0.000885
0.000885
0.000885
0.000885
0.000885
0.000885
0.000885
0.000885
0.000885
0.000885
0.000885
0.000885
0.000885
0.000885
0.000885
0.000885
0.000885
0.000885
0.000885
0.000885
0.000885
0.000885
0.000885
0.000885
0.000885
0.000885
0.000885
0.000885
0.000893
0.000893
0.000900
0.000900
0.000900
0.000900
0.000900
0.000908
0.000916
0.000916
0.000916
0.000916
0.000916
0.000916
0.000916
0.000916
0.000916
0.000916
0.000916
0.000916
0.000916
0.000916
0.000916
0.000916
0.000916
0.000916
0.000916
0.000916
0.000916
0.000916
0.000916
0.000916
0.000916
0.000916
0.000916
0.000916
0.000916
0.000916
0.000916
0.000916
0.000916
0.000916
0.000916
0.000916
0.000916
0.000916
0.000916
0.000916
0.000916
0.000916
0.000916
0.000916
0.000916
0.000916
0.000916
0.000916
0.000916
0.000916
0.000916
0.000916
0.000916
0.000916
0.000916
0.000916
0.000916
0.000916
0.000916
0.000916
0.000916
0.000916
0.000916
0.000916
0.000916
0.000916
0.000916
0.000916
0.000916
0.000916
0.000916
0.000916
0.000916
0.000916
0.000916
0.000916
0.000916
0.000916
0.000916
0.000916
0.000916
0.000916
0.000916
0.000916
0.000916
0.000916
0.000916
0.000916
0.000927
0.000931
0.000946
0.000946
0.000946
0.000946
0.000946
0.000946
0.000946
0.000946
0.000946
0.000946
0.000946
0.000946
0.000961
0.000977
0.000977
0.000977
0.000977
0.000977
0.000977
0.000977
0.000977
0.000977
0.000977
0.000977
0.000977
0.000977
0.000977
0.000977
0.000977
0.000977
0.000977
0.000977
0.000977
0.000977
0.000977
0.000977
0.000977
0.000977
0.000977
0.000977
0.000977
0.000977
0.000977
0.000977
0.000977
0.000977
0.000977
0.000977
0.000977
0.000977
0.000977
0.000977
0.000977
0.000977
0.000977
0.000977
0.000977
0.000977
0.000977
0.000977
0.000977
0.000977
0.000977
0.000977
0.000977
0.000977
0.000977
0.000977
0.000977
0.000977
0.000977
0.000977
0.000977
0.000977
0.000977
0.000977
0.000977
0.000977
0.000977
0.000977
0.000977
0.000977
0.000977
0.000977
0.000977
0.000977
0.000977
0.000977
0.000977
0.000977
0.000977
0.000977
0.000977
0.000977
0.000977
0.000977
0.000977
0.000977
0.000977
0.000977
0.000977
0.000977
0.000977
0.000977
0.000977
0.000977
0.000977
0.000977
0.000977
0.000977
0.000977
0.000977
0.000977
0.000977
0.000977
0.000977
0.000977
0.000977
0.000977
0.000977
0.000977
0.000977
0.000977
0.000977
0.000977
0.000977
0.000977
0.000977
0.000977
0.000977
0.000977
0.000977
0.000977
0.000977
0.000977
0.000977
0.000977
0.000977
0.000977
0.000977
0.000977
0.000977
0.000977
0.000977
0.000977
0.000977
0.000977
0.000977
0.000977
0.000977
0.000977
0.000977
0.000977
0.000977
0.000977
0.000977
0.000977
0.000977
0.000977
0.000977
0.000977
0.000977
0.000977
0.000977
0.000977
0.000977
0.000977
0.000977
0.000977
0.000977
0.000977
0.000977
0.000977
0.000977
0.000977
0.000977
0.000977
0.000977
0.000977
0.000977
0.000977
0.000977
0.000977
0.000977
0.000977
0.000977
0.000977
0.000977
0.000977
0.000977
0.000977
0.000977
0.000977
0.000977
0.000977
0.000977
0.000977
0.000977
0.000977
0.000977
0.000977
0.000977
0.000977
0.000977
0.000977
0.000977
0.000977
0.000977
0.000977
0.000977
0.000977
0.000977
0.000977
0.000977
0.000977
0.000977
0.000977
0.000977
0.000977
0.000977
0.000977
0.000977
0.000977
0.000977
0.000977
0.000977
0.000977
0.000977
0.000977
0.000977
0.000977
0.000977
0.000977
0.000977
0.000977
0.000977
0.000977
0.000977
0.000977
0.000977
0.000977
0.000977
0.000977
0.000977
0.000977
0.000977
0.000977
0.000977
0.000977
0.000977
0.000977
0.000977
0.000977
0.000977
0.000977
0.000977
0.000977
0.000977
0.000977
0.000977
0.000977
0.000977
0.000977
0.000977
0.000977
0.000977
0.000977
0.000977
0.000977
0.000977
0.000977
0.000977
0.000977
0.000977
0.000977
0.000977
0.000977
0.000977
0.000977
0.000977
0.000977
0.000977
0.000977
0.000977
0.000977
0.000977
0.000977
0.000977
0.000977
0.000977
0.000977
0.000977
0.000977
0.000977
0.000977
0.000977
0.000977
0.000977
0.000977
0.000977
0.000977
0.000977
0.000977
0.000977
0.000977
0.000977
0.000977
0.000977
0.000977
0.000977
0.000977
0.000977
0.000977
0.000977
0.000977
0.000977
0.000977
0.000977
0.000977
0.000977
0.000977
0.000977
0.000977
0.000977
0.000977
0.000977
0.000977
0.000977
0.000977
0.000977
0.000977
0.000977
0.000977
0.000977
0.000977
0.000977
0.000977
0.000977
0.000977
0.000977
0.000977
0.000977
0.000977
0.000977
0.000977
0.000977
0.000977
0.000977
0.000977
0.000977
0.000977
0.000977
0.000977
0.000977
0.000977
0.000977
0.000977
0.000977
0.000977
0.000977
0.000977
0.000977
0.000977
0.000977
0.000977
0.000977
0.000977
0.000977
0.000977
0.000977
0.000977
0.000977
0.000977
0.000977
0.000977
0.000977
0.000977
0.000977
0.000977
0.000977
0.000977
0.000977
0.000977
0.000977
0.000977
0.000977
0.000977
0.000977
0.000977
0.000977
0.000977
0.000977
0.000977
0.000977
0.000977
0.000977
0.000977
0.000977
0.000977
0.000977
0.000977
0.000977
0.000977
0.000977
0.000977
0.000977
0.000977
0.000977
0.000977
0.000977
0.000977
0.000977
0.000977
0.000977
0.000977
0.000977
0.000977
0.000977
0.000977
0.000977
0.000977
0.000977
0.000977
0.000977
0.000977
0.000977
0.000977
0.000977
0.000977
0.000977
0.000977
0.000977
0.000977
0.000977
0.000977
0.000977
0.000977
0.000977
0.000977
0.000977
0.000977
0.000977
0.000977
0.000977
0.000977
0.000977
0.000977
0.000977
0.000977
0.000977
0.000977
0.000977
0.000977
0.000977
0.000977
0.000977
0.000977
0.000977
0.000977
0.000977
0.000977
0.000977
0.000977
0.000977
0.000977
0.000977
0.000977
0.000977
0.000977
0.000977
0.000977
0.000977
0.000977
0.000977
0.000977
0.000977
0.000977
0.000977
0.000977
0.000977
0.000977
0.000977
0.000977
0.000977
0.000977
0.000977
0.000977
0.000977
0.000977
0.000977
0.000977
0.000977
0.000977
0.000977
0.000977
0.000977
0.000977
0.000977
0.000977
0.000977
0.000977
0.000977
0.000977
0.000977
0.000977
0.000977
0.000977
0.000977
0.000977
0.000977
0.000977
0.000977
0.000977
0.000977
0.000977
0.000977
0.000977
0.000977
0.000977
0.000977
0.000977
0.000977
0.000977
0.000977
0.000977
0.000977
0.000977
0.000977
0.000977
0.000977
0.000977
0.000977
0.000977
0.000977
0.000977
0.000977
0.000977
0.000977
0.000977
0.000977
0.000977
0.000977
0.000977
0.000977
0.000977
0.000977
0.000977
0.000977
0.000977
0.000977
0.000977
0.000977
0.000977
0.000977
0.000977
0.000977
0.000977
0.000977
0.000977
0.000977
0.000977
0.000977
0.000977
0.000977
0.000977
0.000977
0.000977
0.000977
0.000977
0.000977
0.000977
0.000977
0.000977
0.000977
0.000977
0.000977
0.000977
0.000977
0.000977
0.000977
0.000977
0.000977
0.000977
0.000977
0.000977
0.000977
0.000977
0.000977
0.000977
0.000977
0.000977
0.000977
0.000977
0.000977
0.000977
0.000977
0.000977
0.000977
0.000977
0.000977
0.000977
0.000977
0.000977
0.000977
0.000977
0.000977
0.000977
0.000977
0.000977
0.000977
0.000977
0.000977
0.000977
0.000977
0.000977
0.000977
0.000977
0.000977
0.000977
0.000977
0.000977
0.000977
0.000977
0.000977
0.000977
0.000977
0.000977
0.000977
0.000977
0.000977
0.000977
0.000977
0.000977
0.000977
0.000977
0.000977
0.000977
0.000977
0.000977
0.000977
0.000977
0.000977
0.000977
0.000977
0.000977
0.000977
0.000977
0.000977
0.000977
0.000977
0.000977
0.000977
0.000977
0.000977
0.000977
0.000977
0.000977
0.000977
0.000977
0.000977
0.000977
0.000977
0.000977
0.000977
0.000977
0.000977
0.000977
0.000977
0.000977
0.000977
0.000977
0.000977
0.000977
0.000977
0.000977
0.000977
0.000977
0.000977
0.000977
0.000977
0.000977
0.000977
0.000977
0.000977
0.000977
0.000977
0.000977
0.000977
0.000977
0.000977
0.000977
0.000977
0.000977
0.000977
0.000977
0.000977
0.000977
0.000977
0.000977
0.000977
0.000977
0.000977
0.000977
0.000977
0.000977
0.000977
0.000977
0.000977
0.000977
0.000977
0.000977
0.000977
0.000977
0.000977
0.000977
0.000977
0.000977
0.000977
0.000992
0.000992
0.000992
0.000998
0.000999
0.000999
0.001007
0.001007
0.001007
0.001007
0.001007
0.001007
0.001007
0.001015
0.001022
0.001022
0.001022
0.001022
0.001022
0.001022
0.001022
0.001022
0.001022
0.001022
0.001026
0.001030
0.001030
0.001034
0.001034
0.001038
0.001038
0.001038
0.001038
0.001038
0.001038
0.001038
0.001038
0.001038
0.001038
0.001038
0.001038
0.001038
0.001038
0.001038
0.001038
0.001038
0.001038
0.001038
0.001038
0.001038
0.001038
0.001038
0.001038
0.001038
0.001038
0.001038
0.001038
0.001038
0.001038
0.001038
0.001038
0.001038
0.001038
0.001038
0.001038
0.001038
0.001038
0.001038
0.001038
0.001038
0.001038
0.001038
0.001038
0.001038
0.001038
0.001038
0.001038
0.001038
0.001038
0.001038
0.001038
0.001038
0.001038
0.001038
0.001038
0.001038
0.001038
0.001038
0.001038
0.001038
0.001038
0.001038
0.001038
0.001038
0.001038
0.001038
0.001038
0.001038
0.001038
0.001038
0.001038
0.001038
0.001038
0.001038
0.001038
0.001038
0.001053
0.001053
0.001053
0.001053
0.001060
0.001068
0.001068
0.001068
0.001068
0.001068
0.001068
0.001068
0.001068
0.001068
0.001068
0.001068
0.001068
0.001068
0.001068
0.001068
0.001068
0.001068
0.001068
0.001068
0.001068
0.001068
0.001068
0.001068
0.001068
0.001068
0.001068
0.001068
0.001076
0.001083
0.001083
0.001083
0.001083
0.001091
0.001099
0.001099
0.001099
0.001099
0.001099
0.001099
0.001099
0.001099
0.001099
0.001099
0.001099
0.001099
0.001099
0.001099
0.001099
0.001099
0.001099
0.001099
0.001099
0.001099
0.001099
0.001099
0.001099
0.001099
0.001099
0.001099
0.001099
0.001099
0.001099
0.001099
0.001099
0.001099
0.001099
0.001099
0.001099
0.001099
0.001099
0.001099
0.001099
0.001099
0.001099
0.001099
0.001099
0.001099
0.001099
0.001099
0.001099
0.001099
0.001099
0.001099
0.001099
0.001099
0.001099
0.001099
0.001099
0.001099
0.001099
0.001099
0.001099
0.001099
0.001099
0.001099
0.001099
0.001099
0.001099
0.001099
0.001099
0.001099
0.001099
0.001099
0.001099
0.001099
0.001099
0.001099
0.001099
0.001099
0.001099
0.001099
0.001099
0.001099
0.001099
0.001099
0.001099
0.001099
0.001099
0.001099
0.001099
0.001099
0.001099
0.001099
0.001099
0.001099
0.001099
0.001099
0.001099
0.001099
0.001099
0.001099
0.001099
0.001099
0.001099
0.001099
0.001099
0.001099
0.001099
0.001099
0.001099
0.001099
0.001099
0.001099
0.001099
0.001099
0.001099
0.001099
0.001099
0.001099
0.001099
0.001099
0.001099
0.001099
0.001099
0.001099
0.001099
0.001099
0.001099
0.001099
0.001099
0.001099
0.001099
0.001099
0.001099
0.001099
0.001099
0.001099
0.001099
0.001099
0.001099
0.001099
0.001099
0.001099
0.001099
0.001099
0.001099
0.001099
0.001099
0.001099
0.001099
0.001099
0.001099
0.001099
0.001099
0.001099
0.001099
0.001099
0.001099
0.001099
0.001099
0.001099
0.001099
0.001099
0.001099
0.001099
0.001099
0.001099
0.001099
0.001099
0.001099
0.001099
0.001099
0.001099
0.001099
0.001099
0.001099
0.001099
0.001099
0.001099
0.001099
0.001099
0.001099
0.001099
0.001099
0.001099
0.001099
0.001099
0.001099
0.001099
0.001099
0.001099
0.001099
0.001099
0.001099
0.001099
0.001099
0.001099
0.001099
0.001099
0.001099
0.001099
0.001099
0.001099
0.001099
0.001099
0.001099
0.001099
0.001099
0.001099
0.001099
0.001099
0.001099
0.001099
0.001099
0.001099
0.001099
0.001099
0.001099
0.001099
0.001099
0.001099
0.001099
0.001099
0.001099
0.001099
0.001099
0.001099
0.001099
0.001099
0.001099
0.001099
0.001099
0.001099
0.001099
0.001099
0.001099
0.001099
0.001099
0.001099
0.001099
0.001099
0.001099
0.001099
0.001099
0.001099
0.001099
0.001099
0.001099
0.001099
0.001099
0.001099
0.001099
0.001099
0.001099
0.001099
0.001114
0.001129
0.001129
0.001129
0.001129
0.001129
0.001129
0.001129
0.001129
0.001129
0.001129
0.001129
0.001133
0.001135
0.001137
0.001141
0.001142
0.001144
0.001160
0.001160
0.001160
0.001160
0.001160
0.001160
0.001160
0.001160
0.001160
0.001160
0.001160
0.001160
0.001160
0.001160
0.001160
0.001160
0.001160
0.001160
0.001160
0.001160
0.001160
0.001160
0.001160
0.001160
0.001160
0.001160
0.001160
0.001160
0.001164
0.001167
0.001175
0.001175
0.001175
0.001175
0.001175
0.001175
0.001183
0.001190
0.001190
0.001190
0.001190
0.001190
0.001190
0.001190
0.001190
0.001190
0.001198
0.001205
0.001205
0.001205
0.001205
0.001205
0.001217
0.001221
0.001221
0.001221
0.001221
0.001221
0.001221
0.001221
0.001221
0.001221
0.001221
0.001221
0.001221
0.001221
0.001221
0.001221
0.001221
0.001221
0.001221
0.001221
0.001221
0.001221
0.001221
0.001221
0.001221
0.001221
0.001221
0.001221
0.001221
0.001221
0.001221
0.001221
0.001221
0.001221
0.001221
0.001221
0.001221
0.001221
0.001221
0.001221
0.001221
0.001221
0.001221
0.001221
0.001221
0.001221
0.001221
0.001221
0.001221
0.001221
0.001221
0.001221
0.001221
0.001221
0.001221
0.001221
0.001221
0.001221
0.001221
0.001221
0.001221
0.001221
0.001221
0.001221
0.001221
0.001221
0.001221
0.001221
0.001221
0.001221
0.001221
0.001221
0.001221
0.001221
0.001221
0.001221
0.001221
0.001221
0.001221
0.001221
0.001221
0.001221
0.001221
0.001221
0.001221
0.001221
0.001221
0.001221
0.001221
0.001221
0.001221
0.001221
0.001221
0.001221
0.001221
0.001221
0.001221
0.001221
0.001221
0.001221
0.001221
0.001221
0.001221
0.001221
0.001221
0.001221
0.001221
0.001221
0.001221
0.001221
0.001221
0.001221
0.001221
0.001221
0.001221
0.001221
0.001221
0.001221
0.001221
0.001221
0.001221
0.001221
0.001221
0.001221
0.001221
0.001221
0.001221
0.001221
0.001221
0.001221
0.001221
0.001221
0.001221
0.001221
0.001221
0.001221
0.001221
0.001221
0.001221
0.001221
0.001221
0.001221
0.001221
0.001221
0.001221
0.001221
0.001221
0.001221
0.001221
0.001221
0.001221
0.001221
0.001221
0.001221
0.001221
0.001221
0.001221
0.001221
0.001221
0.001221
0.001221
0.001221
0.001221
0.001221
0.001221
0.001221
0.001221
0.001221
0.001221
0.001221
0.001221
0.001221
0.001221
0.001221
0.001221
0.001221
0.001221
0.001221
0.001221
0.001221
0.001221
0.001221
0.001221
0.001221
0.001221
0.001221
0.001221
0.001221
0.001221
0.001221
0.001221
0.001221
0.001221
0.001221
0.001221
0.001221
0.001221
0.001221
0.001221
0.001221
0.001221
0.001221
0.001221
0.001221
0.001221
0.001221
0.001221
0.001221
0.001221
0.001221
0.001221
0.001221
0.001221
0.001221
0.001221
0.001221
0.001221
0.001221
0.001221
0.001221
0.001221
0.001221
0.001221
0.001221
0.001221
0.001221
0.001221
0.001221
0.001221
0.001221
0.001221
0.001221
0.001221
0.001221
0.001221
0.001221
0.001221
0.001221
0.001221
0.001221
0.001221
0.001221
0.001221
0.001221
0.001221
0.001221
0.001221
0.001221
0.001221
0.001221
0.001221
0.001221
0.001221
0.001221
0.001221
0.001221
0.001221
0.001221
0.001221
0.001221
0.001221
0.001221
0.001221
0.001221
0.001221
0.001221
0.001221
0.001221
0.001221
0.001221
0.001221
0.001221
0.001221
0.001221
0.001221
0.001221
0.001221
0.001221
0.001221
0.001221
0.001221
0.001221
0.001221
0.001221
0.001221
0.001221
0.001221
0.001221
0.001221
0.001221
0.001221
0.001221
0.001221
0.001221
0.001221
0.001221
0.001221
0.001221
0.001221
0.001221
0.001221
0.001221
0.001221
0.001221
0.001221
0.001221
0.001221
0.001221
0.001221
0.001221
0.001221
0.001221
0.001221
0.001221
0.001221
0.001221
0.001221
0.001221
0.001221
0.001221
0.001221
0.001221
0.001221
0.001221
0.001221
0.001221
0.001221
0.001221
0.001221
0.001221
0.001221
0.001221
0.001221
0.001221
0.001221
0.001221
0.001221
0.001221
0.001221
0.001221
0.001221
0.001221
0.001221
0.001221
0.001221
0.001221
0.001221
0.001221
0.001221
0.001221
0.001221
0.001221
0.001221
0.001221
0.001221
0.001221
0.001221
0.001221
0.001221
0.001221
0.001221
0.001221
0.001221
0.001221
0.001221
0.001221
0.001221
0.001221
0.001221
0.001221
0.001221
0.001221
0.001221
0.001221
0.001221
0.001221
0.001221
0.001221
0.001221
0.001221
0.001221
0.001221
0.001221
0.001221
0.001221
0.001221
0.001221
0.001221
0.001221
0.001221
0.001221
0.001221
0.001221
0.001221
0.001221
0.001221
0.001221
0.001221
0.001221
0.001221
0.001221
0.001221
0.001221
0.001221
0.001221
0.001221
0.001221
0.001221
0.001221
0.001221
0.001221
0.001221
0.001221
0.001221
0.001221
0.001221
0.001221
0.001221
0.001221
0.001221
0.001221
0.001221
0.001221
0.001221
0.001221
0.001221
0.001221
0.001221
0.001221
0.001221
0.001221
0.001221
0.001221
0.001221
0.001221
0.001221
0.001221
0.001221
0.001221
0.001221
0.001221
0.001221
0.001221
0.001221
0.001221
0.001221
0.001221
0.001221
0.001221
0.001221
0.001221
0.001221
0.001221
0.001221
0.001221
0.001221
0.001221
0.001221
0.001221
0.001221
0.001221
0.001221
0.001221
0.001221
0.001221
0.001221
0.001221
0.001221
0.001221
0.001221
0.001221
0.001221
0.001221
0.001221
0.001221
0.001221
0.001221
0.001221
0.001221
0.001221
0.001221
0.001221
0.001221
0.001221
0.001221
0.001221
0.001221
0.001221
0.001221
0.001221
0.001221
0.001221
0.001221
0.001221
0.001221
0.001221
0.001221
0.001221
0.001221
0.001221
0.001221
0.001221
0.001221
0.001221
0.001221
0.001221
0.001221
0.001221
0.001221
0.001221
0.001221
0.001221
0.001221
0.001221
0.001221
0.001221
0.001221
0.001221
0.001221
0.001221
0.001221
0.001221
0.001221
0.001221
0.001221
0.001221
0.001221
0.001221
0.001221
0.001221
0.001221
0.001221
0.001221
0.001221
0.001221
0.001221
0.001221
0.001221
0.001221
0.001221
0.001221
0.001221
0.001221
0.001221
0.001221
0.001221
0.001221
0.001221
0.001221
0.001221
0.001221
0.001221
0.001221
0.001221
0.001221
0.001221
0.001221
0.001221
0.001221
0.001221
0.001221
0.001221
0.001221
0.001221
0.001221
0.001221
0.001221
0.001221
0.001221
0.001221
0.001221
0.001221
0.001221
0.001221
0.001221
0.001221
0.001221
0.001221
0.001221
0.001221
0.001221
0.001221
0.001221
0.001221
0.001221
0.001221
0.001221
0.001221
0.001221
0.001221
0.001221
0.001221
0.001221
0.001221
0.001221
0.001221
0.001221
0.001221
0.001221
0.001221
0.001221
0.001221
0.001221
0.001221
0.001221
0.001221
0.001221
0.001221
0.001221
0.001221
0.001221
0.001221
0.001221
0.001221
0.001221
0.001221
0.001221
0.001221
0.001221
0.001221
0.001221
0.001221
0.001221
0.001221
0.001221
0.001221
0.001221
0.001221
0.001221
0.001221
0.001221
0.001221
0.001221
0.001221
0.001221
0.001221
0.001221
0.001221
0.001221
0.001221
0.001221
0.001221
0.001221
0.001221
0.001221
0.001221
0.001221
0.001221
0.001221
0.001221
0.001221
0.001221
0.001221
0.001221
0.001221
0.001221
0.001221
0.001221
0.001221
0.001221
0.001221
0.001221
0.001221
0.001221
0.001221
0.001221
0.001221
0.001221
0.001221
0.001221
0.001221
0.001221
0.001221
0.001221
0.001221
0.001221
0.001221
0.001221
0.001221
0.001221
0.001221
0.001221
0.001221
0.001221
0.001221
0.001221
0.001221
0.001221
0.001221
0.001221
0.001221
0.001221
0.001221
0.001221
0.001221
0.001221
0.001221
0.001221
0.001221
0.001221
0.001221
0.001221
0.001221
0.001221
0.001221
0.001221
0.001221
0.001221
0.001221
0.001221
0.001221
0.001221
0.001221
0.001221
0.001221
0.001221
0.001221
0.001221
0.001221
0.001221
0.001221
0.001221
0.001221
0.001221
0.001221
0.001221
0.001221
0.001221
0.001221
0.001221
0.001221
0.001221
0.001221
0.001221
0.001221
0.001221
0.001221
0.001221
0.001221
0.001221
0.001221
0.001221
0.001221
0.001221
0.001221
0.001221
0.001221
0.001221
0.001221
0.001221
0.001221
0.001221
0.001221
0.001221
0.001221
0.001221
0.001221
0.001221
0.001221
0.001228
0.001236
0.001236
0.001236
0.001242
0.001251
0.001251
0.001251
0.001251
0.001251
0.001251
0.001251
0.001251
0.001251
0.001251
0.001251
0.001251
0.001251
0.001251
0.001251
0.001251
0.001266
0.001266
0.001282
0.001282
0.001282
0.001282
0.001282
0.001282
0.001282
0.001282
0.001282
0.001282
0.001282
0.001282
0.001282
0.001282
0.001282
0.001282
0.001282
0.001282
0.001282
0.001282
0.001282
0.001282
0.001282
0.001282
0.001282
0.001282
0.001282
0.001282
0.001282
0.001282
0.001282
0.001282
0.001282
0.001282
0.001286
0.001286
0.001287
0.001291
0.001297
0.001305
0.001310
0.001312
0.001312
0.001312
0.001312
0.001313
0.001316
0.001320
0.001320
0.001322
0.001324
0.001325
0.001328
0.001328
0.001328
0.001335
0.001343
0.001343
0.001343
0.001343
0.001343
0.001343
0.001343
0.001343
0.001343
0.001343
0.001343
0.001343
0.001343
0.001343
0.001343
0.001343
0.001343
0.001343
0.001343
0.001343
0.001343
0.001343
0.001343
0.001343
0.001343
0.001343
0.001343
0.001343
0.001343
0.001343
0.001343
0.001343
0.001343
0.001343
0.001343
0.001343
0.001343
0.001343
0.001343
0.001343
0.001343
0.001343
0.001343
0.001343
0.001343
0.001343
0.001343
0.001343
0.001343
0.001343
0.001343
0.001343
0.001343
0.001343
0.001343
0.001343
0.001343
0.001343
0.001343
0.001343
0.001343
0.001343
0.001343
0.001343
0.001343
0.001343
0.001343
0.001343
0.001343
0.001343
0.001343
0.001343
0.001343
0.001343
0.001343
0.001343
0.001343
0.001343
0.001343
0.001343
0.001343
0.001343
0.001343
0.001343
0.001343
0.001343
0.001343
0.001343
0.001343
0.001343
0.001343
0.001343
0.001343
0.001343
0.001343
0.001343
0.001343
0.001343
0.001343
0.001343
0.001343
0.001343
0.001343
0.001343
0.001343
0.001343
0.001343
0.001343
0.001343
0.001343
0.001343
0.001343
0.001343
0.001343
0.001343
0.001343
0.001343
0.001343
0.001343
0.001343
0.001343
0.001343
0.001343
0.001343
0.001343
0.001343
0.001343
0.001343
0.001343
0.001343
0.001343
0.001343
0.001343
0.001343
0.001343
0.001343
0.001343
0.001343
0.001343
0.001343
0.001343
0.001343
0.001343
0.001343
0.001343
0.001343
0.001343
0.001343
0.001343
0.001343
0.001343
0.001343
0.001343
0.001343
0.001343
0.001343
0.001343
0.001343
0.001343
0.001343
0.001343
0.001343
0.001343
0.001343
0.001343
0.001343
0.001343
0.001343
0.001343
0.001343
0.001343
0.001343
0.001343
0.001343
0.001343
0.001343
0.001343
0.001343
0.001343
0.001343
0.001343
0.001358
0.001358
0.001358
0.001358
0.001373
0.001373
0.001373
0.001373
0.001373
0.001373
0.001373
0.001373
0.001373
0.001373
0.001373
0.001373
0.001373
0.001373
0.001373
0.001373
0.001373
0.001373
0.001389
0.001404
0.001404
0.001404
0.001404
0.001404
0.001404
0.001404
0.001404
0.001404
0.001404
0.001404
0.001404
0.001404
0.001404
0.001404
0.001404
0.001404
0.001404
0.001404
0.001404
0.001404
0.001404
0.001404
0.001404
0.001404
0.001404
0.001404
0.001404
0.001404
0.001404
0.001404
0.001404
0.001404
0.001404
0.001404
0.001404
0.001404
0.001404
0.001404
0.001404
0.001404
0.001404
0.001404
0.001404
0.001404
0.001404
0.001404
0.001404
0.001404
0.001404
0.001404
0.001404
0.001411
0.001419
0.001434
0.001434
0.001434
0.001434
0.001441
0.001450
0.001457
0.001465
0.001465
0.001465
0.001465
0.001465
0.001465
0.001465
0.001465
0.001465
0.001465
0.001465
0.001465
0.001465
0.001465
0.001465
0.001465
0.001465
0.001465
0.001465
0.001465
0.001465
0.001465
0.001465
0.001465
0.001465
0.001465
0.001465
0.001465
0.001465
0.001465
0.001465
0.001465
0.001465
0.001465
0.001465
0.001465
0.001465
0.001465
0.001465
0.001465
0.001465
0.001465
0.001465
0.001465
0.001465
0.001465
0.001465
0.001465
0.001465
0.001465
0.001465
0.001465
0.001465
0.001465
0.001465
0.001465
0.001465
0.001465
0.001465
0.001465
0.001465
0.001465
0.001465
0.001465
0.001465
0.001465
0.001465
0.001465
0.001465
0.001465
0.001465
0.001465
0.001465
0.001465
0.001465
0.001465
0.001465
0.001465
0.001465
0.001465
0.001465
0.001465
0.001465
0.001465
0.001465
0.001465
0.001465
0.001465
0.001465
0.001465
0.001465
0.001465
0.001465
0.001465
0.001465
0.001465
0.001465
0.001465
0.001465
0.001465
0.001465
0.001465
0.001465
0.001465
0.001465
0.001465
0.001465
0.001465
0.001465
0.001465
0.001465
0.001465
0.001465
0.001465
0.001465
0.001465
0.001465
0.001465
0.001465
0.001465
0.001465
0.001465
0.001465
0.001465
0.001465
0.001465
0.001465
0.001465
0.001465
0.001465
0.001465
0.001465
0.001465
0.001465
0.001465
0.001465
0.001465
0.001465
0.001465
0.001465
0.001465
0.001465
0.001465
0.001465
0.001465
0.001465
0.001465
0.001465
0.001465
0.001465
0.001465
0.001465
0.001465
0.001465
0.001465
0.001465
0.001465
0.001465
0.001465
0.001465
0.001465
0.001465
0.001465
0.001465
0.001465
0.001465
0.001465
0.001465
0.001465
0.001465
0.001465
0.001465
0.001465
0.001465
0.001465
0.001465
0.001465
0.001465
0.001465
0.001465
0.001465
0.001465
0.001465
0.001465
0.001465
0.001465
0.001465
0.001465
0.001465
0.001465
0.001465
0.001465
0.001465
0.001465
0.001465
0.001465
0.001465
0.001465
0.001465
0.001465
0.001465
0.001465
0.001465
0.001465
0.001465
0.001465
0.001465
0.001465
0.001465
0.001465
0.001465
0.001465
0.001465
0.001465
0.001465
0.001465
0.001465
0.001465
0.001465
0.001465
0.001465
0.001465
0.001465
0.001465
0.001465
0.001465
0.001465
0.001465
0.001465
0.001465
0.001465
0.001465
0.001465
0.001465
0.001465
0.001465
0.001465
0.001465
0.001465
0.001465
0.001465
0.001465
0.001465
0.001465
0.001465
0.001465
0.001465
0.001465
0.001465
0.001465
0.001465
0.001465
0.001465
0.001465
0.001465
0.001465
0.001465
0.001465
0.001465
0.001465
0.001465
0.001465
0.001465
0.001465
0.001465
0.001465
0.001465
0.001465
0.001465
0.001465
0.001465
0.001465
0.001465
0.001465
0.001465
0.001465
0.001465
0.001465
0.001465
0.001465
0.001465
0.001465
0.001465
0.001465
0.001465
0.001465
0.001465
0.001465
0.001465
0.001465
0.001465
0.001465
0.001465
0.001465
0.001465
0.001465
0.001465
0.001465
0.001465
0.001465
0.001465
0.001465
0.001465
0.001465
0.001465
0.001465
0.001465
0.001465
0.001465
0.001465
0.001465
0.001465
0.001465
0.001465
0.001465
0.001465
0.001465
0.001465
0.001465
0.001465
0.001465
0.001465
0.001465
0.001465
0.001465
0.001465
0.001465
0.001465
0.001465
0.001465
0.001465
0.001465
0.001465
0.001465
0.001465
0.001465
0.001465
0.001465
0.001465
0.001465
0.001465
0.001465
0.001465
0.001465
0.001465
0.001465
0.001465
0.001465
0.001465
0.001465
0.001465
0.001465
0.001465
0.001465
0.001465
0.001465
0.001465
0.001465
0.001465
0.001465
0.001465
0.001465
0.001465
0.001465
0.001465
0.001465
0.001465
0.001465
0.001465
0.001465
0.001465
0.001465
0.001465
0.001465
0.001465
0.001465
0.001465
0.001465
0.001465
0.001465
0.001465
0.001465
0.001465
0.001465
0.001465
0.001465
0.001465
0.001465
0.001465
0.001465
0.001465
0.001465
0.001465
0.001465
0.001465
0.001465
0.001465
0.001465
0.001465
0.001465
0.001465
0.001465
0.001465
0.001465
0.001465
0.001465
0.001465
0.001465
0.001465
0.001480
0.001480
0.001480
0.001488
0.001488
0.001493
0.001495
0.001495
0.001495
0.001495
0.001495
0.001495
0.001495
0.001495
0.001511
0.001511
0.001511
0.001526
0.001526
0.001526
0.001526
0.001526
0.001526
0.001526
0.001526
0.001526
0.001526
0.001526
0.001526
0.001526
0.001526
0.001526
0.001526
0.001526
0.001526
0.001526
0.001526
0.001526
0.001526
0.001526
0.001526
0.001526
0.001526
0.001526
0.001526
0.001526
0.001526
0.001526
0.001526
0.001526
0.001556
0.001556
0.001556
0.001556
0.001556
0.001556
0.001556
0.001556
0.001556
0.001556
0.001587
0.001587
0.001587
0.001587
0.001587
0.001587
0.001587
0.001587
0.001587
0.001587
0.001587
0.001587
0.001587
0.001587
0.001587
0.001587
0.001587
0.001587
0.001587
0.001587
0.001587
0.001587
0.001587
0.001587
0.001587
0.001587
0.001587
0.001587
0.001587
0.001587
0.001587
0.001587
0.001587
0.001587
0.001587
0.001587
0.001587
0.001587
0.001587
0.001587
0.001587
0.001587
0.001587
0.001587
0.001587
0.001587
0.001587
0.001587
0.001587
0.001587
0.001587
0.001587
0.001587
0.001587
0.001587
0.001587
0.001587
0.001587
0.001587
0.001587
0.001587
0.001587
0.001587
0.001587
0.001587
0.001587
0.001587
0.001587
0.001587
0.001587
0.001587
0.001587
0.001587
0.001587
0.001587
0.001587
0.001587
0.001587
0.001587
0.001587
0.001587
0.001587
0.001587
0.001587
0.001587
0.001587
0.001587
0.001587
0.001587
0.001587
0.001587
0.001587
0.001587
0.001587
0.001587
0.001587
0.001587
0.001587
0.001587
0.001587
0.001587
0.001587
0.001587
0.001587
0.001587
0.001587
0.001587
0.001587
0.001587
0.001587
0.001587
0.001587
0.001587
0.001587
0.001591
0.001610
0.001610
0.001617
0.001617
0.001629
0.001633
0.001633
0.001639
0.001644
0.001648
0.001648
0.001648
0.001648
0.001648
0.001648
0.001648
0.001648
0.001648
0.001648
0.001648
0.001648
0.001648
0.001648
0.001648
0.001648
0.001648
0.001648
0.001648
0.001648
0.001663
0.001663
0.001663
0.001667
0.001678
0.001678
0.001678
0.001678
0.001678
0.001678
0.001678
0.001686
0.001694
0.001709
0.001709
0.001709
0.001709
0.001709
0.001709
0.001709
0.001709
0.001709
0.001709
0.001709
0.001709
0.001709
0.001709
0.001709
0.001709
0.001709
0.001709
0.001709
0.001709
0.001709
0.001709
0.001709
0.001709
0.001709
0.001709
0.001709
0.001709
0.001709
0.001709
0.001709
0.001709
0.001709
0.001709
0.001709
0.001709
0.001709
0.001709
0.001709
0.001709
0.001709
0.001709
0.001709
0.001709
0.001709
0.001709
0.001709
0.001709
0.001709
0.001709
0.001709
0.001709
0.001709
0.001709
0.001709
0.001709
0.001709
0.001709
0.001709
0.001709
0.001709
0.001709
0.001709
0.001709
0.001709
0.001709
0.001709
0.001709
0.001709
0.001709
0.001709
0.001709
0.001709
0.001709
0.001709
0.001709
0.001709
0.001709
0.001709
0.001709
0.001709
0.001709
0.001709
0.001709
0.001709
0.001709
0.001709
0.001709
0.001709
0.001709
0.001709
0.001709
0.001709
0.001709
0.001709
0.001709
0.001709
0.001709
0.001709
0.001709
0.001709
0.001709
0.001709
0.001709
0.001709
0.001709
0.001709
0.001709
0.001709
0.001709
0.001709
0.001709
0.001709
0.001709
0.001709
0.001709
0.001709
0.001709
0.001709
0.001709
0.001709
0.001709
0.001709
0.001709
0.001709
0.001709
0.001709
0.001709
0.001709
0.001709
0.001709
0.001709
0.001709
0.001709
0.001709
0.001709
0.001709
0.001709
0.001709
0.001709
0.001709
0.001709
0.001709
0.001709
0.001709
0.001709
0.001709
0.001709
0.001709
0.001709
0.001709
0.001709
0.001709
0.001709
0.001709
0.001709
0.001709
0.001709
0.001709
0.001709
0.001709
0.001709
0.001709
0.001709
0.001709
0.001709
0.001709
0.001709
0.001709
0.001709
0.001709
0.001709
0.001709
0.001709
0.001709
0.001709
0.001709
0.001709
0.001709
0.001709
0.001709
0.001709
0.001709
0.001709
0.001709
0.001709
0.001709
0.001709
0.001709
0.001709
0.001709
0.001709
0.001709
0.001709
0.001709
0.001709
0.001709
0.001709
0.001709
0.001709
0.001709
0.001709
0.001709
0.001709
0.001709
0.001709
0.001709
0.001709
0.001709
0.001709
0.001709
0.001709
0.001709
0.001709
0.001709
0.001709
0.001709
0.001709
0.001709
0.001709
0.001709
0.001709
0.001709
0.001709
0.001709
0.001709
0.001709
0.001709
0.001709
0.001709
0.001709
0.001709
0.001709
0.001709
0.001709
0.001709
0.001709
0.001709
0.001709
0.001709
0.001709
0.001709
0.001709
0.001709
0.001709
0.001709
0.001709
0.001709
0.001709
0.001709
0.001709
0.001709
0.001709
0.001709
0.001709
0.001709
0.001709
0.001709
0.001709
0.001709
0.001717
0.001740
0.001740
0.001740
0.001770
0.001770
0.001770
0.001770
0.001770
0.001770
0.001770
0.001770
0.001770
0.001770
0.001770
0.001770
0.001778
0.001785
0.001785
0.001785
0.001789
0.001801
0.001801
0.001808
0.001808
0.001811
0.001816
0.001829
0.001831
0.001831
0.001831
0.001831
0.001831
0.001831
0.001831
0.001831
0.001831
0.001831
0.001831
0.001831
0.001831
0.001831
0.001831
0.001831
0.001831
0.001831
0.001831
0.001831
0.001831
0.001831
0.001831
0.001831
0.001831
0.001831
0.001831
0.001831
0.001831
0.001831
0.001831
0.001831
0.001831
0.001831
0.001831
0.001831
0.001831
0.001831
0.001831
0.001831
0.001831
0.001831
0.001831
0.001831
0.001831
0.001831
0.001831
0.001831
0.001831
0.001831
0.001831
0.001831
0.001831
0.001831
0.001831
0.001839
0.001846
0.001852
0.001862
0.001862
0.001862
0.001892
0.001892
0.001892
0.001892
0.001907
0.001923
0.001923
0.001930
0.001953
0.001953
0.001953
0.001953
0.001953
0.001953
0.001953
0.001953
0.001953
0.001953
0.001953
0.001953
0.001953
0.001953
0.001953
0.001953
0.001953
0.001953
0.001953
0.001953
0.001953
0.001953
0.001953
0.001953
0.001953
0.001953
0.001953
0.001953
0.001953
0.001953
0.001953
0.001953
0.001953
0.001953
0.001953
0.001953
0.001953
0.001953
0.001953
0.001953
0.001953
0.001953
0.001953
0.001953
0.001953
0.001953
0.001953
0.001953
0.001953
0.001953
0.001953
0.001953
0.001953
0.001953
0.001953
0.001953
0.001953
0.001953
0.001953
0.001953
0.001953
0.001953
0.001953
0.001953
0.001953
0.001953
0.001953
0.001953
0.001953
0.001953
0.001953
0.001953
0.001953
0.001953
0.001953
0.001953
0.001953
0.001953
0.001953
0.001953
0.001953
0.001953
0.001953
0.001953
0.001953
0.001953
0.001953
0.001953
0.001953
0.001953
0.001953
0.001953
0.001953
0.001953
0.001953
0.001953
0.001953
0.001953
0.001953
0.001953
0.001953
0.001953
0.001953
0.001953
0.001953
0.001953
0.001953
0.001953
0.001953
0.001984
0.001984
0.002014
0.002014
0.002014
0.002014
0.002014
0.002014
0.002014
0.002060
0.002075
0.002075
0.002075
0.002075
0.002075
0.002075
0.002075
0.002075
0.002075
0.002075
0.002075
0.002075
0.002075
0.002075
0.002075
0.002075
0.002075
0.002075
0.002075
0.002075
0.002075
0.002075
0.002075
0.002075
0.002075
0.002075
0.002075
0.002075
0.002075
0.002075
0.002075
0.002077
0.002090
0.002104
0.002106
0.002121
0.002136
0.002136
0.002136
0.002136
0.002159
0.002167
0.002167
0.002197
0.002197
0.002197
0.002197
0.002197
0.002197
0.002197
0.002197
0.002197
0.002197
0.002197
0.002197
0.002197
0.002197
0.002197
0.002197
0.002197
0.002197
0.002197
0.002197
0.002197
0.002197
0.002197
0.002197
0.002197
0.002197
0.002197
0.002197
0.002197
0.002197
0.002197
0.002197
0.002197
0.002197
0.002197
0.002197
0.002197
0.002197
0.002197
0.002197
0.002197
0.002197
0.002197
0.002197
0.002197
0.002197
0.002197
0.002197
0.002197
0.002197
0.002197
0.002197
0.002197
0.002197
0.002197
0.002197
0.002197
0.002197
0.002197
0.002197
0.002197
0.002197
0.002197
0.002197
0.002197
0.002197
0.002197
0.002197
0.002197
0.002197
0.002197
0.002197
0.002197
0.002197
0.002197
0.002197
0.002197
0.002197
0.002197
0.002197
0.002197
0.002213
0.002251
0.002258
0.002258
0.002258
0.002258
0.002258
0.002258
0.002258
0.002258
0.002258
0.002266
0.002274
0.002289
0.002289
0.002319
0.002319
0.002319
0.002319
0.002319
0.002319
0.002319
0.002319
0.002319
0.002319
0.002365
0.002380
0.002380
0.002380
0.002396
0.002411
0.002411
0.002426
0.002441
0.002441
0.002441
0.002441
0.002441
0.002441
0.002441
0.002441
0.002441
0.002441
0.002441
0.002441
0.002441
0.002441
0.002441
0.002441
0.002441
0.002441
0.002441
0.002441
0.002441
0.002441
0.002441
0.002441
0.002441
0.002441
0.002441
0.002441
0.002441
0.002441
0.002441
0.002441
0.002441
0.002441
0.002441
0.002441
0.002441
0.002441
0.002441
0.002441
0.002441
0.002441
0.002441
0.002441
0.002441
0.002441
0.002441
0.002441
0.002441
0.002441
0.002441
0.002472
0.002502
0.002518
0.002525
0.002533
0.002533
0.002563
0.002563
0.002563
0.002563
0.002563
0.002563
0.002563
0.002563
0.002590
0.002594
0.002598
0.002609
0.002625
0.002686
0.002686
0.002686
0.002686
0.002686
0.002686
0.002686
0.002686
0.002686
0.002686
0.002686
0.002686
0.002686
0.002686
0.002686
0.002686
0.002686
0.002686
0.002686
0.002686
0.002686
0.002686
0.002686
0.002686
0.002686
0.002686
0.002686
0.002686
0.002686
0.002686
0.002686
0.002686
0.002686
0.002686
0.002686
0.002686
0.002686
0.002686
0.002686
0.002686
0.002716
0.002716
0.002716
0.002731
0.002747
0.002747
0.002747
0.002747
0.002747
0.002747
0.002808
0.002808
0.002808
0.002808
0.002808
0.002808
0.002808
0.002808
0.002808
0.002808
0.002808
0.002838
0.002869
0.002869
0.002899
0.002930
0.002930
0.002930
0.002930
0.002930
0.002930
0.002930
0.002930
0.002930
0.002930
0.002930
0.002930
0.002930
0.002930
0.002930
0.002930
0.002930
0.002930
0.002930
0.002930
0.002930
0.002930
0.002930
0.002930
0.002930
0.002930
0.002930
0.002930
0.002930
0.002930
0.002930
0.002930
0.002930
0.002930
0.002930
0.002930
0.002930
0.002930
0.002930
0.002930
0.002930
0.002930
0.002930
0.002930
0.002930
0.002930
0.002930
0.002930
0.002960
0.002991
0.003021
0.003036
0.003052
0.003052
0.003052
0.003052
0.003052
0.003052
0.003052
0.003052
0.003052
0.003052
0.003052
0.003052
0.003052
0.003052
0.003052
0.003082
0.003174
0.003174
0.003174
0.003174
0.003174
0.003174
0.003174
0.003174
0.003174
0.003174
0.003174
0.003174
0.003174
0.003174
0.003174
0.003174
0.003174
0.003174
0.003174
0.003174
0.003174
0.003174
0.003174
0.003174
0.003174
0.003174
0.003174
0.003174
0.003174
0.003174
0.003174
0.003174
0.003174
0.003174
0.003174
0.003189
0.003265
0.003296
0.003296
0.003296
0.003296
0.003296
0.003296
0.003296
0.003296
0.003296
0.003326
0.003357
0.003387
0.003387
0.003418
0.003418
0.003418
0.003418
0.003418
0.003418
0.003418
0.003418
0.003418
0.003418
0.003418
0.003418
0.003418
0.003418
0.003418
0.003418
0.003418
0.003418
0.003418
0.003418
0.003418
0.003418
0.003418
0.003418
0.003418
0.003418
0.003418
0.003418
0.003418
0.003418
0.003418
0.003418
0.003418
0.003479
0.003479
0.003540
0.003540
0.003540
0.003540
0.003540
0.003540
0.003540
0.003540
0.003540
0.003540
0.003540
0.003540
0.003540
0.003662
0.003662
0.003662
0.003662
0.003662
0.003662
0.003662
0.003662
0.003662
0.003662
0.003662
0.003662
0.003662
0.003662
0.003662
0.003662
0.003662
0.003662
0.003662
0.003662
0.003662
0.003662
0.003662
0.003662
0.003662
0.003662
0.003662
0.003693
0.003723
0.003784
0.003784
0.003784
0.003784
0.003784
0.003784
0.003784
0.003784
0.003784
0.003906
0.003906
0.003906
0.003906
0.003906
0.003906
0.003906
0.003906
0.003906
0.003906
0.003906
0.003906
0.003906
0.003906
0.003906
0.003906
0.003906
0.003906
0.003906
0.003906
0.003906
0.003906
0.003906
0.003906
0.003906
0.003944
0.003967
0.003967
0.003967
0.004025
0.004028
0.004028
0.004028
0.004028
0.004028
0.004028
0.004028
0.004028
0.004044
0.004089
0.004105
0.004120
0.004120
0.004150
0.004150
0.004150
0.004150
0.004150
0.004150
0.004150
0.004150
0.004150
0.004150
0.004150
0.004150
0.004150
0.004150
0.004150
0.004150
0.004150
0.004211
0.004272
0.004272
0.004272
0.004272
0.004272
0.004272
0.004272
0.004303
0.004333
0.004333
0.004364
0.004395
0.004395
0.004395
0.004395
0.004395
0.004395
0.004395
0.004395
0.004395
0.004395
0.004395
0.004395
0.004398
0.004417
0.004425
0.004456
0.004486
0.004486
0.004517
0.004517
0.004517
0.004517
0.004517
0.004517
0.004517
0.004517
0.004608
0.004639
0.004639
0.004639
0.004639
0.004639
0.004639
0.004639
0.004639
0.004639
0.004639
0.004639
0.004639
0.004639
0.004639
0.004639
0.004639
0.004639
0.004639
0.004639
0.004639
0.004639
0.004700
0.004761
0.004761
0.004761
0.004761
0.004822
0.004822
0.004883
0.004883
0.004883
0.004883
0.004883
0.004883
0.004883
0.004883
0.004883
0.004883
0.004883
0.004883
0.004883
0.004883
0.004883
0.004883
0.004890
0.005005
0.005005
0.005005
0.005005
0.005005
0.005005
0.005005
0.005005
0.005035
0.005035
0.005066
0.005066
0.005096
0.005127
0.005127
0.005127
0.005127
0.005127
0.005127
0.005127
0.005127
0.005127
0.005127
0.005127
0.005157
0.005249
0.005249
0.005249
0.005249
0.005249
0.005249
0.005249
0.005275
0.005310
0.005371
0.005371
0.005371
0.005371
0.005371
0.005371
0.005371
0.005371
0.005371
0.005371
0.005371
0.005371
0.005371
0.005432
0.005493
0.005493
0.005493
0.005493
0.005493
0.005493
0.005615
0.005615
0.005615
0.005615
0.005615
0.005615
0.005615
0.005615
0.005615
0.005615
0.005615
0.005634
0.005676
0.005676
0.005676
0.005737
0.005737
0.005737
0.005737
0.005737
0.005737
0.005791
0.005798
0.005798
0.005798
0.005798
0.005859
0.005859
0.005859
0.005859
0.005859
0.005859
0.005859
0.005859
0.005859
0.005859
0.005859
0.005859
0.005859
0.005859
0.005943
0.005966
0.005981
0.005981
0.005981
0.005981
0.005981
0.006012
0.006012
0.006042
0.006042
0.006042
0.006073
0.006104
0.006104
0.006104
0.006104
0.006104
0.006104
0.006104
0.006104
0.006104
0.006104
0.006104
0.006104
0.006104
0.006104
0.006104
0.006134
0.006149
0.006165
0.006165
0.006226
0.006226
0.006226
0.006226
0.006226
0.006287
0.006287
0.006348
0.006348
0.006348
0.006348
0.006348
0.006348
0.006348
0.006348
0.006348
0.006348
0.006470
0.006470
0.006470
0.006516
0.006531
0.006592
0.006592
0.006592
0.006592
0.006592
0.006592
0.006592
0.006592
0.006592
0.006592
0.006592
0.006592
0.006592
0.006592
0.006607
0.006653
0.006683
0.006714
0.006714
0.006714
0.006775
0.006836
0.006836
0.006836
0.006836
0.006836
0.006836
0.006836
0.006836
0.006836
0.006836
0.006836
0.006859
0.006866
0.006927
0.006958
0.006958
0.006958
0.006958
0.007080
0.007080
0.007080
0.007080
0.007080
0.007080
0.007080
0.007080
0.007080
0.007080
0.007080
0.007080
0.007080
0.007080
0.007080
0.007080
0.007141
0.007202
0.007202
0.007202
0.007202
0.007202
0.007202
0.007263
0.007324
0.007324
0.007324
0.007324
0.007324
0.007324
0.007324
0.007324
0.007324
0.007385
0.007385
0.007388
0.007416
0.007416
0.007446
0.007446
0.007446
0.007568
0.007568
0.007568
0.007568
0.007568
0.007568
0.007568
0.007568
0.007568
0.007568
0.007568
0.007568
0.007568
0.007629
0.007629
0.007637
0.007675
0.007679
0.007690
0.007690
0.007690
0.007706
0.007797
0.007812
0.007812
0.007812
0.007812
0.007812
0.007812
0.007812
0.007812
0.007812
0.007812
0.007843
0.007874
0.007874
0.007874
0.007935
0.007935
0.007935
0.007996
0.008057
0.008057
0.008057
0.008057
0.008057
0.008057
0.008057
0.008057
0.008057
0.008057
0.008057
0.008057
0.008057
0.008118
0.008118
0.008148
0.008179
0.008179
0.008179
0.008301
0.008301
0.008301
0.008301
0.008301
0.008301
0.008301
0.008301
0.008301
0.008301
0.008301
0.008301
0.008301
0.008301
0.008301
0.008362
0.008362
0.008362
0.008423
0.008423
0.008423
0.008423
0.008423
0.008484
0.008484
0.008545
0.008545
0.008545
0.008545
0.008545
0.008545
0.008545
0.008545
0.008545
0.008545
0.008545
0.008545
0.008545
0.008545
0.008575
0.008591
0.008606
0.008606
0.008661
0.008667
0.008667
0.008667
0.008667
0.008667
0.008667
0.008774
0.008789
0.008789
0.008789
0.008789
0.008789
0.008789
0.008789
0.008789
0.008789
0.008789
0.008789
0.008789
0.008789
0.008789
0.008789
0.008789
0.008789
0.008789
0.008789
0.008789
0.008789
0.008789
0.008789
0.008789
0.008789
0.008789
0.008789
0.008850
0.008850
0.008850
0.008911
0.008911
0.008911
0.008911
0.008911
0.008911
0.008942
0.008942
0.009033
0.009033
0.009033
0.009033
0.009033
0.009033
0.009033
0.009033
0.009033
0.009033
0.009033
0.009033
0.009033
0.009033
0.009094
0.009140
0.009155
0.009155
0.009155
0.009155
0.009155
0.009171
0.009277
0.009277
0.009277
0.009277
0.009277
0.009277
0.009277
0.009277
0.009277
0.009277
0.009277
0.009277
0.009277
0.009277
0.009277
0.009277
0.009277
0.009277
0.009277
0.009277
0.009277
0.009277
0.009277
0.009277
0.009277
0.009399
0.009399
0.009399
0.009399
0.009399
0.009399
0.009399
0.009399
0.009399
0.009460
0.009460
0.009491
0.009521
0.009521
0.009521
0.009521
0.009521
0.009521
0.009521
0.009521
0.009521
0.009521
0.009521
0.009521
0.009521
0.009521
0.009521
0.009521
0.009521
0.009521
0.009521
0.009521
0.009521
0.009521
0.009521
0.009521
0.009521
0.009521
0.009552
0.009552
0.009583
0.009644
0.009644
0.009644
0.009644
0.009644
0.009644
0.009644
0.009705
0.009766
0.009766
0.009766
0.009766
0.009766
0.009766
0.009766
0.009766
0.009766
0.009766
0.009766
0.009766
0.009766
0.009766
0.009766
0.009766
0.009766
0.009766
0.009766
0.009766
0.009766
0.009796
0.009827
0.009827
0.009827
0.009888
0.009888
0.009888
0.009888
0.009888
0.009888
0.009888
0.009888
0.009888
0.009918
0.009949
0.009949
0.009949
0.010010
0.010010
0.010010
0.010010
0.010010
0.010010
0.010010
0.010010
0.010010
0.010010
0.010010
0.010010
0.010010
0.010010
0.010010
0.010010
0.010010
0.010010
0.010010
0.010010
0.010010
0.010010
0.010010
0.010010
0.010010
0.010010
0.010071
0.010132
0.010132
0.010132
0.010132
0.010132
0.010132
0.010193
0.010193
0.010223
0.010239
0.010254
0.010254
0.010254
0.010254
0.010254
0.010254
0.010254
0.010254
0.010254
0.010254
0.010254
0.010254
0.010254
0.010254
0.010254
0.010254
0.010254
0.010254
0.010254
0.010254
0.010254
0.010254
0.010254
0.010254
0.010254
0.010254
0.010254
0.010254
0.010254
0.010254
0.010254
0.010254
0.010254
0.010254
0.010254
0.010254
0.010284
0.010315
0.010376
0.010376
0.010376
0.010376
0.010376
0.010376
0.010376
0.010376
0.010376
0.010498
0.010498
0.010498
0.010498
0.010498
0.010498
0.010498
0.010498
0.010498
0.010498
0.010498
0.010498
0.010498
0.010498
0.010498
0.010498
0.010498
0.010498
0.010498
0.010498
0.010498
0.010498
0.010498
0.010498
0.010498
0.010498
0.010498
0.010498
0.010498
0.010498
0.010498
0.010498
0.010498
0.010498
0.010538
0.010590
0.010620
0.010620
0.010620
0.010620
0.010620
0.010620
0.010620
0.010681
0.010742
0.010742
0.010742
0.010742
0.010742
0.010742
0.010742
0.010742
0.010742
0.010742
0.010742
0.010742
0.010742
0.010742
0.010742
0.010742
0.010742
0.010742
0.010742
0.010742
0.010742
0.010742
0.010742
0.010742
0.010796
0.010849
0.010849
0.010864
0.010864
0.010864
0.010864
0.010864
0.010864
0.010864
0.010864
0.010895
0.010925
0.010925
0.010956
0.010986
0.010986
0.010986
0.010986
0.010986
0.010986
0.010986
0.010986
0.010986
0.010986
0.010986
0.010986
0.010986
0.010986
0.010986
0.010986
0.010986
0.010986
0.010986
0.010986
0.010986
0.010986
0.010986
0.010986
0.010986
0.010986
0.010986
0.010986
0.011002
0.011009
0.011047
0.011047
0.011055
0.011068
0.011078
0.011108
0.011108
0.011108
0.011108
0.011108
0.011108
0.011108
0.011169
0.011169
0.011169
0.011190
0.011200
0.011230
0.011230
0.011230
0.011230
0.011230
0.011230
0.011230
0.011230
0.011230
0.011230
0.011230
0.011230
0.011230
0.011230
0.011230
0.011230
0.011230
0.011230
0.011230
0.011230
0.011230
0.011230
0.011230
0.011230
0.011230
0.011261
0.011261
0.011265
0.011292
0.011292
0.011292
0.011322
0.011353
0.011353
0.011353
0.011353
0.011353
0.011353
0.011353
0.011353
0.011353
0.011353
0.011353
0.011353
0.011353
0.011353
0.011353
0.011368
0.011383
0.011383
0.011383
0.011414
0.011414
0.011414
0.011414
0.011444
0.011475
0.011475
0.011475
0.011475
0.011475
0.011475
0.011475
0.011475
0.011475
0.011475
0.011475
0.011475
0.011475
0.011475
0.011475
0.011475
0.011475
0.011475
0.011475
0.011475
0.011475
0.011475
0.011475
0.011475
0.011475
0.011475
0.011536
0.011536
0.011543
0.011597
0.011597
0.011597
0.011597
0.011597
0.011597
0.011688
0.011719
0.011719
0.011719
0.011719
0.011719
0.011719
0.011719
0.011719
0.011719
0.011719
0.011719
0.011719
0.011719
0.011719
0.011719
0.011719
0.011719
0.011719
0.011719
0.011719
0.011719
0.011719
0.011719
0.011719
0.011719
0.011719
0.011719
0.011719
0.011749
0.011780
0.011841
0.011841
0.011841
0.011868
0.011902
0.011902
0.011902
0.011902
0.011917
0.011963
0.011963
0.011963
0.011963
0.011963
0.011963
0.011963
0.011963
0.011963
0.011963
0.011963
0.011963
0.011963
0.011963
0.011963
0.011963
0.011963
0.011963
0.011963
0.011963
0.011963
0.012024
0.012054
0.012085
0.012085
0.012085
0.012085
0.012085
0.012138
0.012146
0.012146
0.012207
0.012207
0.012207
0.012207
0.012207
0.012207
0.012207
0.012207
0.012207
0.012207
0.012207
0.012207
0.012207
0.012207
0.012268
0.012299
0.012329
0.012329
0.012329
0.012360
0.012451
0.012451
0.012451
0.012451
0.012451
0.012451
0.012451
0.012451
0.012451
0.012451
0.012451
0.012451
0.012451
0.012451
0.012451
0.012573
0.012687
0.012695
0.012695
0.012695
0.012695
0.012695
0.012695
0.012695
0.012695
0.012695
0.012695
0.012695
0.012695
0.012695
0.012695
0.012695
0.012695
0.012695
0.012726
0.012756
0.012817
0.012878
0.012909
0.012939
0.012939
0.012939
0.012939
0.012939
0.012939
0.012939
0.012939
0.012939
0.012939
0.013000
0.013008
0.013031
0.013062
0.013062
0.013092
0.013184
0.013184
0.013184
0.013184
0.013184
0.013184
0.013184
0.013184
0.013184
0.013184
0.013214
0.013306
0.013306
0.013306
0.013306
0.013306
0.013306
0.013351
0.013382
0.013428
0.013428
0.013428
0.013428
0.013428
0.013428
0.013428
0.013428
0.013550
0.013641
0.013672
0.013672
0.013672
0.013733
0.013885
0.013916
0.013916
0.013916
0.013916
0.013916
0.013977
0.014038
0.014038
0.014160
0.014160
0.014160
0.014160
0.014160
0.014160
0.014160
0.014160
0.014191
0.014282
0.014404
0.014404
0.014404
0.014465
0.014526
0.014633
0.014648
0.014648
0.014648
0.014709
0.014893
0.014893
0.014893
0.014893
0.015076
0.015137
0.015381
0.015381
0.015381
0.015381
0.015381
0.015381
0.015381
0.015442
0.015564
0.015625
0.015625
0.015625
0.015808
0.015808
0.015869
0.016006
0.016113
0.016357
0.016357
0.016602
0.016602
0.016846
0.017090
0.017334
0.017334
0.017334
0.017578
0.018066
0.018066
0.018616
0.018799
0.018799
0.018921
0.018921
0.019043
0.019440
0.019531
0.019531
0.019531
0.019592
0.020264
0.020508
0.020508
0.020508
0.020630
0.020752
0.020905
0.020996
0.020996
0.021118
0.021179
0.021240
0.021240
0.021729
0.021912
0.021942
0.021973
0.022125
0.022461
0.022888
0.022949
0.023315
0.023438
0.024902
0.025574
0.026581
0.031494
