3591.612
3590.635
3593.650
3588.831
3588.041
3593.433
3592.134
3590.043
3591.932
3592.488
3591.619
3592.201
3591.108
3587.597
3594.197
3590.643
3588.880
3587.962
3588.543
3592.829
3590.092
3591.960
3589.929
3591.836
3590.950
3589.179
3592.862
3588.924
3592.389
3583.891
3589.932
3590.643
3592.486
3588.125
3591.054
3586.178
3589.409
3590.829
3592.291
3593.289
3590.928
3591.977
3592.819
3591.516
3589.461
3589.615
3592.758
3593.504
3587.958
3592.504
3591.741
3587.561
3588.943
3589.716
3588.974
3587.573
3589.334
3590.248
3591.034
3591.586
3585.356
3590.686
3588.566
3590.768
3590.585
3590.003
3589.825
3591.750
3590.105
3589.029
3590.604
3592.878
3587.656
3590.753
3591.833
3586.075
3592.772
3588.678
3592.597
3590.187
3587.534
3586.953
3589.710
3594.137
3591.901
3591.875
3593.134
3591.737
3584.342
3586.943
3592.660
3590.229
3586.263
3588.294
3591.336
3589.127
3592.771
3592.071
3590.713
3591.253
3592.247
3593.130
3589.773
3588.859
3588.516
3588.974
3593.694
3590.882
3589.176
3590.885
3589.163
3581.688
3588.177
3587.327
3588.909
3589.549
3592.661
3589.372
3590.707
3591.223
3590.902
3584.836
3588.263
3588.654
3589.969
3587.781
3590.433
3589.821
3590.221
3591.098
3591.039
3590.790
3590.674
3590.390
3588.774
3591.442
3595.062
3590.956
3588.841
3585.873
3587.867
3587.585
3590.581
3590.354
3591.511
3588.936
3591.841
3586.084
3586.791
3591.587
3590.906
3592.543
3592.129
3594.174
3587.785
3587.045
3591.519
3589.996
3587.727
3591.651
3588.431
3590.176
3589.762
3587.797
3588.719
3589.343
3587.492
3586.472
3588.462
3590.487
3587.507
3590.069
3591.089
3592.653
3591.101
3591.265
3589.151
3583.669
3593.850
3588.956
3592.881
3590.228
3591.732
3591.734
3588.171
3590.484
3587.717
3590.204
3590.067
3585.102
3586.880
3590.729
3592.161
3587.723
3588.513
3593.680
3587.120
3590.018
3584.175
3589.313
3588.243
3589.793
3589.263
3591.384
3584.307
3591.009
3589.241
3589.210
3589.504
3589.091
3592.662
3590.961
3588.497
3585.112
3592.870
3588.880
3585.574
3588.268
3591.356
3593.442
3589.726
3588.425
3591.906
3586.784
3591.575
3589.335
3590.586
3592.615
3592.514
3593.286
3589.615
3591.604
3591.529
3592.039
3593.349
3592.704
3588.503
3590.207
3588.751
3587.514
3591.694
3587.263
3594.123
3590.305
3591.900
3587.024
3591.535
3589.150
3588.497
3585.924
3588.461
3592.647
3590.301
3586.471
3589.927
3590.784
3589.785
3588.884
3587.901
3592.925
3591.764
3590.591
3588.935
3589.598
3590.648
3587.541
3589.940
3590.203
3590.945
3589.754
3588.680
3588.935
3590.511
3592.506
3588.348
3592.871
3592.518
3592.446
3589.143
3595.387
3591.544
3588.063
3589.035
3588.142
3588.868
3592.171
3586.783
3590.724
3591.820
3593.552
3591.242
3592.129
3591.946
3590.175
3591.700
3588.167
3591.365
3590.367
3590.456
3591.078
3589.728
3591.634
3589.906
3590.075
3587.615
3592.438
3590.728
3590.609
3591.118
3590.215
3591.318
3593.265
3589.122
3589.788
3583.783
3589.934
3585.970
3591.291
3591.515
3590.375
3591.862
3585.386
3589.455
3590.795
3588.537
3590.146
3588.404
3588.867
3592.584
3591.531
3591.093
3591.004
3592.166
3588.575
3592.118
3590.658
3587.659
3591.506
3591.779
3585.093
3591.939
3588.689
3592.290
3592.707
3588.655
3588.842
3591.779
3587.378
3586.291
3585.995
3591.625
3592.232
3593.234
3594.365
3590.881
3588.449
3589.073
3590.494
3589.351
3587.411
3592.375
3589.522
3587.815
3589.592
3586.738
3591.972
3589.602
3590.420
3591.279
3592.904
3591.648
3587.381
3590.845
3590.436
3592.760
3590.756
3593.308
3585.916
3590.707
3592.039
3585.646
3589.238
3594.238
3589.401
3589.328
3594.610
3593.056
3589.139
3593.664
3590.586
3587.856
3590.121
3591.751
3589.444
3588.573
3592.269
3589.812
3592.131
3589.740
3588.460
3589.206
3591.115
3591.503
3590.024
3590.722
3591.877
3590.402
3594.188
3590.776
3592.755
3590.664
3590.871
3593.084
3591.413
3590.659
3589.102
3592.828
3587.650
3592.262
3589.481
3589.704
3592.072
3586.612
3588.935
3588.229
3585.646
3593.682
3587.662
3591.546
3590.489
3593.827
3590.147
3590.299
3594.120
3584.893
3589.343
3586.683
3591.953
3587.303
3588.557
3590.552
3587.020
3590.198
3586.591
3594.687
3588.617
3593.953
3591.772
3591.636
3594.773
3588.065
3586.932
3590.028
3587.775
3593.124
3586.781
3586.249
3594.041
3590.270
3588.272
3588.730
3591.806
3587.888
3592.618
3589.053
3594.342
3590.459
3588.456
3589.560
3592.100
3591.366
3593.319
3587.495
3591.088
3591.900
3587.478
3587.028
3585.362
3591.842
3591.347
3585.859
3586.879
3590.588
3589.011
3587.351
3591.975
3586.583
3586.382
3587.385
3589.539
3590.977
3592.137
3590.363
3588.684
3590.605
3586.783
3588.198
3588.746
3591.112
3590.139
3592.361
3593.086
3589.487
3588.647
3582.172
3589.942
3591.210
3592.169
3592.362
3589.014
3592.099
3588.580
3590.456
3589.760
3584.547
3587.932
3587.742
3589.521
3586.867
3590.644
3591.386
3589.391
3588.210
3589.357
3591.917
3591.116
3587.182
3587.051
3589.201
3589.469
3586.015
3589.734
3583.948
3591.141
3594.122
3584.729
3588.957
3586.470
3588.491
3592.745
3589.428
3590.066
3590.705
3587.835
3589.694
3585.754
3590.239
3589.201
3588.383
3591.776
3587.115
3590.549
3591.018
3588.771
3587.656
3590.473
3588.784
3583.181
3590.385
3592.320
3590.418
3591.366
3590.018
3588.686
3591.917
3591.261
3588.066
3595.478
3593.647
3586.574
3589.926
3584.632
3589.866
3589.701
3593.581
3588.961
3585.238
3591.412
3585.876
3591.610
3590.860
3589.571
3588.746
3588.552
3590.151
3593.246
3584.042
3590.219
3592.052
3591.444
3584.932
3590.521
3590.962
3593.018
3592.510
3592.328
3588.158
3588.344
3588.028
3589.378
3591.598
3589.752
3588.536
3589.437
3590.814
3590.122
3589.901
3591.063
3588.799
3591.794
3591.738
3585.076
3589.068
3588.200
3589.733
3585.646
3590.105
3590.450
3592.138
3586.978
3592.375
3588.237
3587.565
3589.762
3589.808
3593.326
3593.101
3590.940
3584.867
3589.536
3591.390
3589.273
3594.277
3590.969
3585.569
3590.456
3590.302
3591.153
3589.601
3589.487
3589.108
3591.043
3588.340
3590.980
3586.474
3592.724
3589.934
3591.149
3589.995
3588.567
3589.241
3586.737
3589.291
3590.095
3587.621
3590.419
3589.652
3587.036
3591.006
3590.438
3589.757
3584.381
3588.367
3591.024
3591.222
3592.378
3589.844
3591.755
3589.747
3589.260
3590.224
3590.126
3588.554
3588.723
3592.103
3591.755
3586.872
3590.063
3591.013
3585.602
3591.493
3590.130
3591.636
3589.500
3584.391
3588.740
3593.722
3589.029
3592.841
3589.210
3590.846
3594.631
3592.477
3589.014
3590.001
3589.630
3589.937
3594.638
3590.285
3588.517
3590.823
3591.042
3591.310
3592.073
3589.142
3593.152
3589.854
3590.076
3589.332
3589.008
3591.657
3592.302
3590.704
3584.047
3587.826
3592.831
3588.571
3588.685
3589.854
3590.742
3590.530
3585.651
3589.324
3589.066
3587.880
3591.042
3589.323
3589.985
3590.053
3591.532
3587.932
3590.206
3588.346
3589.689
3591.414
3593.323
3590.281
3590.761
3585.784
3590.597
3589.645
3589.007
3591.751
3587.189
3593.586
3588.571
3592.249
3591.548
3591.781
3591.626
3591.949
3588.828
3590.171
3584.441
3588.974
3590.494
3591.966
3593.004
3591.573
3586.972
3590.212
3592.708
3593.383
3590.840
3593.059
3590.749
3592.103
3591.547
3590.586
3591.108
3590.592
3588.302
3591.621
3591.713
3592.158
3593.008
3584.158
3590.004
3590.274
3587.081
3591.881
3586.768
3587.418
3586.080
3590.572
3589.797
3590.452
3590.215
3592.016
3590.521
3588.928
3590.824
3584.753
3586.116
3593.180
3591.081
3590.366
3589.160
3589.319
3594.881
3588.025
3590.844
3589.180
3591.603
3587.952
3590.673
3591.603
3585.287
3588.355
3590.309
3590.673
3590.658
3591.165
3590.714
3589.734
3590.316
3594.258
3590.883
3588.952
3585.104
3588.678
3592.992
3589.348
3588.126
3589.920
3589.306
3593.484
3588.712
3593.802
3590.122
3592.239
3592.093
3589.416
3591.377
3590.814
3589.992
3590.365
3591.354
3590.474
3586.753
3591.044
3590.850
3588.700
3589.870
3592.865
3585.433
3590.740
3592.101
3590.454
3587.760
3591.263
3592.706
3591.875
3590.987
3588.649
3588.918
3592.973
3590.688
3591.133
3593.414
3593.801
3587.833
3589.603
3585.103
3592.777
3585.344
3591.646
3587.938
3591.750
3592.565
3591.945
3593.410
3588.310
3588.977
3591.886
3592.016
3590.881
3585.434
3591.297
3592.202
3593.276
3586.835
3587.574
3590.852
3586.962
3592.196
3586.713
3586.302
3588.354
3589.164
3584.876
3588.544
3591.273
3591.502
3589.501
3593.205
3591.023
3589.808
3589.215
3592.539
3590.467
3592.015
3584.008
3588.593
3593.386
3589.813
3588.530
3587.066
3592.277
3593.143
3588.750
3592.766
3582.111
3592.135
3584.132
3589.610
3592.124
3591.286
3591.272
3593.837
3590.457
3589.604
3590.784
3590.366
3592.315
3589.136
3587.142
3589.550
3592.006
3589.982
3588.471
3589.803
3586.079
3589.650
3592.259
3586.839
3588.094
3589.315
3592.441
3593.716
3586.710
3591.986
3589.583
3588.953
3588.944
3593.298
3589.064
3588.765
3591.289
3590.542
3591.800
3589.306
3591.339
3589.189
3591.104
3586.613
3585.938
3591.750
3588.045
3590.771
3592.973
3586.661
3588.844
3587.061
3591.400
3586.620
3589.564
3593.761
3585.648
3589.587
3585.573
3588.386
3591.773
3589.120
3591.883
3591.727
3592.755
3589.700
3585.934
3591.611
3590.288
3590.614
3591.147
3590.258
3588.892
3587.395
3590.207
3586.498
3590.742
3591.736
3590.323
3589.222
3593.510
3591.298
3589.526
3591.001
3591.414
3590.968
3588.953
3591.028
3591.499
3591.307
3588.743
3591.741
3588.716
3589.771
3593.288
3591.853
3588.614
3590.136
3592.669
3590.874
3591.376
3588.992
3589.018
3591.135
3589.750
3591.279
3591.375
3591.778
3590.073
3586.646
3590.199
3589.344
3590.453
3590.918
3589.145
3588.666
3588.893
3590.682
3592.265
3589.177
3588.003
3590.359
3592.241
3590.682
3590.165
3588.497
3591.662
3589.016
3587.796
3590.912
3592.917
3588.348
3588.427
3588.907
3588.451
3593.163
3589.743
3593.441
3591.015
3591.144
3591.359
3587.981
3587.632
3586.835
3591.281
3593.403
3591.737
3587.927
3591.120
3589.625
3589.970
3589.484
3587.536
3588.425
3590.571
3590.493
3591.856
3591.417
3590.889
3589.537
3589.622
3592.508
3590.177
3591.674
3590.672
3592.436
3593.034
3587.980
3590.369
3590.819
3590.396
3590.160
3587.861
3592.101
3591.604
3594.148
3591.589
3589.641
3587.754
3587.461
3591.489
3590.430
3591.651
3592.368
3589.118
3585.630
3588.245
3593.680
3588.029
3594.005
3589.804
3593.406
3592.210
3591.738
3591.569
3592.540
3590.579
3590.957
3586.602
3590.940
3589.743
3588.634
3588.156
3588.665
3589.398
3587.975
3588.893
3588.562
3591.347
3590.164
3592.218
3591.719
3590.824
3589.310
3592.067
3587.425
3584.729
3590.794
3588.292
3590.119
3591.167
3586.340
3592.352
3589.395
3594.516
3592.928
3591.021
3589.201
3591.281
3589.088
3585.541
3589.469
3592.331
3589.641
3590.812
3593.859
3590.022
3586.187
3585.391
3585.572
3591.947
3591.808
3588.561
3588.385
3592.086
3591.899
3589.012
3589.149
3588.945
3587.655
3590.576
3586.691
3593.099
3591.558
3590.013
3588.383
3590.178
3588.233
3589.686
3588.659
3589.230
3591.507
3591.886
3587.668
3587.411
3592.187
3592.457
3590.859
3591.338
3593.325
3592.059
3586.133
3590.689
3591.638
3589.777
3591.919
3591.436
3592.427
3588.053
3590.917
3591.596
3587.289
3590.720
3589.680
3593.001
3589.809
3587.838
3593.337
3585.814
3591.580
3592.341
3592.884
3590.164
3590.157
3589.236
3587.969
3590.558
3587.310
3589.079
3590.609
3586.124
3589.702
3588.155
3589.443
3594.331
3589.882
3589.660
3593.570
3589.297
3593.007
3591.498
3591.328
3592.488
3590.181
3592.882
3587.422
3591.771
3589.767
3591.829
3590.599
3589.942
3590.773
3592.780
3590.131
3590.885
3586.565
3593.251
3588.666
3589.531
3590.592
3589.560
3590.156
3589.130
3590.361
3587.271
3588.541
3592.097
3593.385
3585.686
3587.361
3590.943
3589.920
3586.426
3587.578
3588.037
3590.492
3590.900
3586.538
3590.345
3590.176
3585.137
3591.111
3585.620
3589.767
3588.361
3592.231
3589.181
3588.078
3592.375
3588.942
3588.612
3591.158
3591.796
3589.162
3588.917
3586.402
3589.290
3590.316
3592.038
3589.512
3591.313
3589.433
3587.267
3590.830
3588.140
3586.870
3592.535
3591.005
3586.295
3590.241
3589.602
3590.854
3588.762
3591.906
3592.966
3589.615
3589.885
3591.587
3587.388
3590.789
3589.725
3589.256
3592.595
3591.707
3587.777
3589.041
3591.293
3589.760
3590.652
3588.643
3590.946
3586.184
3592.879
3592.521
3588.174
3591.820
3593.921
3579.240
3588.546
3593.968
3591.006
3587.362
3592.241
3590.479
3586.882
3586.536
3591.785
3590.666
3588.461
3589.786
3593.007
3588.238
3591.941
3587.887
3586.124
3590.342
3586.002
3589.741
3588.157
3591.377
3590.577
3592.647
3588.286
3587.988
3584.160
3589.621
3588.918
3589.205
3592.362
3591.384
3591.676
3588.498
3591.889
3584.961
3589.735
3590.745
3591.018
3591.618
3588.898
3591.727
3589.544
3590.099
3588.398
3590.449
3591.382
3593.121
3593.019
3591.154
3590.677
3588.867
3591.544
3590.177
3591.514
3591.384
3589.422
3587.869
3591.768
3590.678
3583.286
3591.442
3590.981
3592.077
3592.082
3591.280
3587.923
3593.060
3588.827
3591.848
3593.263
3587.541
3587.414
3589.588
3592.525
3586.958
3589.248
3588.438
3590.631
3593.659
3591.525
3589.642
3590.239
3591.066
3592.696
3586.768
3590.438
3584.402
3590.711
3591.220
3592.005
3590.298
3592.252
3591.744
3590.828
3589.847
3586.112
3591.066
3593.902
3590.509
3591.840
3587.854
3590.013
3591.943
3589.471
3590.382
3590.137
3588.828
3586.614
3589.541
3593.572
3593.108
3590.696
3594.177
3588.199
3594.471
3587.856
3591.086
3591.815
3586.674
3587.040
3586.526
3589.092
3590.560
3592.272
3589.682
3589.469
3591.173
3591.623
3587.579
3587.773
3593.073
3588.846
3588.272
3589.565
3590.443
3591.258
3585.471
3591.406
3584.960
3590.792
3591.416
3588.782
3591.008
3589.283
3591.819
3591.039
3592.183
3591.983
3592.609
3589.139
3589.854
3591.983
3589.030
3592.004
3591.231
3589.367
3591.962
3589.373
3590.777
3591.876
3593.539
3592.233
3590.461
3592.714
3587.704
3587.198
3590.783
3589.977
3587.944
3592.020
3588.177
3591.696
3585.881
3592.616
3592.349
3586.556
3594.402
3592.305
3588.420
3587.638
3588.448
3592.616
3587.368
3588.635
3588.448
3588.267
3592.970
3592.444
3587.678
3592.287
3592.094
3591.796
3591.435
3593.839
3591.403
3589.146
3587.925
3590.839
3585.114
3592.784
3590.000
3590.333
3588.179
3593.949
3591.298
3590.321
3591.897
3589.490
3588.526
3592.622
3587.521
3588.270
3592.462
3587.361
3584.048
