100
148
130
184
138
146
108
188
156
96
124
94
150
112
74
128
136
204
158
174
166
120
240
130
106
112
126
122
100
132
96
98
70
112
108
144
162
158
98
98
104
176
120
80
104
148
114
126
170
130
118
118
144
160
136
196
130
126
122
168
150
148
138
138
234
152
138
162
150
104
142
132
160
150
124
188
114
180
148
114
154
156
108
88
132
94
108
152
180
170
110
126
134
108
156
124
140
104
130
128
128
122
100
152
138
192
136
154
228
116
122
128
124
168
168
154
114
130
178
148
140
114
114
104
126
110
106
110
134
158
142
126
102
130
150
84
72
98
152
138
154
142
142
160
152
172
116
204
144
118
112
108
100
98
116
194
170
144
94
138
170
104
80
150
140
186
156
150
108
122
124
136
140
126
150
110
140
188
72
126
116
150
170
86
138
172
140
126
136
114
138
162
128
136
112
120
144
138
146
146
136
128
180
144
130
122
120
108
114
150
106
124
148
114
94
136
146
202
90
152
152
132
104
128
148
148
132
96
140
112
152
162
112
120
114
96
132
128
120
212
118
148
98
170
102
232
146
140
154
130
104
122
98
108
136
150
120
170
142
156
120
138
110
148
132
136
150
158
152
138
112
118
92
120
120
164
114
160
116
100
136
144
136
160
156
112
150
108
108
108
116
118
92
120
100
152
140
202
120
132
96
130
102
110
148
134
134
124
130
98
162
114
132
148
192
136
156
100
118
124
120
162
104
178
134
126
122
134
112
112
128
120
114
152
90
146
162
128
92
174
110
144
96
134
148
136
94
154
146
140
112
158
106
106
114
140
142
98
160
140
128
110
120
112
132
120
112
112
130
148
148
228
140
160
142
140
92
156
150
102
194
106
76
112
122
66
102
176
146
126
108
124
148
142
150
100
120
150
132
138
106
146
106
104
116
118
114
132
174
142
160
84
116
116
156
122
96
112
118
120
166
138
104
146
112
214
96
140
152
96
124
136
160
94
92
154
118
166
184
132
166
122
96
158
108
98
92
138
108
118
126
144
122
148
124
158
204
114
84
132
154
120
124
90
140
84
182
130
126
150
114
108
128
150
140
128
128
126
116
116
146
166
130
138
140
174
142
128
138
78
128
130
118
146
132
132
130
164
116
138
126
106
180
142
208
150
114
140
114
112
112
100
124
96
156
122
140
120
168
144
124
124
110
194
102
112
132
116
120
128
122
148
134
88
142
136
152
184
136
102
168
114
162
100
132
136
112
120
140
124
148
122
134
144
138
176
174
158
120
102
148
120
128
176
156
116
114
72
96
100
168
144
170
100
98
104
124
148
204
120
100
146
134
184
156
86
166
120
86
92
136
102
150
100
132
134
152
166
162
148
118
146
174
132
130
112
116
162
154
152
120
130
228
146
118
142
90
174
122
206
82
112
154
134
112
100
94
136
138
102
92
138
92
118
112
114
108
124
184
152
144
146
178
104
94
84
150
90
132
222
118
134
172
148
134
124
126
122
132
112
156
154
144
110
120
114
144
126
108
102
102
172
106
146
152
132
166
136
162
204
90
114
84
110
204
136
132
110
104
118
120
106
136
134
120
150
116
114
92
128
138
146
108
146
114
106
146
130
96
122
142
152
130
176
170
122
124
98
146
122
158
106
134
138
154
142
166
214
166
120
134
128
126
142
66
110
132
134
138
182
84
142
118
180
102
124
104
96
132
92
88
154
154
158
104
128
150
108
130
116
154
82
106
134
136
144
130
72
140
138
168
152
116
98
134
104
232
122
132
158
150
116
148
232
134
148
148
154
104
106
114
152
160
152
88
138
102
106
106
134
158
130
120
114
166
120
118
144
132
134
102
136
138
108
126
152
96
132
154
182
108
156
138
122
182
138
146
182
108
122
92
116
146
118
146
92
112
170
130
144
110
136
168
122
126
148
124
158
146
136
138
148
120
96
122
100
104
112
144
124
152
214
134
156
116
150
138
152
136
150
104
92
142
118
114
182
152
94
112
102
132
186
124
176
164
126
148
156
132
122
166
130
114
108
122
180
136
108
92
100
106
108
148
128
78
104
120
128
90
104
160
136
150
112
158
122
120
152
116
118
90
152
144
148
120
134
104
110
114
146
132
116
142
146
134
136
172
128
132
88
140
92
138
184
126
120
158
142
168
110
112
124
134
172
84
194
128
100
166
170
110
136
150
126
102
130
104
108
132
140
152
190
90
126
88
110
116
142
178
134
140
138
132
128
144
152
144
182
162
120
108
164
94
126
126
140
110
118
138
124
156
156
146
106
128
126
92
94
172
130
82
140
132
132
140
116
144
158
108
138
146
120
130
148
116
122
166
146
136
136
126
178
128
114
98
100
128
152
120
154
154
158
84
120
118
142
128
88
140
108
98
156
110
150
174
168
124
102
104
104
152
144
130
138
168
160
114
150
122
146
126
110
154
108
132
102
120
94
104
128
126
90
124
108
202
126
130
124
122
134
132
174
94
108
160
132
140
180
134
104
148
98
126
108
124
144
98
162
98
132
174
136
158
144
114
112
120
124
106
174
126
154
148
114
120
114
116
130
160
130
146
138
122
192
108
128
84
96
114
146
106
158
172
146
122
100
148
114
140
156
116
172
120
88
118
154
150
118
96
204
168
86
140
130
112
82
132
112
118
144
78
158
194
110
94
172
148
116
68
118
120
122
64
102
224
108
118
148
74
114
130
112
108
162
134
160
114
124
180
78
106
90
102
152
88
102
158
94
130
104
160
102
220
90
162
108
112
142
150
96
130
106
154
152
130
118
86
128
130
120
116
120
152
138
200
162
146
152
110
136
152
166
144
104
118
124
174
174
118
122
162
194
150
126
174
150
108
110
66
140
128
100
174
172
174
154
90
166
130
192
126
130
156
130
130
166
148
138
154
148
118
126
132
148
160
102
150
132
104
80
152
136
126
134
148
114
98
164
146
86
172
160
112
150
104
132
132
88
168
122
114
122
126
186
126
164
178
128
166
212
116
90
102
124
118
118
122
124
80
154
118
152
152
160
188
166
98
138
122
164
94
194
152
116
144
146
138
116
158
116
122
76
104
170
120
112
158
176
106
128
146
194
138
192
112
134
160
120
84
166
150
176
150
108
100
124
164
198
114
130
176
144
178
110
144
136
114
130
142
110
102
132
152
104
100
114
166
110
126
108
110
108
90
132
124
154
108
182
126
118
108
124
68
110
122
132
136
142
124
114
108
150
110
102
184
170
116
168
156
134
98
102
168
132
96
124
120
156
110
186
144
160
144
170
126
156
126
102
160
138
164
134
164
114
100
152
114
114
136
156
148
110
136
144
174
80
132
96
92
98
128
130
86
112
128
156
150
96
162
96
126
84
150
134
72
114
128
158
112
146
140
106
84
126
142
116
140
90
126
138
136
134
90
98
188
98
124
132
128
114
150
112
122
148
108
112
130
146
148
126
104
140
134
134
70
90
100
114
112
152
152
134
138
100
138
224
