1.321 0.00
2.322 0.00
3.322 162.73
4.322 330.25
5.323 425.30
6.323 559.81
7.324 459.70
8.324 886.95
9.324 1111.47
10.325 1174.63
11.326 1468.44
12.326 1772.54
13.326 1659.10
14.327 1720.46
15.327 1679.84
16.328 1789.07
17.328 1982.88
18.329 1868.58
19.329 1958.52
20.330 2085.11
21.330 2156.03
22.330 2261.77
23.331 2403.07
24.331 2586.63
25.331 2772.48
26.332 3008.79
27.332 3210.65
28.333 3319.64
29.333 3216.55
30.333 3208.31
31.334 3295.35
32.334 3350.06
33.335 3377.35
34.335 3445.01
35.335 3548.06
36.336 3571.48
37.336 3554.50
38.337 3520.56
39.337 3536.52
40.337 3582.45
41.338 3613.15
42.338 3589.80
43.339 3595.68
44.339 3632.20
45.339 3716.08
46.339 3697.82
47.340 3766.41
48.340 3871.30
49.341 3899.42
50.341 3947.66
51.341 4014.08
52.342 4076.38
53.342 4163.42
54.343 4222.11
55.343 4218.62
56.343 4182.59
57.344 4213.12
58.344 4119.65
59.344 4129.31
60.345 4134.86
61.345 4142.39
62.346 4148.77
63.346 4156.23
64.346 4134.73
65.347 4168.23
66.347 4185.51
67.348 4191.90
68.348 4237.26
69.348 4269.04
70.349 4287.19
71.349 4286.83
72.349 4258.14
73.350 4260.30
74.350 4262.42
75.351 4281.15
76.351 4276.46
77.351 4282.80
78.352 4286.92
79.352 4150.39
80.353 4140.43
81.353 4153.39
82.354 4159.86
83.354 4158.35
84.354 4168.73
85.355 4157.31
86.355 4111.39
87.355 4114.59
88.356 4122.03
89.356 4121.30
90.357 4117.19
91.357 4135.06
92.357 4146.40
93.358 4146.14
94.358 4146.35
95.359 4183.18
96.359 4184.57
97.360 4189.98
98.360 4187.23
99.360 4190.00
100.361 4199.09
101.361 4185.68
102.362 4190.59
103.362 4192.78
104.362 4197.41
105.363 4202.56
106.363 4212.98
107.364 4228.91
108.365 4238.02
109.365 4237.79
110.366 4251.55
111.366 4269.18
112.366 4271.56
113.367 4253.92
114.367 4014.97
115.368 4032.85
116.368 4042.23
117.368 4023.33
118.369 4034.81
119.369 4014.46
120.369 4047.32
121.370 4103.45
122.370 4120.55
123.370 4084.92
124.371 4083.37
125.371 4087.02
126.372 4054.40
127.372 4037.26
128.373 4043.01
129.373 4054.78
130.374 4059.71
131.374 4063.70
132.374 4066.72
133.375 3564.03
134.375 3572.20
135.376 3578.81
136.376 3583.33
137.377 3590.39
138.377 3598.54
139.377 3606.82
140.378 3604.64
141.378 3532.39
142.379 3562.04
143.379 3551.26
144.379 3576.00
145.380 3543.48
146.380 3550.27
147.381 3553.49
148.382 3553.95
149.382 3552.01
150.383 3547.51
151.383 3571.94
152.383 3606.18
153.384 3615.17
154.384 3611.43
155.385 3621.21
156.385 3624.14
157.385 3591.79
158.386 3605.74
159.386 3604.38
160.386 3624.19
161.387 3617.42
162.387 3618.05
163.387 3623.91
164.388 3638.69
165.389 3645.87
166.389 3659.56
167.389 3672.68
168.390 3672.42
169.390 3645.10
170.391 3603.03
171.391 3597.92
172.392 3594.14
173.392 3593.25
174.393 3592.13
175.393 3578.44
176.394 3601.09
177.394 3612.88
178.394 3613.36
179.395 3617.95
180.395 3623.64
181.396 3632.04
182.396 3639.55
183.397 3618.85
184.397 3630.22
185.398 3630.24
186.398 3631.85
187.398 3614.12
188.399 3653.75
189.399 3694.96
190.400 3643.47
191.401 3619.17
192.401 3629.55
193.402 3636.32
194.402 3645.73
195.403 3653.26
196.403 3661.20
197.404 3661.02
198.404 3663.44
199.404 3596.34
200.405 3600.56
201.405 3604.35
202.406 3534.05
203.406 3530.89
204.407 3546.12
205.407 3576.11
206.408 3606.53
207.408 3630.47
208.408 3644.77
209.409 3669.64
210.409 3685.06
211.410 3694.37
212.410 3697.49
213.410 3700.52
214.411 3704.38
215.411 3683.37
216.411 3682.47
217.412 3696.75
218.412 3712.31
219.413 3728.06
220.413 3763.18
221.414 3804.44
222.414 3802.82
223.414 3806.98
224.415 3788.58
225.415 3814.48
226.416 3829.58
227.416 3850.87
228.417 3891.87
229.417 3901.08
230.417 3922.04
231.418 3932.93
232.418 3945.54
233.419 3907.28
234.419 3909.90
235.420 3834.52
236.420 3837.61
237.421 3848.30
238.421 3837.81
239.421 3806.92
240.422 3810.44
241.422 3760.35
242.423 3774.64
243.423 3757.62
244.423 3800.41
245.424 3847.97
246.424 3877.71
247.425 3872.85
248.425 3868.87
249.426 3894.07
250.426 3782.88
251.427 3792.44
252.427 3722.48
253.427 3720.15
254.427 3716.32
255.428 3694.54
256.428 3659.61
257.428 3643.72
258.429 3653.75
259.429 3662.58
260.430 3665.86
261.430 3660.63
262.430 3668.26
263.431 3672.70
264.431 3675.42
265.432 3677.26
266.432 3691.53
267.432 3601.11
268.433 3569.64
269.433 3565.73
270.434 3526.86
271.434 3531.06
272.434 3537.47
273.435 3575.37
274.435 3585.96
275.435 3594.93
276.436 3585.85
277.436 3596.48
278.437 3594.46
279.437 3582.98
280.437 3593.58
281.438 3542.72
282.438 3540.65
283.438 3542.69
284.439 3543.23
285.439 3544.29
286.439 3562.94
287.440 3577.08
288.440 3552.12
289.440 3535.13
290.441 3531.08
291.442 3544.59
292.442 3487.53
293.642 3501.12
294.643 3472.75
295.643 3479.85
296.643 3447.40
297.644 3476.58
298.644 3473.82
299.645 3465.83
300.645 3434.13
301.645 3445.93
302.646 3433.51
303.646 3416.90
304.647 3427.84
305.647 3426.80
306.648 3436.38
307.648 3443.77
308.648 3432.63
309.649 3427.48
310.649 3432.38
311.650 3426.42
312.650 3428.65
313.651 3427.04
314.651 3376.79
315.651 3382.11
316.652 3391.21
317.652 3330.70
318.652 3312.53
319.653 3316.43
320.653 3326.07
321.653 3228.13
322.654 3230.46
323.654 3207.31
324.654 3164.44
325.655 3175.63
326.655 3174.08
327.656 3133.49
328.656 3145.22
329.656 3169.48
330.657 3159.86
331.657 3164.36
332.658 3164.54
333.658 3158.64
334.659 3180.76
335.659 3193.71
336.659 3192.78
337.660 3189.84
338.660 3203.88
339.661 3198.48
340.661 3209.14
341.661 3211.01
342.662 3213.50
343.662 3222.97
344.663 3225.25
345.663 3088.93
346.664 2976.15
347.664 2978.18
348.664 2967.51
349.665 2973.22
350.665 2924.50
351.665 2938.20
352.666 2948.91
353.666 2945.64
354.667 2944.55
355.667 2931.72
356.667 2939.78
357.668 2942.09
358.668 2954.06
359.668 2930.59
360.669 2878.11
361.669 2885.87
362.669 2882.45
363.670 2886.35
364.670 2891.22
365.671 2901.31
366.671 2903.35
367.672 2909.92
368.672 2912.90
369.672 2886.30
370.673 2888.87
371.673 2877.09
372.673 2885.79
373.674 2883.81
374.674 2888.27
375.675 2869.09
376.675 2868.48
377.675 2866.99
378.676 2866.33
379.676 2873.49
380.676 2869.94
381.677 2873.49
382.677 2797.40
383.677 2774.79
384.678 2764.54
385.678 2777.09
386.678 2750.91
387.679 2766.84
388.679 2771.45
389.680 2776.06
390.680 2759.76
391.681 2688.47
392.681 2696.31
393.682 2692.61
394.682 2696.04
395.682 2707.55
396.683 2722.17
397.683 2725.95
398.683 2686.25
399.684 2693.90
400.684 2704.51
401.684 2701.94
402.685 2702.89
403.685 2705.51
404.686 2659.13
405.686 2668.28
406.686 2652.88
407.687 2655.51
408.687 2670.36
409.688 2675.26
410.688 2683.97
411.689 2703.18
412.689 2711.23
413.689 2721.35
414.690 2721.87
415.690 2717.39
416.690 2731.45
417.691 2737.14
418.691 2738.96
419.692 2737.51
420.692 2736.97
421.692 2729.63
422.693 2738.63
423.693 2748.97
424.693 2753.26
425.694 2747.76
426.694 2752.58
427.694 2757.39
428.695 2757.23
429.695 2750.47
430.695 2737.48
431.696 2737.94
432.696 2716.98
433.696 2732.85
434.697 2732.57
435.697 2726.41
436.698 2711.25
437.698 2715.15
438.698 2725.30
439.699 2701.56
440.699 2685.88
441.700 2679.96
442.700 2646.01
443.700 2654.50
444.701 2666.23
445.701 2675.09
446.702 2673.58
447.702 2682.05
448.703 2656.70
449.703 2655.91
450.704 2623.07
451.704 2625.24
452.705 2632.34
453.705 2647.67
454.705 2640.61
455.706 2642.89
456.706 2648.17
457.707 2638.19
458.707 2554.73
459.708 2550.58
460.708 2551.66
461.708 2557.86
462.709 2568.47
463.709 2568.63
464.709 2575.41
465.710 2581.39
466.710 2583.59
467.711 2596.45
468.711 2586.49
469.711 2588.81
470.711 2589.58
471.712 2590.58
472.712 2564.55
473.712 2567.37
474.713 2526.00
475.713 2501.36
476.713 2506.67
477.714 2475.58
478.714 2446.79
479.715 2449.21
480.715 2472.68
481.715 2486.50
482.716 2501.54
483.716 2519.41
484.716 2526.97
485.717 2529.79
486.717 2532.08
487.718 2480.86
488.718 2474.46
489.719 2477.62
490.719 2521.69
491.720 2541.35
492.720 2557.35
493.720 2570.19
494.721 2578.28
495.721 2587.84
496.721 2590.10
497.722 2585.16
498.722 2583.15
499.723 2578.02
500.723 2581.94
501.724 2591.19
502.724 2592.51
503.724 2598.93
504.725 2584.29
505.725 2585.19
506.726 2615.66
507.726 2605.46
508.726 2613.87
509.726 2625.85
510.726 2637.72
511.727 2637.79
512.727 2605.31
513.728 2608.72
514.728 2625.87
515.728 2635.63
516.729 2642.36
517.729 2636.07
518.729 2641.62
519.730 2645.85
520.730 2647.71
521.730 2673.62
522.730 2684.11
523.730 2702.63
524.731 2722.69
525.731 2731.72
526.731 2746.04
527.731 2745.72
528.732 2761.54
529.732 2781.82
530.732 2754.01
531.732 2767.22
532.733 2781.33
533.733 2778.69
534.733 2779.08
535.734 2734.23
536.734 2719.58
537.734 2673.25
538.734 2695.11
539.735 2690.16
540.735 2705.63
541.736 2711.01
542.736 2719.34
543.737 2716.27
544.737 2715.27
545.737 2716.44
546.737 2688.46
547.738 2694.27
548.738 2693.32
549.739 2698.84
550.739 2667.11
551.739 2669.22
552.739 2679.74
553.740 2678.52
554.740 2644.53
555.740 2623.82
556.741 2631.30
557.741 2629.54
558.741 2634.47
559.741 2624.58
560.742 2607.13
561.742 2610.39
562.742 2597.42
563.742 2606.12
564.743 2609.17
565.743 2594.39
566.743 2592.50
567.744 2593.09
568.744 2587.38
569.744 2585.40
570.745 2594.87
571.745 2582.65
572.745 2591.84
573.746 2584.21
574.746 2589.65
575.746 2558.44
576.746 2565.35
577.747 2582.18
578.747 2576.44
579.747 2582.70
580.747 2519.94
581.748 2513.89
582.748 2474.18
583.748 2480.31
584.749 2470.32
585.749 2473.52
586.749 2478.73
587.749 2477.39
588.750 2434.74
589.750 2449.40
590.750 2455.07
591.750 2410.13
592.751 2422.58
593.751 2421.56
594.751 2392.97
595.752 2379.59
596.752 2387.97
597.752 2374.86
598.753 2381.24
599.753 2380.44
600.753 2377.67
601.754 2350.37
602.754 2337.42
603.754 2347.92
604.755 2334.56
605.755 2338.89
606.755 2343.78
607.755 2345.15
608.755 2339.20
609.756 2341.50
610.756 2343.37
611.756 2312.16
612.757 2309.97
613.757 2308.96
614.757 2311.67
615.758 2314.03
616.758 2322.75
617.759 2330.42
618.759 2335.09
619.759 2324.92
620.759 2330.21
621.760 2334.12
622.760 2334.36
623.761 2330.02
624.761 2324.06
625.761 2324.61
626.762 2315.84
627.762 2254.70
628.762 2276.74
629.762 2267.83
630.763 2277.73
631.763 2205.81
632.763 2125.72
633.763 2115.15
634.764 2117.52
635.764 2120.12
636.764 2117.23
637.765 2123.11
638.765 2119.16
639.765 2112.99
640.766 2113.57
641.766 2119.67
642.766 2124.04
643.766 2144.81
644.766 2161.46
645.766 2166.87
646.767 2171.30
647.767 2158.07
648.767 2173.82
649.768 2192.47
650.768 2206.56
651.768 2227.10
652.769 2231.87
653.769 2234.97
654.769 2261.42
655.770 2280.18
656.770 2277.77
657.770 2244.81
658.770 2248.15
659.771 2258.23
660.771 2257.42
661.771 2260.39
662.772 2266.34
663.772 2221.18
664.772 2225.30
665.773 2226.19
666.773 2233.81
667.773 2243.83
668.773 2166.53
669.774 2177.25
670.774 2182.63
671.775 2183.78
672.775 2139.26
673.775 2142.76
674.775 2152.15
675.776 2169.45
676.776 2170.44
677.776 2127.87
678.776 2131.21
679.777 2134.90
680.777 2141.39
681.777 2153.39
682.778 2159.67
683.778 2190.74
684.778 2195.75
685.779 2190.33
686.779 2197.17
687.780 2178.79
688.780 2176.60
689.780 2177.24
690.780 2188.75
691.781 2203.10
692.781 2187.45
693.781 2203.41
694.782 2182.73
695.782 2208.54
696.782 2224.40
697.783 2264.04
698.783 2280.34
699.783 2295.49
700.783 2283.95
701.784 2323.07
702.784 2361.45
703.785 2353.18
704.785 2368.21
705.785 2374.12
706.786 2373.78
707.786 2382.38
708.786 2359.00
709.786 2355.78
710.787 2364.33
711.787 2371.65
712.787 2343.05
713.787 2352.31
714.787 2351.36
715.788 2345.64
716.788 2351.09
717.788 2353.72
718.789 2340.85
719.789 2343.55
720.790 2348.86
721.790 2370.07
722.790 2379.68
723.791 2374.64
724.791 2377.63
725.792 2384.32
726.792 2385.06
727.792 2389.35
728.793 2399.10
729.793 2416.60
730.793 2425.31
731.794 2431.22
732.794 2431.12
733.794 2435.12
734.795 2436.19
735.795 2406.06
736.795 2358.18
737.795 2370.49
738.795 2369.87
739.796 2359.62
740.796 2358.61
741.796 2350.63
742.797 2344.45
743.797 2368.78
744.797 2400.10
745.798 2398.60
746.798 2411.03
747.798 2388.08
748.799 2395.57
749.799 2397.91
750.799 2404.01
751.799 2423.10
752.799 2440.48
753.800 2452.50
754.800 2436.08
755.800 2471.65
756.800 2484.95
757.801 2510.45
758.801 2482.03
759.801 2449.82
760.802 2421.95
761.802 2434.42
762.802 2447.29
763.802 2435.81
764.803 2433.30
765.803 2438.94
766.803 2425.51
767.804 2430.81
768.804 2435.12
769.804 2438.85
770.805 2455.60
771.805 2494.62
772.805 2508.59
773.805 2475.27
774.806 2486.63
775.806 2493.90
776.806 2507.73
777.807 2529.94
778.807 2545.82
779.807 2552.86
780.807 2552.95
781.808 2568.04
782.808 2577.53
783.809 2493.49
784.809 2493.54
785.809 2469.71
786.809 2489.39
787.810 2510.92
788.810 2520.41
789.810 2510.27
790.811 2516.91
791.811 2519.57
792.812 2522.79
793.812 2519.08
794.812 2525.14
795.812 2524.21
796.813 2469.76
797.813 2482.34
798.813 2486.28
799.814 2500.73
800.814 2504.59
801.814 2511.18
802.815 2514.19
803.815 2497.76
804.815 2509.13
805.816 2524.60
806.816 2541.26
807.816 2538.97
808.817 2532.13
809.817 2536.38
810.817 2525.39
811.817 2547.12
812.818 2542.95
813.818 2552.74
814.818 2567.88
815.819 2570.45
816.819 2576.59
817.820 2582.25
818.820 2604.19
819.820 2618.53
820.821 2612.50
821.821 2621.28
822.821 2636.19
823.822 2650.56
824.822 2618.53
825.822 2627.24
826.822 2543.00
827.823 2547.92
828.823 2561.05
829.823 2586.42
830.824 2596.23
831.824 2618.92
832.824 2640.57
833.825 2653.45
834.825 2662.75
835.825 2649.85
836.825 2665.46
837.826 2659.24
838.826 2664.37
839.826 2681.85
840.827 2691.50
841.827 2701.05
842.827 2716.56
843.828 2720.33
844.828 2663.08
845.828 2672.67
846.828 2690.30
847.828 2702.94
848.829 2717.21
849.829 2723.34
850.830 2731.42
851.830 2719.93
852.830 2698.62
853.831 2689.82
854.831 2686.70
855.831 2698.46
856.831 2688.77
857.832 2703.84
858.832 2717.26
859.833 2717.24
860.833 2717.61
861.833 2744.75
862.833 2769.53
863.834 2778.11
864.834 2751.86
865.835 2791.44
866.835 2825.82
867.835 2825.09
868.835 2833.05
869.836 2841.84
870.836 2871.88
871.836 2885.98
872.836 2887.85
873.837 2883.83
874.837 2869.38
875.837 2890.52
876.838 2850.07
877.838 2863.53
878.838 2874.35
879.839 2876.47
881.039 2874.94
882.039 2802.99
883.040 2808.82
884.040 2808.21
885.040 2820.52
886.040 2821.69
887.041 2819.43
888.041 2842.57
889.041 2861.94
890.042 2871.73
891.042 2884.01
892.043 2895.84
893.043 2881.66
894.043 2886.14
895.044 2892.50
896.044 2894.39
897.044 2880.48
898.044 2900.27
899.045 2903.08
900.045 2912.03
901.046 2899.45
902.046 2890.69
903.046 2894.84
904.047 2888.48
905.047 2895.53
906.047 2880.00
907.047 2895.08
908.048 2883.18
909.048 2896.00
910.049 2915.02
911.049 2919.65
912.049 2923.04
913.050 2877.59
914.050 2875.62
915.050 2870.49
916.051 2847.77
917.051 2852.00
918.051 2862.60
919.051 2883.96
920.052 2888.30
921.052 2898.87
922.053 2933.87
923.053 2972.75
924.053 2985.62
925.054 2993.03
926.054 2956.95
927.054 2972.88
928.055 2984.37
929.055 3001.40
930.055 2985.80
931.055 2962.37
932.056 2967.71
933.056 2981.18
934.057 2941.96
935.057 2942.62
936.057 2949.97
937.057 2956.38
938.058 2960.54
939.058 2948.30
940.058 2955.58
941.059 2952.87
942.059 2969.25
943.059 2995.40
944.060 3008.90
945.060 3017.86
946.060 2998.98
947.061 2989.48
948.061 3012.08
949.061 3022.90
950.062 3049.12
951.062 3038.76
952.062 3039.56
953.063 3022.18
954.063 2901.55
955.063 2910.40
956.063 2916.65
957.063 2920.60
958.064 2921.42
959.064 2930.46
960.064 2944.63
961.065 2950.26
962.065 2881.43
963.065 2895.76
964.066 2911.28
965.066 2909.30
966.066 2916.42
967.067 2864.28
968.067 2850.11
969.067 2850.40
970.067 2856.11
971.068 2848.43
972.068 2849.72
973.068 2789.05
974.069 2793.87
975.069 2800.76
976.069 2808.24
977.070 2793.89
978.070 2796.73
979.070 2797.68
980.071 2806.99
981.071 2782.62
982.071 2786.25
983.072 2804.70
984.072 2799.88
985.072 2810.70
986.073 2811.25
987.073 2804.29
988.073 2812.30
989.074 2790.91
990.074 2816.20
991.074 2802.03
992.075 2819.61
993.075 2836.41
994.075 2814.51
995.076 2812.92
996.076 2801.75
997.076 2800.13
998.077 2803.06
999.077 2707.69
1000.077 2708.63
1001.078 2713.01
1002.078 2723.64
1003.079 2727.78
1004.079 2748.26
1005.079 2757.05
1006.079 2770.78
1007.080 2769.36
1008.080 2771.99
1009.081 2769.92
1010.081 2766.61
1011.081 2773.02
1012.082 2780.95
1013.082 2799.76
1014.082 2784.71
1015.082 2799.88
1016.083 2819.05
1017.083 2820.65
1018.083 2826.75
1019.083 2817.16
1020.084 2821.76
1021.084 2823.51
1022.084 2820.26
1023.085 2829.01
1024.085 2828.59
1025.086 2845.67
1026.086 2845.24
1027.086 2852.91
1028.087 2861.00
1029.087 2867.62
1030.088 2853.56
1031.089 2850.77
1032.089 2827.72
1033.090 2812.98
1034.090 2828.45
1035.091 2839.51
1036.091 2846.14
1037.092 2778.51
1038.092 2781.08
1039.093 2786.16
1040.093 2795.75
1041.094 2812.63
1042.094 2838.41
1043.095 2859.23
1044.095 2869.17
1045.095 2882.45
1046.096 2884.58
1047.096 2887.10
1048.097 2895.73
1049.097 2906.70
1050.097 2913.50
1051.098 2905.70
1052.098 2913.83
1053.099 2870.33
1054.099 2876.21
1055.100 2859.34
1056.101 2869.51
1057.101 2853.71
1058.102 2860.97
1059.102 2861.79
1060.103 2862.23
1061.103 2873.70
1062.104 2874.82
1063.104 2876.00
1064.105 2879.96
1065.105 2838.32
1066.106 2847.36
1067.106 2859.65
1068.107 2886.00
1069.108 2891.27
1070.108 2907.29
1071.108 2918.02
1072.109 2909.30
1073.109 2917.49
1074.110 2919.72
1075.110 2910.45
1076.111 2874.44
1077.111 2798.62
1078.112 2804.94
1079.112 2806.56
1080.113 2806.95
1081.113 2814.80
1082.114 2759.03
1083.114 2764.13
1084.115 2705.14
1085.115 2634.49
1086.116 2631.91
1087.116 2633.04
1088.117 2621.38
1089.117 2606.71
1090.117 2569.34
1091.118 2535.28
1092.119 2546.97
1093.119 2565.95
1094.120 2573.87
1095.120 2552.54
1096.120 2556.70
1097.121 2517.05
1098.122 2520.05
1099.123 2523.74
1100.124 2517.19
1101.124 2510.83
1102.124 2530.08
1103.125 2551.95
1104.125 2579.97
1105.126 2576.79
1106.127 2594.82
1107.127 2607.08
1108.127 2616.34
1109.128 2637.17
1110.128 2638.54
1111.129 2643.42
1112.129 2649.89
1113.130 2657.49
1114.130 2656.30
1115.131 2633.73
1116.131 2640.54
1117.132 2637.73
1118.132 2639.18
1119.133 2641.96
1120.133 2654.93
1121.133 2665.98
1122.134 2673.37
1123.135 2641.58
1124.135 2651.44
1125.135 2614.60
1126.136 2618.08
1127.136 2601.51
1128.137 2613.87
1129.137 2624.57
1130.138 2625.27
1131.138 2484.14
1132.139 2496.92
1133.139 2505.23
1134.140 2501.02
1135.140 2508.60
1136.141 2515.39
1137.141 2526.00
1138.142 2528.33
1139.142 2527.10
1140.143 2534.73
1141.143 2527.31
1142.144 2510.57
1143.144 2531.51
1144.145 2553.13
1145.145 2552.20
1146.146 2596.27
1147.146 2637.37
1148.147 2647.78
1149.147 2640.83
1150.148 2653.55
1151.148 2650.35
1152.149 2639.29
1153.149 2639.15
1154.150 2522.93
1155.150 2534.07
1156.151 2532.48
1157.151 2548.15
1158.151 2548.34
1159.152 2545.96
1160.152 2524.78
1161.153 2533.22
1162.153 2545.52
1163.154 2545.15
1164.154 2507.79
1165.155 2504.91
1166.155 2512.89
1167.156 2507.16
1168.156 2514.12
1169.157 2507.35
1170.157 2507.46
1171.158 2513.33
1172.158 2536.52
1173.159 2557.82
1174.159 2513.03
1175.160 2499.02
1176.160 2474.70
1177.161 2429.97
1178.161 2439.68
1179.162 2428.03
1180.162 2445.82
1181.163 2432.80
1182.163 2437.17
1183.164 2447.54
1184.164 2430.49
1185.164 2458.68
1186.165 2472.05
1187.165 2437.77
1188.166 2445.87
1189.166 2456.01
1190.167 2445.88
1191.167 2424.24
1192.168 2432.35
1193.168 2432.50
1194.169 2448.11
1195.169 2459.00
1196.179 2464.15
1197.179 2457.27
1198.180 2466.10
1199.180 2466.94
1200.181 2476.16
1201.181 2462.56
1202.182 2454.73
1203.182 2454.92
1204.182 2453.27
1205.183 2445.70
1206.183 2454.77
1207.184 2456.42
1208.184 2467.34
1209.185 2450.35
1210.185 2453.41
1211.186 2446.73
1212.386 2450.07
1213.387 2451.36
1214.387 2423.90
1215.388 2424.38
1216.388 2394.91
1217.389 2385.33
1218.389 2399.16
1219.389 2410.21
1220.390 2411.86
1221.390 2420.65
1222.391 2428.84
1223.391 2422.02
1224.392 2410.44
1225.392 2410.75
1226.393 2430.31
1227.393 2409.43
1228.394 2422.16
1229.394 2430.06
1230.395 2460.33
1231.395 2463.71
1232.396 2463.21
1233.396 2466.33
1234.397 2471.21
1235.397 2433.52
1236.397 2446.49
1237.398 2452.40
1238.398 2464.59
1239.399 2458.66
1240.399 2458.72
1241.400 2462.05
1242.400 2442.84
1243.400 2433.96
1244.401 2446.68
1245.401 2438.61
1246.402 2452.31
1247.402 2442.36
1248.403 2429.55
1249.403 2436.98
1250.404 2443.58
1251.404 2448.86
1252.405 2434.90
1253.405 2450.57
1254.406 2467.95
1255.406 2481.13
1256.407 2481.63
1257.407 2496.85
1258.408 2512.75
1259.408 2527.24
1260.409 2478.45
1261.409 2483.89
1262.410 2489.52
1263.410 2521.20
1264.411 2527.29
1265.411 2535.96
1266.411 2538.64
1267.412 2489.51
1268.413 2459.42
1269.413 2449.71
1270.413 2458.80
1271.414 2453.73
1272.414 2458.34
1273.415 2456.87
1274.415 2439.31
1275.416 2441.23
1276.416 2392.69
1277.417 2395.57
1278.417 2400.49
1279.417 2375.42
1280.418 2339.58
1281.419 2324.16
1282.419 2313.36
1283.419 2286.46
1284.420 2289.19
1285.420 2300.90
1286.421 2303.97
1287.421 2307.67
1288.422 2305.59
1289.422 2310.53
1290.423 2315.23
1291.423 2337.10
1292.423 2354.21
1293.424 2332.30
1294.424 2319.57
1295.425 2331.83
1296.425 2345.78
1297.426 2343.88
1298.426 2354.55
1299.426 2358.47
1300.427 2373.07
1301.427 2383.20
1302.428 2351.07
1303.428 2357.28
1304.429 2355.54
1305.429 2361.42
1306.430 2370.72
1307.430 2346.41
1308.431 2365.29
1309.432 2379.16
1310.432 2395.55
1311.433 2397.36
1312.433 2417.63
1313.433 2427.62
1314.434 2437.02
1315.434 2398.90
1316.435 2416.07
1317.435 2409.56
1318.436 2405.87
1319.437 2403.67
1320.437 2407.20
1321.438 2400.89
1322.438 2406.10
1323.439 2419.60
1324.439 2427.40
1325.440 2320.79
1326.440 2325.58
1327.441 2346.71
1328.441 2340.46
1329.442 2346.99
1330.442 2377.39
1331.443 2378.96
1332.443 2386.16
1333.444 2392.85
1334.444 2385.49
1335.444 2392.88
1336.445 2402.74
1337.445 2410.39
1338.446 2407.12
1339.446 2389.47
1340.447 2398.59
1341.447 2376.54
1342.448 2357.23
1343.448 2373.18
1344.449 2389.86
1345.449 2400.33
1346.450 2403.71
1347.450 2414.06
1348.451 2407.09
1349.451 2406.34
1350.451 2397.48
1351.452 2405.72
1352.453 2413.92
1353.453 2425.82
1354.454 2438.80
1355.454 2431.09
1356.455 2434.44
1357.455 2435.55
1358.456 2440.31
1359.456 2457.76
1360.457 2446.69
1361.457 2437.24
1362.457 2450.39
1363.458 2460.95
1364.458 2467.65
1365.459 2473.01
1366.459 2471.10
1367.460 2457.17
1368.460 2465.90
1369.461 2465.93
1370.461 2465.96
1371.462 2469.38
1372.463 2460.79
1373.463 2451.97
1374.464 2453.13
1375.464 2447.05
1376.464 2457.00
1377.465 2424.97
1378.465 2439.73
1379.466 2448.24
1380.466 2451.53
1381.466 2447.46
1382.467 2448.58
1383.468 2465.27
1384.468 2460.91
1385.469 2469.15
1386.469 2444.77
1387.469 2447.30
1388.470 2458.61
1389.470 2404.76
1390.471 2407.19
1391.471 2377.66
1392.472 2372.98
1393.472 2386.82
1394.473 2400.63
1395.473 2412.84
1396.474 2407.53
1397.475 2417.22
1398.475 2414.41
1399.476 2419.37
1400.476 2431.52
1401.476 2387.17
1402.477 2386.99
1403.477 2374.12
1404.478 2376.89
1405.478 2381.09
1406.479 2382.07
1407.479 2388.13
1408.680 2393.47
1409.680 2394.42
1410.680 2381.31
1411.684 2354.46
1412.685 2357.70
1413.686 2364.15
1414.686 2365.57
1415.687 2368.58
1416.687 2375.09
1417.688 2379.50
1418.688 2365.26
1419.688 2371.16
1420.689 2385.82
1421.690 2387.15
1422.690 2413.83
1423.691 2412.81
1424.691 2346.58
1425.691 2334.13
1426.692 2344.47
1427.692 2351.41
1428.693 2359.57
1429.693 2362.96
1430.694 2375.01
1431.694 2385.72
1432.695 2380.77
1433.695 2360.41
1434.695 2349.53
1435.696 2343.22
1436.696 2339.08
1437.697 2350.07
1438.698 2339.04
1439.698 2340.62
1440.698 2333.88
1441.699 2333.72
1442.700 2299.55
1443.701 2314.01
1444.701 2324.59
1445.702 2318.51
1446.702 2317.48
1447.703 2337.43
1448.703 2349.30
1449.704 2348.63
1450.705 2331.60
1451.705 2333.35
1452.706 2320.55
1453.706 2325.32
1454.707 2334.98
1455.707 2252.16
1456.708 2255.90
1457.708 2264.35
1458.709 2275.50
1459.709 2289.73
1460.709 2300.75
1461.710 2314.28
1462.710 2339.15
1463.711 2350.07
1464.711 2353.79
1465.712 2368.32
1466.712 2319.17
1467.713 2328.40
1468.713 2329.81
1469.713 2314.50
1470.714 2331.40
1471.714 2344.40
1472.715 2351.12
1473.715 2344.18
1474.716 2282.33
1475.716 2285.92
1476.717 2287.88
1477.717 2289.55
1478.718 2291.91
1479.718 2296.17
1480.719 2310.50
1481.719 2327.53
1482.720 2331.49
1483.721 2333.58
1484.721 2328.78
1485.722 2330.25
1486.722 2315.76
1487.723 2283.57
1488.725 2295.04
1489.725 2300.68
1490.726 2304.91
1491.726 2305.72
1492.727 2295.37
1493.727 2289.27
1494.728 2267.46
1495.729 2294.44
1496.729 2307.23
1497.729 2308.23
1498.730 2249.19
1499.731 2143.60
1500.731 2136.60
1501.732 2159.58
1502.732 2175.57
1503.732 2178.73
1504.733 2159.61
1505.734 2165.46
1506.734 2169.51
1507.735 2148.12
1508.735 2163.18
1509.736 2153.25
1510.736 2137.26
1511.737 2145.45
1512.737 2140.82
1513.737 2153.40
1514.738 2151.12
1515.738 2170.44
1516.739 2179.85
1517.739 2186.68
1518.740 2192.45
1519.740 2175.55
1520.741 2182.40
1521.741 2190.65
1522.742 2200.72
1523.742 2205.07
1524.743 2208.40
1525.743 2233.24
1526.743 2235.88
1527.744 2219.51
1528.744 2199.25
1529.745 2210.27
1530.745 2251.15
1531.746 2258.94
1532.746 2247.69
1533.747 2255.13
1534.748 2262.07
1535.748 2255.14
1536.748 2266.07
1537.749 2278.47
1538.749 2281.34
1539.750 2286.95
1540.751 2275.89
1541.751 2284.59
1542.751 2291.27
1543.752 2291.29
1544.752 2291.09
1545.753 2291.08
1546.754 2290.23
1547.754 2302.94
1548.755 2322.19
1549.755 2342.34
1550.755 2352.96
1551.756 2357.54
1552.756 2299.71
1553.757 2302.22
1554.757 2306.27
1555.758 2315.25
1556.758 2312.09
1557.759 2323.57
1558.759 2333.07
1559.760 2310.11
1560.760 2313.61
1561.762 2317.21
1562.762 2319.76
1563.763 2309.06
1564.764 2301.15
1565.768 2307.81
1566.768 2310.05
1567.769 2317.98
1568.769 2321.80
1569.770 2324.65
1570.770 2323.16
1571.771 2322.19
1572.771 2330.43
1573.773 2340.49
1574.774 2325.04
1575.774 2310.48
1576.775 2315.08
1577.775 2325.94
1578.776 2333.86
1579.776 2337.38
1580.777 2327.58
1581.777 2336.10
1582.778 2353.01
1583.778 2355.74
1584.779 2357.67
1585.780 2361.16
1586.780 2367.81
1587.781 2374.05
1588.781 2375.58
1589.782 2368.76
1590.782 2371.61
1591.783 2375.77
1592.783 2368.07
1593.784 2356.93
1594.785 2348.90
1595.785 2352.68
1596.785 2347.41
1597.786 2343.01
1598.786 2339.50
1599.787 2348.66
1600.787 2353.74
1601.788 2350.76
1602.788 2348.82
1603.789 2330.67
1604.789 2318.20
1605.790 2322.18
1606.790 2330.77
1607.790 2333.18
1608.791 2343.49
1609.792 2345.76
1610.792 2359.60
1611.793 2371.98
1612.794 2390.81
1613.794 2399.04
1614.795 2421.54
1615.795 2429.42
1616.796 2451.08
1617.796 2472.90
1618.797 2491.26
1619.797 2502.89
1620.798 2512.20
1621.798 2531.83
1622.799 2540.67
1623.799 2553.00
1624.800 2555.32
1625.800 2556.86
1626.800 2576.80
1627.801 2604.82
1628.801 2578.17
1629.802 2578.98
1630.802 2584.12
1631.803 2596.17
1632.803 2628.47
1633.804 2636.52
1634.804 2627.00
1635.805 2639.27
1636.805 2623.95
1637.806 2635.29
1638.806 2648.24
1639.807 2657.33
1640.807 2673.45
1641.808 2646.65
1642.808 2584.05
1643.809 2591.02
1644.809 2610.65
1645.810 2629.42
1646.810 2635.06
1647.811 2642.96
1648.811 2624.21
1649.812 2628.15
1650.812 2632.74
1651.813 2638.69
1652.813 2649.76
1653.813 2646.27
1654.814 2631.57
1655.814 2633.01
1656.815 2642.37
1657.815 2654.98
1658.816 2659.06
1659.816 2602.51
1660.816 2613.84
1661.817 2623.24
1662.817 2620.17
1663.818 2608.62
1664.818 2621.04
1665.819 2631.87
1666.819 2640.71
1667.820 2655.74
1668.820 2656.28
1669.821 2634.47
1670.821 2607.77
1671.822 2616.86
1672.822 2618.78
1673.823 2636.35
1674.823 2617.59
1675.824 2626.02
1676.824 2621.57
1677.825 2633.76
1678.825 2635.44
1679.825 2638.69
1680.826 2641.89
1681.826 2634.35
1682.827 2606.93
1683.827 2618.69
1684.828 2619.96
1685.828 2621.42
1686.829 2644.06
1687.829 2554.99
1688.829 2559.06
1689.830 2571.88
1690.830 2575.54
1691.831 2596.06
1692.831 2607.68
1693.832 2623.26
1694.832 2614.25
1695.833 2623.99
1696.833 2621.05
1697.834 2623.53
1698.835 2564.43
1699.835 2571.16
1700.836 2571.95
1701.836 2575.59
1702.837 2582.15
1703.838 2598.99
1704.838 2592.54
1705.838 2527.82
1706.839 2545.56
1707.839 2565.85
1708.840 2564.08
1709.840 2578.23
1710.841 2548.00
1711.841 2551.30
1712.842 2540.06
1713.842 2537.19
1714.842 2546.93
1715.843 2550.26
1716.843 2483.97
1717.844 2485.44
1718.844 2458.59
1719.845 2444.99
1720.845 2440.22
1721.845 2440.49
1722.846 2448.92
1723.846 2456.81
1724.847 2465.11
1725.847 2460.56
1726.848 2475.39
1727.848 2472.84
1728.849 2493.17
1729.849 2480.76
1730.849 2484.04
1731.850 2486.48
1732.850 2490.73
1733.851 2506.39
1734.851 2517.19
1735.852 2526.52
1736.852 2472.54
1737.852 2477.56
1738.853 2490.15
1739.853 2495.82
1740.854 2496.65
1741.854 2502.06
1742.855 2488.07
1743.855 2501.44
1744.856 2499.30
1745.856 2498.10
1746.857 2505.16
1747.857 2518.18
1748.858 2524.11
1749.858 2527.70
1750.859 2526.34
1751.859 2541.05
1752.860 2561.12
1753.860 2567.81
1754.861 2575.51
1755.861 2590.57
1756.862 2586.96
1757.862 2598.44
1758.863 2608.43
1759.863 2588.45
1760.864 2592.31
1761.864 2607.92
1762.865 2616.03
1763.865 2623.96
1764.865 2624.75
1765.866 2620.52
1766.867 2622.79
1767.867 2631.98
1768.868 2636.62
1769.868 2637.24
1770.869 2614.63
1771.869 2556.67
1772.870 2561.14
1773.870 2561.09
1774.870 2571.41
1775.871 2553.44
1776.871 2553.22
1777.872 2552.20
1778.872 2551.57
1779.873 2543.50
1780.873 2546.06
1781.874 2558.22
1782.874 2557.88
1783.875 2576.34
1784.875 2597.66
1785.876 2586.56
1786.876 2604.87
1787.877 2541.20
1788.877 2548.20
1789.878 2517.37
1790.878 2510.46
1791.879 2499.68
1792.879 2534.10
1793.880 2526.78
1794.880 2538.60
1795.881 2538.01
1796.881 2541.72
1797.882 2560.06
1798.882 2569.97
1799.883 2581.63
1800.883 2564.22
1801.883 2594.92
1802.884 2627.79
1803.884 2657.49
1804.885 2664.77
1805.885 2691.62
1806.886 2688.96
1807.886 2623.37
1808.886 2624.62
1809.887 2601.75
1810.887 2610.27
1811.888 2619.34
1812.888 2622.91
1813.889 2634.35
1814.889 2625.21
1815.890 2617.98
1816.890 2622.87
1817.890 2594.75
1818.891 2596.61
1819.891 2617.81
1820.891 2630.34
1821.892 2622.20
1822.892 2637.41
1823.893 2594.53
1824.893 2615.42
1825.894 2625.74
1826.894 2655.65
1827.895 2681.95
1828.895 2668.68
1829.896 2670.61
1830.896 2677.01
1831.897 2676.37
1832.897 2689.81
1833.897 2694.94
1834.898 2699.94
1835.899 2696.47
1836.899 2695.89
1837.900 2672.84
1838.901 2683.77
1839.901 2684.82
1840.901 2635.20
1841.902 2615.11
1842.902 2624.73
1843.903 2627.65
1844.903 2625.52
1845.904 2646.77
1846.904 2615.55
1847.904 2601.19
1848.905 2618.13
1849.906 2636.23
1850.906 2653.86
1851.907 2665.48
1852.907 2663.51
1853.908 2674.05
1854.908 2622.95
1855.909 2624.95
1856.909 2627.57
1857.909 2633.91
1858.910 2628.04
1859.910 2639.42
1860.911 2648.37
1861.911 2652.83
1862.912 2666.97
1863.913 2655.08
1864.913 2657.86
1865.914 2662.57
1866.914 2658.20
1867.915 2668.35
1868.915 2668.41
1869.916 2662.24
1870.916 2657.83
1871.916 2594.03
1872.917 2573.76
1873.918 2572.00
1874.918 2536.74
1875.919 2543.80
1876.919 2561.47
1877.920 2557.55
1878.920 2564.15
1879.921 2575.91
1880.921 2582.33
1881.922 2581.78
1882.922 2587.40
1883.923 2591.29
1884.923 2583.36
1885.924 2582.93
1886.924 2582.38
1887.924 2592.06
1888.925 2584.54
1889.925 2595.60
1890.926 2600.86
1891.926 2591.48
1892.927 2594.65
1893.927 2593.68
1894.928 2597.30
1895.928 2595.91
1896.929 2589.00
1897.929 2591.23
1898.930 2576.22
1899.930 2566.43
1900.930 2548.91
1901.931 2557.07
1902.931 2545.29
1903.932 2552.64
1904.932 2554.68
1905.933 2556.36
1906.933 2567.43
1907.933 2558.39
1908.934 2562.04
1909.934 2567.30
1910.935 2565.07
1911.935 2560.56
1912.936 2567.51
1913.936 2571.91
1914.937 2580.24
1915.937 2594.72
1916.938 2594.71
1917.938 2573.98
1918.939 2551.81
1919.940 2570.54
1920.940 2577.24
1921.941 2583.80
1922.941 2576.41
1923.942 2581.77
1924.942 2582.07
1925.943 2516.35
1926.943 2511.93
1927.944 2497.52
1928.944 2494.08
1929.945 2487.89
1930.945 2492.31
1931.946 2455.90
1932.946 2464.90
1933.946 2477.09
1934.947 2455.81
1935.948 2467.59
1936.948 2469.27
1937.948 2402.99
1938.949 2418.60
1939.949 2424.43
1940.950 2438.16
1941.951 2437.41
1942.951 2445.63
1943.952 2460.18
1944.952 2462.96
1945.953 2469.10
1946.953 2490.48
1947.954 2501.91
1948.954 2501.40
1949.955 2499.64
1950.955 2517.02
1951.956 2526.55
1952.956 2542.59
1953.957 2521.70
1954.957 2507.55
1955.958 2525.29
1956.958 2506.83
1957.958 2462.18
1958.959 2451.41
1959.959 2467.47
1960.960 2484.41
1961.961 2510.89
1962.961 2523.79
1963.962 2485.16
1964.963 2497.07
1965.963 2524.21
1966.964 2531.65
1967.964 2450.63
1968.965 2456.35
1969.965 2419.88
1970.966 2432.47
1971.967 2439.88
1972.967 2453.05
1973.968 2465.01
1974.968 2473.87
1975.969 2471.36
1976.969 2469.62
1977.969 2485.62
1978.970 2490.50
1979.970 2450.86
1980.971 2439.83
1981.972 2437.19
1982.972 2439.58
1983.972 2418.87
1984.973 2422.07
1985.973 2419.19
1986.974 2410.35
1987.974 2390.73
1988.975 2392.74
1989.975 2393.15
1990.976 2403.49
1991.976 2415.17
1992.977 2388.21
1993.977 2405.70
1994.978 2411.89
1995.978 2423.46
1996.979 2449.28
1997.979 2462.37
1998.980 2458.86
1999.980 2472.10
2000.981 2516.88
2001.981 2549.42
2002.982 2540.98
2003.982 2563.42
2004.983 2537.90
2005.984 2532.64
2006.984 2545.84
2007.985 2552.56
2008.985 2545.35
2009.986 2549.43
2010.986 2512.23
2011.987 2519.79
2012.987 2533.65
2013.988 2509.87
2014.988 2522.37
2015.988 2477.40
2016.989 2485.55
2017.989 2501.08
2018.990 2453.79
2019.990 2437.77
2020.991 2429.55
2021.991 2435.58
2022.991 2436.86
2023.992 2403.47
2024.992 2381.54
2025.993 2391.24
2026.993 2396.95
2027.994 2414.94
2028.994 2418.39
2029.995 2448.82
2030.995 2473.08
2031.995 2495.63
2032.996 2507.51
2033.996 2529.99
2034.997 2537.48
2035.997 2530.88
2036.998 2521.43
2037.998 2524.49
2038.999 2528.66
2039.999 2515.52
2041.000 2487.73
2042.000 2502.89
2043.001 2503.68
2044.001 2511.21
2045.002 2514.03
2046.002 2524.15
2047.003 2511.21
2048.003 2451.41
2049.004 2441.01
2050.005 2454.07
2051.006 2458.23
2052.007 2475.45
2053.008 2476.56
2054.009 2484.22
2055.010 2452.27
2056.011 2447.24
2057.012 2452.87
2058.013 2466.10
2059.014 2493.61
2060.015 2511.01
2061.016 2529.78
2062.017 2544.67
2063.018 2562.84
2064.019 2578.61
2065.020 2602.06
2066.021 2511.51
2067.022 2522.22
2068.023 2536.60
2069.024 2536.98
2070.025 2535.58
2071.026 2549.59
2072.027 2549.99
2073.028 2549.50
2074.029 2551.34
2075.030 2557.94
2076.031 2567.93
2077.031 2579.92
2078.032 2529.15
2079.033 2525.85
2080.034 2528.02
2081.035 2534.67
2082.036 2513.07
2083.037 2520.46
2084.038 2517.46
2085.039 2527.41
2086.040 2536.03
2087.041 2541.85
2088.042 2547.30
2089.043 2549.44
2090.044 2559.87
2091.045 2555.74
2092.046 2560.51
2093.047 2586.63
2094.048 2604.91
2095.049 2613.88
2096.050 2605.75
2097.051 2606.94
2098.052 2607.54
2099.053 2621.59
2100.054 2634.90
2101.055 2637.20
2102.056 2623.89
2103.057 2637.83
2104.058 2653.73
2105.059 2642.52
2106.060 2656.34
2107.061 2678.59
2108.062 2671.14
2109.063 2692.92
2110.064 2716.60
2111.065 2702.17
2112.066 2706.40
2113.067 2712.95
2114.068 2633.68
2115.069 2638.54
2116.070 2628.18
2117.071 2616.42
2118.072 2586.61
2119.073 2606.23
2120.074 2608.22
2121.075 2619.48
2122.076 2631.37
2123.077 2630.28
2124.078 2637.97
2125.079 2640.20
2126.080 2647.43
2127.081 2652.40
2128.082 2659.16
2129.083 2657.29
2130.083 2648.94
2131.084 2650.48
2132.085 2653.26
2133.086 2662.23
2134.087 2670.77
2135.088 2685.49
2136.089 2710.51
2137.090 2709.67
2138.091 2706.19
2139.092 2627.38
2140.093 2643.79
2141.094 2559.02
2142.095 2569.76
2143.096 2569.72
2144.097 2572.16
2145.098 2575.83
2146.099 2541.46
2147.100 2525.83
2148.101 2532.78
2149.102 2556.91
2150.103 2590.44
2151.104 2609.39
2152.105 2619.84
2153.106 2633.78
2154.107 2593.48
2155.108 2598.97
2156.109 2556.11
2157.110 2565.18
2158.111 2570.48
2159.112 2580.57
2160.113 2571.27
2161.114 2577.94
2162.115 2578.90
2163.116 2565.37
2164.117 2547.57
2165.118 2558.40
2166.119 2565.42
2167.120 2558.53
2168.121 2573.67
2169.122 2586.82
2170.123 2582.17
2171.124 2575.53
2172.125 2528.52
2173.125 2546.46
2174.126 2550.65
2175.127 2467.81
2176.128 2424.05
2177.129 2433.51
2178.130 2365.44
2179.131 2375.57
2180.132 2320.02
2181.133 2264.45
2182.134 2276.56
2183.135 2287.02
2184.336 2294.55
2185.137 2280.05
2186.138 2264.62
2187.139 2271.83
2188.140 2272.89
2189.141 2278.48
2190.142 2276.61
2191.143 2259.41
2192.144 2245.75
2193.145 2252.17
2194.146 2264.33
2195.147 2274.06
2196.148 2257.82
2197.149 2252.30
2198.150 2259.64
2199.151 2231.60
2200.152 2233.50
2201.153 2233.32
2202.154 2232.06
2203.155 2230.77
2204.156 2237.51
2205.357 2235.17
2206.358 2252.80
2207.359 2238.38
2208.360 2215.02
2209.361 2234.77
2210.362 2238.63
2211.363 2231.02
2212.364 2243.89
2213.365 2251.41
2214.366 2239.34
2215.367 2245.46
2216.368 2251.41
2217.369 2272.90
2218.370 2294.55
2219.371 2293.86
2220.372 2266.67
2221.373 2257.98
2222.374 2267.61
2223.375 2280.58
2224.375 2288.69
2225.376 2305.06
2226.377 2311.59
2227.378 2296.16
2228.379 2299.39
2229.380 2296.02
2230.381 2303.47
2231.382 2312.88
2232.383 2318.68
2233.384 2318.31
2234.385 2323.67
2235.386 2280.80
2236.387 2284.81
2237.388 2280.51
2238.389 2254.84
2239.390 2212.90
2240.391 2214.01
2241.392 2211.02
2242.393 2217.85
2243.394 2228.47
2244.395 2235.01
2245.396 2232.72
2246.397 2234.84
2247.398 2206.35
2248.399 2207.45
2249.400 2211.69
2250.401 2192.73
2251.402 2194.96
2252.403 2188.92
2253.404 2187.78
2254.405 2184.45
2255.406 2196.14
2256.407 2203.89
2257.408 2214.33
2258.409 2177.79
2259.410 2195.93
2260.411 2195.87
2261.412 2142.91
2262.413 2157.30
2263.414 2176.78
2264.415 2201.91
2265.416 2210.40
2266.417 2203.80
2267.417 2191.44
2268.418 2206.25
2269.419 2209.22
2270.420 2205.69
2271.421 2219.90
2272.422 2202.84
2273.423 2212.56
2274.424 2208.28
2275.425 2213.35
2276.426 2211.28
2277.427 2202.97
2278.428 2178.54
2279.429 2158.99
2280.430 2165.90
2281.431 2136.82
2282.432 2154.19
2283.433 2172.31
2284.434 2216.85
2285.435 2225.73
2286.436 2229.87
2287.437 2239.57
2288.438 2235.31
2289.439 2218.88
2290.440 2228.34
2291.441 2231.39
2292.442 2237.34
2293.443 2244.97
2294.444 2246.00
2295.445 2249.24
2296.446 2247.98
2297.447 2255.88
2298.448 2179.28
2299.449 2183.10
2300.450 2181.23
2301.451 2133.69
2302.452 2125.84
2303.453 2139.83
2304.454 2155.62
2305.455 2163.28
2306.456 2168.25
2307.457 2138.51
2308.458 2163.50
2309.458 2131.74
2310.459 2127.99
2311.460 2119.23
2312.461 2116.45
2313.463 2105.63
2314.464 2107.09
2315.465 2113.00
2316.466 2115.16
2317.467 2111.01
2318.468 2104.16
2319.469 2110.66
2320.469 2115.37
2321.470 2116.29
2322.471 2085.58
2323.472 2080.48
2324.473 2073.07
2325.474 2097.52
2326.475 2132.39
2327.476 2130.16
2328.477 2136.06
2329.478 2122.75
2330.479 2140.06
2331.480 2111.84
2332.481 2107.01
2333.482 2092.76
2334.483 2081.66
2335.484 2058.90
2336.485 2066.39
2337.486 2073.70
2338.487 2067.15
2339.488 2069.37
2340.489 2042.80
2341.490 2058.73
2342.491 2080.64
2343.492 2112.96
2344.493 2158.74
2345.494 2189.17
2346.495 2216.10
2347.496 2221.06
2348.497 2235.97
2349.498 2235.20
2350.499 2242.60
2351.500 2250.78
2352.501 2258.66
2353.502 2268.67
2354.503 2277.02
2355.504 2272.29
2356.505 2275.33
2357.506 2268.33
2358.507 2272.26
2359.508 2283.55
2360.509 2286.14
2361.510 2298.66
2362.510 2273.73
2363.511 2308.27
2364.512 2319.28
2365.513 2340.21
2366.514 2340.76
2367.515 2367.33
2368.516 2382.00
2369.517 2394.58
2370.518 2404.07
2371.519 2415.73
2372.520 2415.82
2373.521 2405.21
2374.522 2421.43
2375.523 2437.62
2376.524 2442.32
2377.525 2428.07
2378.526 2394.94
2379.527 2408.81
2380.528 2383.21
2381.529 2371.76
2382.531 2383.85
2383.531 2397.10
2384.532 2399.53
2385.533 2407.06
2386.534 2430.71
2387.535 2428.46
2388.536 2422.31
2389.537 2445.22
2390.538 2460.88
2391.539 2437.83
2392.540 2433.67
2393.541 2441.87
2394.542 2451.03
2395.543 2453.33
2396.544 2457.80
2397.545 2460.94
2398.546 2443.86
2399.547 2453.59
2400.548 2433.86
2401.549 2454.74
2402.550 2468.71
2403.551 2476.82
2404.552 2476.31
2405.553 2478.85
2406.554 2482.00
2407.555 2498.04
2408.556 2473.84
2409.557 2458.98
2410.558 2483.22
2411.559 2498.11
2412.560 2510.15
2413.561 2490.62
2414.562 2496.86
2415.563 2495.32
2416.564 2501.24
2417.565 2511.21
2418.566 2515.93
2419.567 2454.74
2420.568 2452.99
2421.569 2455.08
2422.570 2462.34
2423.571 2450.82
2424.572 2449.78
2425.573 2399.25
2426.573 2420.68
2427.574 2424.44
2428.575 2440.02
2429.576 2444.44
2430.577 2460.62
2431.578 2464.95
2432.579 2439.70
2433.580 2453.95
2434.581 2466.43
2435.582 2466.82
2436.583 2479.07
2437.584 2468.35
2438.585 2487.63
2439.586 2501.18
2440.587 2514.33
2441.588 2510.52
2442.589 2484.93
2443.590 2434.63
2444.591 2435.87
2445.592 2432.77
2446.593 2392.37
2447.594 2391.79
2448.595 2388.04
2449.596 2394.96
2450.597 2366.51
2451.598 2388.46
2452.599 2401.95
2453.600 2412.93
2454.601 2429.76
2455.602 2438.76
2456.603 2436.80
2457.604 2445.85
2458.605 2410.91
2459.606 2393.32
2460.607 2382.39
2461.608 2364.25
2462.609 2353.32
2463.610 2360.65
2464.611 2363.95
2465.612 2372.41
2466.613 2374.72
2467.614 2379.18
2468.615 2379.09
2469.615 2387.14
2470.616 2395.55
2471.617 2391.02
2472.618 2389.72
2473.619 2387.01
2474.620 2388.77
2475.621 2388.01
2476.622 2378.85
2477.623 2360.58
2478.624 2371.23
2479.625 2322.01
2480.626 2315.05
2481.627 2307.55
2482.628 2304.03
2483.629 2315.87
2484.630 2326.50
2485.631 2334.41
2486.632 2271.31
2487.633 2280.25
2488.634 2277.02
2489.635 2286.58
2490.636 2289.97
2491.637 2257.25
2492.638 2240.35
2493.639 2244.15
2494.640 2257.55
2495.641 2273.32
2496.642 2279.73
2497.643 2257.50
2498.644 2268.01
2499.645 2268.10
2500.646 2267.39
2501.647 2277.27
2502.648 2284.97
2503.649 2288.33
2504.650 2291.88
2505.651 2302.72
2506.652 2288.15
2507.653 2280.92
2508.654 2283.52
2509.655 2277.18
2510.656 2278.16
2511.656 2241.13
2512.657 2258.58
2513.658 2258.64
2514.659 2260.07
2515.660 2222.29
2516.661 2185.84
2517.662 2195.20
2518.663 2193.96
2519.664 2203.92
2520.665 2204.42
2521.666 2193.50
2522.667 2172.48
2523.668 2127.88
2524.669 2103.60
2525.670 2102.94
2526.671 2098.96
2527.672 2107.01
2528.673 2109.86
2529.674 2118.94
2530.675 2121.49
2531.676 2132.12
2532.677 2139.08
2533.678 2139.87
2534.679 2140.77
2535.680 2130.92
2536.681 2122.19
2537.682 2148.37
2538.683 2141.82
2539.684 2160.45
2540.685 2128.64
2541.686 2134.25
2542.687 2139.65
2543.688 2137.96
2544.689 2166.56
2545.690 2178.04
2546.691 2175.91
2547.692 2177.68
2548.693 2159.86
2549.694 2160.27
2550.695 2143.90
2551.696 2152.75
2552.697 2157.91
2553.698 2135.61
2554.698 2120.49
2555.699 2150.89
2556.700 2190.54
2557.701 2152.80
2558.702 2167.72
2559.703 2181.71
2560.704 2185.92
2561.705 2186.18
2562.706 2192.60
2563.707 2200.77
2564.708 2206.85
2565.709 2204.88
2566.710 2206.82
2567.711 2208.16
2568.712 2219.06
2569.713 2214.49
2570.714 2217.03
2571.715 2223.53
2572.716 2221.77
2573.717 2227.55
2574.718 2228.50
2575.719 2214.54
2576.720 2210.21
2577.721 2216.40
2578.722 2233.68
2579.723 2245.19
2580.724 2253.41
2581.725 2285.80
2582.726 2307.29
2583.727 2310.70
2584.728 2312.83
2585.729 2312.13
2586.730 2318.68
2587.731 2309.73
2588.732 2325.45
2589.733 2331.51
2590.734 2320.98
2591.735 2356.23
2592.736 2378.70
2593.737 2394.02
2594.738 2344.57
2595.739 2351.51
2596.740 2305.86
2597.740 2290.12
2598.741 2298.15
2599.742 2307.45
2600.743 2290.85
2601.744 2248.22
2602.746 2263.23
2603.747 2266.11
2604.748 2269.47
2605.749 2263.27
2606.750 2265.70
2607.750 2257.35
2608.751 2263.14
2609.752 2256.06
2610.753 2242.67
2611.754 2244.28
2612.755 2256.00
2613.756 2262.08
2614.757 2266.67
2615.758 2271.12
2616.759 2285.36
2617.760 2300.45
2618.761 2316.95
2619.762 2316.36
2620.763 2294.07
2621.764 2304.46
2622.765 2310.44
2623.766 2303.79
2624.767 2316.21
2625.768 2312.80
2626.769 2315.99
2627.770 2278.32
2628.771 2264.84
2629.772 2267.73
2630.773 2278.90
2631.774 2294.03
2632.775 2309.17
2633.776 2321.75
2634.777 2323.56
2635.778 2330.84
2636.779 2345.98
2637.780 2360.17
2638.781 2369.33
2639.782 2366.09
2640.783 2351.36
2641.784 2361.92
2642.785 2367.88
2643.786 2368.06
2644.787 2372.25
2645.788 2374.77
2646.789 2372.10
2647.790 2381.94
2648.791 2401.33
2649.792 2408.66
2650.792 2412.62
2651.793 2421.19
2652.794 2412.06
2653.795 2418.83
2654.796 2441.75
2655.797 2422.29
2656.798 2419.62
2657.799 2386.19
2658.800 2375.80
2659.801 2392.33
2660.802 2401.47
2661.803 2412.27
2662.804 2425.09
2663.805 2443.76
2664.806 2451.78
2665.807 2436.43
2666.808 2438.86
2667.809 2427.04
2668.810 2436.23
2669.811 2400.64
2670.812 2404.99
2671.813 2413.89
2672.814 2420.11
2673.815 2413.57
2674.816 2409.77
2675.817 2422.17
2676.818 2399.11
2677.819 2344.59
2678.820 2351.45
2679.821 2368.90
2680.822 2369.30
2681.823 2371.01
2682.824 2391.12
2683.825 2358.14
2684.826 2373.87
2685.827 2374.65
2686.828 2390.99
2687.829 2407.15
2688.830 2407.32
2689.831 2424.25
2690.832 2438.07
2691.833 2438.29
2692.833 2382.11
2693.834 2376.59
2694.835 2370.05
2695.836 2355.89
2696.837 2353.75
2697.838 2326.69
2698.839 2329.80
2699.840 2329.91
2700.841 2310.38
2701.842 2315.78
2702.843 2300.57
2703.844 2296.86
2704.845 2306.16
2705.846 2316.22
2706.847 2319.94
2707.848 2330.32
2708.849 2332.02
2709.850 2348.04
2710.851 2301.91
2711.852 2320.93
2712.853 2326.86
2713.854 2332.59
2714.855 2332.44
2715.856 2287.81
2716.857 2253.92
2717.858 2266.21
2718.859 2231.16
2719.860 2241.57
2720.861 2255.57
2721.862 2262.99
2722.863 2263.42
2723.864 2261.36
2724.865 2276.59
2725.866 2276.05
2726.867 2252.15
2727.868 2246.19
2728.869 2252.67
2729.870 2264.46
2730.871 2261.50
2731.872 2255.89
2732.873 2254.23
2733.874 2258.60
2734.875 2274.94
2735.875 2294.59
2736.876 2311.92
2737.877 2243.17
2738.878 2247.54
2739.879 2270.08
2740.880 2290.78
2741.881 2308.04
2742.882 2317.44
2743.883 2321.71
2744.884 2313.96
2745.885 2318.81
2746.886 2319.09
2747.887 2330.05
2748.888 2331.38
2749.889 2351.37
2750.890 2349.90
2751.891 2350.66
2752.892 2357.73
2753.893 2354.68
2754.894 2298.56
2755.895 2307.52
2756.896 2319.07
2757.898 2307.29
2758.899 2311.74
2759.900 2321.88
2760.901 2314.53
2761.902 2277.59
2762.903 2283.56
2763.904 2281.83
2764.905 2287.52
2765.906 2291.66
2766.906 2297.52
2767.907 2298.35
2768.908 2250.33
2769.909 2253.11
2770.910 2234.25
2771.911 2236.70
2772.912 2241.27
2773.913 2267.18
2774.914 2265.20
2775.915 2271.86
2776.916 2305.60
2777.917 2287.98
2778.918 2294.45
2779.919 2314.46
2780.922 2343.91
2781.923 2362.11
2782.924 2378.57
2783.925 2384.81
2784.927 2327.09
2785.928 2279.70
2786.929 2282.73
2787.930 2301.36
2788.931 2298.78
2789.932 2304.54
2790.933 2197.42
2791.934 2220.06
2792.935 2241.67
2793.936 2239.02
2794.937 2260.02
2795.938 2284.93
2796.939 2296.28
2797.940 2301.45
2798.941 2292.52
2799.942 2314.27
2800.943 2322.90
2801.944 2324.06
2802.945 2348.02
2803.946 2332.22
2804.947 2325.29
2805.948 2334.79
2806.948 2338.59
2807.949 2340.34
2808.950 2353.21
2809.951 2341.33
2810.952 2351.63
2811.953 2322.32
2812.954 2332.82
2813.955 2340.57
2814.956 2354.41
2815.957 2361.64
2816.958 2336.13
2817.959 2371.15
2818.960 2401.16
2819.961 2416.91
2820.962 2419.91
2821.963 2450.91
2822.964 2434.50
2823.965 2444.16
2824.966 2458.17
2825.967 2482.17
2826.968 2490.68
2827.969 2494.25
2828.970 2482.99
2829.971 2463.63
2830.972 2477.44
2831.973 2492.68
2832.974 2503.35
2833.975 2497.39
2834.976 2478.44
2835.977 2487.65
2836.978 2463.91
2837.979 2486.85
2838.980 2506.50
2839.981 2526.42
2840.982 2519.46
2841.983 2519.81
2842.984 2528.84
2843.985 2515.41
2844.986 2521.16
2845.987 2512.83
2846.988 2509.64
2847.989 2506.16
2848.990 2509.31
2849.990 2531.23
2850.991 2557.51
2851.992 2551.90
2852.993 2547.73
2853.994 2541.69
2854.995 2549.20
2855.996 2559.19
2856.997 2549.72
2857.998 2565.13
2858.999 2573.12
2860.000 2587.02
2861.001 2588.62
2862.002 2610.08
2863.003 2584.63
2864.004 2597.60
2865.005 2595.39
2866.006 2606.70
2867.007 2586.85
2868.208 2589.65
2869.209 2591.81
2870.210 2560.46
2871.211 2570.08
2872.212 2572.55
2873.213 2591.03
2874.214 2583.55
2875.215 2578.43
2876.216 2562.72
2877.217 2572.48
2878.218 2552.68
2879.219 2583.56
2880.220 2604.77
2881.221 2610.33
2882.222 2632.61
2883.223 2653.38
2884.224 2670.75
2885.225 2671.34
2886.226 2676.13
2887.227 2673.58
2888.228 2683.24
2889.229 2684.18
2890.230 2694.74
2891.231 2696.27
2892.232 2694.15
2893.233 2694.78
2894.234 2705.26
2895.235 2710.09
2896.236 2720.29
2897.237 2726.62
2898.238 2738.19
2899.239 2742.04
2900.240 2749.20
2901.240 2735.28
2902.241 2740.92
2903.242 2758.41
2904.243 2759.65
2905.244 2766.07
2906.245 2768.48
2907.246 2788.33
2908.247 2760.81
2909.248 2771.46
2910.249 2777.25
2911.250 2796.85
2912.251 2807.26
2913.252 2814.41
2914.253 2786.82
2915.254 2794.45
2916.255 2760.49
2917.256 2757.21
2918.257 2762.50
2919.258 2770.55
2920.259 2772.01
2921.260 2767.30
2922.261 2770.96
2923.262 2758.60
2924.263 2748.86
2925.264 2756.87
2926.265 2753.29
2927.266 2751.88
2928.267 2770.15
2929.268 2778.45
2930.269 2731.00
2931.270 2750.67
2932.271 2748.84
2933.272 2757.36
2934.273 2710.91
2935.274 2667.18
2936.275 2672.39
2937.276 2673.88
2938.277 2685.79
2939.278 2682.89
2940.279 2666.23
2941.280 2668.05
2942.281 2648.40
2943.281 2651.58
2944.282 2651.23
2945.283 2621.46
2946.284 2629.36
2947.285 2634.72
2948.286 2617.15
2949.287 2588.70
2950.288 2575.09
2951.289 2584.56
2952.290 2603.23
2953.291 2617.30
2954.292 2618.09
2955.293 2628.47
2956.294 2624.31
2957.295 2626.28
2958.296 2643.26
2959.297 2654.76
2960.298 2637.63
2961.299 2638.12
2962.300 2648.12
2963.301 2649.79
2964.302 2645.99
2965.303 2642.47
2966.304 2646.57
2967.305 2603.03
2968.306 2587.97
2969.307 2503.72
2970.308 2522.26
2971.309 2525.27
2972.310 2505.63
2973.311 2498.39
2974.312 2520.11
2975.313 2530.62
2976.314 2520.42
2977.315 2548.69
2978.316 2563.47
2979.317 2517.78
2980.318 2511.68
2981.319 2530.55
2982.320 2541.25
2983.321 2565.26
2984.322 2450.10
2985.323 2464.95
2986.323 2475.19
2987.324 2472.74
2988.325 2475.34
2989.326 2448.27
2990.327 2454.00
2991.328 2446.46
2992.329 2446.75
2993.330 2453.10
2994.331 2453.79
2995.332 2464.72
2996.333 2466.96
2997.334 2461.49
2998.335 2414.66
2999.536 2426.92
3000.537 2428.70
3001.538 2436.43
3002.539 2289.15
3003.540 2278.20
3004.541 2292.47
3005.542 2272.48
3006.543 2284.13
3007.544 2287.24
3008.545 2300.15
3009.546 2310.70
3010.547 2326.67
3011.548 2328.51
3012.549 2343.42
3013.550 2363.33
3014.551 2365.87
3015.552 2353.95
3016.553 2368.07
3017.554 2361.81
3018.555 2366.80
3019.556 2357.94
3020.557 2366.90
3021.558 2374.55
3022.559 2385.08
3023.560 2393.46
3024.561 2369.12
3025.562 2402.20
3026.563 2433.31
3027.564 2440.19
3028.565 2464.29
3029.566 2473.91
3030.567 2482.89
3031.568 2489.01
3032.569 2506.39
3033.570 2460.35
3034.571 2475.52
3035.572 2471.32
3036.573 2483.44
3037.573 2402.32
3038.574 2398.86
3039.575 2379.72
3040.576 2395.27
3041.577 2401.10
3042.578 2409.79
3043.579 2407.44
3044.580 2391.16
3045.581 2381.08
3046.582 2388.56
3047.583 2376.93
3048.584 2384.30
3049.585 2385.13
3050.586 2391.07
3051.587 2399.56
3052.588 2409.22
3053.589 2425.54
3054.590 2436.10
3055.591 2448.88
3056.592 2460.91
3057.593 2470.38
3058.594 2440.75
3059.595 2454.68
3060.596 2418.86
3061.597 2425.13
3062.598 2425.18
3063.599 2385.87
3064.600 2387.99
3065.601 2390.78
3066.602 2355.14
3067.603 2355.60
3068.604 2364.50
3069.605 2375.41
3070.606 2374.60
3071.607 2380.38
3072.608 2356.18
3073.609 2364.95
3074.610 2356.31
3075.611 2363.03
3076.612 2359.00
3077.613 2305.47
3078.614 2299.27
3079.615 2308.68
3080.615 2307.20
3081.616 2309.24
3082.617 2313.93
3083.618 2308.98
3084.619 2277.69
3085.620 2292.31
3086.621 2252.41
3087.622 2249.62
3088.623 2260.90
3089.624 2265.92
3090.625 2249.12
3091.626 2252.35
3092.627 2266.19
3093.628 2276.49
3094.629 2289.02
3095.630 2245.84
3096.631 2251.00
3097.632 2235.29
3098.633 2240.61
3099.634 2235.82
3100.635 2240.02
3101.636 2244.77
3102.637 2247.21
3103.638 2235.81
3104.639 2237.07
3105.640 2233.87
3106.641 2237.78
3107.642 2249.35
3108.643 2258.52
3109.644 2267.01
3110.645 2265.61
3111.646 2283.25
3112.647 2287.79
3113.648 2289.35
3114.649 2296.98
3115.650 2269.66
3116.651 2279.08
3117.652 2266.60
3118.653 2264.43
3119.654 2284.60
3120.655 2295.51
3121.656 2287.37
3122.656 2301.22
3123.658 2312.05
3124.659 2327.96
3125.660 2280.26
3126.661 2246.09
3127.662 2264.80
3128.663 2272.03
3129.664 2263.13
3130.665 2255.36
3131.666 2248.31
3132.667 2267.81
3133.668 2269.67
3134.669 2276.05
3135.670 2271.05
3136.671 2254.25
3137.672 2229.80
3138.673 2242.32
3139.674 2251.29
3140.675 2245.91
3141.676 2232.27
3142.677 2246.43
3143.677 2239.37
3144.678 2249.69
3145.679 2253.20
3146.680 2198.97
3147.681 2209.29
3148.682 2213.50
3149.683 2182.98
3150.684 2194.26
3151.685 2203.94
3152.686 2204.50
3153.687 2203.55
3154.688 2193.68
3155.689 2166.97
3156.690 2178.61
3157.691 2175.72
3158.692 2186.65
3159.693 2198.96
3160.694 2125.59
3161.895 2123.49
3162.896 2057.05
3163.897 2068.28
3164.898 2071.28
3165.899 2086.18
3166.900 2098.81
3167.901 2120.16
3168.902 2135.82
3169.903 2166.34
3170.904 2216.95
3171.905 2232.18
3172.906 2239.40
3173.907 2276.70
3174.908 2269.23
3175.909 2285.52
3176.910 2264.51
3177.911 2261.83
3178.912 2272.33
3179.913 2282.31
3180.914 2282.93
3181.915 2275.12
3182.916 2275.07
3183.917 2273.20
3184.918 2203.78
3185.919 2205.34
3186.920 2204.81
3187.921 2210.64
3188.922 2217.57
3189.923 2224.54
3190.924 2235.44
3191.925 2245.48
3192.926 2223.78
3193.927 2232.26
3194.927 2257.51
3195.928 2275.12
3196.929 2308.54
3197.930 2338.09
3198.931 2359.31
3199.932 2380.80
3200.933 2421.29
3201.934 2437.93
3202.935 2416.76
3203.936 2422.16
3204.937 2440.15
3205.938 2420.82
3206.939 2427.24
3207.940 2438.84
3208.941 2435.69
3209.942 2437.94
3210.943 2411.07
3211.944 2406.82
3212.945 2393.23
3213.946 2348.01
3214.947 2361.37
3215.948 2370.09
3216.949 2371.06
3217.950 2374.88
3218.951 2373.22
3219.952 2374.91
3220.953 2395.91
3221.954 2400.38
3222.955 2391.45
3223.956 2387.64
3224.957 2392.05
3225.958 2380.57
3226.959 2342.03
3227.960 2344.37
3228.961 2345.99
3229.962 2332.75
3230.963 2339.74
3232.164 2339.71
3233.165 2347.98
3234.166 2335.71
3235.167 2339.38
3236.168 2371.11
3237.169 2328.27
3238.170 2338.86
3239.171 2340.86
3240.172 2321.31
3241.173 2320.24
3242.174 2338.88
3243.175 2355.50
3244.176 2373.51
3245.177 2372.45
3246.177 2391.07
3247.178 2407.05
3248.179 2419.71
3249.180 2420.69
3250.181 2421.81
3251.182 2439.25
3252.183 2455.47
3253.184 2395.41
3254.185 2410.91
3255.186 2385.66
3256.187 2364.74
3257.188 2374.66
3258.189 2381.10
3259.190 2381.89
3260.191 2375.39
3261.192 2372.41
3262.193 2376.97
3263.194 2389.31
3264.195 2394.74
3265.196 2406.87
3266.197 2413.75
3267.198 2389.34
3268.199 2392.29
3269.200 2312.89
3270.201 2325.39
3271.202 2331.52
3272.203 2331.37
3273.204 2328.42
3274.205 2339.32
3275.206 2324.59
3276.207 2329.02
3277.208 2324.30
3278.209 2334.75
3279.210 2333.46
3280.211 2343.47
3281.212 2354.42
3282.213 2374.30
3283.214 2388.88
3284.215 2385.32
3285.216 2393.16
3286.217 2424.77
3287.218 2422.12
3288.219 2444.84
3289.219 2397.64
3290.220 2406.66
3291.221 2416.86
3292.222 2430.88
3293.223 2441.60
3294.224 2444.18
3295.225 2451.51
3296.226 2455.65
3297.227 2444.51
3298.228 2445.66
3299.229 2449.83
3300.230 2457.93
3301.231 2468.82
3302.232 2480.50
3303.233 2493.09
3304.234 2472.52
3305.235 2472.89
3306.236 2465.96
3307.237 2455.89
3308.238 2406.18
3309.239 2364.63
3310.240 2373.23
3311.241 2372.21
3312.242 2356.12
3313.243 2368.52
3314.244 2388.01
3315.245 2384.67
3316.246 2372.85
3317.247 2389.21
3318.248 2390.45
3319.249 2389.20
3320.250 2403.31
3321.251 2387.19
3322.252 2395.23
3323.253 2397.01
3324.254 2382.88
3325.255 2392.35
3326.256 2409.60
3327.257 2423.93
3328.258 2429.89
3329.259 2446.11
3330.260 2419.51
3331.260 2431.24
3332.261 2436.37
3333.262 2456.93
3334.263 2484.43
3335.264 2484.40
3336.265 2489.90
3337.266 2506.17
3338.267 2529.08
3339.268 2543.48
3340.269 2558.68
3341.270 2512.50
3342.271 2519.30
3343.272 2535.50
3344.273 2551.64
3345.274 2557.22
3346.275 2560.26
3347.276 2560.15
3348.277 2570.16
3349.278 2578.43
3350.279 2573.74
3351.280 2555.94
3352.281 2522.72
3353.282 2535.28
3354.283 2502.66
3355.284 2484.61
3356.285 2500.37
3357.286 2507.10
3358.287 2521.72
3359.288 2526.32
3360.289 2526.33
3361.290 2529.48
3362.291 2534.17
3363.292 2521.03
3364.293 2523.32
3365.294 2525.80
3366.295 2449.67
3367.296 2451.33
3368.297 2464.92
3369.298 2468.09
3370.299 2473.58
3371.300 2473.20
3372.301 2466.55
3373.302 2482.40
3374.302 2484.53
3375.303 2493.38
3376.304 2459.89
3377.305 2472.85
3378.306 2472.19
3379.307 2483.65
3380.308 2491.39
3381.309 2497.62
3382.310 2473.95
3383.311 2461.42
3384.312 2440.49
3385.313 2448.46
3386.314 2416.09
3387.315 2411.10
3388.316 2405.52
3389.317 2359.97
3390.318 2374.50
3391.319 2373.98
3392.320 2386.58
3393.321 2362.76
3394.322 2370.58
3395.323 2384.32
3396.324 2393.68
3397.325 2402.25
3398.326 2408.14
3399.327 2409.78
3400.328 2402.11
3401.329 2406.69
3402.330 2406.00
3403.331 2418.36
3404.332 2392.40
3405.333 2416.19
3406.334 2425.83
3407.335 2431.14
3408.336 2444.55
3409.337 2452.53
3410.338 2457.73
3411.339 2472.44
3412.340 2467.94
3413.341 2477.29
3414.342 2485.14
3415.343 2496.06
3416.344 2512.86
3417.344 2499.57
3418.345 2513.33
3419.346 2524.58
3420.347 2526.02
3421.348 2544.19
3422.349 2555.30
3423.350 2567.63
3424.351 2576.96
3425.352 2563.97
3426.353 2567.87
3427.354 2557.11
3428.355 2562.13
3429.356 2568.60
3430.357 2571.02
3431.358 2577.02
3432.359 2559.19
3433.360 2567.32
3434.361 2576.89
3435.362 2576.36
3436.363 2581.18
3437.364 2591.89
3438.365 2594.36
3439.366 2593.47
3440.367 2564.39
3441.368 2563.85
3442.369 2547.42
3443.370 2531.20
3444.371 2521.69
3445.372 2501.06
3446.373 2512.08
3447.374 2525.77
3448.375 2519.04
3449.376 2519.91
3450.377 2501.01
3451.378 2447.05
3452.379 2443.68
3453.380 2438.42
3454.381 2449.88
3455.382 2408.57
3456.383 2376.98
3457.384 2391.27
3458.385 2393.44
3459.385 2380.74
3460.386 2396.94
3461.387 2400.75
3462.388 2410.82
3463.389 2410.85
3464.390 2420.06
3465.391 2424.37
3466.392 2423.35
3467.393 2431.34
3468.394 2429.59
3469.395 2428.95
3470.396 2429.25
3471.397 2436.41
3472.398 2438.93
3473.399 2456.43
3474.400 2456.23
3475.401 2411.95
3476.402 2403.57
3477.403 2401.92
3478.404 2414.88
3479.405 2424.10
3480.406 2427.95
3481.407 2431.76
3482.408 2428.98
3483.409 2420.21
3484.410 2432.19
3485.411 2434.91
3486.412 2438.76
3487.413 2445.52
3488.414 2433.17
3489.415 2441.45
3490.416 2461.38
3491.417 2467.89
3492.418 2467.65
3493.419 2462.60
3494.420 2453.95
3495.421 2477.08
3496.422 2494.45
3497.423 2479.55
3498.424 2486.76
3499.425 2435.37
3500.426 2443.64
3501.427 2449.54
3502.428 2465.43
3503.429 2456.56
3504.430 2464.98
3505.431 2473.97
3506.432 2488.44
3507.433 2429.72
3508.434 2423.00
3509.435 2418.70
3510.436 2435.00
3511.437 2442.32
3512.438 2451.57
3513.438 2400.34
3514.439 2397.63
3515.440 2402.97
3516.441 2380.42
3517.442 2394.48
3518.443 2401.49
3519.444 2397.91
3520.445 2402.08
3521.446 2411.27
3522.447 2417.59
3523.448 2403.69
3524.449 2387.93
3525.450 2387.33
3526.451 2350.28
3527.452 2374.31
3528.453 2373.24
3529.454 2362.69
3530.455 2362.95
3531.456 2368.41
3532.457 2347.97
3533.458 2343.79
3534.459 2359.71
3535.460 2374.89
3536.461 2401.42
3537.462 2425.72
3538.463 2430.14
3539.464 2383.54
3540.465 2374.02
3541.466 2389.50
3542.467 2384.28
3543.468 2391.71
3544.469 2330.00
3545.470 2328.39
3546.471 2334.38
3547.472 2329.11
3548.473 2278.35
3549.474 2286.07
3550.475 2245.63
3551.476 2246.00
3552.477 2265.36
3553.478 2281.76
3554.479 2297.08
3555.480 2278.89
3556.481 2263.01
3557.482 2265.10
3558.483 2257.67
3559.484 2274.96
3560.485 2290.89
3561.486 2290.74
3562.487 2303.90
3563.488 2295.71
3564.489 2304.13
3565.490 2319.84
3566.490 2334.44
3567.491 2342.43
3568.493 2349.60
3569.494 2375.47
3570.495 2380.06
3571.496 2336.17
3572.497 2342.11
3573.498 2298.76
3574.499 2300.93
3575.500 2317.05
3576.500 2332.66
3577.501 2340.23
3578.502 2334.50
3579.503 2349.72
3580.504 2353.64
3581.505 2368.91
3582.506 2378.87
3583.507 2313.03
3584.508 2270.77
3585.509 2292.28
3586.510 2293.87
3587.511 2308.89
3588.512 2331.79
3589.513 2365.30
3590.514 2383.12
3591.515 2376.76
3592.516 2395.95
3593.517 2414.45
3594.518 2432.65
3595.519 2430.06
3596.520 2448.74
3597.521 2461.78
3598.522 2479.52
3599.523 2488.63
