0.00171
0.00220
0.00233
0.00269
0.00278
0.00293
0.00293
0.00305
0.00317
0.00323
0.00330
0.00331
0.00366
0.00366
0.00366
0.00366
0.00366
0.00366
0.00385
0.00387
0.00391
0.00391
0.00412
0.00414
0.00415
0.00415
0.00427
0.00427
0.00427
0.00427
0.00433
0.00433
0.00436
0.00439
0.00439
0.00439
0.00439
0.00439
0.00439
0.00439
0.00439
0.00439
0.00439
0.00464
0.00464
0.00464
0.00464
0.00464
0.00476
0.00482
0.00482
0.00488
0.00488
0.00488
0.00500
0.00500
0.00500
0.00513
0.00513
0.00513
0.00513
0.00513
0.00518
0.00525
0.00530
0.00534
0.00537
0.00537
0.00537
0.00537
0.00537
0.00537
0.00537
0.00537
0.00537
0.00537
0.00537
0.00537
0.00537
0.00537
0.00537
0.00543
0.00543
0.00549
0.00549
0.00549
0.00552
0.00555
0.00555
0.00555
0.00557
0.00562
0.00562
0.00562
0.00562
0.00562
0.00562
0.00562
0.00562
0.00562
0.00562
0.00562
0.00562
0.00562
0.00568
0.00569
0.00574
0.00574
0.00574
0.00574
0.00574
0.00574
0.00586
0.00586
0.00586
0.00586
0.00586
0.00586
0.00586
0.00586
0.00586
0.00586
0.00586
0.00586
0.00586
0.00586
0.00586
0.00586
0.00595
0.00598
0.00598
0.00598
0.00598
0.00604
0.00610
0.00610
0.00610
0.00610
0.00610
0.00610
0.00610
0.00610
0.00610
0.00610
0.00610
0.00610
0.00610
0.00610
0.00612
0.00623
0.00623
0.00623
0.00623
0.00623
0.00623
0.00629
0.00629
0.00632
0.00632
0.00632
0.00635
0.00635
0.00635
0.00635
0.00635
0.00635
0.00635
0.00635
0.00635
0.00635
0.00635
0.00635
0.00635
0.00635
0.00635
0.00635
0.00635
0.00635
0.00635
0.00635
0.00635
0.00635
0.00635
0.00635
0.00636
0.00638
0.00644
0.00647
0.00647
0.00647
0.00647
0.00647
0.00650
0.00650
0.00650
0.00653
0.00653
0.00659
0.00659
0.00659
0.00659
0.00659
0.00659
0.00659
0.00659
0.00659
0.00659
0.00659
0.00659
0.00659
0.00659
0.00659
0.00659
0.00659
0.00659
0.00659
0.00659
0.00659
0.00659
0.00659
0.00659
0.00659
0.00659
0.00659
0.00659
0.00659
0.00659
0.00670
0.00670
0.00671
0.00671
0.00671
0.00671
0.00671
0.00671
0.00671
0.00671
0.00671
0.00671
0.00671
0.00677
0.00677
0.00677
0.00677
0.00681
0.00682
0.00684
0.00684
0.00684
0.00684
0.00684
0.00684
0.00684
0.00684
0.00684
0.00684
0.00684
0.00684
0.00684
0.00684
0.00684
0.00684
0.00684
0.00684
0.00684
0.00684
0.00684
0.00684
0.00684
0.00684
0.00684
0.00687
0.00687
0.00690
0.00690
0.00694
0.00695
0.00696
0.00696
0.00696
0.00696
0.00696
0.00703
0.00705
0.00708
0.00708
0.00708
0.00708
0.00708
0.00708
0.00708
0.00708
0.00708
0.00708
0.00708
0.00708
0.00708
0.00708
0.00708
0.00708
0.00708
0.00708
0.00708
0.00708
0.00708
0.00708
0.00708
0.00708
0.00708
0.00708
0.00708
0.00708
0.00708
0.00708
0.00708
0.00708
0.00708
0.00708
0.00708
0.00708
0.00708
0.00708
0.00708
0.00708
0.00708
0.00708
0.00708
0.00708
0.00710
0.00711
0.00713
0.00714
0.00716
0.00719
0.00720
0.00720
0.00720
0.00720
0.00720
0.00720
0.00720
0.00720
0.00720
0.00720
0.00720
0.00720
0.00720
0.00720
0.00720
0.00720
0.00720
0.00720
0.00722
0.00726
0.00726
0.00726
0.00729
0.00729
0.00732
0.00732
0.00732
0.00732
0.00732
0.00732
0.00732
0.00732
0.00732
0.00732
0.00732
0.00732
0.00732
0.00732
0.00732
0.00732
0.00732
0.00732
0.00732
0.00732
0.00732
0.00732
0.00732
0.00732
0.00732
0.00732
0.00732
0.00732
0.00732
0.00732
0.00732
0.00732
0.00732
0.00732
0.00732
0.00732
0.00732
0.00732
0.00732
0.00732
0.00732
0.00732
0.00732
0.00732
0.00732
0.00732
0.00732
0.00732
0.00732
0.00732
0.00732
0.00735
0.00737
0.00739
0.00739
0.00739
0.00739
0.00742
0.00745
0.00745
0.00745
0.00745
0.00745
0.00745
0.00745
0.00745
0.00745
0.00745
0.00745
0.00745
0.00745
0.00745
0.00745
0.00745
0.00745
0.00746
0.00748
0.00748
0.00750
0.00751
0.00751
0.00751
0.00751
0.00751
0.00751
0.00752
0.00754
0.00754
0.00757
0.00757
0.00757
0.00757
0.00757
0.00757
0.00757
0.00757
0.00757
0.00757
0.00757
0.00757
0.00757
0.00757
0.00757
0.00757
0.00757
0.00757
0.00757
0.00757
0.00757
0.00757
0.00757
0.00757
0.00757
0.00757
0.00757
0.00757
0.00757
0.00757
0.00757
0.00757
0.00757
0.00757
0.00757
0.00757
0.00757
0.00757
0.00757
0.00757
0.00757
0.00757
0.00757
0.00757
0.00757
0.00757
0.00757
0.00757
0.00757
0.00757
0.00757
0.00757
0.00757
0.00757
0.00757
0.00757
0.00757
0.00757
0.00757
0.00757
0.00757
0.00757
0.00757
0.00760
0.00762
0.00763
0.00763
0.00763
0.00763
0.00763
0.00763
0.00763
0.00764
0.00766
0.00768
0.00769
0.00769
0.00769
0.00769
0.00769
0.00769
0.00769
0.00769
0.00769
0.00769
0.00769
0.00769
0.00769
0.00769
0.00769
0.00769
0.00769
0.00769
0.00769
0.00769
0.00769
0.00769
0.00769
0.00769
0.00769
0.00769
0.00769
0.00774
0.00775
0.00775
0.00775
0.00775
0.00775
0.00775
0.00775
0.00775
0.00778
0.00778
0.00779
0.00781
0.00781
0.00781
0.00781
0.00781
0.00781
0.00781
0.00781
0.00781
0.00781
0.00781
0.00781
0.00781
0.00781
0.00781
0.00781
0.00781
0.00781
0.00781
0.00781
0.00781
0.00781
0.00781
0.00781
0.00781
0.00781
0.00781
0.00781
0.00781
0.00781
0.00781
0.00781
0.00781
0.00781
0.00781
0.00781
0.00781
0.00781
0.00781
0.00781
0.00781
0.00781
0.00781
0.00781
0.00781
0.00781
0.00781
0.00781
0.00781
0.00781
0.00781
0.00781
0.00781
0.00781
0.00781
0.00781
0.00781
0.00781
0.00781
0.00781
0.00781
0.00781
0.00781
0.00781
0.00781
0.00781
0.00781
0.00781
0.00781
0.00781
0.00781
0.00781
0.00781
0.00781
0.00781
0.00781
0.00781
0.00781
0.00781
0.00781
0.00781
0.00781
0.00781
0.00781
0.00781
0.00781
0.00781
0.00781
0.00781
0.00781
0.00781
0.00781
0.00781
0.00781
0.00781
0.00781
0.00781
0.00781
0.00781
0.00781
0.00783
0.00784
0.00784
0.00787
0.00787
0.00787
0.00787
0.00789
0.00790
0.00793
0.00793
0.00793
0.00793
0.00793
0.00793
0.00793
0.00793
0.00793
0.00793
0.00793
0.00793
0.00793
0.00793
0.00793
0.00793
0.00793
0.00797
0.00800
0.00800
0.00800
0.00800
0.00800
0.00800
0.00800
0.00800
0.00803
0.00804
0.00806
0.00806
0.00806
0.00806
0.00806
0.00806
0.00806
0.00806
0.00806
0.00806
0.00806
0.00806
0.00806
0.00806
0.00806
0.00806
0.00806
0.00806
0.00806
0.00806
0.00806
0.00806
0.00806
0.00806
0.00806
0.00806
0.00806
0.00806
0.00806
0.00806
0.00806
0.00806
0.00806
0.00806
0.00806
0.00806
0.00806
0.00806
0.00806
0.00806
0.00806
0.00806
0.00806
0.00806
0.00806
0.00806
0.00806
0.00806
0.00806
0.00806
0.00806
0.00806
0.00806
0.00806
0.00806
0.00806
0.00806
0.00806
0.00806
0.00806
0.00806
0.00806
0.00806
0.00806
0.00806
0.00806
0.00806
0.00806
0.00806
0.00806
0.00806
0.00806
0.00806
0.00806
0.00806
0.00806
0.00806
0.00806
0.00806
0.00806
0.00806
0.00806
0.00806
0.00806
0.00806
0.00806
0.00806
0.00806
0.00806
0.00806
0.00808
0.00809
0.00810
0.00810
0.00811
0.00812
0.00812
0.00812
0.00812
0.00812
0.00812
0.00812
0.00812
0.00812
0.00813
0.00815
0.00818
0.00818
0.00818
0.00818
0.00818
0.00818
0.00818
0.00818
0.00818
0.00818
0.00818
0.00818
0.00818
0.00818
0.00818
0.00818
0.00821
0.00822
0.00824
0.00824
0.00824
0.00824
0.00824
0.00824
0.00826
0.00827
0.00827
0.00827
0.00829
0.00830
0.00830
0.00830
0.00830
0.00830
0.00830
0.00830
0.00830
0.00830
0.00830
0.00830
0.00830
0.00830
0.00830
0.00830
0.00830
0.00830
0.00830
0.00830
0.00830
0.00830
0.00830
0.00830
0.00830
0.00830
0.00830
0.00830
0.00830
0.00830
0.00830
0.00830
0.00830
0.00830
0.00830
0.00830
0.00830
0.00830
0.00830
0.00830
0.00830
0.00830
0.00830
0.00830
0.00830
0.00830
0.00830
0.00830
0.00830
0.00830
0.00830
0.00830
0.00830
0.00830
0.00830
0.00830
0.00830
0.00830
0.00830
0.00830
0.00830
0.00830
0.00830
0.00830
0.00830
0.00830
0.00830
0.00830
0.00830
0.00830
0.00830
0.00830
0.00830
0.00830
0.00830
0.00830
0.00830
0.00830
0.00830
0.00830
0.00830
0.00830
0.00830
0.00830
0.00830
0.00830
0.00830
0.00830
0.00830
0.00830
0.00830
0.00830
0.00830
0.00830
0.00830
0.00830
0.00830
0.00830
0.00830
0.00830
0.00830
0.00830
0.00830
0.00830
0.00830
0.00830
0.00830
0.00830
0.00830
0.00830
0.00830
0.00830
0.00830
0.00830
0.00830
0.00830
0.00830
0.00830
0.00830
0.00830
0.00830
0.00830
0.00830
0.00830
0.00830
0.00830
0.00830
0.00830
0.00830
0.00830
0.00830
0.00830
0.00830
0.00833
0.00836
0.00836
0.00836
0.00836
0.00836
0.00836
0.00836
0.00836
0.00836
0.00839
0.00842
0.00842
0.00842
0.00842
0.00842
0.00842
0.00842
0.00842
0.00842
0.00842
0.00842
0.00842
0.00842
0.00842
0.00842
0.00842
0.00842
0.00842
0.00842
0.00842
0.00842
0.00842
0.00842
0.00842
0.00842
0.00842
0.00842
0.00842
0.00842
0.00842
0.00842
0.00842
0.00842
0.00842
0.00842
0.00842
0.00844
0.00844
0.00845
0.00847
0.00848
0.00848
0.00848
0.00848
0.00848
0.00850
0.00850
0.00850
0.00851
0.00851
0.00851
0.00851
0.00854
0.00854
0.00854
0.00854
0.00854
0.00854
0.00854
0.00854
0.00854
0.00854
0.00854
0.00854
0.00854
0.00854
0.00854
0.00854
0.00854
0.00854
0.00854
0.00854
0.00854
0.00854
0.00854
0.00854
0.00854
0.00854
0.00854
0.00854
0.00854
0.00854
0.00854
0.00854
0.00854
0.00854
0.00854
0.00854
0.00854
0.00854
0.00854
0.00854
0.00854
0.00854
0.00854
0.00854
0.00854
0.00854
0.00854
0.00854
0.00854
0.00854
0.00854
0.00854
0.00854
0.00854
0.00854
0.00854
0.00854
0.00854
0.00854
0.00854
0.00854
0.00854
0.00854
0.00854
0.00854
0.00854
0.00854
0.00854
0.00854
0.00854
0.00854
0.00854
0.00854
0.00854
0.00854
0.00854
0.00854
0.00854
0.00854
0.00854
0.00854
0.00854
0.00854
0.00854
0.00854
0.00854
0.00854
0.00854
0.00854
0.00854
0.00854
0.00854
0.00854
0.00854
0.00854
0.00854
0.00854
0.00854
0.00854
0.00854
0.00854
0.00854
0.00854
0.00854
0.00854
0.00854
0.00854
0.00854
0.00854
0.00854
0.00854
0.00854
0.00854
0.00854
0.00854
0.00854
0.00854
0.00854
0.00854
0.00854
0.00854
0.00854
0.00854
0.00854
0.00854
0.00854
0.00854
0.00854
0.00854
0.00854
0.00854
0.00854
0.00854
0.00854
0.00854
0.00854
0.00854
0.00854
0.00854
0.00854
0.00854
0.00854
0.00854
0.00854
0.00854
0.00854
0.00854
0.00854
0.00854
0.00858
0.00858
0.00858
0.00858
0.00858
0.00858
0.00859
0.00861
0.00861
0.00861
0.00861
0.00861
0.00861
0.00861
0.00861
0.00861
0.00861
0.00861
0.00862
0.00864
0.00864
0.00864
0.00864
0.00864
0.00864
0.00864
0.00865
0.00866
0.00867
0.00867
0.00867
0.00867
0.00867
0.00867
0.00867
0.00867
0.00867
0.00867
0.00867
0.00867
0.00867
0.00867
0.00867
0.00867
0.00867
0.00867
0.00867
0.00867
0.00867
0.00867
0.00867
0.00867
0.00867
0.00867
0.00867
0.00867
0.00867
0.00867
0.00867
0.00867
0.00867
0.00867
0.00867
0.00867
0.00867
0.00867
0.00867
0.00867
0.00867
0.00867
0.00867
0.00867
0.00867
0.00867
0.00867
0.00868
0.00870
0.00870
0.00871
0.00871
0.00871
0.00873
0.00873
0.00873
0.00873
0.00873
0.00873
0.00873
0.00873
0.00873
0.00873
0.00873
0.00873
0.00874
0.00877
0.00879
0.00879
0.00879
0.00879
0.00879
0.00879
0.00879
0.00879
0.00879
0.00879
0.00879
0.00879
0.00879
0.00879
0.00879
0.00879
0.00879
0.00879
0.00879
0.00879
0.00879
0.00879
0.00879
0.00879
0.00879
0.00879
0.00879
0.00879
0.00879
0.00879
0.00879
0.00879
0.00879
0.00879
0.00879
0.00879
0.00879
0.00879
0.00879
0.00879
0.00879
0.00879
0.00879
0.00879
0.00879
0.00879
0.00879
0.00879
0.00879
0.00879
0.00879
0.00879
0.00879
0.00879
0.00879
0.00879
0.00879
0.00879
0.00879
0.00879
0.00879
0.00879
0.00879
0.00879
0.00879
0.00879
0.00879
0.00879
0.00879
0.00879
0.00879
0.00879
0.00879
0.00879
0.00879
0.00879
0.00879
0.00879
0.00879
0.00879
0.00879
0.00879
0.00879
0.00879
0.00879
0.00879
0.00879
0.00879
0.00879
0.00879
0.00879
0.00879
0.00879
0.00879
0.00879
0.00879
0.00879
0.00879
0.00879
0.00879
0.00879
0.00879
0.00879
0.00879
0.00879
0.00879
0.00879
0.00879
0.00879
0.00879
0.00879
0.00879
0.00879
0.00879
0.00879
0.00879
0.00879
0.00879
0.00879
0.00879
0.00879
0.00879
0.00879
0.00879
0.00879
0.00879
0.00879
0.00879
0.00879
0.00879
0.00879
0.00879
0.00879
0.00879
0.00879
0.00879
0.00879
0.00879
0.00879
0.00879
0.00879
0.00879
0.00879
0.00879
0.00879
0.00879
0.00879
0.00879
0.00879
0.00879
0.00879
0.00879
0.00879
0.00879
0.00879
0.00879
0.00879
0.00879
0.00879
0.00879
0.00882
0.00882
0.00882
0.00882
0.00882
0.00882
0.00882
0.00882
0.00882
0.00882
0.00884
0.00885
0.00885
0.00885
0.00885
0.00885
0.00885
0.00885
0.00885
0.00885
0.00886
0.00887
0.00888
0.00888
0.00888
0.00890
0.00890
0.00891
0.00891
0.00891
0.00891
0.00891
0.00891
0.00891
0.00891
0.00891
0.00891
0.00891
0.00891
0.00891
0.00891
0.00891
0.00891
0.00891
0.00891
0.00891
0.00891
0.00891
0.00891
0.00891
0.00891
0.00891
0.00891
0.00891
0.00891
0.00891
0.00891
0.00891
0.00891
0.00891
0.00891
0.00891
0.00891
0.00891
0.00891
0.00891
0.00891
0.00891
0.00891
0.00891
0.00891
0.00891
0.00891
0.00891
0.00891
0.00891
0.00891
0.00891
0.00891
0.00891
0.00891
0.00891
0.00893
0.00894
0.00894
0.00896
0.00896
0.00897
0.00897
0.00897
0.00897
0.00897
0.00897
0.00897
0.00897
0.00897
0.00897
0.00897
0.00897
0.00897
0.00897
0.00899
0.00900
0.00900
0.00900
0.00903
0.00903
0.00903
0.00903
0.00903
0.00903
0.00903
0.00903
0.00903
0.00903
0.00903
0.00903
0.00903
0.00903
0.00903
0.00903
0.00903
0.00903
0.00903
0.00903
0.00903
0.00903
0.00903
0.00903
0.00903
0.00903
0.00903
0.00903
0.00903
0.00903
0.00903
0.00903
0.00903
0.00903
0.00903
0.00903
0.00903
0.00903
0.00903
0.00903
0.00903
0.00903
0.00903
0.00903
0.00903
0.00903
0.00903
0.00903
0.00903
0.00903
0.00903
0.00903
0.00903
0.00903
0.00903
0.00903
0.00903
0.00903
0.00903
0.00903
0.00903
0.00903
0.00903
0.00903
0.00903
0.00903
0.00903
0.00903
0.00903
0.00903
0.00903
0.00903
0.00903
0.00903
0.00903
0.00903
0.00903
0.00903
0.00903
0.00903
0.00903
0.00903
0.00903
0.00903
0.00903
0.00903
0.00903
0.00903
0.00903
0.00903
0.00903
0.00903
0.00903
0.00903
0.00903
0.00903
0.00903
0.00903
0.00903
0.00903
0.00903
0.00903
0.00903
0.00903
0.00903
0.00903
0.00903
0.00903
0.00903
0.00903
0.00903
0.00903
0.00903
0.00903
0.00903
0.00903
0.00903
0.00903
0.00903
0.00903
0.00903
0.00903
0.00903
0.00903
0.00903
0.00903
0.00903
0.00903
0.00903
0.00903
0.00903
0.00903
0.00903
0.00903
0.00903
0.00903
0.00903
0.00903
0.00903
0.00903
0.00903
0.00903
0.00903
0.00903
0.00903
0.00903
0.00903
0.00903
0.00903
0.00903
0.00903
0.00903
0.00903
0.00903
0.00903
0.00903
0.00903
0.00903
0.00903
0.00903
0.00903
0.00903
0.00903
0.00903
0.00903
0.00903
0.00903
0.00903
0.00903
0.00903
0.00903
0.00903
0.00903
0.00903
0.00903
0.00903
0.00906
0.00906
0.00906
0.00906
0.00906
0.00909
0.00909
0.00909
0.00909
0.00909
0.00909
0.00909
0.00909
0.00909
0.00909
0.00909
0.00909
0.00909
0.00909
0.00909
0.00911
0.00912
0.00912
0.00912
0.00914
0.00914
0.00914
0.00916
0.00916
0.00916
0.00916
0.00916
0.00916
0.00916
0.00916
0.00916
0.00916
0.00916
0.00916
0.00916
0.00916
0.00916
0.00916
0.00916
0.00916
0.00916
0.00916
0.00916
0.00916
0.00916
0.00916
0.00916
0.00916
0.00916
0.00916
0.00916
0.00916
0.00916
0.00916
0.00916
0.00916
0.00916
0.00916
0.00916
0.00916
0.00916
0.00916
0.00916
0.00916
0.00916
0.00916
0.00916
0.00916
0.00916
0.00916
0.00916
0.00917
0.00919
0.00919
0.00919
0.00919
0.00919
0.00920
0.00922
0.00922
0.00922
0.00922
0.00922
0.00922
0.00922
0.00922
0.00922
0.00922
0.00922
0.00922
0.00922
0.00922
0.00922
0.00922
0.00923
0.00923
0.00923
0.00925
0.00925
0.00928
0.00928
0.00928
0.00928
0.00928
0.00928
0.00928
0.00928
0.00928
0.00928
0.00928
0.00928
0.00928
0.00928
0.00928
0.00928
0.00928
0.00928
0.00928
0.00928
0.00928
0.00928
0.00928
0.00928
0.00928
0.00928
0.00928
0.00928
0.00928
0.00928
0.00928
0.00928
0.00928
0.00928
0.00928
0.00928
0.00928
0.00928
0.00928
0.00928
0.00928
0.00928
0.00928
0.00928
0.00928
0.00928
0.00928
0.00928
0.00928
0.00928
0.00928
0.00928
0.00928
0.00928
0.00928
0.00928
0.00928
0.00928
0.00928
0.00928
0.00928
0.00928
0.00928
0.00928
0.00928
0.00928
0.00928
0.00928
0.00928
0.00928
0.00928
0.00928
0.00928
0.00928
0.00928
0.00928
0.00928
0.00928
0.00928
0.00928
0.00928
0.00928
0.00928
0.00928
0.00928
0.00928
0.00928
0.00928
0.00928
0.00928
0.00928
0.00928
0.00928
0.00928
0.00928
0.00928
0.00928
0.00928
0.00928
0.00928
0.00928
0.00928
0.00928
0.00928
0.00928
0.00928
0.00928
0.00928
0.00928
0.00928
0.00928
0.00928
0.00928
0.00928
0.00928
0.00928
0.00928
0.00928
0.00928
0.00928
0.00928
0.00928
0.00928
0.00928
0.00928
0.00928
0.00928
0.00928
0.00928
0.00928
0.00928
0.00928
0.00928
0.00928
0.00928
0.00928
0.00928
0.00928
0.00928
0.00928
0.00928
0.00928
0.00928
0.00928
0.00928
0.00928
0.00928
0.00928
0.00928
0.00928
0.00928
0.00928
0.00928
0.00928
0.00928
0.00928
0.00928
0.00928
0.00928
0.00928
0.00928
0.00928
0.00928
0.00928
0.00928
0.00928
0.00928
0.00928
0.00928
0.00928
0.00928
0.00928
0.00928
0.00928
0.00928
0.00928
0.00928
0.00928
0.00928
0.00928
0.00928
0.00928
0.00928
0.00929
0.00931
0.00931
0.00931
0.00932
0.00932
0.00933
0.00934
0.00934
0.00934
0.00934
0.00934
0.00934
0.00934
0.00934
0.00934
0.00934
0.00934
0.00935
0.00935
0.00935
0.00937
0.00940
0.00940
0.00940
0.00940
0.00940
0.00940
0.00940
0.00940
0.00940
0.00940
0.00940
0.00940
0.00940
0.00940
0.00940
0.00940
0.00940
0.00940
0.00940
0.00940
0.00940
0.00940
0.00940
0.00940
0.00940
0.00940
0.00940
0.00940
0.00940
0.00940
0.00940
0.00940
0.00940
0.00940
0.00940
0.00940
0.00940
0.00940
0.00940
0.00940
0.00940
0.00940
0.00940
0.00940
0.00940
0.00940
0.00940
0.00940
0.00940
0.00943
0.00943
0.00943
0.00943
0.00944
0.00945
0.00945
0.00946
0.00946
0.00946
0.00946
0.00946
0.00946
0.00946
0.00946
0.00946
0.00946
0.00946
0.00946
0.00946
0.00946
0.00948
0.00949
0.00949
0.00950
0.00951
0.00952
0.00952
0.00952
0.00952
0.00952
0.00952
0.00952
0.00952
0.00952
0.00952
0.00952
0.00952
0.00952
0.00952
0.00952
0.00952
0.00952
0.00952
0.00952
0.00952
0.00952
0.00952
0.00952
0.00952
0.00952
0.00952
0.00952
0.00952
0.00952
0.00952
0.00952
0.00952
0.00952
0.00952
0.00952
0.00952
0.00952
0.00952
0.00952
0.00952
0.00952
0.00952
0.00952
0.00952
0.00952
0.00952
0.00952
0.00952
0.00952
0.00952
0.00952
0.00952
0.00952
0.00952
0.00952
0.00952
0.00952
0.00952
0.00952
0.00952
0.00952
0.00952
0.00952
0.00952
0.00952
0.00952
0.00952
0.00952
0.00952
0.00952
0.00952
0.00952
0.00952
0.00952
0.00952
0.00952
0.00952
0.00952
0.00952
0.00952
0.00952
0.00952
0.00952
0.00952
0.00952
0.00952
0.00952
0.00952
0.00952
0.00952
0.00952
0.00952
0.00952
0.00952
0.00952
0.00952
0.00952
0.00952
0.00952
0.00952
0.00952
0.00952
0.00952
0.00952
0.00952
0.00952
0.00952
0.00952
0.00952
0.00952
0.00952
0.00952
0.00952
0.00952
0.00952
0.00952
0.00952
0.00952
0.00952
0.00952
0.00952
0.00952
0.00952
0.00952
0.00952
0.00952
0.00952
0.00952
0.00952
0.00952
0.00952
0.00952
0.00952
0.00952
0.00952
0.00952
0.00952
0.00952
0.00952
0.00952
0.00952
0.00952
0.00952
0.00952
0.00952
0.00952
0.00952
0.00952
0.00952
0.00952
0.00952
0.00952
0.00952
0.00952
0.00952
0.00952
0.00952
0.00952
0.00952
0.00952
0.00952
0.00952
0.00952
0.00952
0.00952
0.00952
0.00952
0.00952
0.00952
0.00952
0.00952
0.00952
0.00952
0.00952
0.00952
0.00952
0.00952
0.00952
0.00953
0.00954
0.00955
0.00955
0.00955
0.00955
0.00955
0.00955
0.00955
0.00956
0.00958
0.00958
0.00958
0.00958
0.00958
0.00958
0.00958
0.00958
0.00958
0.00958
0.00958
0.00958
0.00958
0.00959
0.00960
0.00960
0.00960
0.00961
0.00961
0.00961
0.00961
0.00961
0.00961
0.00962
0.00963
0.00964
0.00964
0.00964
0.00964
0.00964
0.00964
0.00964
0.00964
0.00964
0.00964
0.00964
0.00964
0.00964
0.00964
0.00964
0.00964
0.00964
0.00964
0.00964
0.00964
0.00964
0.00964
0.00964
0.00964
0.00964
0.00964
0.00964
0.00964
0.00964
0.00964
0.00964
0.00964
0.00964
0.00964
0.00964
0.00964
0.00964
0.00964
0.00964
0.00964
0.00964
0.00964
0.00964
0.00964
0.00964
0.00964
0.00964
0.00964
0.00964
0.00964
0.00964
0.00964
0.00964
0.00964
0.00964
0.00964
0.00964
0.00964
0.00964
0.00964
0.00964
0.00964
0.00964
0.00964
0.00966
0.00967
0.00967
0.00967
0.00967
0.00967
0.00970
0.00970
0.00970
0.00970
0.00970
0.00970
0.00970
0.00970
0.00970
0.00970
0.00970
0.00972
0.00973
0.00974
0.00974
0.00974
0.00975
0.00976
0.00977
0.00977
0.00977
0.00977
0.00977
0.00977
0.00977
0.00977
0.00977
0.00977
0.00977
0.00977
0.00977
0.00977
0.00977
0.00977
0.00977
0.00977
0.00977
0.00977
0.00977
0.00977
0.00977
0.00977
0.00977
0.00977
0.00977
0.00977
0.00977
0.00977
0.00977
0.00977
0.00977
0.00977
0.00977
0.00977
0.00977
0.00977
0.00977
0.00977
0.00977
0.00977
0.00977
0.00977
0.00977
0.00977
0.00977
0.00977
0.00977
0.00977
0.00977
0.00977
0.00977
0.00977
0.00977
0.00977
0.00977
0.00977
0.00977
0.00977
0.00977
0.00977
0.00977
0.00977
0.00977
0.00977
0.00977
0.00977
0.00977
0.00977
0.00977
0.00977
0.00977
0.00977
0.00977
0.00977
0.00977
0.00977
0.00977
0.00977
0.00977
0.00977
0.00977
0.00977
0.00977
0.00977
0.00977
0.00977
0.00977
0.00977
0.00977
0.00977
0.00977
0.00977
0.00977
0.00977
0.00977
0.00977
0.00977
0.00977
0.00977
0.00977
0.00977
0.00977
0.00977
0.00977
0.00977
0.00977
0.00977
0.00977
0.00977
0.00977
0.00977
0.00977
0.00977
0.00977
0.00977
0.00977
0.00977
0.00977
0.00977
0.00977
0.00977
0.00977
0.00977
0.00977
0.00977
0.00977
0.00977
0.00977
0.00977
0.00977
0.00977
0.00977
0.00977
0.00977
0.00977
0.00977
0.00977
0.00977
0.00977
0.00977
0.00977
0.00977
0.00977
0.00977
0.00977
0.00977
0.00977
0.00977
0.00977
0.00977
0.00977
0.00977
0.00977
0.00977
0.00977
0.00977
0.00977
0.00977
0.00977
0.00977
0.00977
0.00977
0.00977
0.00977
0.00977
0.00977
0.00977
0.00977
0.00977
0.00977
0.00977
0.00977
0.00977
0.00977
0.00977
0.00977
0.00977
0.00977
0.00977
0.00977
0.00977
0.00977
0.00977
0.00977
0.00977
0.00977
0.00977
0.00977
0.00977
0.00977
0.00977
0.00977
0.00977
0.00977
0.00977
0.00977
0.00977
0.00977
0.00977
0.00977
0.00977
0.00979
0.00980
0.00980
0.00980
0.00980
0.00983
0.00983
0.00983
0.00983
0.00983
0.00983
0.00983
0.00983
0.00983
0.00983
0.00983
0.00983
0.00983
0.00984
0.00985
0.00985
0.00985
0.00986
0.00986
0.00986
0.00986
0.00986
0.00989
0.00989
0.00989
0.00989
0.00989
0.00989
0.00989
0.00989
0.00989
0.00989
0.00989
0.00989
0.00989
0.00989
0.00989
0.00989
0.00989
0.00989
0.00989
0.00989
0.00989
0.00989
0.00989
0.00989
0.00989
0.00989
0.00989
0.00989
0.00989
0.00989
0.00989
0.00989
0.00989
0.00989
0.00989
0.00989
0.00989
0.00989
0.00989
0.00989
0.00989
0.00989
0.00989
0.00989
0.00989
0.00989
0.00989
0.00989
0.00989
0.00989
0.00989
0.00989
0.00989
0.00989
0.00989
0.00989
0.00989
0.00989
0.00989
0.00989
0.00989
0.00989
0.00989
0.00989
0.00989
0.00989
0.00989
0.00989
0.00989
0.00989
0.00989
0.00989
0.00989
0.00989
0.00989
0.00989
0.00990
0.00990
0.00992
0.00995
0.00995
0.00995
0.00995
0.00995
0.00995
0.00995
0.00995
0.00995
0.00995
0.00995
0.00995
0.00995
0.00995
0.00995
0.00996
0.00998
0.00998
0.00998
0.00998
0.00998
0.01001
0.01001
0.01001
0.01001
0.01001
0.01001
0.01001
0.01001
0.01001
0.01001
0.01001
0.01001
0.01001
0.01001
0.01001
0.01001
0.01001
0.01001
0.01001
0.01001
0.01001
0.01001
0.01001
0.01001
0.01001
0.01001
0.01001
0.01001
0.01001
0.01001
0.01001
0.01001
0.01001
0.01001
0.01001
0.01001
0.01001
0.01001
0.01001
0.01001
0.01001
0.01001
0.01001
0.01001
0.01001
0.01001
0.01001
0.01001
0.01001
0.01001
0.01001
0.01001
0.01001
0.01001
0.01001
0.01001
0.01001
0.01001
0.01001
0.01001
0.01001
0.01001
0.01001
0.01001
0.01001
0.01001
0.01001
0.01001
0.01001
0.01001
0.01001
0.01001
0.01001
0.01001
0.01001
0.01001
0.01001
0.01001
0.01001
0.01001
0.01001
0.01001
0.01001
0.01001
0.01001
0.01001
0.01001
0.01001
0.01001
0.01001
0.01001
0.01001
0.01001
0.01001
0.01001
0.01001
0.01001
0.01001
0.01001
0.01001
0.01001
0.01001
0.01001
0.01001
0.01001
0.01001
0.01001
0.01001
0.01001
0.01001
0.01001
0.01001
0.01001
0.01001
0.01001
0.01001
0.01001
0.01001
0.01001
0.01001
0.01001
0.01001
0.01001
0.01001
0.01001
0.01001
0.01001
0.01001
0.01001
0.01001
0.01001
0.01001
0.01001
0.01001
0.01001
0.01001
0.01001
0.01001
0.01001
0.01001
0.01001
0.01001
0.01001
0.01001
0.01001
0.01001
0.01001
0.01001
0.01001
0.01001
0.01001
0.01001
0.01001
0.01001
0.01001
0.01001
0.01001
0.01001
0.01001
0.01001
0.01001
0.01001
0.01001
0.01001
0.01001
0.01001
0.01001
0.01001
0.01001
0.01001
0.01001
0.01001
0.01001
0.01001
0.01001
0.01001
0.01001
0.01001
0.01001
0.01001
0.01001
0.01001
0.01001
0.01001
0.01001
0.01001
0.01001
0.01001
0.01001
0.01001
0.01001
0.01001
0.01004
0.01004
0.01005
0.01007
0.01007
0.01007
0.01007
0.01007
0.01007
0.01007
0.01007
0.01007
0.01007
0.01007
0.01007
0.01007
0.01007
0.01007
0.01007
0.01007
0.01007
0.01007
0.01007
0.01009
0.01009
0.01009
0.01010
0.01010
0.01010
0.01010
0.01010
0.01010
0.01011
0.01012
0.01013
0.01013
0.01013
0.01013
0.01013
0.01013
0.01013
0.01013
0.01013
0.01013
0.01013
0.01013
0.01013
0.01013
0.01013
0.01013
0.01013
0.01013
0.01013
0.01013
0.01013
0.01013
0.01013
0.01013
0.01013
0.01013
0.01013
0.01013
0.01013
0.01013
0.01013
0.01013
0.01013
0.01013
0.01013
0.01013
0.01013
0.01013
0.01013
0.01013
0.01013
0.01013
0.01013
0.01013
0.01013
0.01013
0.01015
0.01015
0.01016
0.01016
0.01016
0.01019
0.01019
0.01019
0.01019
0.01019
0.01019
0.01019
0.01019
0.01019
0.01019
0.01019
0.01022
0.01022
0.01022
0.01022
0.01022
0.01022
0.01022
0.01023
0.01024
0.01025
0.01025
0.01025
0.01025
0.01025
0.01025
0.01025
0.01025
0.01025
0.01025
0.01025
0.01025
0.01025
0.01025
0.01025
0.01025
0.01025
0.01025
0.01025
0.01025
0.01025
0.01025
0.01025
0.01025
0.01025
0.01025
0.01025
0.01025
0.01025
0.01025
0.01025
0.01025
0.01025
0.01025
0.01025
0.01025
0.01025
0.01025
0.01025
0.01025
0.01025
0.01025
0.01025
0.01025
0.01025
0.01025
0.01025
0.01025
0.01025
0.01025
0.01025
0.01025
0.01025
0.01025
0.01025
0.01025
0.01025
0.01025
0.01025
0.01025
0.01025
0.01025
0.01025
0.01025
0.01025
0.01025
0.01025
0.01025
0.01025
0.01025
0.01025
0.01025
0.01025
0.01025
0.01025
0.01025
0.01025
0.01025
0.01025
0.01025
0.01025
0.01025
0.01025
0.01025
0.01025
0.01025
0.01025
0.01025
0.01025
0.01025
0.01025
0.01025
0.01025
0.01025
0.01025
0.01025
0.01025
0.01025
0.01025
0.01025
0.01025
0.01025
0.01025
0.01025
0.01025
0.01025
0.01025
0.01025
0.01025
0.01025
0.01025
0.01025
0.01025
0.01025
0.01025
0.01025
0.01025
0.01025
0.01025
0.01025
0.01025
0.01025
0.01025
0.01025
0.01025
0.01025
0.01025
0.01025
0.01025
0.01025
0.01025
0.01025
0.01025
0.01025
0.01025
0.01025
0.01025
0.01025
0.01025
0.01025
0.01025
0.01025
0.01025
0.01025
0.01025
0.01025
0.01025
0.01025
0.01025
0.01025
0.01025
0.01025
0.01025
0.01025
0.01025
0.01025
0.01025
0.01025
0.01025
0.01025
0.01025
0.01025
0.01025
0.01025
0.01025
0.01025
0.01025
0.01025
0.01025
0.01025
0.01025
0.01025
0.01025
0.01025
0.01025
0.01025
0.01025
0.01025
0.01025
0.01025
0.01025
0.01026
0.01026
0.01030
0.01030
0.01031
0.01031
0.01031
0.01031
0.01031
0.01031
0.01031
0.01031
0.01031
0.01031
0.01031
0.01031
0.01031
0.01035
0.01035
0.01035
0.01038
0.01038
0.01038
0.01038
0.01038
0.01038
0.01038
0.01038
0.01038
0.01038
0.01038
0.01038
0.01038
0.01038
0.01038
0.01038
0.01038
0.01038
0.01038
0.01038
0.01038
0.01038
0.01038
0.01038
0.01038
0.01038
0.01038
0.01038
0.01038
0.01038
0.01038
0.01038
0.01038
0.01038
0.01038
0.01038
0.01038
0.01038
0.01038
0.01038
0.01038
0.01038
0.01038
0.01038
0.01038
0.01038
0.01038
0.01038
0.01038
0.01038
0.01038
0.01038
0.01038
0.01038
0.01038
0.01038
0.01038
0.01038
0.01038
0.01038
0.01038
0.01038
0.01038
0.01039
0.01041
0.01041
0.01041
0.01041
0.01041
0.01044
0.01044
0.01044
0.01044
0.01044
0.01044
0.01044
0.01044
0.01044
0.01044
0.01044
0.01044
0.01044
0.01044
0.01044
0.01044
0.01044
0.01044
0.01045
0.01045
0.01045
0.01047
0.01047
0.01047
0.01047
0.01047
0.01047
0.01047
0.01047
0.01048
0.01048
0.01050
0.01050
0.01050
0.01050
0.01050
0.01050
0.01050
0.01050
0.01050
0.01050
0.01050
0.01050
0.01050
0.01050
0.01050
0.01050
0.01050
0.01050
0.01050
0.01050
0.01050
0.01050
0.01050
0.01050
0.01050
0.01050
0.01050
0.01050
0.01050
0.01050
0.01050
0.01050
0.01050
0.01050
0.01050
0.01050
0.01050
0.01050
0.01050
0.01050
0.01050
0.01050
0.01050
0.01050
0.01050
0.01050
0.01050
0.01050
0.01050
0.01050
0.01050
0.01050
0.01050
0.01050
0.01050
0.01050
0.01050
0.01050
0.01050
0.01050
0.01050
0.01050
0.01050
0.01050
0.01050
0.01050
0.01050
0.01050
0.01050
0.01050
0.01050
0.01050
0.01050
0.01050
0.01050
0.01050
0.01050
0.01050
0.01050
0.01050
0.01050
0.01050
0.01050
0.01050
0.01050
0.01050
0.01050
0.01050
0.01050
0.01050
0.01050
0.01050
0.01050
0.01050
0.01050
0.01050
0.01050
0.01050
0.01050
0.01050
0.01050
0.01050
0.01050
0.01050
0.01050
0.01050
0.01050
0.01050
0.01050
0.01050
0.01050
0.01050
0.01050
0.01050
0.01050
0.01050
0.01050
0.01050
0.01050
0.01050
0.01050
0.01050
0.01050
0.01050
0.01050
0.01050
0.01050
0.01050
0.01050
0.01050
0.01050
0.01050
0.01050
0.01050
0.01050
0.01050
0.01050
0.01050
0.01050
0.01050
0.01050
0.01050
0.01050
0.01050
0.01050
0.01050
0.01050
0.01050
0.01050
0.01050
0.01050
0.01050
0.01050
0.01050
0.01050
0.01050
0.01050
0.01050
0.01050
0.01050
0.01050
0.01050
0.01050
0.01050
0.01050
0.01050
0.01050
0.01050
0.01050
0.01050
0.01050
0.01050
0.01050
0.01050
0.01050
0.01050
0.01050
0.01050
0.01050
0.01050
0.01050
0.01050
0.01050
0.01050
0.01050
0.01050
0.01050
0.01050
0.01050
0.01050
0.01050
0.01050
0.01050
0.01050
0.01050
0.01050
0.01050
0.01053
0.01053
0.01053
0.01054
0.01055
0.01056
0.01056
0.01056
0.01056
0.01056
0.01056
0.01056
0.01056
0.01056
0.01056
0.01056
0.01056
0.01056
0.01056
0.01056
0.01056
0.01056
0.01056
0.01057
0.01059
0.01059
0.01059
0.01059
0.01059
0.01059
0.01061
0.01062
0.01062
0.01062
0.01062
0.01062
0.01062
0.01062
0.01062
0.01062
0.01062
0.01062
0.01062
0.01062
0.01062
0.01062
0.01062
0.01062
0.01062
0.01062
0.01062
0.01062
0.01062
0.01062
0.01062
0.01062
0.01062
0.01062
0.01062
0.01062
0.01062
0.01062
0.01062
0.01062
0.01062
0.01062
0.01062
0.01062
0.01062
0.01062
0.01062
0.01062
0.01062
0.01062
0.01062
0.01062
0.01062
0.01062
0.01062
0.01062
0.01062
0.01062
0.01062
0.01062
0.01062
0.01063
0.01065
0.01065
0.01067
0.01068
0.01068
0.01068
0.01068
0.01068
0.01068
0.01068
0.01068
0.01068
0.01068
0.01068
0.01068
0.01068
0.01074
0.01074
0.01074
0.01074
0.01074
0.01074
0.01074
0.01074
0.01074
0.01074
0.01074
0.01074
0.01074
0.01074
0.01074
0.01074
0.01074
0.01074
0.01074
0.01074
0.01074
0.01074
0.01074
0.01074
0.01074
0.01074
0.01074
0.01074
0.01074
0.01074
0.01074
0.01074
0.01074
0.01074
0.01074
0.01074
0.01074
0.01074
0.01074
0.01074
0.01074
0.01074
0.01074
0.01074
0.01074
0.01074
0.01074
0.01074
0.01074
0.01074
0.01074
0.01074
0.01074
0.01074
0.01074
0.01074
0.01074
0.01074
0.01074
0.01074
0.01074
0.01074
0.01074
0.01074
0.01074
0.01074
0.01074
0.01074
0.01074
0.01074
0.01074
0.01074
0.01074
0.01074
0.01074
0.01074
0.01074
0.01074
0.01074
0.01074
0.01074
0.01074
0.01074
0.01074
0.01074
0.01074
0.01074
0.01074
0.01074
0.01074
0.01074
0.01074
0.01074
0.01074
0.01074
0.01074
0.01074
0.01074
0.01074
0.01074
0.01074
0.01074
0.01074
0.01074
0.01074
0.01074
0.01074
0.01074
0.01074
0.01074
0.01074
0.01074
0.01074
0.01074
0.01074
0.01074
0.01074
0.01074
0.01074
0.01074
0.01074
0.01074
0.01074
0.01074
0.01074
0.01074
0.01074
0.01074
0.01074
0.01074
0.01074
0.01074
0.01074
0.01074
0.01074
0.01074
0.01074
0.01074
0.01074
0.01074
0.01074
0.01074
0.01074
0.01074
0.01074
0.01074
0.01074
0.01074
0.01074
0.01074
0.01074
0.01074
0.01074
0.01074
0.01074
0.01074
0.01074
0.01074
0.01074
0.01074
0.01074
0.01074
0.01074
0.01074
0.01074
0.01074
0.01074
0.01074
0.01074
0.01074
0.01074
0.01074
0.01074
0.01074
0.01074
0.01074
0.01074
0.01074
0.01076
0.01076
0.01077
0.01077
0.01079
0.01080
0.01080
0.01080
0.01080
0.01080
0.01080
0.01080
0.01080
0.01080
0.01080
0.01080
0.01080
0.01081
0.01081
0.01082
0.01083
0.01083
0.01086
0.01086
0.01086
0.01086
0.01086
0.01086
0.01086
0.01086
0.01086
0.01086
0.01086
0.01086
0.01086
0.01086
0.01086
0.01086
0.01086
0.01086
0.01086
0.01086
0.01086
0.01086
0.01086
0.01086
0.01086
0.01086
0.01086
0.01086
0.01086
0.01086
0.01086
0.01086
0.01086
0.01086
0.01086
0.01086
0.01086
0.01086
0.01086
0.01086
0.01086
0.01086
0.01086
0.01086
0.01086
0.01086
0.01086
0.01086
0.01086
0.01086
0.01089
0.01089
0.01091
0.01091
0.01093
0.01093
0.01093
0.01093
0.01093
0.01093
0.01093
0.01093
0.01093
0.01093
0.01094
0.01096
0.01096
0.01096
0.01096
0.01096
0.01096
0.01097
0.01097
0.01097
0.01099
0.01099
0.01099
0.01099
0.01099
0.01099
0.01099
0.01099
0.01099
0.01099
0.01099
0.01099
0.01099
0.01099
0.01099
0.01099
0.01099
0.01099
0.01099
0.01099
0.01099
0.01099
0.01099
0.01099
0.01099
0.01099
0.01099
0.01099
0.01099
0.01099
0.01099
0.01099
0.01099
0.01099
0.01099
0.01099
0.01099
0.01099
0.01099
0.01099
0.01099
0.01099
0.01099
0.01099
0.01099
0.01099
0.01099
0.01099
0.01099
0.01099
0.01099
0.01099
0.01099
0.01099
0.01099
0.01099
0.01099
0.01099
0.01099
0.01099
0.01099
0.01099
0.01099
0.01099
0.01099
0.01099
0.01099
0.01099
0.01099
0.01099
0.01099
0.01099
0.01099
0.01099
0.01099
0.01099
0.01099
0.01099
0.01099
0.01099
0.01099
0.01099
0.01099
0.01099
0.01099
0.01099
0.01099
0.01099
0.01099
0.01099
0.01099
0.01099
0.01099
0.01099
0.01099
0.01099
0.01099
0.01099
0.01099
0.01099
0.01099
0.01099
0.01099
0.01099
0.01099
0.01099
0.01099
0.01099
0.01099
0.01099
0.01099
0.01099
0.01099
0.01099
0.01099
0.01099
0.01099
0.01099
0.01099
0.01099
0.01099
0.01099
0.01099
0.01099
0.01099
0.01099
0.01099
0.01099
0.01099
0.01099
0.01099
0.01099
0.01099
0.01099
0.01099
0.01099
0.01099
0.01099
0.01099
0.01099
0.01099
0.01100
0.01100
0.01100
0.01102
0.01102
0.01104
0.01105
0.01105
0.01105
0.01105
0.01105
0.01105
0.01105
0.01105
0.01105
0.01105
0.01105
0.01105
0.01105
0.01105
0.01106
0.01106
0.01107
0.01108
0.01108
0.01108
0.01111
0.01111
0.01111
0.01111
0.01111
0.01111
0.01111
0.01111
0.01111
0.01111
0.01111
0.01111
0.01111
0.01111
0.01111
0.01111
0.01111
0.01111
0.01111
0.01111
0.01111
0.01111
0.01111
0.01111
0.01111
0.01111
0.01111
0.01111
0.01111
0.01111
0.01111
0.01111
0.01111
0.01111
0.01111
0.01111
0.01111
0.01111
0.01111
0.01111
0.01111
0.01111
0.01114
0.01114
0.01114
0.01114
0.01115
0.01117
0.01117
0.01117
0.01117
0.01117
0.01117
0.01117
0.01117
0.01117
0.01118
0.01118
0.01119
0.01120
0.01120
0.01123
0.01123
0.01123
0.01123
0.01123
0.01123
0.01123
0.01123
0.01123
0.01123
0.01123
0.01123
0.01123
0.01123
0.01123
0.01123
0.01123
0.01123
0.01123
0.01123
0.01123
0.01123
0.01123
0.01123
0.01123
0.01123
0.01123
0.01123
0.01123
0.01123
0.01123
0.01123
0.01123
0.01123
0.01123
0.01123
0.01123
0.01123
0.01123
0.01123
0.01123
0.01123
0.01123
0.01123
0.01123
0.01123
0.01123
0.01123
0.01123
0.01123
0.01123
0.01123
0.01123
0.01123
0.01123
0.01123
0.01123
0.01123
0.01123
0.01123
0.01123
0.01123
0.01123
0.01123
0.01123
0.01123
0.01123
0.01123
0.01123
0.01123
0.01123
0.01123
0.01123
0.01123
0.01123
0.01123
0.01123
0.01123
0.01123
0.01123
0.01123
0.01123
0.01123
0.01123
0.01123
0.01123
0.01123
0.01123
0.01123
0.01123
0.01123
0.01123
0.01123
0.01123
0.01123
0.01123
0.01123
0.01123
0.01123
0.01123
0.01123
0.01123
0.01123
0.01123
0.01123
0.01123
0.01123
0.01123
0.01123
0.01123
0.01123
0.01123
0.01123
0.01123
0.01123
0.01126
0.01126
0.01126
0.01126
0.01127
0.01129
0.01129
0.01129
0.01129
0.01129
0.01129
0.01129
0.01129
0.01129
0.01129
0.01129
0.01130
0.01131
0.01132
0.01135
0.01135
0.01135
0.01135
0.01135
0.01135
0.01135
0.01135
0.01135
0.01135
0.01135
0.01135
0.01135
0.01135
0.01135
0.01135
0.01135
0.01135
0.01135
0.01135
0.01135
0.01135
0.01135
0.01135
0.01135
0.01135
0.01135
0.01135
0.01135
0.01135
0.01135
0.01135
0.01135
0.01135
0.01135
0.01135
0.01135
0.01135
0.01135
0.01135
0.01135
0.01135
0.01135
0.01137
0.01138
0.01138
0.01138
0.01140
0.01141
0.01141
0.01141
0.01141
0.01141
0.01141
0.01141
0.01141
0.01141
0.01141
0.01141
0.01141
0.01144
0.01147
0.01147
0.01147
0.01147
0.01147
0.01147
0.01147
0.01147
0.01147
0.01147
0.01147
0.01147
0.01147
0.01147
0.01147
0.01147
0.01147
0.01147
0.01147
0.01147
0.01147
0.01147
0.01147
0.01147
0.01147
0.01147
0.01147
0.01147
0.01147
0.01147
0.01147
0.01147
0.01147
0.01147
0.01147
0.01147
0.01147
0.01147
0.01147
0.01147
0.01147
0.01147
0.01147
0.01147
0.01147
0.01147
0.01147
0.01147
0.01147
0.01147
0.01147
0.01147
0.01147
0.01147
0.01147
0.01147
0.01147
0.01147
0.01147
0.01147
0.01147
0.01147
0.01147
0.01147
0.01147
0.01147
0.01147
0.01147
0.01147
0.01147
0.01147
0.01147
0.01147
0.01147
0.01147
0.01147
0.01147
0.01147
0.01147
0.01147
0.01147
0.01147
0.01147
0.01147
0.01147
0.01147
0.01147
0.01147
0.01147
0.01147
0.01147
0.01147
0.01147
0.01147
0.01147
0.01147
0.01147
0.01147
0.01147
0.01147
0.01147
0.01147
0.01147
0.01147
0.01151
0.01151
0.01154
0.01154
0.01154
0.01154
0.01154
0.01154
0.01154
0.01154
0.01155
0.01157
0.01157
0.01157
0.01158
0.01158
0.01160
0.01160
0.01160
0.01160
0.01160
0.01160
0.01160
0.01160
0.01160
0.01160
0.01160
0.01160
0.01160
0.01160
0.01160
0.01160
0.01160
0.01160
0.01160
0.01160
0.01160
0.01160
0.01160
0.01160
0.01160
0.01160
0.01160
0.01160
0.01160
0.01160
0.01160
0.01160
0.01160
0.01160
0.01160
0.01160
0.01163
0.01166
0.01166
0.01166
0.01166
0.01166
0.01166
0.01166
0.01166
0.01166
0.01167
0.01167
0.01169
0.01169
0.01172
0.01172
0.01172
0.01172
0.01172
0.01172
0.01172
0.01172
0.01172
0.01172
0.01172
0.01172
0.01172
0.01172
0.01172
0.01172
0.01172
0.01172
0.01172
0.01172
0.01172
0.01172
0.01172
0.01172
0.01172
0.01172
0.01172
0.01172
0.01172
0.01172
0.01172
0.01172
0.01172
0.01172
0.01172
0.01172
0.01172
0.01172
0.01172
0.01172
0.01172
0.01172
0.01172
0.01172
0.01172
0.01172
0.01172
0.01172
0.01172
0.01172
0.01172
0.01172
0.01172
0.01172
0.01172
0.01172
0.01172
0.01172
0.01172
0.01172
0.01172
0.01172
0.01172
0.01172
0.01172
0.01172
0.01172
0.01172
0.01172
0.01172
0.01172
0.01172
0.01172
0.01172
0.01172
0.01172
0.01172
0.01172
0.01172
0.01172
0.01172
0.01172
0.01172
0.01172
0.01172
0.01172
0.01172
0.01172
0.01173
0.01175
0.01178
0.01178
0.01178
0.01178
0.01179
0.01180
0.01181
0.01181
0.01181
0.01181
0.01184
0.01184
0.01184
0.01184
0.01184
0.01184
0.01184
0.01184
0.01184
0.01184
0.01184
0.01184
0.01184
0.01184
0.01184
0.01184
0.01184
0.01184
0.01184
0.01184
0.01184
0.01184
0.01186
0.01186
0.01187
0.01187
0.01187
0.01187
0.01189
0.01189
0.01190
0.01190
0.01190
0.01190
0.01190
0.01190
0.01190
0.01190
0.01190
0.01192
0.01194
0.01195
0.01196
0.01196
0.01196
0.01196
0.01196
0.01196
0.01196
0.01196
0.01196
0.01196
0.01196
0.01196
0.01196
0.01196
0.01196
0.01196
0.01196
0.01196
0.01196
0.01196
0.01196
0.01196
0.01196
0.01196
0.01196
0.01196
0.01196
0.01196
0.01196
0.01196
0.01196
0.01196
0.01196
0.01196
0.01196
0.01196
0.01196
0.01196
0.01196
0.01196
0.01196
0.01196
0.01196
0.01196
0.01196
0.01196
0.01196
0.01196
0.01196
0.01196
0.01196
0.01196
0.01196
0.01196
0.01196
0.01196
0.01196
0.01196
0.01196
0.01196
0.01196
0.01196
0.01196
0.01196
0.01196
0.01196
0.01196
0.01196
0.01199
0.01199
0.01200
0.01202
0.01202
0.01202
0.01202
0.01202
0.01202
0.01203
0.01205
0.01205
0.01205
0.01207
0.01208
0.01208
0.01208
0.01208
0.01208
0.01208
0.01208
0.01208
0.01208
0.01208
0.01208
0.01208
0.01208
0.01208
0.01208
0.01208
0.01208
0.01210
0.01212
0.01213
0.01215
0.01215
0.01215
0.01215
0.01215
0.01215
0.01218
0.01218
0.01218
0.01221
0.01221
0.01221
0.01221
0.01221
0.01221
0.01221
0.01221
0.01221
0.01221
0.01221
0.01221
0.01221
0.01221
0.01221
0.01221
0.01221
0.01221
0.01221
0.01221
0.01221
0.01221
0.01221
0.01221
0.01221
0.01221
0.01221
0.01221
0.01221
0.01221
0.01221
0.01221
0.01221
0.01221
0.01221
0.01221
0.01221
0.01221
0.01221
0.01221
0.01221
0.01221
0.01221
0.01221
0.01221
0.01221
0.01221
0.01221
0.01221
0.01221
0.01222
0.01224
0.01224
0.01227
0.01227
0.01227
0.01227
0.01227
0.01227
0.01228
0.01230
0.01230
0.01231
0.01233
0.01233
0.01233
0.01233
0.01233
0.01233
0.01233
0.01233
0.01233
0.01233
0.01233
0.01233
0.01233
0.01233
0.01233
0.01233
0.01233
0.01233
0.01233
0.01233
0.01234
0.01236
0.01236
0.01237
0.01239
0.01239
0.01239
0.01239
0.01239
0.01241
0.01245
0.01245
0.01245
0.01245
0.01245
0.01245
0.01245
0.01245
0.01245
0.01245
0.01245
0.01245
0.01245
0.01245
0.01245
0.01245
0.01245
0.01245
0.01245
0.01245
0.01245
0.01245
0.01245
0.01245
0.01245
0.01245
0.01245
0.01245
0.01245
0.01245
0.01245
0.01245
0.01245
0.01245
0.01245
0.01245
0.01245
0.01245
0.01245
0.01245
0.01245
0.01245
0.01245
0.01245
0.01245
0.01245
0.01245
0.01245
0.01245
0.01245
0.01245
0.01245
0.01247
0.01249
0.01251
0.01251
0.01251
0.01254
0.01254
0.01254
0.01254
0.01257
0.01257
0.01257
0.01257
0.01257
0.01257
0.01257
0.01257
0.01257
0.01257
0.01257
0.01257
0.01257
0.01257
0.01257
0.01257
0.01257
0.01257
0.01259
0.01259
0.01260
0.01262
0.01263
0.01263
0.01263
0.01263
0.01263
0.01266
0.01270
0.01270
0.01270
0.01270
0.01270
0.01270
0.01270
0.01270
0.01270
0.01270
0.01270
0.01270
0.01270
0.01270
0.01270
0.01270
0.01270
0.01270
0.01270
0.01270
0.01270
0.01270
0.01270
0.01270
0.01270
0.01270
0.01270
0.01270
0.01270
0.01270
0.01270
0.01270
0.01270
0.01270
0.01270
0.01270
0.01270
0.01270
0.01270
0.01270
0.01270
0.01270
0.01270
0.01270
0.01270
0.01270
0.01270
0.01270
0.01270
0.01270
0.01270
0.01270
0.01273
0.01276
0.01276
0.01276
0.01276
0.01276
0.01276
0.01282
0.01282
0.01282
0.01282
0.01282
0.01282
0.01282
0.01282
0.01282
0.01282
0.01288
0.01288
0.01288
0.01290
0.01294
0.01294
0.01294
0.01294
0.01294
0.01294
0.01294
0.01294
0.01294
0.01294
0.01294
0.01294
0.01294
0.01294
0.01294
0.01294
0.01294
0.01294
0.01294
0.01294
0.01294
0.01294
0.01294
0.01294
0.01294
0.01294
0.01294
0.01294
0.01294
0.01294
0.01294
0.01294
0.01294
0.01294
0.01294
0.01294
0.01294
0.01294
0.01294
0.01295
0.01297
0.01297
0.01297
0.01300
0.01300
0.01300
0.01300
0.01300
0.01303
0.01306
0.01306
0.01306
0.01306
0.01306
0.01306
0.01306
0.01306
0.01306
0.01306
0.01306
0.01309
0.01312
0.01315
0.01315
0.01317
0.01318
0.01318
0.01318
0.01318
0.01318
0.01318
0.01318
0.01318
0.01318
0.01318
0.01318
0.01318
0.01318
0.01318
0.01318
0.01318
0.01318
0.01318
0.01318
0.01318
0.01318
0.01318
0.01318
0.01318
0.01318
0.01318
0.01318
0.01318
0.01318
0.01321
0.01321
0.01324
0.01324
0.01324
0.01324
0.01331
0.01331
0.01331
0.01331
0.01331
0.01331
0.01331
0.01331
0.01331
0.01336
0.01337
0.01337
0.01343
0.01343
0.01343
0.01343
0.01343
0.01343
0.01343
0.01343
0.01343
0.01343
0.01343
0.01343
0.01343
0.01343
0.01343
0.01343
0.01343
0.01343
0.01343
0.01343
0.01343
0.01343
0.01343
0.01343
0.01343
0.01343
0.01343
0.01345
0.01349
0.01352
0.01352
0.01355
0.01355
0.01355
0.01361
0.01367
0.01367
0.01367
0.01367
0.01367
0.01367
0.01367
0.01367
0.01367
0.01367
0.01367
0.01367
0.01367
0.01367
0.01367
0.01367
0.01367
0.01367
0.01367
0.01367
0.01367
0.01367
0.01367
0.01367
0.01367
0.01367
0.01367
0.01367
0.01367
0.01367
0.01367
0.01373
0.01373
0.01373
0.01373
0.01379
0.01379
0.01379
0.01379
0.01379
0.01379
0.01379
0.01379
0.01379
0.01385
0.01385
0.01392
0.01392
0.01392
0.01392
0.01392
0.01392
0.01392
0.01392
0.01392
0.01392
0.01392
0.01392
0.01392
0.01392
0.01392
0.01392
0.01392
0.01392
0.01392
0.01392
0.01392
0.01392
0.01392
0.01398
0.01398
0.01404
0.01404
0.01404
0.01404
0.01410
0.01416
0.01416
0.01416
0.01416
0.01416
0.01416
0.01416
0.01416
0.01416
0.01416
0.01416
0.01416
0.01416
0.01416
0.01416
0.01416
0.01416
0.01416
0.01416
0.01416
0.01416
0.01416
0.01422
0.01422
0.01422
0.01422
0.01425
0.01425
0.01427
0.01428
0.01428
0.01428
0.01428
0.01428
0.01428
0.01430
0.01434
0.01434
0.01434
0.01440
0.01440
0.01440
0.01440
0.01440
0.01440
0.01440
0.01440
0.01440
0.01440
0.01440
0.01440
0.01440
0.01440
0.01440
0.01440
0.01440
0.01440
0.01440
0.01440
0.01440
0.01453
0.01453
0.01453
0.01453
0.01465
0.01465
0.01465
0.01465
0.01465
0.01465
0.01465
0.01465
0.01465
0.01465
0.01465
0.01465
0.01465
0.01465
0.01465
0.01465
0.01465
0.01465
0.01465
0.01465
0.01471
0.01477
0.01477
0.01477
0.01477
0.01477
0.01480
0.01483
0.01489
0.01489
0.01489
0.01489
0.01489
0.01489
0.01489
0.01489
0.01489
0.01489
0.01489
0.01489
0.01489
0.01489
0.01489
0.01489
0.01489
0.01495
0.01495
0.01498
0.01501
0.01501
0.01503
0.01505
0.01509
0.01511
0.01514
0.01514
0.01514
0.01514
0.01514
0.01514
0.01514
0.01514
0.01514
0.01514
0.01514
0.01514
0.01514
0.01514
0.01514
0.01514
0.01514
0.01514
0.01514
0.01520
0.01520
0.01520
0.01526
0.01526
0.01526
0.01526
0.01526
0.01526
0.01535
0.01538
0.01538
0.01538
0.01538
0.01538
0.01538
0.01538
0.01538
0.01538
0.01538
0.01538
0.01538
0.01538
0.01538
0.01538
0.01538
0.01538
0.01538
0.01538
0.01538
0.01543
0.01543
0.01544
0.01544
0.01544
0.01550
0.01550
0.01550
0.01550
0.01550
0.01550
0.01556
0.01556
0.01562
0.01562
0.01562
0.01562
0.01562
0.01562
0.01562
0.01562
0.01562
0.01562
0.01562
0.01562
0.01562
0.01562
0.01562
0.01562
0.01562
0.01562
0.01562
0.01562
0.01562
0.01562
0.01562
0.01562
0.01562
0.01562
0.01569
0.01572
0.01575
0.01575
0.01575
0.01575
0.01575
0.01575
0.01575
0.01587
0.01587
0.01587
0.01587
0.01587
0.01587
0.01587
0.01587
0.01587
0.01587
0.01587
0.01587
0.01587
0.01587
0.01587
0.01587
0.01587
0.01587
0.01587
0.01587
0.01587
0.01599
0.01599
0.01599
0.01599
0.01600
0.01602
0.01611
0.01611
0.01611
0.01611
0.01611
0.01611
0.01611
0.01611
0.01611
0.01611
0.01611
0.01611
0.01611
0.01611
0.01611
0.01611
0.01617
0.01618
0.01621
0.01624
0.01624
0.01624
0.01624
0.01624
0.01624
0.01626
0.01636
0.01636
0.01636
0.01636
0.01636
0.01636
0.01636
0.01636
0.01636
0.01636
0.01636
0.01636
0.01636
0.01636
0.01636
0.01636
0.01636
0.01636
0.01636
0.01636
0.01636
0.01636
0.01636
0.01636
0.01636
0.01638
0.01642
0.01645
0.01648
0.01648
0.01648
0.01648
0.01648
0.01654
0.01657
0.01660
0.01660
0.01660
0.01660
0.01660
0.01660
0.01660
0.01660
0.01660
0.01660
0.01660
0.01660
0.01666
0.01666
0.01670
0.01677
0.01678
0.01682
0.01685
0.01685
0.01685
0.01685
0.01685
0.01685
0.01685
0.01685
0.01685
0.01685
0.01685
0.01685
0.01685
0.01685
0.01688
0.01691
0.01691
0.01697
0.01697
0.01697
0.01697
0.01697
0.01697
0.01703
0.01703
0.01704
0.01709
0.01709
0.01709
0.01709
0.01709
0.01709
0.01709
0.01709
0.01709
0.01709
0.01709
0.01709
0.01709
0.01709
0.01709
0.01709
0.01709
0.01709
0.01709
0.01709
0.01709
0.01709
0.01709
0.01709
0.01709
0.01709
0.01709
0.01709
0.01712
0.01712
0.01712
0.01715
0.01715
0.01721
0.01721
0.01721
0.01721
0.01721
0.01723
0.01727
0.01730
0.01733
0.01733
0.01733
0.01733
0.01733
0.01733
0.01733
0.01733
0.01733
0.01733
0.01733
0.01733
0.01733
0.01733
0.01733
0.01733
0.01733
0.01733
0.01741
0.01746
0.01746
0.01746
0.01746
0.01746
0.01746
0.01746
0.01752
0.01755
0.01758
0.01758
0.01758
0.01758
0.01758
0.01758
0.01758
0.01758
0.01758
0.01758
0.01758
0.01758
0.01758
0.01758
0.01758
0.01758
0.01758
0.01758
0.01761
0.01767
0.01770
0.01770
0.01770
0.01770
0.01782
0.01782
0.01782
0.01782
0.01782
0.01782
0.01782
0.01782
0.01782
0.01782
0.01782
0.01782
0.01782
0.01794
0.01794
0.01794
0.01794
0.01794
0.01794
0.01796
0.01801
0.01807
0.01807
0.01807
0.01807
0.01807
0.01807
0.01807
0.01807
0.01807
0.01807
0.01807
0.01807
0.01807
0.01813
0.01813
0.01819
0.01819
0.01819
0.01819
0.01819
0.01819
0.01819
0.01819
0.01820
0.01828
0.01831
0.01831
0.01831
0.01831
0.01831
0.01831
0.01831
0.01831
0.01831
0.01831
0.01831
0.01831
0.01831
0.01831
0.01831
0.01831
0.01831
0.01831
0.01831
0.01837
0.01839
0.01840
0.01840
0.01843
0.01843
0.01846
0.01849
0.01855
0.01855
0.01855
0.01855
0.01855
0.01855
0.01855
0.01855
0.01855
0.01855
0.01855
0.01855
0.01855
0.01855
0.01858
0.01859
0.01862
0.01862
0.01868
0.01868
0.01868
0.01868
0.01868
0.01868
0.01880
0.01880
0.01880
0.01880
0.01880
0.01880
0.01880
0.01880
0.01880
0.01880
0.01880
0.01880
0.01880
0.01880
0.01880
0.01880
0.01880
0.01880
0.01886
0.01889
0.01892
0.01892
0.01892
0.01892
0.01892
0.01892
0.01895
0.01898
0.01900
0.01904
0.01904
0.01904
0.01904
0.01904
0.01904
0.01904
0.01904
0.01904
0.01904
0.01904
0.01904
0.01904
0.01910
0.01917
0.01917
0.01917
0.01920
0.01920
0.01929
0.01929
0.01929
0.01929
0.01929
0.01929
0.01929
0.01929
0.01929
0.01929
0.01929
0.01929
0.01929
0.01933
0.01935
0.01938
0.01941
0.01941
0.01947
0.01950
0.01953
0.01953
0.01953
0.01953
0.01953
0.01953
0.01953
0.01953
0.01953
0.01953
0.01953
0.01958
0.01959
0.01959
0.01959
0.01965
0.01965
0.01970
0.01971
0.01978
0.01978
0.01978
0.01978
0.01978
0.01978
0.01978
0.01978
0.01978
0.01978
0.01978
0.01978
0.01978
0.01978
0.01984
0.01990
0.01990
0.01993
0.01996
0.01996
0.01996
0.02002
0.02002
0.02002
0.02002
0.02002
0.02002
0.02002
0.02002
0.02002
0.02002
0.02002
0.02008
0.02008
0.02008
0.02011
0.02014
0.02014
0.02023
0.02026
0.02026
0.02026
0.02026
0.02026
0.02026
0.02026
0.02026
0.02026
0.02026
0.02026
0.02026
0.02028
0.02039
0.02051
0.02051
0.02051
0.02051
0.02051
0.02051
0.02051
0.02051
0.02051
0.02051
0.02051
0.02051
0.02051
0.02054
0.02060
0.02060
0.02063
0.02063
0.02063
0.02063
0.02063
0.02063
0.02063
0.02066
0.02069
0.02069
0.02075
0.02075
0.02075
0.02075
0.02075
0.02075
0.02075
0.02075
0.02075
0.02075
0.02075
0.02075
0.02075
0.02075
0.02075
0.02075
0.02075
0.02075
0.02075
0.02081
0.02087
0.02087
0.02087
0.02094
0.02094
0.02100
0.02100
0.02100
0.02100
0.02100
0.02100
0.02100
0.02100
0.02100
0.02106
0.02112
0.02112
0.02112
0.02119
0.02124
0.02124
0.02124
0.02124
0.02124
0.02124
0.02130
0.02136
0.02136
0.02136
0.02142
0.02145
0.02148
0.02148
0.02148
0.02148
0.02148
0.02148
0.02148
0.02148
0.02151
0.02155
0.02161
0.02173
0.02173
0.02173
0.02173
0.02173
0.02173
0.02185
0.02197
0.02197
0.02197
0.02197
0.02197
0.02197
0.02203
0.02216
0.02222
0.02222
0.02222
0.02222
0.02222
0.02234
0.02234
0.02238
0.02240
0.02246
0.02246
0.02246
0.02246
0.02246
0.02252
0.02256
0.02271
0.02271
0.02271
0.02271
0.02271
0.02271
0.02283
0.02283
0.02283
0.02283
0.02283
0.02286
0.02289
0.02295
0.02295
0.02295
0.02295
0.02298
0.02305
0.02319
0.02319
0.02319
0.02319
0.02319
0.02335
0.02338
0.02344
0.02344
0.02356
0.02365
0.02368
0.02368
0.02368
0.02368
0.02380
0.02380
0.02390
0.02393
0.02393
0.02393
0.02405
0.02405
0.02417
0.02417
0.02417
0.02423
0.02429
0.02429
0.02429
0.02441
0.02441
0.02441
0.02441
0.02441
0.02444
0.02454
0.02454
0.02466
0.02466
0.02466
0.02466
0.02466
0.02484
0.02490
0.02490
0.02490
0.02490
0.02509
0.02515
0.02515
0.02515
0.02515
0.02527
0.02539
0.02551
0.02557
0.02588
0.02594
0.02603
0.02612
0.02612
0.02612
0.02625
0.02673
0.02681
0.02686
0.02686
0.02686
0.02710
0.02710
0.02734
0.02734
0.02734
0.02734
0.02744
0.02759
0.02759
0.02769
0.02771
0.02783
0.02783
0.02802
0.02808
0.02808
0.02808
0.02808
0.02820
0.02820
0.02832
0.02832
0.02844
0.02844
0.02844
0.02856
0.02856
0.02856
0.02856
0.02913
0.02930
0.02930
0.02930
0.02954
0.02954
0.02979
0.02979
0.02979
0.03003
0.03021
0.03027
0.03052
0.03064
0.03076
0.03125
0.03125
0.03174
0.03189
0.03223
0.03235
0.03235
0.03271
0.03290
0.03296
0.03320
0.03320
0.03345
0.03391
0.03406
0.03491
0.03491
0.03589
0.03589
0.03595
0.03607
0.03633
0.03656
0.03699
0.03717
0.03769
0.03907
0.03955
0.04077
0.04095
0.04154
0.04224
0.04346
0.04370
0.04492
0.04498
0.04590
0.06519
0.06776
0.10336
0.10522
