301051 10 42 4.2
301344 1 1 1
301378 3 7 2.33333
1140 9 15 1.66667
301466 3 4 1.33333
777 4 6 1.5
301194 5 7 1.4
900 13 19 1.46154
1208 1 1 1
1017 1 1 1
969 4 4 1
301404 8 9 1.125
301038 4 4 1
609 10 12 1.2
1215 6 18 3
301428 12 25 2.08333
553 3 23 7.66667
368 1 1 1
300926 9 22 2.44444
825 13 18 1.38462
300655 13 32 2.46154
1166 6 36 6
300792 7 7 1
937 4 16 4
117 2 2 1
978 1 1 1
200930 7 9 1.28571
200705 7 7 1
200809 5 5 1
106 15 26 1.73333
699 1 1 1
201564 7 7 1
489 2 2 1
103 7 13 1.85714
100049 12 13 1.08333
201433 8 8 1
387 9 12 1.33333
101491 10 12 1.2
200796 5 5 1
100563 10 16 1.6
201486 1 1 1
200895 1 1 1
201520 3 19 6.33333
101351 13 15 1.15385
100923 3 7 2.33333
100757 9 19 2.11111
200807 8 9 1.125
201382 4 4 1
201492 1 1 1
200967 1 1 1
301502 9 11 1.22222
301088 8 8 1
301304 12 14 1.16667
201573 1 1 1
200784 5 19 3.8
301023 2 2 1
1503 3 3 1
301072 9 15 1.66667
300382 8 8 1
300996 1 1 1
301294 9 9 1
300769 6 6 1
1126 13 36 2.76923
1439 9 9 1
1211 9 37 4.11111
1028 3 3 1
1316 5 38 7.6
300277 4 11 2.75
300928 11 25 2.27273
1304 7 7 1
300517 2 19 9.5
300651 14 51 3.64286
315 11 14 1.27273
1255 3 3 1
342 3 3 1
705 11 19 1.72727
300882 4 11 2.75
300210 5 17 3.4
300856 7 27 3.85714
1467 5 5 1
301070 1 1 1
300291 6 6 1
300225 15 24 1.6
300148 9 46 5.11111
300685 6 13 2.16667
1032 12 21 1.75
300444 5 13 2.6
1297 7 24 3.42857
301442 3 3 1
300033 3 3 1
301036 5 41 8.2
300157 11 26 2.36364
300674 10 24 2.4
301358 8 9 1.125
1424 1 1 1
300164 6 20 3.33333
155 15 55 3.66667
874 7 7 1
100861 15 49 3.26667
300229 7 7 1
100682 1 1 1
1091 8 8 1
300759 7 40 5.71429
351 3 12 4
394 1 1 1
963 5 25 5
100010 66 106 1.60606
1267 4 46 11.5
300466 1 1 1
300703 7 7 1
100817 13 19 1.46154
1230 6 15 2.5
100305 13 16 1.23077
507 7 16 2.28571
100729 1 1 1
300432 3 3 1
629 1 1 1
230 12 24 2
839 10 21 2.1
100256 11 16 1.45455
201010 1 1 1
100567 6 7 1.16667
678 2 6 3
300205 6 12 2
200089 14 20 1.42857
581 6 6 1
100653 7 17 2.42857
525 7 11 1.57143
100839 11 11 1
201251 3 11 3.66667
101260 3 4 1.33333
284 5 5 1
100718 13 22 1.69231
101403 2 2 1
201041 1 1 1
200214 7 31 4.42857
201442 13 17 1.30769
200567 6 6 1
100012 60 99 1.65
101103 5 22 4.4
100140 4 5 1.25
200693 11 13 1.18182
101278 10 16 1.6
200834 10 12 1.2
200764 3 3 1
100476 12 23 1.91667
200671 8 24 3
200974 12 41 3.41667
201424 5 33 6.6
200781 3 3 1
201471 4 11 2.75
100017 33 46 1.39394
201390 8 8 1
201367 7 39 5.57143
201559 5 9 1.8
100797 3 9 3
300357 9 9 1
200712 1 1 1
100161 2 4 2
100207 3 11 3.66667
200682 1 1 1
201103 1 1 1
200242 5 12 2.4
200642 7 7 1
200897 10 22 2.2
101309 9 11 1.22222
101133 1 1 1
101094 5 20 4
300556 6 9 1.5
301335 6 8 1.33333
300946 3 3 1
300750 12 28 2.33333
300347 5 7 1.4
300575 7 8 1.14286
300700 7 16 2.28571
200548 4 6 1.5
847 12 30 2.5
300819 3 3 1
300285 5 19 3.8
301521 7 7 1
702 9 10 1.11111
301069 5 17 3.4
625 2 13 6.5
300306 5 10 2
630 6 17 2.83333
726 5 44 8.8
300933 3 3 1
681 11 21 1.90909
276 6 6 1
1014 1 1 1
301054 1 1 1
300324 8 8 1
684 13 29 2.23077
300312 1 1 1
301372 3 3 1
1401 4 10 2.5
70 22 22 1
1149 1 1 1
22 28 42 1.5
1382 7 17 2.42857
1494 5 5 1
300775 4 8 2
269 11 33 3
222 3 4 1.33333
100388 13 36 2.76923
301397 4 4 1
100429 9 9 1
291 13 17 1.30769
1257 1 1 1
562 6 11 1.83333
1339 12 14 1.16667
100670 1 1 1
312 1 1 1
100486 9 15 1.66667
100365 13 13 1
1285 9 8 0.888889
201089 6 7 1.16667
200737 1 1 1
1275 3 14 4.66667
100834 11 14 1.27273
100442 10 13 1.3
100421 11 34 3.09091
100640 4 13 3.25
201161 3 9 3
201150 4 53 13.25
100705 9 15 1.66667
310 16 32 2
100758 5 7 1.4
200915 5 29 5.8
201206 3 11 3.66667
13 76 75 0.986842
201284 5 9 1.8
100544 8 11 1.375
100868 1 1 1
100761 7 8 1.14286
200758 12 36 3
200024 3 10 3.33333
200755 5 6 1.2
200284 14 14 1
100634 1 1 1
200471 1 1 1
200212 11 11 1
100102 16 20 1.25
200946 4 52 13
200280 7 16 2.28571
100003 119 163 1.36975
200239 11 16 1.45455
200263 5 5 1
200319 12 22 1.83333
200802 5 23 4.6
201566 2 3 1.5
201293 1 1 1
201026 3 3 1
100403 1 1 1
100899 7 30 4.28571
101324 12 30 2.5
200512 4 8 2
100376 8 13 1.625
201223 12 13 1.08333
201114 5 45 9
200810 13 13 1
101263 11 11 1
101377 1 1 1
100896 8 27 3.375
201165 12 29 2.41667
100349 2 2 1
200902 13 22 1.69231
200441 11 29 2.63636
101426 10 10 1
201473 7 7 1
201306 8 8 1
200531 12 22 1.83333
301084 8 25 3.125
301048 2 2 1
100906 11 11 1
100986 7 28 4
100953 7 14 2
300772 8 21 2.625
200322 6 15 2.5
300683 12 16 1.33333
1190 9 21 2.33333
300511 11 33 3
693 4 4 1
661 6 9 1.5
301384 3 3 1
246 5 15 3
300257 3 19 6.33333
301526 1 1 1
300731 1 1 1
301307 9 12 1.33333
1366 9 16 1.77778
300186 10 27 2.7
300973 7 29 4.14286
200129 2 9 4.5
799 4 4 1
300654 1 1 1
479 1 1 1
137 1 1 1
300741 1 1 1
200157 8 34 4.25
384 12 15 1.25
300876 13 39 3
518 4 4 1
301078 8 9 1.125
300955 6 6 1
300206 2 2 1
300262 10 19 1.9
1473 1 1 1
300094 12 37 3.08333
260 11 17 1.54545
622 8 18 2.25
220 8 13 1.625
1043 1 1 1
550 3 3 1
300305 3 6 2
830 8 16 2
1391 3 6 2
287 2 2 1
100297 12 12 1
100230 1 1 1
100098 4 13 3.25
100375 7 8 1.14286
201147 2 2 1
101395 8 25 3.125
717 1 1 1
1005 3 16 5.33333
200958 12 12 1
602 2 2 1
100960 13 27 2.07692
200148 5 8 1.6
100112 6 20 3.33333
100512 8 8 1
101031 11 11 1
100457 3 3 1
200498 10 29 2.9
100306 12 27 2.25
200511 11 11 1
201156 7 7 1
201265 12 32 2.66667
201349 4 38 9.5
201125 8 15 1.875
201112 5 7 1.4
200690 6 6 1
101044 5 35 7
201197 3 3 1
100750 10 11 1.1
101421 6 6 1
100166 6 6 1
200599 7 7 1
101317 7 16 2.28571
301298 7 9 1.28571
200727 10 20 2
200875 5 7 1.4
301058 6 6 1
200996 5 5 1
200799 11 18 1.63636
301110 9 21 2.33333
300937 5 12 2.4
201551 8 8 1
101320 12 27 2.25
200767 13 15 1.15385
201480 10 21 2.1
201406 11 10 0.909091
300392 7 30 4.28571
200547 12 35 2.91667
300940 1 1 1
200516 11 35 3.18182
201289 8 11 1.375
301034 3 6 2
301472 4 4 1
300162 6 7 1.16667
808 13 25 1.92308
1485 2 2 1
301322 2 6 3
301432 6 6 1
1462 9 21 2.33333
300692 8 10 1.25
965 6 23 3.83333
943 5 24 4.8
1064 5 5 1
861 6 9 1.5
301522 4 4 1
1160 4 18 4.5
301087 9 13 1.44444
1334 5 6 1.2
200125 10 10 1
635 3 4 1.33333
300778 4 4 1
300900 8 8 1
1054 2 2 1
389 8 13 1.625
100829 1 1 1
300744 2 2 1
44 30 31 1.03333
1456 2 2 1
100518 11 21 1.90909
1507 11 11 1
620 2 17 8.5
300546 5 11 2.2
237 12 12 1
854 2 5 2.5
538 8 13 1.625
100446 6 12 2
26 21 25 1.19048
100732 6 32 5.33333
444 8 9 1.125
100914 8 11 1.375
100179 7 7 1
476 4 10 2.5
200976 2 2 1
200094 5 5 1
101359 10 10 1
470 9 9 1
201137 6 6 1
615 7 29 4.14286
100911 12 15 1.25
101266 9 27 3
100920 4 27 6.75
101152 2 2 1
201129 2 24 12
178 13 37 2.84615
201340 12 17 1.41667
201268 10 17 1.7
100690 1 1 1
200031 22 43 1.95455
200496 6 6 1
200369 6 6 1
101284 8 9 1.125
301310 6 39 6.5
100406 5 10 2
100886 2 7 3.5
200207 4 6 1.5
200348 9 12 1.33333
100696 12 17 1.41667
201542 9 14 1.55556
100595 7 19 2.71429
200943 8 12 1.5
101472 4 13 3.25
201466 6 6 1
200717 7 8 1.14286
300378 12 31 2.58333
200846 8 12 1.5
200253 13 27 2.07692
101295 9 9 1
201263 12 34 2.83333
201280 2 10 5
201191 1 1 1
101501 2 4 2
100913 1 1 1
101397 1 1 1
201237 10 13 1.3
200339 7 8 1.14286
200341 3 4 1.33333
101138 1 1 1
101279 1 1 1
200591 3 3 1
300551 6 8 1.33333
300739 6 10 1.66667
300580 3 27 9
200011 37 64 1.72973
300857 9 11 1.22222
1082 10 20 2
200050 17 42 2.47059
1235 9 26 2.88889
301343 9 14 1.55556
1471 9 14 1.55556
300192 5 5 1
300450 10 10 1
1194 12 12 1
301396 1 1 1
486 5 20 4
301144 7 30 4.28571
57 9 9 1
301104 8 13 1.625
1059 9 11 1.22222
300493 11 15 1.36364
300366 4 9 2.25
300999 6 18 3
300077 9 31 3.44444
1199 7 17 2.42857
300470 6 16 2.66667
301119 5 51 10.2
300970 10 20 2
300887 1 1 1
1444 2 9 4.5
495 5 11 2.2
300907 2 26 13
300508 6 6 1
1056 11 30 2.72727
300026 21 28 1.33333
300502 8 12 1.5
300481 12 12 1
1092 2 3 1.5
1476 8 13 1.625
626 6 6 1
200086 3 17 5.66667
1193 10 10 1
100891 8 11 1.375
100841 8 8 1
1046 6 6 1
200079 1 1 1
100447 2 11 5.5
1236 11 11 1
983 6 16 2.66667
18 68 81 1.19118
200413 6 18 3
201395 4 4 1
201371 10 29 2.9
200668 7 13 1.85714
200373 1 1 1
200971 4 39 9.75
101350 2 4 2
201495 1 1 1
100666 11 22 2
101459 5 11 2.2
201097 9 12 1.33333
201302 11 11 1
101404 8 9 1.125
100215 6 6 1
100847 2 13 6.5
201144 4 3 0.75
101194 12 24 2
200546 10 41 4.1
100449 5 5 1
200701 10 10 1
200815 4 6 1.5
200008 14 16 1.14286
101302 2 2 1
100620 1 1 1
201079 1 1 1
301440 8 8 1
200193 1 1 1
201311 3 3 1
301247 13 37 2.84615
200062 8 14 1.75
301179 6 18 3
101248 1 1 1
301018 3 6 2
200291 2 2 1
300612 1 1 1
300515 4 4 1
200627 4 9 2.25
301381 10 19 1.9
301368 12 12 1
200392 8 10 1.25
301449 13 20 1.53846
300834 4 16 4
300380 11 27 2.45455
492 5 52 10.4
388 11 18 1.63636
1102 13 29 2.23077
365 10 22 2.2
348 5 10 2
221 4 14 3.5
300755 7 18 2.57143
214 10 13 1.3
1336 6 33 5.5
301416 10 15 1.5
301094 2 42 21
300011 176 256 1.45455
300691 1 1 1
574 2 18 9
300982 1 1 1
200082 11 11 1
1500 12 23 1.91667
300979 5 5 1
304 13 13 1
300540 2 4 2
301170 11 11 1
958 4 7 1.75
145 4 11 2.75
301131 2 2 1
274 13 15 1.15385
300046 23 32 1.3913
300680 12 30 2.5
301203 6 25 4.16667
300396 10 18 1.8
41 13 19 1.46154
300824 9 9 1
300878 11 14 1.27273
300286 15 48 3.2
300727 1 1 1
200064 16 17 1.0625
541 5 5 1
689 6 9 1.5
768 1 1 1
101469 4 8 2
100235 8 20 2.5
300464 6 18 3
100310 9 10 1.11111
201204 9 9 1
201201 6 18 3
607 1 1 1
201430 10 10 1
201008 7 7 1
895 10 27 2.7
201460 6 26 4.33333
100751 9 39 4.33333
101312 6 6 1
100138 5 7 1.4
200289 6 14 2.33333
520 6 6 1
546 10 20 2
353 7 7 1
200933 13 18 1.38462
200612 5 5 1
100825 3 5 1.66667
100716 1 1 1
100658 6 10 1.66667
200960 1 1 1
100887 4 13 3.25
100393 7 13 1.85714
101273 1 1 1
100131 1 1 1
201299 13 13 1
100572 13 60 4.61538
200763 12 12 1
200594 5 5 1
101209 1 1 1
200229 11 44 4
200040 11 11 1
201136 11 17 1.54545
201469 1 1 1
201142 3 20 6.66667
200624 3 3 1
101151 2 2 1
300410 1 1 1
200899 2 2 1
200989 12 12 1
200312 11 11 1
201070 9 11 1.22222
200240 6 7 1.16667
100980 14 27 1.92857
200674 11 26 2.36364
301316 4 4 1
201512 7 7 1
301419 1 1 1
201321 6 7 1.16667
300484 5 5 1
1442 2 2 1
200452 10 11 1.1
1373 7 11 1.57143
1073 6 6 1
1027 12 19 1.58333
1408 2 2 1
300860 10 14 1.4
200014 13 25 1.92308
1180 13 29 2.23077
933 7 7 1
1179 2 2 1
301000 10 10 1
301064 1 1 1
300330 14 55 3.92857
804 1 1 1
1423 2 2 1
1354 2 17 8.5
301354 1 1 1
1243 5 20 4
1428 10 22 2.2
1311 11 11 1
74 9 32 3.55556
1165 13 34 2.61538
910 1 1 1
455 9 16 1.77778
1388 7 10 1.42857
300622 6 6 1
300178 7 7 1
300709 8 10 1.25
300344 6 11 1.83333
62 19 22 1.15789
301371 2 13 6.5
1074 1 1 1
300640 4 9 2.25
982 1 1 1
301007 1 1 1
300145 6 6 1
1183 5 16 3.2
782 5 33 6.6
301099 1 1 1
320 14 63 4.5
301361 5 8 1.6
100747 2 8 4
100524 12 12 1
362 16 61 3.8125
100804 4 4 1
301475 1 1 1
300565 5 25 5
721 7 7 1
300964 7 7 1
100463 7 7 1
1173 12 13 1.08333
590 7 11 1.57143
289 17 36 2.11765
1496 1 1 1
300041 2 2 1
242 13 15 1.15385
100723 3 3 1
100360 12 19 1.58333
1109 5 5 1
714 14 38 2.71429
100435 4 24 6
300182 1 1 1
796 7 17 2.42857
100769 14 16 1.14286
300212 12 21 1.75
319 16 17 1.0625
100731 14 31 2.21429
98 13 31 2.38462
903 13 36 2.76923
100092 14 14 1
201063 5 38 7.6
50 1 1 1
200926 12 14 1.16667
200257 14 15 1.07143
200854 8 17 2.125
200697 4 4 1
200355 1 1 1
101292 3 3 1
101316 11 11 1
200606 10 10 1
200821 1 1 1
100243 4 4 1
201187 8 38 4.75
201339 6 46 7.66667
101204 3 3 1
201342 6 10 1.66667
101171 10 10 1
201003 2 19 9.5
101460 2 2 1
200622 11 28 2.54545
100701 2 2 1
200743 1 1 1
200588 5 5 1
200261 1 1 1
100617 7 17 2.42857
200013 30 32 1.06667
101381 5 7 1.4
301229 8 33 4.125
300383 6 10 1.66667
201084 12 14 1.16667
201312 2 2 1
200600 1 1 1
101261 13 18 1.38462
301076 12 17 1.41667
100019 16 26 1.625
200576 11 18 1.63636
101068 11 12 1.09091
201377 2 2 1
301347 4 16 4
201353 4 7 1.75
200004 267 342 1.2809
201217 10 10 1
200235 2 2 1
300434 13 28 2.15385
1384 11 17 1.54545
300886 1 1 1
300678 2 2 1
1405 12 33 2.75
200603 1 1 1
200636 5 5 1
301162 3 16 5.33333
200660 7 7 1
301159 7 7 1
300852 1 1 1
1030 6 9 1.5
300490 5 5 1
300060 21 58 2.7619
301314 11 11 1
1137 1 1 1
301146 10 15 1.5
1395 1 1 1
1453 10 19 1.9
1364 12 28 2.33333
474 3 17 5.66667
300431 6 24 4
745 10 11 1.1
300763 1 1 1
300268 10 17 1.7
300436 1 1 1
561 9 16 1.77778
300029 5 15 3
1152 1 1 1
300248 2 2 1
300319 2 2 1
1518 5 5 1
300487 5 5 1
1435 4 4 1
300452 13 34 2.61538
300844 3 3 1
329 13 16 1.23077
1426 5 5 1
940 11 15 1.36364
200165 2 2 1
1041 10 11 1.1
754 11 54 4.90909
1051 3 8 2.66667
101432 3 3 1
778 11 11 1
100638 11 12 1.09091
101405 7 14 2
100062 7 7 1
100844 7 9 1.28571
100811 1 1 1
101505 10 15 1.5
101393 1 1 1
88 4 4 1
356 13 30 2.30769
200745 14 34 2.42857
47 8 28 3.5
201017 2 2 1
200924 7 14 2
200388 1 1 1
200748 1 1 1
101419 8 15 1.875
100313 11 13 1.18182
101425 1 1 1
100497 1 1 1
100210 5 5 1
100722 6 6 1
101056 1 1 1
101530 13 17 1.30769
200585 3 3 1
301278 4 4 1
100474 12 40 3.33333
200406 1 1 1
200058 8 13 1.625
100471 4 10 2.5
101233 1 1 1
101002 2 9 4.5
301226 6 6 1
200688 2 6 3
301285 11 11 1
201014 6 8 1.33333
200559 10 33 3.3
201173 3 6 2
200358 2 12 6
101386 8 8 1
100292 16 24 1.5
200269 12 12 1
200850 14 29 2.07143
101124 12 13 1.08333
101080 5 6 1.2
200794 8 22 2.75
301399 9 10 1.11111
101267 2 2 1
200608 1 1 1
301180 8 42 5.25
200581 6 7 1.16667
200621 10 45 4.5
200028 4 4 1
301489 12 20 1.66667
301093 4 4 1
301116 6 6 1
200211 8 13 1.625
1443 5 5 1
300504 3 21 7
1488 1 1 1
201335 3 44 14.6667
300117 12 18 1.5
300646 2 6 3
1145 9 9 1
300048 14 32 2.28571
200665 11 18 1.63636
300952 11 28 2.54545
818 3 3 1
300904 10 10 1
739 11 11 1
300593 5 22 4.4
300879 8 8 1
512 5 5 1
300296 13 32 2.46154
301120 6 6 1
390 1 1 1
300479 12 21 1.75
367 12 12 1
300242 1 1 1
1479 2 5 2.5
301456 5 9 1.8
301340 12 15 1.25
300803 2 23 11.5
81 2 3 1.5
593 3 3 1
200152 2 24 12
101226 11 11 1
100058 1 1 1
434 10 15 1.5
300539 6 6 1
300606 4 12 3
301161 3 3 1
100803 10 11 1.1
300461 9 9 1
100483 2 2 1
300829 1 1 1
300532 4 18 4.5
170 4 41 10.25
100378 5 7 1.4
300948 10 27 2.7
67 23 23 1
300332 2 3 1.5
300526 1 1 1
300630 9 17 1.88889
964 5 19 3.8
361 5 8 1.6
201133 3 9 3
201159 2 2 1
100399 4 4 1
100190 12 12 1
201051 3 18 6
675 1 1 1
530 4 5 1.25
380 1 1 1
201514 7 12 1.71429
200526 1 1 1
64 6 11 1.83333
100599 1 1 1
100533 4 10 2.5
200454 4 4 1
201106 1 1 1
101148 10 46 4.6
200994 12 12 1
201389 1 1 1
101401 9 16 1.77778
200771 1 1 1
200222 16 50 3.125
100693 8 9 1.125
200026 7 16 2.28571
201034 9 9 1
200570 3 3 1
100983 3 3 1
201507 2 2 1
101276 4 4 1
200232 5 5 1
101139 8 8 1
200482 4 4 1
100139 12 14 1.16667
200327 3 7 2.33333
100964 10 41 4.1
201077 8 18 2.25
200773 1 1 1
300586 6 6 1
301350 3 12 4
100995 2 9 4.5
100915 7 9 1.28571
300974 11 18 1.63636
201510 11 17 1.54545
301424 10 19 1.9
300921 14 35 2.5
301061 9 28 3.11111
200586 1 1 1
301506 4 4 1
300911 1 1 1
301251 8 10 1.25
300942 11 12 1.09091
301133 4 6 1.5
300074 5 19 3.8
1482 4 5 1.25
300369 4 4 1
459 12 41 3.41667
300625 2 21 10.5
1359 4 13 3.25
1261 1 1 1
300611 4 4 1
301125 1 1 1
1039 6 16 2.66667
1264 2 2 1
1216 11 20 1.81818
301176 9 23 2.55556
301136 5 33 6.6
300203 9 10 1.11111
301192 2 2 1
300208 11 21 1.90909
300875 1 1 1
300405 6 30 5
100677 4 12 3
100082 10 15 1.5
300084 4 27 6.75
300125 3 20 6.66667
300672 10 14 1.4
177 2 2 1
153 2 2 1
100680 9 22 2.44444
800 13 16 1.23077
6 90 105 1.16667
36 11 15 1.36364
61 6 15 2.5
101488 13 31 2.38462
751 11 11 1
100299 10 15 1.5
101066 12 12 1
100091 9 13 1.44444
200859 8 26 3.25
201219 6 36 6
101114 11 23 2.09091
201366 9 9 1
200555 3 4 1.33333
100753 3 6 2
200635 4 5 1.25
100970 4 16 4
101050 9 12 1.33333
200845 5 42 8.4
101109 3 3 1
201585 3 3 1
101497 5 6 1.2
100971 5 5 1
100940 6 6 1
201332 2 2 1
101011 10 20 2
200832 7 8 1.14286
100335 10 15 1.5
200430 11 16 1.45455
100957 6 6 1
100281 3 3 1
101043 10 10 1
200882 8 9 1.125
101366 10 25 2.5
101141 14 22 1.57143
301492 4 4 1
100943 1 1 1
300870 7 7 1
200735 1 1 1
201239 13 31 2.38462
300735 4 13 3.25
301313 4 22 5.5
1478 4 4 1
201240 11 12 1.09091
300281 9 16 1.77778
200618 3 3 1
301053 1 1 1
1288 9 25 2.77778
901 10 14 1.4
300614 1 1 1
954 6 14 2.33333
300451 11 15 1.36364
300702 7 10 1.42857
301367 9 9 1
1010 12 23 1.91667
300416 11 18 1.63636
1035 1 1 1
301474 2 2 1
300121 9 23 2.55556
100078 9 9 1
300960 5 5 1
300034 9 13 1.44444
919 11 14 1.27273
301487 7 9 1.28571
34 21 33 1.57143
300390 3 3 1
300545 4 5 1.25
301151 11 12 1.09091
300811 8 19 2.375
936 10 11 1.1
439 3 3 1
300938 6 6 1
226 6 6 1
300467 3 3 1
506 6 6 1
300689 3 3 1
859 10 22 2.2
1117 2 2 1
20 80 134 1.675
1019 1 1 1
301497 11 14 1.27273
1226 13 13 1
300169 6 12 2
100564 1 1 1
716 7 31 4.42857
1350 13 27 2.07692
1186 8 10 1.25
54 4 5 1.25
501 12 39 3.25
200159 8 18 2.25
803 3 13 4.33333
100835 6 6 1
456 2 2 1
300669 1 1 1
601 10 17 1.7
301024 10 12 1.2
101186 5 7 1.4
1031 2 15 7.5
100118 9 9 1
793 11 23 2.09091
100660 5 7 1.4
336 7 24 3.42857
1356 10 25 2.5
1103 7 10 1.42857
100692 6 51 8.5
1207 2 2 1
200841 11 27 2.45455
201042 2 2 1
300278 14 14 1
300241 5 7 1.4
817 5 52 10.4
100996 10 20 2
100015 32 33 1.03125
100547 1 1 1
239 2 7 3.5
100573 5 5 1
21 56 80 1.42857
200868 1 1 1
200978 12 13 1.08333
201594 8 8 1
200707 1 1 1
101409 10 14 1.4
101451 10 20 2
201386 8 13 1.625
100453 7 7 1
100749 7 19 2.71429
101125 8 32 4
200492 3 3 1
101165 9 57 6.33333
201364 10 14 1.4
201099 1 1 1
101422 2 3 1.5
200506 8 15 1.875
101378 9 9 1
200565 2 2 1
301267 5 11 2.2
100775 1 1 1
201610 6 6 1
200695 3 3 1
100646 10 16 1.6
100808 1 1 1
201458 10 14 1.4
100643 1 1 1
101453 5 9 1.8
101014 9 13 1.44444
200428 7 7 1
201524 4 4 1
200768 10 10 1
301293 4 18 4.5
200522 11 20 1.81818
101129 10 17 1.7
301097 5 7 1.4
101017 6 6 1
200367 2 2 1
101442 6 9 1.5
200384 1 1 1
101288 8 18 2.25
200485 12 37 3.08333
201606 3 3 1
200966 9 17 1.88889
301107 2 2 1
200265 9 10 1.11111
301044 9 32 3.55556
200343 8 15 1.875
300518 2 2 1
300180 8 19 2.375
301345 12 12 1
300924 10 10 1
984 12 22 1.83333
1420 12 24 2
200439 4 4 1
301083 6 9 1.5
776 5 6 1.2
1158 6 13 2.16667
1016 12 21 1.75
673 8 9 1.125
301167 12 23 1.91667
301249 6 14 2.33333
301074 8 37 4.625
300859 9 28 3.11111
730 2 3 1.5
301477 6 6 1
300428 9 10 1.11111
864 1 1 1
171 5 5 1
1097 4 4 1
300239 10 15 1.5
300780 2 2 1
300197 9 14 1.55556
1459 12 19 1.58333
200150 11 12 1.09091
301103 8 9 1.125
428 3 8 2.66667
261 1 1 1
844 4 6 1.5
1241 1 1 1
772 2 49 24.5
293 7 13 1.85714
301488 4 4 1
300014 95 138 1.45263
453 4 4 1
301408 8 14 1.75
100063 1 1 1
300314 3 3 1
100569 7 21 3
504 2 2 1
1380 1 1 1
1369 11 11 1
300150 3 3 1
300260 1 1 1
1222 2 2 1
100515 1 1 1
1510 8 8 1
488 8 21 2.625
100622 3 27 9
300816 1 1 1
1342 10 15 1.5
100587 3 3 1
416 11 17 1.54545
300815 13 19 1.46154
548 1 1 1
300088 1 1 1
376 11 25 2.27273
100494 8 14 1.75
201000 6 6 1
82 18 26 1.44444
1205 13 38 2.92308
101183 10 10 1
100103 10 15 1.5
100039 13 19 1.46154
100610 11 11 1
200203 8 8 1
101175 1 1 1
706 2 2 1
200283 2 12 6
101228 7 7 1
307 11 25 2.27273
48 7 36 5.14286
101282 13 27 2.07692
379 7 7 1
142 7 11 1.57143
101222 9 36 4
100536 7 18 2.57143
100673 1 1 1
200297 10 25 2.5
201316 3 3 1
100624 12 30 2.5
200652 10 38 3.8
201073 8 15 1.875
200721 1 1 1
201445 10 22 2.2
101140 10 10 1
101096 10 16 1.6
101236 2 22 11
101203 4 54 13.5
200731 8 15 1.875
100984 6 8 1.33333
200620 10 10 1
201308 6 6 1
100612 10 20 2
201246 1 1 1
200295 10 12 1.2
200350 6 17 2.83333
201011 4 21 5.25
201463 8 13 1.625
201325 1 1 1
101415 2 2 1
201394 12 12 1
200751 8 21 2.625
201083 1 1 1
101256 1 1 1
200416 2 2 1
301211 7 35 5
200250 11 13 1.18182
101028 12 29 2.41667
200309 3 15 5
200540 1 1 1
200434 6 6 1
1417 10 19 1.9
300752 2 43 21.5
301254 3 3 1
301172 9 17 1.88889
1049 5 19 3.8
1399 7 9 1.28571
301227 3 34 11.3333
300439 10 33 3.3
300486 10 19 1.9
300425 1 1 1
300496 1 1 1
301327 9 12 1.33333
300862 1 1 1
300153 10 13 1.3
301079 1 1 1
1474 7 13 1.85714
200174 12 36 3
301443 9 16 1.77778
300165 8 8 1
300812 5 5 1
1306 12 16 1.33333
992 5 5 1
1045 4 4 1
301089 1 1 1
100601 2 2 1
301391 13 35 2.69231
200088 3 3 1
711 1 1 1
300717 5 12 2.4
100619 1 1 1
655 6 19 3.16667
200144 11 13 1.18182
657 6 10 1.66667
300267 9 13 1.44444
392 1 1 1
200138 1 1 1
259 6 17 2.83333
1001 8 8 1
300443 8 8 1
918 1 1 1
300222 1 1 1
300193 6 6 1
1431 9 9 1
130 10 35 3.5
200141 3 5 1.66667
110 8 8 1
100633 3 3 1
101514 10 13 1.3
101495 1 1 1
101414 4 19 4.75
1196 7 7 1
200188 13 18 1.38462
101534 14 14 1
100060 4 9 2.25
101015 6 10 1.66667
100615 2 3 1.5
100655 7 11 1.57143
100054 12 35 2.91667
200595 3 3 1
100560 2 3 1.5
101322 8 9 1.125
100992 5 5 1
200596 2 2 1
100345 4 4 1
100554 1 1 1
101521 1 1 1
100023 1 1 1
100584 10 10 1
100522 4 4 1
200903 3 5 1.66667
100581 14 56 4
100629 5 35 7
100669 9 24 2.66667
201267 11 21 1.90909
101433 6 11 1.83333
100741 6 9 1.5
201119 13 51 3.92308
100258 12 12 1
101108 1 1 1
201596 1 1 1
101326 9 24 2.66667
200231 5 5 1
200925 3 10 3.33333
200663 8 8 1
301100 1 1 1
301004 1 1 1
200245 12 21 1.75
101300 1 1 1
301459 3 6 2
300972 2 2 1
301234 9 11 1.22222
201328 6 6 1
300350 5 10 2
200344 7 7 1
301460 7 7 1
300214 11 40 3.63636
301380 1 1 1
300794 10 15 1.5
300320 8 17 2.125
569 1 1 1
707 3 4 1.33333
300874 11 11 1
300200 13 32 2.46154
578 4 21 5.25
935 6 6 1
484 10 11 1.1
301483 3 3 1
616 1 1 1
333 16 16 1
544 5 7 1.4
1338 8 8 1
670 10 10 1
300482 9 23 2.55556
907 8 8 1
1324 2 5 2.5
200163 1 1 1
300037 18 44 2.44444
100067 18 18 1
200132 5 5 1
638 14 39 2.78571
101192 1 1 1
200122 8 14 1.75
300255 1 1 1
124 4 8 2
897 1 1 1
100 16 18 1.125
78 20 22 1.1
100137 5 26 5.2
1345 6 11 1.83333
100651 2 4 2
709 5 10 2
201101 7 25 3.57143
300524 10 28 2.8
201045 1 1 1
300122 13 13 1
1274 5 20 4
201214 5 13 2.6
100317 15 23 1.53333
100822 3 3 1
300070 16 20 1.25
101429 2 2 1
300808 14 34 2.42857
100133 3 3 1
101070 1 1 1
200084 13 13 1
100739 3 3 1
201157 2 2 1
640 13 43 3.30769
201568 1 1 1
200187 5 5 1
100188 6 6 1
100334 8 30 3.75
100592 1 1 1
201291 6 7 1.16667
198 1 1 1
101330 2 4 2
200486 7 23 3.28571
200804 1 1 1
200217 3 10 3.33333
200782 8 8 1
201588 8 10 1.25
100514 4 4 1
201227 1 1 1
100506 4 4 1
101348 1 1 1
100888 10 16 1.6
100396 4 4 1
100976 1 1 1
200447 8 12 1.5
201243 1 1 1
201300 8 36 4.5
101078 1 1 1
200949 1 1 1
100609 5 5 1
200590 5 5 1
201221 13 16 1.23077
101019 9 9 1
200527 11 11 1
200552 10 18 1.8
301201 8 20 2.5
101022 11 11 1
101060 12 12 1
201322 11 32 2.90909
201234 3 3 1
300725 7 9 1.28571
101372 9 9 1
300354 1 1 1
201443 12 18 1.5
301153 1 1 1
201580 8 15 1.875
1036 3 5 1.66667
300394 4 4 1
301491 2 2 1
301385 2 7 3.5
200655 2 2 1
300137 7 14 2
200691 6 19 3.16667
200038 1 1 1
1386 10 10 1
300800 4 29 7.25
1480 5 5 1
1244 6 8 1.33333
146 12 16 1.33333
794 3 3 1
301357 10 19 1.9
189 11 57 5.18182
181 10 13 1.3
300089 16 19 1.1875
1135 2 2 1
300388 9 19 2.11111
100070 19 22 1.15789
118 15 15 1
882 4 4 1
49 18 20 1.11111
25 49 68 1.38776
300553 4 11 2.75
100840 6 6 1
447 2 2 1
1315 10 21 2.1
300694 3 6 2
862 3 3 1
161 5 5 1
279 10 11 1.1
100641 5 5 1
300172 2 6 3
471 1 1 1
101218 6 24 4
300236 5 6 1.2
100040 2 3 1.5
836 2 2 1
100294 8 25 3.125
100147 10 11 1.1
331 16 31 1.9375
100034 5 11 2.2
1129 11 31 2.81818
300185 11 17 1.54545
989 8 8 1
101456 10 14 1.4
533 1 1 1
100884 6 9 1.5
201479 1 1 1
201336 6 10 1.66667
101407 8 18 2.25
200574 3 3 1
200320 14 22 1.57143
133 12 13 1.08333
200378 10 22 2.2
101507 4 4 1
100303 4 9 2.25
200156 7 7 1
201488 1 1 1
201139 6 14 2.33333
200036 19 34 1.78947
100872 10 13 1.3
200886 9 12 1.33333
201546 5 13 2.6
200301 2 4 2
101465 2 7 3.5
100656 2 2 1
100865 8 12 1.5
201496 9 14 1.55556
201474 6 6 1
200541 2 2 1
200371 1 1 1
100853 8 8 1
201121 9 10 1.11111
201418 3 18 6
201031 7 14 2
101436 8 13 1.625
200458 10 13 1.3
200538 1 1 1
300361 12 21 1.75
301510 4 4 1
100870 1 1 1
300408 6 6 1
100938 8 13 1.625
200045 12 12 1
101176 5 7 1.4
301301 8 20 2.5
200529 6 6 1
100941 15 25 1.66667
200465 1 1 1
1132 4 5 1.25
300352 6 6 1
1367 5 5 1
301187 2 2 1
200317 8 18 2.25
301115 11 28 2.54545
300246 1 1 1
200494 5 5 1
301095 1 1 1
300799 8 24 3
300211 9 27 3
301388 11 31 2.81818
1188 11 11 1
658 6 6 1
195 3 3 1
652 11 16 1.45455
300167 2 3 1.5
300536 12 37 3.08333
300080 10 14 1.4
300906 7 7 1
301365 6 8 1.33333
540 12 36 3
300676 2 2 1
300017 40 40 1
1110 1 1 1
300576 4 15 3.75
948 6 29 4.83333
300183 16 43 2.6875
100469 6 6 1
300947 2 2 1
300143 8 8 1
905 1 1 1
887 11 14 1.27273
563 10 34 3.4
300738 7 40 5.71429
200117 11 11 1
1061 11 21 1.90909
101384 6 6 1
100417 5 11 2.2
1098 11 18 1.63636
100116 11 11 1
1058 1 1 1
217 9 18 2
923 11 20 1.81818
100712 6 6 1
200817 7 7 1
300420 7 7 1
200922 1 1 1
516 4 4 1
85 23 37 1.6087
100550 1 1 1
100356 10 15 1.5
200074 14 19 1.35714
100523 3 28 9.33333
712 7 16 2.28571
200822 1 1 1
101143 11 25 2.27273
100752 10 10 1
100924 3 4 1.33333
200233 6 12 2
100005 60 71 1.18333
100814 6 6 1
100263 15 33 2.2
200190 1 1 1
200180 9 9 1
200983 12 12 1
100167 10 23 2.3
100111 13 18 1.38462
101327 1 1 1
101185 7 15 2.14286
100807 12 23 1.91667
100418 5 6 1.2
200953 10 17 1.7
100143 2 2 1
100559 6 8 1.33333
100285 1 1 1
100648 3 12 4
201313 7 17 2.42857
100382 3 3 1
200053 1 1 1
200420 10 18 1.8
100241 6 18 3
100197 13 24 1.84615
200009 15 18 1.2
201185 12 24 2
100695 1 1 1
200501 3 3 1
201305 6 35 5.83333
100154 9 9 1
201544 1 1 1
100788 9 9 1
200347 1 1 1
201001 3 3 1
200404 5 6 1.2
100157 8 11 1.375
200644 8 9 1.125
100338 7 15 2.14286
201276 10 10 1
101435 2 2 1
100227 2 2 1
201595 5 5 1
200904 4 9 2.25
200646 11 11 1
201039 11 11 1
100945 2 2 1
301331 3 3 1
200873 12 18 1.5
300835 10 30 3
300776 14 14 1
301209 1 1 1
1067 1 1 1
200584 10 10 1
300923 11 11 1
200432 11 33 3
300010 63 81 1.28571
200440 8 12 1.5
406 7 23 3.28571
505 6 7 1.16667
301439 7 11 1.57143
300705 2 2 1
300488 12 30 2.5
300218 6 8 1.33333
564 11 20 1.81818
200110 2 6 3
301008 3 13 4.33333
301421 9 17 1.88889
300888 3 4 1.33333
300346 3 7 2.33333
300554 6 11 1.83333
300542 8 18 2.25
595 3 4 1.33333
51 27 66 2.44444
1516 9 10 1.11111
300562 2 2 1
100537 2 2 1
300118 7 9 1.28571
1412 10 10 1
300052 4 4 1
867 6 6 1
100556 5 17 3.4
300061 2 11 5.5
300813 10 20 2
100409 3 10 3.33333
300209 8 8 1
100498 6 6 1
200213 8 8 1
101168 3 7 2.33333
100740 1 1 1
200973 7 11 1.57143
100700 12 16 1.33333
100880 4 9 2.25
201030 6 18 3
201560 7 18 2.57143
201203 9 9 1
200502 11 13 1.18182
100479 12 15 1.25
101173 8 16 2
100253 10 10 1
200123 14 42 3
201036 8 8 1
200935 8 10 1.25
200398 3 5 1.66667
100016 18 21 1.16667
200879 5 39 7.8
200521 1 1 1
200251 13 13 1
100146 7 7 1
101264 11 16 1.45455
200241 3 4 1.33333
101323 9 13 1.44444
200205 5 5 1
100703 12 21 1.75
101361 6 6 1
200466 1 1 1
201464 2 15 7.5
200356 13 13 1
100961 8 16 2
201392 5 12 2.4
201285 5 5 1
101344 5 17 3.4
301206 11 11 1
200017 6 6 1
100903 10 11 1.1
301321 9 11 1.22222
301395 3 3 1
301134 7 7 1
200337 7 24 3.42857
200248 4 4 1
301480 5 5 1
201557 4 6 1.5
301324 9 20 2.22222
301041 11 14 1.27273
200497 10 16 1.6
1392 6 6 1
301315 13 22 1.69231
301188 1 1 1
300645 7 11 1.57143
300140 10 37 3.7
301225 10 36 3.6
300605 7 27 3.85714
300561 2 2 1
300256 5 17 3.4
100052 11 20 1.81818
300748 4 4 1
300264 1 1 1
321 11 11 1
722 6 6 1
200113 2 2 1
300842 7 25 3.57143
301183 4 4 1
30 36 64 1.77778
643 7 21 3
1363 9 9 1
86 4 4 1
100369 13 18 1.38462
300642 1 1 1
1284 1 1 1
300730 9 31 3.44444
100193 12 15 1.25
300423 7 8 1.14286
300826 4 4 1
496 1 1 1
868 4 9 2.25
100662 6 19 3.16667
200136 4 9 2.25
300190 4 4 1
201053 2 10 5
128 11 18 1.63636
200130 6 13 2.16667
201127 2 2 1
200825 7 12 1.71429
100265 14 14 1
101144 11 19 1.72727
101529 3 3 1
58 13 25 1.92308
101412 4 19 4.75
201049 4 10 2.5
200096 16 27 1.6875
23 15 21 1.4
100509 1 1 1
101111 4 12 3
200937 6 10 1.66667
200881 11 11 1
201374 2 34 17
95 12 13 1.08333
201212 3 3 1
101191 1 1 1
100764 1 1 1
100877 11 12 1.09091
100967 5 5 1
201438 3 7 2.33333
100832 8 9 1.125
100320 6 6 1
201257 5 5 1
200220 4 4 1
201529 8 14 1.75
100720 2 2 1
200273 6 17 2.83333
201032 1 1 1
101180 10 18 1.8
100930 1 1 1
301233 6 12 2
201004 3 7 2.33333
101212 5 15 3
201170 2 2 1
200380 1 1 1
100988 7 13 1.85714
301287 8 30 3.75
301305 3 9 3
101137 13 16 1.23077
101163 13 14 1.07692
100298 1 1 1
301231 1 1 1
100875 7 9 1.28571
300838 6 32 5.33333
101100 1 1 1
301445 1 1 1
200478 5 5 1
300591 7 24 3.42857
1310 6 21 3.5
300068 1 1 1
1070 12 14 1.16667
300473 10 17 1.7
300963 7 15 2.14286
301375 11 18 1.63636
704 7 43 6.14286
300271 7 13 1.85714
1314 7 7 1
300318 9 18 2
1287 1 1 1
300087 13 13 1
300670 12 15 1.25
441 3 10 3.33333
300822 1 1 1
301431 11 19 1.72727
300199 13 40 3.07692
1171 11 12 1.09091
200166 12 48 4
665 1 1 1
300274 11 21 1.90909
1020 8 8 1
748 8 11 1.375
300936 14 33 2.35714
301057 3 5 1.66667
1415 5 5 1
1455 12 24 2
200087 9 35 3.88889
301317 3 3 1
301017 6 7 1.16667
994 3 5 1.66667
300634 11 10 0.909091
628 8 8 1
229 5 5 1
300914 7 27 3.85714
300250 8 10 1.25
838 14 18 1.28571
300233 2 4 2
300228 5 19 3.8
200120 12 19 1.58333
677 2 2 1
766 10 30 3
100080 4 8 2
100596 8 8 1
694 1 1 1
1125 5 5 1
100649 1 1 1
490 1 1 1
100542 12 21 1.75
201068 11 30 2.72727
418 10 18 1.8
201362 1 1 1
100636 11 16 1.45455
101525 11 11 1
100979 4 11 2.75
93 10 38 3.8
101038 11 11 1
375 11 17 1.54545
100668 14 40 2.85714
200135 4 4 1
101064 12 26 2.16667
101360 10 15 1.5
101481 9 9 1
100605 6 35 5.83333
167 12 14 1.16667
200857 12 12 1
201600 11 16 1.45455
100057 5 14 2.8
201108 7 9 1.28571
101112 11 41 3.72727
201211 8 17 2.125
201222 7 7 1
201415 15 51 3.4
101048 11 19 1.72727
200509 4 4 1
201022 8 13 1.625
201044 6 47 7.83333
201359 6 6 1
100969 9 22 2.44444
200837 3 9 3
100271 1 1 1
300395 1 1 1
100218 10 13 1.3
201331 1 1 1
100189 1 1 1
200002 291 308 1.05842
101391 4 9 2.25
100935 5 25 5
201202 3 3 1
200919 1 1 1
101286 7 12 1.71429
200450 10 10 1
201327 10 12 1.2
100905 11 42 3.81818
201229 1 1 1
201434 7 7 1
101123 3 7 2.33333
101314 13 20 1.53846
201273 1 1 1
913 1 1 1
819 5 6 1.2
744 9 36 4
301195 2 2 1
1512 11 13 1.18182
300055 18 20 1.11111
301444 7 7 1
100076 19 34 1.78947
300032 25 49 1.96
72 8 10 1.25
300253 1 1 1
437 11 16 1.45455
300109 13 13 1
203 1 1 1
1077 7 23 3.28571
100553 4 4 1
1224 5 43 8.6
300463 11 13 1.18182
100108 14 44 3.14286
100833 9 21 2.33333
100373 11 11 1
100107 13 13 1
141 13 15 1.15385
100286 9 20 2.22222
1294 9 9 1
100201 3 13 4.33333
101062 5 12 2.4
201411 1 1 1
100659 3 3 1
200844 3 3 1
201356 5 51 10.2
757 8 31 3.875
300016 40 51 1.275
100121 14 22 1.57143
201303 4 12 3
100101 9 13 1.44444
101461 6 6 1
100141 1 1 1
201247 5 33 6.6
411 9 13 1.44444
101042 2 2 1
201592 10 15 1.5
200801 8 10 1.25
100882 1 1 1
201562 3 5 1.66667
100199 4 10 2.5
200424 9 23 2.55556
100898 1 1 1
200483 10 22 2.2
101130 10 18 1.8
100517 1 1 1
101053 3 3 1
200387 2 2 1
201391 11 11 1
200331 10 26 2.6
201578 1 1 1
301220 5 5 1
101376 8 8 1
101024 4 4 1
201413 7 9 1.28571
101083 5 5 1
100341 5 5 1
201381 8 11 1.375
101071 2 6 3
100912 10 14 1.4
100169 3 17 5.66667
100895 3 3 1
100755 1 1 1
201236 13 17 1.30769
201572 13 29 2.23077
201416 9 15 1.66667
100916 7 16 2.28571
101487 1 1 1
201598 6 6 1
101482 1 1 1
101166 1 1 1
200704 11 11 1
101075 1 1 1
101252 4 19 4.75
301123 3 3 1
200296 4 4 1
1515 12 13 1.08333
1319 5 5 1
300653 3 8 2.66667
300065 21 40 1.90476
301046 7 7 1
300932 3 5 1.66667
1113 13 24 1.84615
300523 8 15 1.875
1451 7 17 2.42857
300710 11 11 1
300327 11 33 3
462 4 4 1
300045 13 29 2.23077
301283 11 11 1
301198 9 22 2.44444
1378 8 24 3
300459 7 18 2.57143
300774 4 5 1.25
571 1 1 1
300617 4 21 5.25
419 7 9 1.28571
613 8 15 1.875
1090 6 6 1
962 1 1 1
100038 15 22 1.46667
300871 8 13 1.625
100527 10 29 2.9
301463 11 20 1.81818
200102 14 17 1.21429
880 9 12 1.33333
301049 11 41 3.72727
100105 9 24 2.66667
100434 11 54 4.90909
644 7 22 3.14286
200134 3 3 1
1387 4 7 1.75
100097 6 9 1.5
100611 13 38 2.92308
300195 15 61 4.06667
503 5 11 2.2
100249 12 43 3.58333
300021 25 45 1.8
100454 10 29 2.9
300083 6 8 1.33333
852 8 17 2.125
201184 3 12 4
100762 13 54 4.15385
201502 10 10 1
201047 10 17 1.7
245 13 15 1.15385
100779 10 33 3.3
201409 14 34 2.42857
100521 2 2 1
200828 1 1 1
200407 13 15 1.15385
101237 5 5 1
200281 12 12 1
200913 6 6 1
100489 8 31 3.875
100793 7 13 1.85714
201028 7 7 1
100862 2 2 1
100613 5 11 2.2
101196 6 6 1
200940 1 1 1
201427 5 7 1.4
101040 14 29 2.07143
100377 11 66 6
101452 7 7 1
100805 2 2 1
100354 10 10 1
100380 5 5 1
100384 3 4 1.33333
200683 1 1 1
101157 11 15 1.36364
301276 4 28 7
200056 5 5 1
201193 5 18 3.6
201571 11 17 1.54545
101492 10 15 1.5
101513 4 4 1
101489 1 1 1
201050 5 34 6.8
200435 2 2 1
300398 6 6 1
301191 2 2 1
200396 6 22 3.66667
301499 9 9 1
200258 3 13 4.33333
200042 1 1 1
200893 13 13 1
301411 1 1 1
201552 8 10 1.25
200554 1 1 1
100950 2 38 19
200426 1 1 1
1329 11 10 0.909091
1468 10 10 1
300599 4 11 2.75
300843 6 6 1
1461 7 16 2.28571
300133 11 18 1.63636
300107 14 15 1.07143
300337 4 11 2.75
200616 8 46 5.75
991 10 32 3.2
301500 1 1 1
300469 9 9 1
775 5 5 1
69 13 14 1.07692
737 4 5 1.25
651 1 1 1
301496 12 14 1.16667
300409 7 16 2.28571
200172 7 25 3.57143
300056 12 12 1
100044 10 10 1
301486 2 2 1
1130 13 15 1.15385
875 11 11 1
789 8 12 1.5
878 11 11 1
101238 9 11 1.22222
300071 9 18 2
598 5 5 1
1506 11 11 1
100413 7 10 1.42857
313 8 20 2.5
1253 2 2 1
1448 7 7 1
1012 8 8 1
100087 8 10 1.25
100765 14 14 1
653 3 18 6
300323 12 45 3.75
100028 10 13 1.3
1465 1 1 1
100590 1 1 1
1271 9 21 2.33333
101247 11 13 1.18182
100273 16 26 1.625
101346 3 12 4
916 8 26 3.25
100072 21 48 2.28571
100894 4 9 2.25
872 3 3 1
101092 3 15 5
201508 8 21 2.625
108 10 11 1.1
100069 10 15 1.5
426 2 20 10
200968 1 1 1
100724 9 11 1.22222
100094 1 1 1
101006 2 6 3
200236 3 21 7
100667 4 5 1.25
100477 13 37 2.84615
200462 7 10 1.42857
200593 4 4 1
200352 13 30 2.30769
100223 5 19 3.8
100104 13 15 1.15385
100710 5 5 1
200417 8 8 1
100798 9 18 2
200361 8 8 1
200901 2 2 1
100213 12 28 2.33333
201064 5 11 2.2
201091 11 11 1
201540 8 9 1.125
200340 1 1 1
201060 9 14 1.55556
101034 11 21 1.90909
200787 3 8 2.66667
201057 12 20 1.66667
200403 10 14 1.4
301255 10 10 1
201344 13 19 1.46154
101369 9 15 1.66667
201176 2 2 1
301295 2 2 1
201319 1 1 1
301406 6 6 1
200022 22 22 1
200680 8 23 2.875
200476 11 11 1
200342 9 9 1
300713 10 15 1.5
200615 1 1 1
300754 11 11 1
1078 6 13 2.16667
300362 7 7 1
373 11 11 1
828 10 17 1.7
300374 6 8 1.33333
746 5 5 1
301390 7 21 3
300558 3 6 2
300245 2 8 4
301515 9 11 1.22222
200091 12 28 2.33333
200068 3 14 4.66667
1296 11 20 1.81818
101 1 1 1
300295 8 8 1
300851 1 1 1
491 7 23 3.28571
300095 1 1 1
1042 8 30 3.75
300092 1 1 1
295 12 21 1.75
100583 8 10 1.25
300920 8 14 1.75
300019 39 66 1.69231
300304 6 6 1
121 5 7 1.4
200073 15 18 1.2
398 1 1 1
300042 10 16 1.6
300895 6 10 1.66667
233 8 8 1
100744 14 38 2.71429
740 11 11 1
300171 10 31 3.1
200095 17 17 1
100330 4 7 1.75
100443 8 9 1.125
300514 8 42 5.25
743 9 9 1
100773 1 1 1
300273 9 24 2.66667
300292 16 46 2.875
200184 11 11 1
100748 12 14 1.16667
1279 11 24 2.18182
200885 5 28 5.6
300456 2 2 1
199 10 10 1
100709 6 20 3.33333
300161 5 15 3
391 4 4 1
200819 2 2 1
100126 8 17 2.125
100635 6 6 1
101304 4 18 4.5
201264 1 1 1
201494 5 6 1.2
200351 1 1 1
205 8 10 1.25
201536 12 20 1.66667
101388 8 16 2
201369 3 3 1
90 1 1 1
101484 7 8 1.14286
201567 8 12 1.5
101250 3 3 1
200921 1 1 1
101478 9 17 1.88889
100737 7 50 7.14286
101430 3 13 4.33333
100119 13 13 1
100159 9 14 1.55556
100626 8 12 1.5
200479 5 5 1
200442 1 1 1
201075 1 1 1
200370 11 13 1.18182
101098 2 2 1
200579 10 25 2.5
101355 11 14 1.27273
101026 13 14 1.07692
101179 1 1 1
301299 12 27 2.25
100632 10 13 1.3
201421 9 11 1.22222
200469 9 9 1
100987 9 18 2
200379 4 11 2.75
201402 4 4 1
101394 9 9 1
200669 9 27 3
200324 1 1 1
200761 13 27 2.07692
101283 14 36 2.57143
301156 1 1 1
300626 1 1 1
201397 1 1 1
200778 1 1 1
200473 2 31 15.5
1347 10 13 1.3
301035 7 21 3
301323 7 14 2
300063 19 21 1.10526
300340 6 12 2
301277 4 4 1
851 4 5 1.25
300998 1 1 1
300916 11 24 2.18182
976 1 1 1
300760 1 1 1
301021 1 1 1
409 3 12 4
300177 15 32 2.13333
200106 4 4 1
234 1 1 1
856 6 20 3.33333
301028 7 7 1
832 3 3 1
301025 8 8 1
973 10 10 1
300520 6 7 1.16667
300820 4 31 7.75
522 2 2 1
1328 6 10 1.66667
301429 6 6 1
300788 9 9 1
586 2 2 1
771 11 28 2.54545
164 11 31 2.81818
301010 1 1 1
300104 1 1 1
100855 2 2 1
831 10 17 1.7
325 8 21 2.625
206 9 9 1
100163 11 27 2.45455
1291 3 3 1
300531 12 26 2.16667
201111 11 14 1.27273
100055 13 13 1
614 5 18 3.6
101073 6 24 4
809 6 22 3.66667
758 1 1 1
101178 7 15 2.14286
485 9 22 2.44444
761 4 22 5.5
201093 9 14 1.55556
482 6 6 1
201199 6 7 1.16667
100780 11 11 1
100742 2 10 5
200260 11 21 1.90909
200195 7 7 1
200043 21 30 1.42857
201169 6 20 3.33333
301265 1 1 1
201472 3 21 7
100631 8 11 1.375
200209 12 17 1.41667
101448 2 7 3.5
100336 4 4 1
101012 6 18 3
201253 10 22 2.2
301085 11 24 2.18182
201224 6 7 1.16667
201250 8 11 1.375
200455 2 3 1.5
301512 12 18 1.5
200389 7 11 1.57143
200333 5 16 3.2
201365 1 1 1
300299 1 1 1
300413 6 18 3
301393 2 7 3.5
300302 1 1 1
300897 9 9 1
951 11 19 1.72727
535 1 1 1
301009 1 1 1
1327 2 4 2
301190 6 9 1.5
467 1 1 1
719 6 8 1.33333
300837 4 14 3.5
412 4 6 1.5
169 7 20 2.85714
300322 8 19 2.375
100083 17 50 2.94118
301113 10 13 1.3
468 1 1 1
113 2 5 2.5
300335 2 2 1
253 9 9 1
1295 12 12 1
302 1 1 1
301319 1 1 1
300266 5 7 1.4
300662 15 33 2.2
10 94 105 1.11702
301359 8 20 2.5
358 6 24 4
733 9 11 1.22222
301523 1 1 1
301468 11 18 1.63636
300221 3 13 4.33333
300968 10 32 3.2
100823 1 1 1
100534 8 8 1
100681 11 40 3.63636
100551 1 1 1
300138 8 10 1.25
301349 5 5 1
100688 5 23 4.6
300935 9 16 1.77778
1396 11 13 1.18182
405 7 7 1
300880 8 20 2.5
300945 10 21 2.1
445 1 1 1
100800 13 29 2.23077
477 6 6 1
300073 21 21 1
100540 3 3 1
100006 28 44 1.57143
899 5 31 6.2
182 1 1 1
1151 5 8 1.6
100088 3 6 2
300001 224 57 0.254464
1332 11 16 1.45455
100593 1 1 1
17 1 1 1
100674 11 12 1.09091
100027 22 47 2.13636
200986 3 25 8.33333
1122 11 34 3.09091
1176 11 12 1.09091
835 1 1 1
921 6 10 1.66667
101466 2 2 1
100818 11 14 1.27273
200805 4 4 1
100948 1 1 1
100390 5 5 1
100279 8 14 1.75
998 13 31 2.38462
100717 11 32 2.90909
201055 7 8 1.14286
201118 9 10 1.11111
200101 6 6 1
100934 4 4 1
200672 1 1 1
100165 11 18 1.63636
100511 9 20 2.22222
100109 5 5 1
100026 9 9 1
101341 8 8 1
100250 14 14 1
101510 7 7 1
301281 7 12 1.71429
200326 15 61 4.06667
201590 13 43 3.30769
201078 7 19 2.71429
201100 9 11 1.22222
201470 1 1 1
100937 4 7 1.75
200633 8 13 1.625
201398 4 9 2.25
200681 2 2 1
201504 10 21 2.1
200611 2 2 1
301273 12 12 1
201461 3 3 1
200938 13 33 2.53846
100990 3 3 1
101086 1 1 1
200256 17 40 2.35294
301329 4 11 2.75
100947 1 1 1
301031 3 3 1
300850 6 6 1
200656 12 15 1.25
301256 13 26 2
788 2 2 1
200051 4 7 1.75
200661 7 16 2.28571
1168 4 4 1
300367 1 1 1
301237 7 8 1.14286
1389 5 9 1.8
399 12 40 3.33333
883 4 5 1.25
301147 3 3 1
301379 7 11 1.57143
301274 1 1 1
827 13 39 3
1449 3 3 1
300708 7 10 1.42857
401 14 46 3.28571
560 12 14 1.16667
605 3 3 1
784 5 9 1.8
100051 9 9 1
300457 2 2 1
443 11 11 1
1504 1 1 1
1209 5 12 2.4
300661 13 23 1.76923
300967 13 24 1.84615
300448 10 23 2.3
301213 10 10 1
300102 7 10 1.42857
300358 2 2 1
300091 8 8 1
1089 1 1 1
1450 4 25 6.25
300259 12 16 1.33333
300587 5 7 1.4
1246 5 20 4
100437 4 4 1
300280 17 29 1.70588
715 3 3 1
1281 3 3 1
100664 12 12 1
100842 12 28 2.33333
718 8 11 1.375
100187 9 15 1.66667
200888 1 1 1
545 9 14 1.55556
175 11 30 2.72727
568 7 18 2.57143
300238 11 11 1
865 1 1 1
200932 9 12 1.33333
200168 1 1 1
101155 3 3 1
100205 10 16 1.6
100177 8 10 1.25
200900 2 7 3.5
100998 4 5 1.25
201275 7 7 1
200865 9 9 1
201271 1 1 1
201499 8 17 2.125
200907 9 15 1.66667
101207 5 5 1
101299 12 38 3.16667
100579 8 8 1
200368 12 18 1.5
200827 5 13 2.6
100414 6 10 1.66667
100836 11 13 1.18182
200910 11 17 1.54545
201452 7 9 1.28571
100470 4 4 1
100565 12 18 1.5
201490 1 1 1
201148 1 1 1
200046 16 21 1.3125
100854 5 16 3.2
201393 1 1 1
100525 12 16 1.33333
100621 9 9 1
100144 12 28 2.33333
100922 10 12 1.2
100776 10 10 1
100867 4 4 1
201553 8 8 1
101375 8 8 1
101000 12 14 1.16667
200580 4 4 1
201569 9 9 1
301505 2 2 1
201526 3 9 3
301403 2 19 9.5
200411 11 14 1.27273
200631 7 10 1.42857
300637 5 15 3
300746 12 13 1.08333
200020 10 10 1
200057 9 24 2.66667
301464 8 8 1
536 9 25 2.77778
810 3 8 2.66667
1015 12 36 3
300079 7 15 2.14286
301150 2 2 1
890 8 22 2.75
648 12 19 1.58333
200179 3 13 4.33333
1085 2 2 1
301202 7 9 1.28571
583 3 4 1.33333
218 12 12 1
301518 6 6 1
871 12 17 1.41667
610 13 32 2.46154
66 2 3 1.5
824 5 11 2.2
591 4 4 1
1487 9 9 1
301524 3 3 1
873 1 1 1
300303 2 2 1
300336 13 27 2.07692
301181 11 14 1.27273
2 14 18 1.28571
539 6 6 1
300578 2 2 1
1114 1 1 1
100768 9 23 2.55556
301415 3 3 1
596 2 2 1
947 3 36 12
100728 2 3 1.5
450 3 13 4.33333
97 12 51 4.25
604 1 1 1
100296 15 58 3.86667
100760 5 5 1
892 2 2 1
300677 1 1 1
521 3 3 1
1004 9 22 2.44444
200931 12 33 2.75
408 2 2 1
101408 6 6 1
431 1 1 1
200714 5 6 1.2
929 3 4 1.33333
201441 8 19 2.375
87 16 22 1.375
100426 1 1 1
101119 1 1 1
201074 1 1 1
100782 12 47 3.91667
101352 1 1 1
76 14 14 1
619 2 4 2
101099 13 27 2.07692
201449 4 8 2
201066 7 30 4.28571
101102 2 2 1
101511 1 1 1
101333 8 19 2.375
100332 13 31 2.38462
201519 6 6 1
101380 3 41 13.6667
100136 1 1 1
200012 20 43 2.15
100389 8 11 1.375
201131 7 17 2.42857
200795 1 1 1
201196 8 38 4.75
201383 1 1 1
200909 14 54 3.85714
100343 2 8 4
200798 1 1 1
101305 1 1 1
101406 9 19 2.11111
201400 7 29 4.14286
301454 9 10 1.11111
301369 10 10 1
300381 13 17 1.30769
301401 10 10 1
300569 9 23 2.55556
200015 24 28 1.16667
200423 1 1 1
300682 11 24 2.18182
301261 13 17 1.30769
300931 7 7 1
300159 8 22 2.75
1127 3 4 1.33333
301417 6 6 1
300231 3 3 1
300307 4 5 1.25
911 4 9 2.25
300934 2 2 1
624 12 16 1.33333
1360 6 34 5.66667
63 5 9 1.8
300403 1 1 1
300372 3 3 1
300688 1 1 1
301284 3 5 1.66667
300030 35 135 3.85714
300681 11 31 2.81818
300397 5 13 2.6
300007 14 18 1.28571
968 8 26 3.25
300175 8 11 1.375
140 4 4 1
100431 2 2 1
666 2 2 1
301157 4 9 2.25
100493 8 10 1.25
300957 12 17 1.41667
301398 9 9 1
301352 1 1 1
301423 3 3 1
28 32 32 1
301495 11 11 1
908 3 12 4
300495 9 10 1.11111
646 5 5 1
100099 14 30 2.14286
747 10 10 1
100539 7 7 1
633 3 3 1
100735 11 16 1.45455
300796 9 13 1.44444
1446 9 9 1
101440 7 7 1
100252 7 23 3.28571
100451 5 5 1
1181 5 5 1
582 1 1 1
926 13 32 2.46154
101383 6 8 1.33333
698 3 3 1
201355 10 10 1
588 6 6 1
100124 5 5 1
100307 12 12 1
200 9 24 2.66667
100819 14 55 3.92857
201287 9 9 1
200274 1 1 1
201343 1 1 1
200204 5 10 2
200728 7 7 1
100401 13 15 1.15385
101135 2 33 16.5
101434 5 12 2.4
200006 100 135 1.35
201182 6 6 1
100795 3 7 2.33333
200740 1 1 1
100255 2 3 1.5
101255 9 19 2.11111
100707 1 1 1
100699 7 10 1.42857
201038 3 3 1
101055 2 2 1
301217 3 3 1
200872 8 8 1
100245 10 28 2.8
201357 11 23 2.09091
201447 1 1 1
100127 6 10 1.66667
201163 11 40 3.63636
201092 12 37 3.08333
201602 5 5 1
200871 13 27 2.07692
200266 14 14 1
201052 11 11 1
101363 1 1 1
101090 7 10 1.42857
201513 2 4 2
200587 2 23 11.5
101504 4 4 1
200197 6 6 1
300992 9 11 1.22222
201218 13 17 1.30769
101371 9 13 1.44444
1321 8 21 2.625
301073 1 1 1
201554 8 14 1.75
1299 2 3 1.5
301223 1 1 1
300865 5 33 6.6
1269 11 12 1.09091
1331 1 1 1
301355 1 1 1
300476 4 4 1
300135 5 5 1
438 8 8 1
215 1 1 1
300005 269 257 0.95539
798 14 15 1.07143
1141 3 3 1
80 11 11 1
946 8 8 1
959 5 5 1
136 1 1 1
1383 5 5 1
802 12 12 1
301032 4 11 2.75
300149 7 8 1.14286
557 1 1 1
837 2 2 1
815 11 27 2.45455
497 12 12 1
1407 4 4 1
494 6 16 2.66667
154 6 15 2.5
100860 2 2 1
350 6 14 2.33333
300343 3 3 1
791 13 13 1
100357 5 27 5.4
300512 6 8 1.33333
100848 14 35 2.5
209 5 6 1.2
200171 1 1 1
100639 9 10 1.11111
300458 7 7 1
300804 11 18 1.63636
1390 2 2 1
1286 1 1 1
686 14 51 3.64286
200097 10 27 2.7
979 11 32 2.90909
1502 5 5 1
300289 6 7 1.16667
100508 9 9 1
820 1 1 1
300227 9 15 1.66667
201178 12 16 1.33333
200957 3 12 4
100598 6 6 1
101221 8 27 3.375
100652 4 4 1
932 8 17 2.125
201018 12 12 1
100351 1 1 1
201021 10 25 2.5
100869 10 11 1.1
200770 7 14 2
101339 5 5 1
101402 9 15 1.66667
201309 13 29 2.23077
201575 7 10 1.42857
200071 2 2 1
201506 6 15 2.5
100339 5 5 1
101277 12 31 2.58333
100771 2 2 1
100645 5 22 4.4
101357 8 11 1.375
100955 6 14 2.33333
100423 7 12 1.71429
101336 1 1 1
301252 1 1 1
101128 10 26 2.6
100958 6 6 1
100501 12 12 1
101387 12 13 1.08333
101081 7 11 1.57143
100149 3 3 1
100237 10 14 1.4
101358 1 1 1
100994 11 41 3.72727
201337 14 27 1.92857
200962 10 30 3
200029 7 10 1.42857
301059 5 5 1
100927 9 9 1
300364 6 6 1
101308 9 14 1.55556
300919 11 25 2.27273
101332 5 5 1
101132 8 8 1
200288 4 5 1.25
301080 1 1 1
200738 1 1 1
301224 10 27 2.7
101067 1 1 1
101211 11 15 1.36364
200328 3 8 2.66667
200354 13 36 2.76923
200453 4 4 1
300294 5 13 2.6
300997 9 16 1.77778
300751 2 2 1
701 1 1 1
301271 10 16 1.6
300757 12 12 1
300130 4 5 1.25
301469 1 1 1
300329 10 16 1.6
300584 6 6 1
301245 2 9 4.5
301387 2 2 1
487 4 13 3.25
942 10 20 2
292 9 21 2.33333
300220 15 25 1.66667
860 14 15 1.07143
300789 12 38 3.16667
904 13 33 2.53846
301139 1 1 1
127 14 28 2
301437 7 7 1
300247 1 1 1
385 5 6 1.2
457 3 9 3
695 10 18 1.8
1221 11 18 1.63636
300377 11 18 1.63636
300845 1 1 1
301066 2 7 3.5
300903 8 33 4.125
100589 4 20 5
301013 8 10 1.25
551 8 14 1.75
300989 1 1 1
425 1 1 1
300240 7 7 1
236 12 17 1.41667
231 1 1 1
101538 3 3 1
300096 10 10 1
300235 5 5 1
100257 5 9 1.8
200861 11 15 1.36364
300051 2 3 1.5
679 11 11 1
101224 1 1 1
413 5 5 1
421 3 3 1
894 9 20 2.22222
100481 3 3 1
493 5 8 1.6
266 2 2 1
100324 8 32 4
846 12 20 1.66667
201387 6 7 1.16667
440 10 9 0.9
322 13 22 1.69231
200255 7 19 2.71429
100198 4 4 1
558 1 1 1
201282 10 13 1.3
100113 2 24 12
100277 2 7 3.5
200998 5 5 1
201548 7 12 1.71429
100824 7 12 1.71429
100385 4 19 4.75
201476 9 9 1
100123 12 23 1.91667
200583 10 18 1.8
100308 7 20 2.85714
200835 1 1 1
200518 10 13 1.3
200710 1 1 1
201485 1 1 1
200294 6 9 1.5
201425 1 1 1
200916 5 10 2
200196 10 10 1
201597 11 11 1
201301 2 2 1
100282 11 21 1.90909
100173 4 5 1.25
200405 10 29 2.9
301259 13 31 2.38462
200429 2 2 1
100715 13 13 1
201104 1 1 1
101294 2 7 3.5
200992 4 9 2.25
200824 12 19 1.58333
101037 11 22 2
101147 2 15 7.5
101307 3 31 10.3333
301175 1 1 1
300917 2 2 1
300574 5 31 6.2
300773 7 8 1.14286
200224 4 4 1
201561 4 4 1
300873 8 13 1.625
300985 2 23 11.5
1470 7 10 1.42857
300284 14 21 1.5
764 14 19 1.35714
300841 3 55 18.3333
300258 2 2 1
1262 7 19 2.71429
300939 1 1 1
1023 12 29 2.41667
631 8 9 1.125
300339 6 12 2
1202 1 1 1
300108 12 12 1
300883 7 7 1
599 5 5 1
1198 11 16 1.45455
300582 1 1 1
300742 11 34 3.09091
1335 10 15 1.5
300995 12 21 1.75
500 11 38 3.45455
896 4 15 3.75
300535 2 1 0.5
301446 6 6 1
927 3 4 1.33333
781 11 14 1.27273
100528 9 17 1.88889
928 6 8 1.33333
210 2 2 1
960 14 32 2.28571
100462 7 7 1
735 1 1 1
301389 11 16 1.45455
300697 13 46 3.53846
816 11 11 1
300585 1 1 1
201094 9 39 4.33333
855 6 6 1
572 6 9 1.5
509 12 39 3.25
200831 3 3 1
318 14 50 3.57143
201146 1 1 1
448 4 4 1
201090 2 9 4.5
100792 1 1 1
1154 11 17 1.54545
132 12 12 1
100185 12 12 1
201210 10 13 1.3
201589 12 21 1.75
201140 12 28 2.33333
100545 10 33 3.3
201533 1 1 1
577 11 17 1.54545
101153 4 17 4.25
101503 6 6 1
201128 3 3 1
200759 4 10 2.5
100570 4 19 4.75
101458 6 14 2.33333
4 170 275 1.61765
201160 8 14 1.75
200653 5 35 7
200160 1 1 1
100433 2 3 1.5
201269 5 19 3.8
100580 7 7 1
200733 2 2 1
201192 6 25 4.16667
200685 11 11 1
200947 2 2 1
100577 6 6 1
201154 1 1 1
100843 1 1 1
101227 6 8 1.33333
100407 4 9 2.25
201027 12 13 1.08333
100221 13 14 1.07692
200814 9 22 2.44444
100616 5 7 1.4
200667 12 12 1
201384 3 3 1
100162 11 14 1.27273
100315 11 14 1.27273
201272 9 16 1.77778
100009 43 50 1.16279
101298 10 10 1
201455 1 1 1
101494 3 5 1.66667
301111 3 8 2.66667
201550 2 3 1.5
200061 2 5 2.5
201405 1 1 1
301253 4 29 7.25
201288 1 1 1
300407 7 7 1
1371 2 6 3
300510 7 14 2
1481 3 5 1.66667
1379 12 19 1.58333
300823 11 11 1
1484 4 4 1
200605 9 11 1.22222
200658 7 10 1.42857
300867 10 12 1.2
1307 5 26 5.2
300013 154 188 1.22078
300529 4 4 1
300891 10 10 1
877 10 16 1.6
300276 1 1 1
300492 12 16 1.33333
632 12 30 2.5
1419 3 3 1
200162 9 10 1.11111
200103 13 13 1
1440 7 9 1.28571
1025 1 1 1
888 7 11 1.57143
1445 7 11 1.57143
301402 6 17 2.83333
300022 36 45 1.25
115 11 28 2.54545
100594 11 15 1.36364
339 3 3 1
100033 36 91 2.52778
300790 1 1 1
300040 9 27 3
100520 11 20 1.81818
101515 7 7 1
100093 7 23 3.28571
100445 10 10 1
1491 12 29 2.41667
1218 10 28 2.8
300465 8 33 4.125
1398 1 1 1
1421 6 13 2.16667
100441 3 3 1
891 11 10 0.909091
200127 9 26 2.88889
201183 9 15 1.66667
1106 2 2 1
1277 6 8 1.33333
101199 1 1 1
197 8 11 1.375
1184 10 18 1.8
100321 12 12 1
200929 8 16 2
200981 1 1 1
100459 1 1 1
200532 5 5 1
100973 12 12 1
200093 4 4 1
200109 2 8 4
101117 9 9 1
201604 8 8 1
100274 10 26 2.6
100424 7 8 1.14286
200775 10 24 2.4
200757 1 1 1
201541 2 2 1
201279 2 2 1
201296 11 23 2.09091
201126 8 9 1.125
101045 10 23 2.3
101368 7 10 1.42857
200394 12 12 1
101160 13 35 2.69231
100785 10 35 3.5
101303 5 25 5
100951 5 22 4.4
200990 3 3 1
101150 9 33 3.66667
101159 6 6 1
200308 13 56 4.30769
200793 12 25 2.08333
101516 6 6 1
300353 7 7 1
201315 3 7 2.33333
101428 11 14 1.27273
301127 2 2 1
201483 10 31 3.1
301178 1 1 1
200676 3 6 2
300743 1 1 1
301503 2 2 1
200703 5 5 1
301376 2 2 1
301418 1 1 1
300795 1 1 1
200010 12 17 1.41667
200493 11 33 3
301238 5 5 1
200475 8 21 2.625
301033 11 20 1.81818
300429 1 1 1
996 2 2 1
845 7 8 1.14286
300489 5 5 1
300990 5 6 1.2
909 9 11 1.22222
120 1 1 1
300219 13 13 1
300237 15 17 1.13333
543 1 1 1
639 8 9 1.125
301383 8 12 1.5
192 5 12 2.4
305 15 18 1.2
957 3 7 2.33333
301130 5 37 7.4
275 1 1 1
300718 11 11 1
786 7 10 1.42857
300263 16 38 2.375
300665 8 8 1
200147 13 15 1.15385
300173 2 2 1
100448 11 54 4.90909
656 7 31 4.42857
300785 8 12 1.5
1457 7 7 1
589 6 8 1.33333
300777 12 38 3.16667
100075 15 15 1
1499 2 2 1
123 14 14 1
1393 1 1 1
92 4 35 8.75
483 7 16 2.28571
938 6 15 2.5
201188 10 24 2.4
200078 12 32 2.66667
300265 2 6 3
611 6 20 3.33333
100767 9 9 1
271 16 26 1.625
311 9 19 2.11111
100679 12 39 3.25
100566 8 16 2
100500 5 19 3.8
201138 11 26 2.36364
298 5 7 1.4
200848 10 13 1.3
415 12 57 4.75
200066 3 10 3.33333
301 3 7 2.33333
201072 11 11 1
56 1 1 1
201040 5 5 1
200961 1 1 1
100628 8 8 1
38 17 17 1
100548 8 8 1
200383 10 10 1
200400 5 8 1.6
101420 4 4 1
101476 1 1 1
200513 13 39 3
101253 3 3 1
201015 11 22 2
200457 3 3 1
201527 1 1 1
201174 9 9 1
201081 9 15 1.66667
200198 2 11 5.5
100327 7 12 1.71429
101127 10 10 1
200847 2 2 1
301441 2 4 2
200504 1 1 1
200988 4 6 1.5
200582 1 1 1
200490 6 6 1
200557 12 46 3.83333
300507 1 1 1
301382 10 15 1.5
300275 9 9 1
301438 5 7 1.4
301334 10 23 2.3
200433 4 9 2.25
301451 7 7 1
300863 12 12 1
301141 7 9 1.28571
300163 4 4 1
300781 3 4 1.33333
972 6 22 3.66667
300201 1 1 1
300722 2 2 1
300283 6 6 1
805 5 5 1
301353 7 20 2.85714
301430 11 25 2.27273
763 14 22 1.57143
1003 3 5 1.66667
301014 2 2 1
300733 2 5 2.5
585 3 4 1.33333
301309 11 14 1.27273
300621 1 1 1
100066 20 32 1.6
300076 4 8 2
473 9 12 1.33333
300315 7 7 1
301412 6 6 1
944 2 2 1
301455 9 14 1.55556
100089 9 16 1.77778
1410 7 14 2
300072 10 10 1
863 14 48 3.42857
1437 5 5 1
637 1 1 1
300427 6 6 1
708 12 31 2.58333
300224 9 14 1.55556
300216 7 7 1
300596 11 12 1.09091
300418 9 11 1.22222
300525 12 28 2.33333
301005 1 1 1
100859 6 6 1
300123 10 16 1.6
300869 1 1 1
100391 5 13 2.6
100549 8 8 1
1162 1 1 1
987 2 2 1
243 5 7 1.4
1197 3 7 2.33333
990 4 13 3.25
627 1 1 1
1050 10 15 1.5
300311 12 12 1
101535 2 2 1
100061 6 9 1.5
100004 103 153 1.48544
100810 5 5 1
101041 1 1 1
812 3 3 1
100784 1 1 1
100873 10 12 1.2
102 15 16 1.06667
9 12 13 1.08333
100196 9 9 1
101337 13 13 1
201179 5 5 1
100694 12 12 1
100362 5 15 3
101354 2 2 1
200391 10 12 1.2
101270 7 20 2.85714
101272 13 36 2.76923
101335 8 10 1.25
200789 7 14 2
200292 12 12 1
101382 6 9 1.5
201361 8 30 3.75
100031 16 38 2.375
301289 6 9 1.5
200928 12 23 1.91667
201134 5 21 4.2
200816 6 7 1.16667
101438 1 1 1
201539 5 7 1.4
300588 2 2 1
301490 7 7 1
300704 4 47 11.75
300375 11 12 1.09091
300499 9 19 2.11111
301448 8 8 1
1249 9 9 1
924 9 13 1.44444
300114 3 3 1
300848 1 1 1
1178 10 13 1.3
300454 1 1 1
300059 24 29 1.20833
1422 9 9 1
732 11 27 2.45455
285 4 5 1.25
617 12 19 1.58333
300386 9 12 1.33333
1069 2 8 4
300036 4 4 1
300430 9 9 1
300909 9 21 2.33333
31 34 35 1.02941
200083 3 6 2
300881 12 15 1.25
300762 7 9 1.28571
1086 1 1 1
160 1 1 1
125 14 38 2.71429
1278 13 24 1.84615
100746 4 17 4.25
301362 8 29 3.625
100456 1 1 1
1303 5 11 2.2
301338 4 4 1
917 10 10 1
200099 15 22 1.46667
100713 5 5 1
300223 12 15 1.25
200076 16 23 1.4375
101244 7 7 1
300609 3 3 1
402 6 10 1.66667
300959 8 15 1.875
841 7 18 2.57143
201132 2 4 2
300766 1 1 1
37 12 16 1.33333
100671 8 19 2.375
100398 3 15 5
300174 12 12 1
100311 1 1 1
200896 12 15 1.25
100743 12 14 1.16667
988 11 37 3.36364
200191 8 8 1
201009 2 11 5.5
464 3 3 1
100420 1 1 1
200298 13 39 3
100956 6 27 4.5
101364 5 23 4.6
357 6 6 1
200271 11 25 2.27273
201385 10 13 1.3
200365 1 1 1
201565 6 13 2.16667
200277 14 43 3.07143
100465 10 10 1
200221 5 14 2.8
200173 12 12 1
200304 1 1 1
200025 14 21 1.5
200566 8 24 3
201120 10 14 1.4
100852 7 14 2
201096 6 6 1
200285 6 16 2.66667
100846 12 18 1.5
101532 6 6 1
200399 10 30 3
200689 8 9 1.125
201326 3 3 1
101225 5 7 1.4
100300 2 2 1
200905 5 12 2.4
100288 11 11 1
101343 12 25 2.08333
101328 6 8 1.33333
200299 6 6 1
201534 2 5 2.5
200023 15 17 1.13333
201558 2 5 2.5
101373 12 32 2.66667
201215 5 5 1
100318 6 6 1
301513 10 12 1.2
101142 2 2 1
301351 1 1 1
200310 1 1 1
200313 8 16 2
301507 8 8 1
301280 1 1 1
200290 4 12 3
101313 11 16 1.45455
301197 3 11 3.66667
301508 11 14 1.27273
1404 1 1 1
696 12 12 1
1052 6 6 1
300701 5 15 3
1124 10 20 2
513 8 13 1.625
300198 7 7 1
301212 6 17 2.83333
300478 1 1 1
1260 3 3 1
300894 8 27 3.375
1452 7 11 1.57143
300132 4 15 3.75
300983 12 20 1.66667
642 12 14 1.16667
1362 7 12 1.71429
300602 1 1 1
301467 1 1 1
301006 10 11 1.1
300371 3 3 1
1368 11 11 1
300668 7 10 1.42857
1033 3 11 3.66667
300025 6 7 1.16667
265 10 18 1.8
300445 6 10 1.66667
301485 5 9 1.8
300847 1 1 1
1174 7 17 2.42857
32 30 39 1.3
149 11 13 1.18182
290 14 21 1.5
300301 1 1 1
256 9 17 1.88889
395 3 3 1
100410 7 12 1.71429
1133 13 17 1.30769
300442 3 15 5
60 20 34 1.7
100485 5 5 1
116 1 1 1
100783 10 12 1.2
172 1 1 1
201088 3 3 1
200776 11 13 1.18182
200858 15 54 3.6
101190 9 9 1
100704 4 4 1
46 22 23 1.04545
100966 5 32 6.4
100291 4 7 1.75
201208 7 35 5
469 10 37 3.7
100048 18 20 1.11111
101216 9 31 3.44444
101105 13 17 1.30769
201107 2 2 1
190 6 31 5.16667
200386 5 5 1
200995 10 11 1.1
100687 6 8 1.33333
200964 6 15 2.5
101242 7 34 4.85714
201231 12 18 1.5
100719 2 2 1
100820 4 4 1
100180 2 2 1
100791 4 30 7.5
201347 8 20 2.5
100013 26 44 1.69231
100438 2 2 1
100473 8 9 1.125
100562 7 24 3.42857
201419 11 31 2.81818
200730 9 9 1
200640 9 8 0.888889
200262 12 12 1
101170 8 13 1.625
200765 10 11 1.1
100405 13 49 3.76923
200491 13 65 5
101454 10 12 1.2
200975 8 11 1.375
201324 6 6 1
200268 13 25 1.92308
100293 10 17 1.7
301292 15 35 2.33333
200884 3 7 2.33333
200806 11 11 1
100939 5 25 5
200842 8 9 1.125
200276 12 30 2.5
301215 10 12 1.2
200048 3 5 1.66667
201410 2 7 3.5
200649 5 25 5
201556 2 7 3.5
301493 11 11 1
200530 5 5 1
201516 3 3 1
101310 2 20 10
101334 4 16 4
201329 8 9 1.125
300141 4 14 3.5
300400 4 9 2.25
300941 2 2 1
301504 12 13 1.08333
300560 13 37 2.84615
301290 4 26 6.5
300639 4 20 5
300417 9 30 3.33333
301520 8 8 1
301240 5 41 8.2
1302 3 3 1
703 1 1 1
300783 1 1 1
300090 13 14 1.07692
974 3 3 1
301471 3 8 2.66667
300961 5 5 1
301121 4 14 3.5
1170 4 13 3.25
301296 6 6 1
300243 8 14 1.75
300698 1 1 1
807 7 18 2.57143
366 13 20 1.53846
1138 5 9 1.8
567 10 23 2.3
1365 4 22 5.5
1414 2 2 1
1254 10 13 1.3
1217 13 24 1.84615
300202 13 14 1.07692
1156 9 14 1.55556
527 12 17 1.41667
228 4 8 2
647 6 9 1.5
728 12 30 2.5
676 3 11 3.66667
200065 4 8 2
301394 7 14 2
300053 19 50 2.63158
826 1 1 1
1427 4 4 1
100246 5 6 1.2
801 2 2 1
100439 10 13 1.3
101462 8 8 1
100152 3 24 8
532 8 11 1.375
100816 2 5 2.5
1416 5 5 1
100815 5 28 5.6
200951 1 1 1
27 23 37 1.6087
100733 6 8 1.33333
168 10 15 1.5
101257 8 8 1
201491 1 1 1
101450 9 14 1.55556
200200 6 6 1
200226 7 9 1.28571
101258 2 34 17
101020 1 1 1
100047 10 10 1
201388 11 11 1
200561 1 1 1
201098 4 4 1
100145 7 7 1
201317 12 14 1.16667
200505 1 1 1
200444 4 7 1.75
101275 4 37 9.25
100492 12 17 1.41667
101027 1 1 1
200372 5 7 1.4
201420 5 5 1
200569 7 11 1.57143
200692 1 1 1
201277 6 6 1
201180 5 10 2
101013 8 8 1
100214 5 5 1
100261 9 11 1.22222
201254 4 17 4.25
100192 8 12 1.5
101293 4 13 3.25
200359 3 10 3.33333
100678 3 3 1
101285 6 7 1.16667
301262 5 5 1
200985 13 16 1.23077
201115 7 10 1.42857
101101 10 12 1.2
200923 2 2 1
200336 11 11 1
101271 2 11 5.5
101311 12 18 1.5
200609 3 6 2
200264 5 5 1
200419 7 12 1.71429
201448 10 10 1
100925 14 32 2.28571
201478 2 2 1
300734 13 31 2.38462
300986 10 10 1
300962 2 2 1
300649 1 1 1
1409 8 17 2.125
300603 9 22 2.44444
300424 1 1 1
300749 2 2 1
300853 5 11 2.2
300120 2 2 1
300449 5 5 1
300103 9 12 1.33333
148 5 13 2.6
749 13 13 1
300767 14 14 1
300110 8 24 3
301055 10 13 1.3
300771 2 2 1
100568 8 9 1.125
1517 5 5 1
300737 4 4 1
196 2 17 8.5
300460 8 21 2.625
1293 7 13 1.85714
300168 10 14 1.4
200158 12 14 1.16667
301128 5 55 11
1351 5 18 3.6
55 26 66 2.53846
200121 1 1 1
1493 3 3 1
100503 2 2 1
300716 10 15 1.5
1434 1 1 1
300453 3 3 1
100787 8 35 4.375
300673 12 31 2.58333
300927 8 11 1.375
100756 10 18 1.8
84 18 23 1.27778
100504 4 9 2.25
930 7 19 2.71429
300817 7 19 2.71429
1204 3 7 2.33333
300191 9 13 1.44444
300501 8 11 1.375
300131 9 26 2.88889
101396 1 1 1
668 1 1 1
1425 7 16 2.28571
300629 11 11 1
300064 5 6 1.2
100770 2 2 1
753 3 3 1
724 2 2 1
750 8 14 1.75
300181 6 14 2.33333
531 4 4 1
200183 7 7 1
458 11 62 5.63636
101009 7 10 1.42857
603 10 10 1
201024 7 18 2.57143
101410 3 6 2
65 20 34 1.7
100897 9 9 1
200914 5 5 1
100172 7 18 2.57143
101418 8 8 1
100531 1 1 1
101474 10 22 2.2
101049 2 2 1
200111 5 6 1.2
100316 15 19 1.26667
101424 12 31 2.58333
101200 7 30 4.28571
201194 8 53 6.625
200889 11 11 1
201298 5 8 1.6
101411 8 8 1
100538 5 48 9.6
101483 2 7 3.5
200750 13 14 1.07692
101074 1 1 1
200769 6 12 2
100965 8 9 1.125
200713 1 1 1
200305 6 13 2.16667
200249 16 22 1.375
100999 4 8 2
301241 5 5 1
300355 1 1 1
101321 10 10 1
1105 10 10 1
200436 7 7 1
301082 5 22 4.4
301173 4 16 4
300572 2 2 1
300049 7 7 1
301166 11 24 2.18182
301364 3 10 3.33333
300497 8 8 1
556 2 30 15
1234 1 1 1
692 5 5 1
1486 2 2 1
300618 12 12 1
300035 13 13 1
73 3 3 1
300188 5 5 1
200143 10 33 3.3
397 11 11 1
515 3 6 2
301145 7 7 1
300391 7 14 2
301482 7 7 1
300310 14 49 3.5
341 16 28 1.75
682 13 33 2.53846
300579 12 19 1.58333
300494 1 1 1
300543 9 10 1.11111
300067 20 24 1.2
301090 7 8 1.14286
685 12 19 1.58333
858 7 7 1
300690 5 32 6.4
1018 7 9 1.28571
300146 11 11 1
301453 2 3 1.5
1381 11 11 1
300422 1 1 1
300779 5 5 1
301434 9 13 1.44444
300207 4 16 4
301410 7 7 1
100247 6 6 1
301037 8 26 3.25
100287 4 12 3
100160 1 1 1
100830 10 11 1.1
300062 1 1 1
200177 6 21 3.5
100018 19 34 1.78947
1000 8 16 2
330 6 8 1.33333
200140 1 1 1
985 7 18 2.57143
59 6 32 5.33333
1066 1 1 1
100229 3 3 1
100269 7 20 2.85714
200912 2 2 1
166 12 14 1.16667
100510 5 5 1
201426 1 1 1
100838 1 1 1
100383 12 13 1.08333
100053 8 8 1
100077 6 10 1.66667
100353 5 5 1
101030 9 20 2.22222
201579 3 5 1.66667
100975 3 4 1.33333
201033 13 25 1.92308
101349 2 6 3
101091 6 18 3
101230 1 1 1
200001 50 39 0.78
200545 4 4 1
200449 8 15 1.875
100280 11 11 1
201209 9 15 1.66667
301122 7 22 3.14286
101016 1 1 1
101104 10 13 1.3
301360 5 13 2.6
200055 5 37 7.4
201166 10 10 1
200560 8 38 4.75
200723 10 15 1.5
200840 2 4 2
301325 6 6 1
200503 9 21 2.33333
201307 4 4 1
301045 13 39 3
300764 10 12 1.2
301062 1 1 1
1489 9 14 1.55556
300721 14 28 2
200629 12 12 1
300632 8 8 1
774 4 4 1
736 3 8 2.66667
300113 13 13 1
301326 6 6 1
300081 7 7 1
301303 13 18 1.38462
301433 8 8 1
300956 3 22 7.33333
1195 10 10 1
1021 1 1 1
1240 12 35 2.91667
1355 2 7 3.5
1200 3 9 3
301056 4 20 5
300810 6 20 3.33333
725 5 9 1.8
282 1 1 1
227 8 10 1.25
1505 1 1 1
301409 6 6 1
157 1 1 1
1076 2 2 1
300802 14 21 1.5
355 12 12 1
300600 13 29 2.23077
144 14 26 1.85714
100827 7 26 3.71429
300643 2 2 1
1123 9 9 1
100676 6 10 1.66667
100684 12 23 1.91667
337 15 15 1
1270 4 4 1
100272 4 7 1.75
300160 7 7 1
100683 3 3 1
100543 8 8 1
100460 4 4 1
101243 6 36 6
7 103 150 1.45631
176 10 18 1.8
100576 6 11 1.83333
300099 16 17 1.0625
131 1 1 1
300435 3 3 1
212 9 23 2.55556
300806 3 3 1
200829 1 1 1
101134 6 20 3.33333
201407 12 24 2
101214 9 29 3.22222
100178 6 24 4
822 7 9 1.28571
200869 8 23 2.875
200979 9 11 1.22222
101455 9 12 1.33333
100863 6 6 1
200917 12 31 2.58333
200393 7 15 2.14286
101477 4 4 1
201109 10 15 1.5
101290 7 12 1.71429
100251 14 61 4.35714
200216 4 12 3
100685 9 17 1.88889
101379 1 1 1
201380 2 2 1
200443 10 34 3.4
200959 6 11 1.83333
200247 12 21 1.75
100929 4 8 2
201475 10 10 1
100209 4 6 1.5
200572 13 60 4.61538
100647 4 4 1
200679 7 22 3.14286
100233 16 61 3.8125
100444 6 11 1.83333
201245 2 2 1
200892 8 26 3.25
200402 7 12 1.71429
200349 2 3 1.5
100919 5 10 2
200397 4 23 5.75
200812 14 42 3
201372 8 8 1
201318 6 6 1
200657 1 1 1
301268 7 7 1
201190 12 13 1.08333
200601 3 7 2.33333
101523 7 7 1
201069 12 13 1.08333
201259 10 12 1.2
101296 9 9 1
301109 3 5 1.66667
200338 9 11 1.22222
301244 6 6 1
101039 10 25 2.5
200673 10 10 1
200202 9 9 1
200282 1 1 1
300433 10 10 1
200626 1 1 1
200551 11 35 3.18182
300671 1 1 1
300858 2 9 4.5
1403 9 14 1.55556
1026 5 25 5
1513 8 12 1.5
1377 3 7 2.33333
1411 6 8 1.33333
301102 4 4 1
352 1 1 1
301001 9 9 1
579 2 2 1
870 7 15 2.14286
301065 1 1 1
100045 5 6 1.2
1131 2 2 1
262 12 44 3.66667
300187 11 15 1.36364
300889 4 5 1.25
300977 10 11 1.1
301185 13 35 2.69231
510 7 10 1.42857
300892 1 1 1
1161 10 10 1
454 5 11 2.2
301462 7 9 1.28571
314 1 1 1
300251 13 18 1.38462
300139 1 1 1
300981 5 7 1.4
135 8 28 3.5
575 10 13 1.3
300978 11 11 1
884 9 17 1.88889
301465 10 13 1.3
1044 2 6 3
347 9 9 1
207 8 13 1.625
1225 11 11 1
1007 7 19 2.71429
1080 10 11 1.1
1511 1 1 1
792 5 18 3.6
710 3 3 1
100591 5 5 1
300455 4 11 2.75
300598 13 28 2.15385
1172 11 11 1
201046 4 39 9.75
100845 9 16 1.77778
621 5 16 3.2
101470 4 4 1
200107 4 6 1.5
374 5 7 1.4
185 12 12 1
100001 681 745 1.09398
100371 12 12 1
100225 5 5 1
201593 3 3 1
383 9 19 2.11111
200863 9 9 1
463 1 1 1
201151 2 25 12.5
101249 12 12 1
200463 4 7 1.75
101480 4 4 1
100302 1 1 1
200977 9 17 1.88889
101331 14 17 1.21429
200993 11 11 1
100826 1 1 1
201341 4 13 3.25
200820 4 8 2
101240 1 1 1
201582 3 4 1.33333
100849 1 1 1
100809 10 30 3
200836 7 24 3.42857
101234 8 17 2.125
200876 1 1 1
101274 11 18 1.63636
201124 2 2 1
100812 1 1 1
100697 13 26 2
201294 6 7 1.16667
200970 7 15 2.14286
201087 9 11 1.22222
200408 7 14 2
101367 5 5 1
101446 5 16 3.2
200302 3 6 2
301210 2 2 1
201607 1 1 1
201235 6 16 2.66667
200192 3 3 1
301333 10 30 3
201576 3 7 2.33333
200307 1 1 1
201408 1 1 1
301346 8 16 2
200316 6 6 1
301019 8 22 2.75
301461 1 1 1
201216 9 12 1.33333
301501 13 18 1.38462
300111 11 26 2.36364
902 4 61 15.25
200039 22 30 1.36364
300244 2 9 4.5
301478 8 11 1.375
971 8 14 1.75
1475 5 7 1.4
300057 2 2 1
301356 12 12 1
300521 11 12 1.09091
263 12 14 1.16667
301525 9 9 1
303 14 14 1
1300 1 1 1
301155 5 8 1.6
301264 6 18 3
1006 6 6 1
669 4 13 3.25
75 8 49 6.125
300018 45 56 1.24444
1094 7 7 1
300483 4 4 1
1394 7 11 1.57143
300038 9 9 1
1252 3 3 1
460 7 19 2.71429
162 10 33 3.3
300513 4 9 2.25
893 6 6 1
200145 1 1 1
101219 6 6 1
300745 14 20 1.42857
101188 6 10 1.66667
1233 9 24 2.66667
100458 4 22 5.5
369 9 30 3.33333
1273 11 26 2.36364
1497 14 20 1.42857
481 6 11 1.83333
843 6 46 7.66667
100036 29 81 2.7931
200944 13 19 1.46154
340 8 8 1
201195 3 3 1
100129 4 4 1
200210 10 11 1.1
134 5 5 1
309 13 47 3.61538
101197 1 1 1
381 14 16 1.14286
200194 1 1 1
201489 11 11 1
200414 8 8 1
100042 9 9 1
100993 10 10 1
200887 1 1 1
201226 13 38 2.92308
100901 6 6 1
201412 1 1 1
200607 9 9 1
200279 14 43 3.07143
100467 12 61 5.08333
200335 7 27 3.85714
100657 13 21 1.61538
200467 9 29 3.22222
100496 11 14 1.27273
200687 13 32 2.46154
100153 1 1 1
201122 4 4 1
200610 11 18 1.63636
200287 9 14 1.55556
200623 7 11 1.57143
101306 13 19 1.46154
100734 5 65 13
200860 13 13 1
200894 2 2 1
201525 11 12 1.09091
201110 3 3 1
300404 12 37 3.08333
201249 12 15 1.25
101021 1 1 1
200898 3 6 2
300925 3 47 15.6667
300840 10 10 1
201233 13 45 3.46154
1352 13 32 2.46154
300753 9 9 1
200617 9 15 1.66667
200034 9 11 1.22222
300893 11 20 1.81818
300798 11 33 3
300505 2 2 1
1441 8 18 2.25
301138 9 12 1.33333
1189 7 27 3.85714
300559 8 13 1.625
1406 11 11 1
300861 12 12 1
1483 7 10 1.42857
659 1 1 1
300953 1 1 1
524 2 19 9.5
112 1 1 1
301158 2 2 1
1438 5 12 2.4
300166 7 7 1
300660 7 13 1.85714
1134 7 10 1.42857
184 3 5 1.66667
300101 4 4 1
879 7 26 3.71429
300657 11 29 2.63636
915 1 1 1
240 10 10 1
300389 6 6 1
966 4 23 5.75
300610 4 4 1
200155 11 11 1
370 4 14 3.5
727 4 4 1
317 6 6 1
592 7 7 1
301169 10 12 1.2
742 3 3 1
300729 13 33 2.53846
100766 12 22 1.83333
100802 4 5 1.25
300082 17 18 1.05882
300667 13 48 3.69231
1349 1 1 1
100081 13 15 1.15385
300707 11 28 2.54545
200137 8 25 3.125
1469 11 18 1.63636
414 8 15 1.875
720 5 11 2.2
45 19 47 2.47368
300027 37 44 1.18919
100117 3 12 4
542 8 13 1.625
975 6 6 1
267 14 17 1.21429
200818 1 1 1
1128 2 2 1
300194 6 8 1.33333
100206 11 25 2.27273
517 7 7 1
101518 2 2 1
201071 12 16 1.33333
101427 8 24 3
641 4 7 1.75
555 12 29 2.41667
101007 9 17 1.88889
779 2 2 1
101032 7 7 1
100478 5 5 1
529 13 41 3.15385
100963 1 1 1
200853 3 39 13
200119 8 13 1.625
143 6 8 1.33333
200984 12 12 1
101107 4 17 4.25
200878 3 3 1
201256 5 15 3
200421 3 3 1
101464 2 2 1
201065 1 1 1
101399 10 10 1
101025 11 13 1.18182
201348 10 26 2.6
200613 1 1 1
201095 4 4 1
100475 8 8 1
101035 11 11 1
101449 5 5 1
100135 8 9 1.125
200780 3 3 1
301230 2 5 2.5
201225 11 16 1.45455
301426 9 16 1.77778
200604 1 1 1
1357 7 22 3.14286
300519 4 4 1
200651 5 5 1
201376 2 2 1
200536 5 7 1.4
200654 1 1 1
200519 5 5 1
200377 5 8 1.6
300761 9 9 1
301374 12 13 1.08333
301022 5 19 3.8
200425 1 1 1
1289 4 5 1.25
300204 3 4 1.33333
138 13 23 1.76923
1348 2 9 4.5
35 39 85 2.17949
11 66 68 1.0303
300419 3 3 1
1038 11 41 3.72727
179 5 5 1
301214 13 33 2.53846
300969 9 13 1.44444
300544 1 1 1
300446 2 2 1
300308 11 35 3.18182
552 7 9 1.28571
200081 8 14 1.75
300577 12 19 1.58333
300269 8 10 1.25
300541 2 18 9
449 1 1 1
301511 10 12 1.2
200153 11 41 3.72727
499 1 1 1
1148 1 1 1
1413 10 17 1.7
1214 12 14 1.16667
100106 11 39 3.54545
363 2 2 1
1177 4 4 1
216 4 14 3.5
100828 6 20 3.33333
300156 11 11 1
101417 9 12 1.33333
300421 8 8 1
100348 4 5 1.25
151 9 14 1.55556
1040 2 2 1
5 35 47 1.34286
201123 10 24 2.4
100408 3 3 1
300039 11 14 1.27273
100361 1 1 1
200864 8 27 3.375
100727 9 10 1.11111
91 25 45 1.8
201334 11 26 2.36364
101005 9 17 1.88889
201059 1 1 1
101392 8 8 1
101095 4 9 2.25
100328 12 14 1.16667
201373 5 5 1
200517 1 1 1
200698 9 30 3.33333
100142 5 5 1
100284 16 19 1.1875
200637 1 1 1
201432 7 8 1.14286
100759 8 9 1.125
200019 27 37 1.37037
101121 7 7 1
200549 11 14 1.27273
100831 6 20 3.33333
200711 12 45 3.75
200563 1 1 1
201577 9 12 1.33333
200446 6 6 1
100977 11 22 2
200208 5 6 1.2
101265 7 24 3.42857
301266 9 26 2.88889
200786 4 4 1
100702 12 26 2.16667
101232 1 1 1
200589 3 3 1
101077 6 16 2.66667
101089 1 1 1
100128 13 37 2.84615
200670 9 22 2.44444
100331 8 9 1.125
100991 6 14 2.33333
100642 1 1 1
200515 13 37 2.84615
200598 3 2 0.666667
301086 4 4 1
101287 6 18 3
101262 7 31 4.42857
200533 8 8 1
301320 11 35 3.18182
200477 8 15 1.875
300687 10 11 1.1
200315 7 15 2.14286
300615 11 31 2.81818
200321 11 20 1.81818
301117 2 2 1
301250 13 48 3.69231
526 8 8 1
461 1 1 1
606 12 38 3.16667
200037 8 19 2.375
300624 4 9 2.25
301143 12 14 1.16667
301447 5 12 2.4
300905 8 18 2.25
1081 1 1 1
1009 10 34 3.4
1120 12 36 3
300024 9 10 1.11111
1210 3 4 1.33333
301337 1 1 1
756 7 23 3.28571
300196 10 13 1.3
33 10 12 1.2
587 8 9 1.125
300043 1 1 1
200104 7 24 3.42857
1498 2 2 1
100064 14 20 1.42857
1 197 193 0.979695
1111 4 18 4.5
225 2 2 1
301318 8 13 1.625
446 7 12 1.71429
300142 7 8 1.14286
502 12 20 1.66667
300884 2 2 1
433 4 9 2.25
300607 11 11 1
300563 3 8 2.66667
100482 5 21 4.2
301328 10 11 1.1
1121 9 9 1
1062 5 5 1
100248 10 11 1.1
1495 2 2 1
268 4 11 2.75
1429 6 11 1.83333
300333 4 6 1.5
300527 3 24 8
100796 6 6 1
300675 14 29 2.07143
324 7 12 1.71429
100073 1 1 1
663 3 3 1
109 6 15 2.5
300230 4 4 1
1206 12 12 1
762 12 13 1.08333
1203 4 32 8
100778 13 15 1.15385
201158 9 9 1
200131 3 3 1
201006 10 31 3.1
201037 13 14 1.07692
100415 1 1 1
163 4 7 1.75
201574 3 4 1.33333
200785 13 15 1.15385
139 9 43 4.77778
201062 1 1 1
235 2 12 6
100195 13 21 1.61538
204 1 1 1
100604 2 6 3
89 15 24 1.6
100422 6 11 1.83333
201149 5 9 1.8
200325 12 12 1
200749 9 14 1.55556
201314 2 2 1
200300 5 5 1
100174 1 1 1
200602 7 7 1
200228 4 4 1
201528 3 21 7
200306 6 15 2.5
100789 13 14 1.07692
101498 10 11 1.1
100267 12 12 1
101531 3 4 1.33333
200645 7 7 1
200571 10 15 1.5
100982 4 4 1
200891 6 10 1.66667
101003 7 7 1
101390 9 20 2.22222
200791 5 7 1.4
200431 7 12 1.71429
201521 9 13 1.44444
201113 11 14 1.27273
101023 3 18 6
201076 2 3 1.5
201440 15 67 4.46667
301039 10 12 1.2
301257 9 9 1
200363 7 19 2.71429
201605 10 11 1.1
301243 4 28 7
300100 8 15 1.875
301092 4 8 2
300975 8 13 1.625
300922 5 5 1
300136 8 11 1.375
300215 1 1 1
300009 53 62 1.16981
1107 5 5 1
300723 11 31 2.81818
1374 9 31 3.44444
200438 2 2 1
1146 14 24 1.71429
1237 11 24 2.18182
649 6 6 1
300613 2 2 1
672 5 5 1
787 9 9 1
1229 1 1 1
1191 11 21 1.90909
219 3 10 3.33333
301216 13 14 1.07692
301363 3 3 1
68 12 15 1.25
1029 6 6 1
100079 7 19 2.71429
1317 8 16 2
1175 1 1 1
247 7 8 1.14286
565 12 23 1.91667
300105 1 1 1
300715 4 11 2.75
200167 5 12 2.4
301348 5 20 4
1247 11 16 1.45455
300128 9 17 1.88889
343 15 16 1.06667
301193 6 6 1
300325 10 17 1.7
202 2 13 6.5
300249 5 15 3
273 13 26 2
100059 19 28 1.47368
300272 8 19 2.375
645 13 28 2.15385
345 1 1 1
301196 11 12 1.09091
301370 12 21 1.75
300825 5 10 2
1376 1 1 1
100597 1 1 1
300126 1 1 1
40 1 1 1
1201 9 28 3.11111
100428 13 49 3.76923
201171 8 8 1
101246 7 15 2.14286
200139 8 18 2.25
1002 12 14 1.16667
200718 9 27 3
200997 12 12 1
100821 1 1 1
100532 2 38 19
100120 1 1 1
201048 9 13 1.44444
100813 7 8 1.14286
410 3 3 1
100985 7 15 2.14286
201429 10 13 1.3
100698 9 39 4.33333
201608 6 6 1
100164 1 1 1
466 9 10 1.11111
100952 11 18 1.63636
200936 11 12 1.09091
201515 3 3 1
101342 9 18 2
201320 1 1 1
180 11 31 2.81818
201175 10 10 1
201437 10 22 2.2
200880 9 24 2.66667
100050 14 41 2.92857
100866 10 10 1
201446 1 1 1
101082 3 14 4.66667
100312 1 1 1
200720 12 45 3.75
201601 3 3 1
201035 11 11 1
100156 15 68 4.53333
200870 1 1 1
101010 6 11 1.83333
200867 4 35 8.75
101202 1 1 1
201350 4 7 1.75
101362 1 1 1
200238 10 10 1
201538 7 7 1
200939 7 7 1
200318 1 1 1
201013 2 2 1
201252 2 2 1
101162 11 22 2
200460 10 13 1.3
100874 2 3 1.5
201085 1 1 1
201462 5 9 1.8
100962 13 15 1.15385
200987 5 5 1
201286 1 1 1
101467 3 12 4
200252 15 15 1
300595 4 8 2
200332 15 51 3.4
300896 6 12 2
100997 8 18 2.25
201270 1 1 1
300437 1 1 1
200643 2 2 1
300106 15 60 4
1159 11 11 1
1192 7 7 1
1112 7 18 2.57143
1072 3 4 1.33333
300213 12 13 1.08333
945 9 15 1.66667
1047 8 14 1.75
1256 13 32 2.46154
300368 4 6 1.5
534 12 22 1.83333
301248 8 30 3.75
301519 11 11 1
570 10 23 2.3
200114 10 10 1
664 7 16 2.28571
300252 15 19 1.26667
300684 4 7 1.75
105 16 17 1.0625
480 10 11 1.1
301182 12 12 1
301341 13 19 1.46154
277 10 30 3
159 6 7 1.16667
1163 9 20 2.22222
1447 6 11 1.83333
1259 8 14 1.75
1220 1 1 1
300506 2 16 8
634 12 12 1
300119 7 30 4.28571
1370 8 24 3
1185 11 11 1
382 6 12 2
300050 15 26 1.73333
1182 6 6 1
300849 12 22 1.83333
101217 7 7 1
200169 6 18 3
1238 4 56 14
1330 9 16 1.77778
100686 12 34 2.83333
250 16 67 4.1875
1343 5 25 5
200965 12 16 1.33333
300129 5 5 1
100181 2 2 1
377 8 17 2.125
101413 8 8 1
200766 3 8 2.66667
286 12 12 1
224 10 10 1
201453 2 10 5
200729 9 25 2.77778
201241 11 35 3.18182
100644 3 3 1
327 2 2 1
201456 10 16 1.6
200234 6 15 2.5
200154 4 4 1
200706 8 18 2.25
200323 7 7 1
200199 5 8 1.6
201261 13 51 3.92308
200412 6 7 1.16667
100203 5 17 3.4
200525 8 16 2
200520 1 1 1
100858 3 3 1
200448 9 11 1.22222
101268 11 18 1.63636
101001 6 8 1.33333
101520 11 11 1
101519 8 10 1.25
100691 10 10 1
101239 1 1 1
101004 11 19 1.72727
100931 6 6 1
100665 11 33 3
200694 3 3 1
200725 14 27 1.92857
100392 6 7 1.16667
200803 2 2 1
100194 1 1 1
201543 10 12 1.2
100329 15 15 1
200852 11 14 1.27273
200700 11 37 3.36364
201020 10 11 1.1
200415 5 5 1
200270 5 5 1
200422 12 17 1.41667
200227 2 11 5.5
101154 2 5 2.5
301516 8 8 1
301222 8 17 2.125
101063 1 1 1
200484 8 8 1
301063 2 19 9.5
301101 3 9 3
300724 13 24 1.84615
200535 11 26 2.36364
301470 1 1 1
301312 7 18 2.57143
300652 11 11 1
301275 13 13 1
300351 12 19 1.58333
300950 7 13 1.85714
300480 6 6 1
1157 1 1 1
300075 17 17 1
301164 12 12 1
498 2 5 2.5
300485 4 4 1
650 9 9 1
301452 8 11 1.375
300994 1 1 1
19 4 4 1
547 12 25 2.08333
300534 3 3 1
1433 12 22 1.83333
301342 12 19 1.58333
300491 8 9 1.125
300127 5 5 1
200149 16 32 2
1508 1 1 1
300616 1 1 1
691 1 1 1
931 10 10 1
301067 12 27 2.25
300300 8 9 1.125
752 8 26 3.25
300818 13 15 1.15385
300693 10 29 2.9
300899 3 7 2.33333
300549 5 9 1.8
1115 5 17 3.4
300516 9 9 1
301118 13 34 2.61538
300047 5 25 5
1490 3 3 1
100575 11 19 1.72727
1118 10 14 1.4
200124 13 14 1.07692
100084 9 13 1.44444
1227 6 34 5.66667
300901 12 12 1
100450 8 26 3.25
1053 9 19 2.11111
100379 1 1 1
952 3 3 1
300913 1 1 1
300954 1 1 1
100455 13 38 2.92308
200067 12 15 1.25
300498 11 35 3.18182
100200 12 23 1.91667
1008 13 21 1.61538
970 4 5 1.25
96 14 44 3.14286
393 9 11 1.22222
100557 1 1 1
101500 5 5 1
328 14 16 1.14286
100893 5 10 2
101526 6 7 1.16667
623 6 17 2.83333
100472 7 7 1
100234 10 18 1.8
200189 2 12 6
201153 12 23 1.91667
200345 5 11 2.2
200732 6 12 2
100603 3 21 7
201244 3 32 10.6667
100706 10 10 1
201248 2 2 1
100910 3 11 3.66667
101052 5 7 1.4
100513 6 6 1
101423 10 19 1.9
200800 2 2 1
200963 14 15 1.07143
100555 12 27 2.25
100240 10 31 3.1
201444 14 17 1.21429
201422 1 1 1
100851 3 18 6
201135 10 25 2.5
200838 6 12 2
200948 5 6 1.2
101033 4 4 1
200206 5 5 1
201428 10 10 1
200942 5 5 1
100909 2 8 4
201220 1 1 1
301509 8 8 1
201465 2 7 3.5
301228 1 1 1
200739 10 24 2.4
200715 14 35 2.5
201262 11 32 2.90909
200772 11 11 1
300747 6 7 1.16667
1472 10 13 1.3
201363 13 31 2.38462
300387 11 28 2.54545
1514 12 16 1.33333
200577 10 19 1.9
300379 5 6 1.2
301300 1 1 1
300477 6 14 2.33333
300503 9 9 1
301297 11 22 2
300066 23 53 2.30435
301246 6 10 1.66667
1477 3 6 2
301047 11 14 1.27273
300282 7 12 1.71429
301098 9 18 2
1248 12 23 1.91667
300711 10 10 1
432 9 9 1
300147 6 6 1
300679 4 36 9
1292 6 6 1
300115 11 25 2.27273
731 1 1 1
300154 8 8 1
300297 3 14 4.66667
580 3 3 1
300567 8 10 1.25
1266 12 13 1.08333
252 1 1 1
667 6 20 3.33333
300594 4 21 5.25
300929 9 15 1.66667
300628 7 14 2
300415 9 34 3.77778
790 10 38 3.8
1463 1 1 1
208 1 1 1
300441 5 23 4.6
301494 10 15 1.5
1164 11 24 2.18182
100526 2 23 11.5
1187 3 36 12
300471 8 34 4.25
232 9 9 1
71 21 51 2.42857
300830 13 36 2.76923
301498 7 7 1
823 1 1 1
519 8 23 2.875
101220 12 23 1.91667
201105 4 42 10.5
300638 12 18 1.5
100623 2 2 1
100663 1 1 1
201143 6 9 1.5
100175 12 16 1.33333
100519 7 9 1.28571
201501 7 16 2.28571
100208 4 10 2.5
769 13 20 1.53846
101093 10 10 1
200839 2 2 1
100125 13 49 3.76923
101499 3 3 1
100546 8 17 2.125
201 9 9 1
188 1 1 1
100432 13 15 1.15385
201581 1 1 1
201423 4 6 1.5
200911 7 22 3.14286
100981 1 1 1
201352 13 15 1.15385
101485 2 11 5.5
200753 3 5 1.66667
101046 1 1 1
100488 5 5 1
101076 6 7 1.16667
200543 8 10 1.25
101229 3 3 1
201368 7 19 2.71429
100883 7 18 2.57143
201086 4 31 7.75
200920 7 7 1
100283 5 5 1
201370 5 5 1
200696 10 23 2.3
200508 9 12 1.33333
100654 4 9 2.25
200360 1 1 1
201152 12 46 3.83333
201414 6 17 2.83333
100436 11 15 1.36364
200746 11 25 2.27273
200267 11 15 1.36364
100270 13 13 1
100155 4 4 1
100217 16 30 1.875
101512 1 1 1
100932 7 23 3.28571
200489 12 12 1
100917 10 25 2.5
100879 11 11 1
201401 14 22 1.57143
201345 6 53 8.83333
301081 10 9 0.9
200862 12 16 1.33333
301171 2 5 2.5
101085 5 5 1
200353 4 8 2
300406 7 35 5
200638 10 27 2.7
200662 13 27 2.07692
200472 5 5 1
200625 2 2 1
201281 4 15 3.75
300571 11 34 3.09091
101347 12 18 1.5
301042 4 17 4.25
300656 11 13 1.18182
100974 8 8 1
200244 10 21 2.1
300547 10 10 1
1139 8 24 3
1037 6 9 1.5
200568 3 3 1
300338 9 9 1
1079 12 18 1.5
300522 6 15 2.5
301077 7 13 1.85714
200063 6 14 2.33333
300044 11 11 1
300581 1 1 1
1024 1 1 1
301366 10 23 2.3
300768 1 1 1
335 2 2 1
301473 12 17 1.41667
1245 9 15 1.66667
200069 9 12 1.33333
300537 5 5 1
934 3 19 6.33333
200175 13 37 2.84615
114 11 39 3.54545
1101 4 20 5
364 7 9 1.28571
301091 4 12 3
338 5 11 2.2
1063 2 2 1
100032 14 34 2.42857
300786 13 27 2.07692
100412 1 1 1
100602 13 28 2.15385
687 1 1 1
573 10 10 1
100468 5 6 1.2
1375 4 4 1
100774 3 3 1
100480 3 7 2.33333
100186 10 10 1
183 11 30 2.72727
79 16 20 1.25
1060 9 15 1.66667
100675 2 2 1
200116 6 13 2.16667
100041 4 15 3.75
1057 10 21 2.1
100276 4 11 2.75
39 27 64 2.37037
100571 7 11 1.57143
101468 6 12 2
100661 3 3 1
200142 3 3 1
200105 13 16 1.23077
100132 6 6 1
200070 20 26 1.3
201198 4 20 5
200756 8 12 1.5
200734 11 16 1.45455
201378 9 9 1
201537 2 13 6.5
101235 1 1 1
200495 1 1 1
200790 11 23 2.09091
200161 2 2 1
99 5 5 1
200575 10 40 4
100730 7 7 1
100100 10 39 3.9
200461 10 11 1.1
100262 5 7 1.4
100614 4 5 1.25
201399 1 1 1
200982 1 1 1
100222 6 7 1.16667
101479 10 9 0.9
200744 14 25 1.78571
100738 10 12 1.2
100806 1 1 1
200330 2 3 1.5
101431 6 20 3.33333
100244 12 12 1
100346 2 3 1.5
200223 13 19 1.46154
200218 1 1 1
100355 14 48 3.42857
200783 9 13 1.44444
301221 9 10 1.11111
201591 3 3 1
201609 2 2 1
100627 3 5 1.66667
200052 4 4 1
301269 1 1 1
200049 7 19 2.71429
201258 10 34 3.4
201338 5 5 1
200500 12 12 1
100168 7 26 3.71429
101205 10 27 2.7
201497 8 16 2
101496 1 1 1
100359 5 5 1
201266 13 13 1
200054 15 19 1.26667
100535 1 1 1
101493 1 1 1
101490 2 2 1
200762 3 3 1
101437 5 5 1
101486 7 11 1.57143
301311 1 1 1
200027 1 1 1
101208 6 6 1
200451 7 11 1.57143
200259 7 19 2.71429
101508 14 20 1.42857
200329 4 8 2
200558 6 6 1
200699 6 17 2.83333
201019 4 4 1
101318 7 21 3
301479 8 9 1.125
300877 5 7 1.4
201230 3 3 1
300965 4 12 3
201310 2 22 11
101177 2 2 1
300069 14 30 2.14286
201238 13 13 1
301458 5 5 1
301186 1 1 1
300548 9 9 1
857 2 2 1
300644 2 2 1
1372 6 11 1.83333
346 7 7 1
300831 13 32 2.46154
889 4 56 14
301476 6 11 1.83333
301132 1 1 1
200090 7 9 1.28571
953 7 7 1
301112 9 9 1
429 13 44 3.38462
1242 7 15 2.14286
165 5 5 1
300648 11 17 1.54545
301457 10 13 1.3
1325 5 5 1
301377 10 28 2.8
300179 10 11 1.1
101193 10 36 3.6
1013 4 4 1
1147 6 6 1
326 13 35 2.69231
53 20 27 1.35
278 8 8 1
1153 1 1 1
301030 5 49 9.8
1150 2 2 1
834 3 3 1
201025 2 2 1
866 5 8 1.6
559 10 11 1.1
1099 1 1 1
200851 3 9 3
576 10 10 1
759 6 29 4.83333
100425 9 15 1.66667
100495 1 1 1
713 11 12 1.09091
848 9 19 2.11111
101201 13 21 1.61538
201054 9 9 1
201205 8 9 1.125
83 2 5 2.5
100366 13 14 1.07692
201029 4 5 1.25
101536 1 1 1
101506 8 12 1.5
100374 13 45 3.46154
201586 3 4 1.33333
101340 5 8 1.6
200395 4 4 1
100711 12 14 1.16667
200675 11 11 1
201016 7 17 2.42857
101223 10 39 3.9
100507 3 3 1
100323 7 12 1.71429
100864 3 13 4.33333
100936 4 4 1
200534 12 41 3.41667
101297 6 19 3.16667
200843 1 1 1
100889 10 15 1.5
100397 2 2 1
200754 8 18 2.25
101057 4 17 4.25
201002 7 31 4.42857
200908 2 11 5.5
201457 3 11 3.66667
201061 12 17 1.41667
100220 5 5 1
301174 5 14 2.8
200708 12 53 4.41667
301105 10 10 1
200230 10 10 1
200760 7 26 3.71429
301200 7 7 1
200742 2 2 1
200553 12 15 1.25
200390 12 22 1.83333
301330 3 8 2.66667
301405 3 3 1
300712 5 32 6.4
201509 7 8 1.14286
300528 7 7 1
1263 12 42 3.5
301425 2 2 1
300557 8 8 1
301514 7 11 1.57143
1323 7 18 2.57143
300086 1 1 1
301517 7 9 1.28571
301003 2 2 1
300821 1 1 1
442 1 1 1
795 3 7 2.33333
200112 8 14 1.75
300868 3 20 6.66667
300608 10 35 3.5
301137 13 14 1.07692
100608 4 11 2.75
886 9 29 3.22222
741 5 5 1
300538 2 4 2
300627 2 2 1
435 10 17 1.7
255 12 15 1.25
200182 5 5 1
200883 1 1 1
608 9 9 1
200980 4 17 4.25
100416 4 4 1
100204 1 1 1
248 1 1 1
100464 11 23 2.09091
100151 14 42 3
396 1 1 1
201450 13 27 2.07692
111 5 16 3.2
100239 10 10 1
100850 5 6 1.2
100942 7 7 1
187 10 10 1
100035 10 10 1
200164 8 8 1
156 12 12 1
101251 10 10 1
101110 11 11 1
100959 1 1 1
101184 11 11 1
201360 13 31 2.38462
100908 1 1 1
200507 12 12 1
200634 7 7 1
101447 3 3 1
101158 7 7 1
200374 3 3 1
101374 8 19 2.375
100096 6 19 3.16667
101517 1 1 1
200470 4 5 1.25
100689 9 15 1.66667
100158 4 4 1
301272 10 11 1.1
201242 4 4 1
300401 2 19 9.5
101136 10 30 3
200376 7 14 2
200410 10 12 1.2
100944 7 22 3.14286
201523 1 1 1
301205 10 22 2.2
100949 6 18 3
201354 12 37 3.08333
300631 5 16 3.2
300898 5 16 3.2
1231 9 9 1
1095 2 9 4.5
1361 8 8 1
1119 5 20 4
300910 12 13 1.08333
300647 6 6 1
833 9 20 2.22222
300663 5 17 3.4
296 3 3 1
1358 11 36 3.27273
814 5 10 2
301339 3 15 5
671 13 43 3.30769
200072 15 15 1
1065 8 28 3.5
300807 1 1 1
1075 10 24 2.4
300028 33 77 2.33333
300641 7 16 2.28571
1116 6 6 1
1402 1 1 1
404 2 4 2
300002 331 331 1
981 1 1 1
101385 7 17 2.42857
813 2 2 1
100618 6 17 2.83333
300155 1 1 1
101475 7 7 1
920 7 7 1
690 1 1 1
100902 7 7 1
371 1 1 1
101118 10 22 2.2
100490 2 2 1
360 12 36 3
755 3 3 1
200075 17 19 1.11765
100725 2 2 1
101524 1 1 1
200826 8 34 4.25
427 7 7 1
101145 3 3 1
238 2 9 4.5
100907 8 8 1
201431 1 1 1
101356 1 1 1
100025 34 40 1.17647
101161 7 9 1.28571
200855 7 8 1.14286
201213 7 36 5.14286
101051 4 13 3.25
200954 13 26 2
101164 4 22 5.5
200934 10 15 1.5
200991 15 21 1.4
101189 13 13 1
101471 5 6 1.2
101400 8 16 2
201530 7 14 2
200632 3 3 1
101439 12 17 1.41667
301232 5 35 7
100268 7 10 1.42857
201333 10 10 1
201005 2 25 12.5
101213 13 40 3.07692
200035 11 11 1
100989 10 25 2.5
301286 1 1 1
201487 12 40 3.33333
201599 2 2 1
101325 3 3 1
101167 7 26 3.71429
201468 14 36 2.57143
301140 12 14 1.16667
301219 1 1 1
200481 12 31 2.58333
200366 10 30 3
301096 3 19 6.33333
201549 8 18 2.25
301135 5 29 5.8
1432 5 8 1.6
301481 1 1 1
300385 5 6 1.2
301040 12 14 1.16667
200464 5 9 1.8
912 6 27 4.5
300589 3 7 2.33333
967 5 5 1
300309 1 1 1
301052 5 5 1
301149 10 23 2.3
300078 1 1 1
301029 10 10 1
194 2 2 1
378 1 1 1
107 4 58 14.5
301026 1 1 1
301236 2 16 8
662 8 20 2.5
300152 10 55 5.5
251 7 9 1.28571
301204 2 2 1
301124 7 21 3
1272 4 4 1
300659 12 24 2
436 4 8 2
995 8 10 1.25
100607 8 18 2.25
213 12 12 1
301126 10 10 1
939 12 15 1.25
1397 1 1 1
100368 14 41 2.92857
300650 3 3 1
100394 9 9 1
100219 11 17 1.54545
100226 6 9 1.5
100007 70 79 1.12857
100402 1 1 1
300828 2 7 3.5
301016 10 26 2.6
100114 7 6 0.857143
300827 9 9 1
821 8 23 2.875
174 7 9 1.28571
299 4 16 4
101187 12 14 1.16667
100170 2 7 3.5
223 14 19 1.35714
152 1 1 1
201435 3 26 8.66667
101443 1 1 1
200774 13 17 1.30769
201274 8 38 4.75
100900 1 1 1
100011 65 108 1.66154
100387 12 12 1
100637 8 8 1
200906 1 1 1
201043 6 16 2.66667
201498 5 5 1
100790 12 12 1
201511 6 6 1
101065 5 34 6.8
200736 1 1 1
200788 14 18 1.28571
100150 2 2 1
100794 4 37 9.25
100301 10 26 2.6
200664 1 1 1
101113 11 12 1.09091
200592 8 29 3.625
201439 8 9 1.125
101126 4 4 1
100020 26 50 1.92308
200272 6 20 3.33333
201505 4 20 5
100340 3 6 2
100337 9 26 2.88889
200459 8 19 2.375
200539 3 3 1
301306 11 32 2.90909
201459 9 18 2
200033 24 25 1.04167
300971 6 22 3.66667
300993 8 8 1
201082 8 9 1.125
200811 3 3 1
300566 10 19 1.9
300568 2 2 1
300949 6 11 1.83333
200385 1 1 1
300158 7 11 1.57143
300814 14 21 1.5
1301 11 11 1
1341 10 11 1.1
300726 4 15 3.75
200686 5 5 1
200445 13 23 1.76923
300991 3 3 1
1318 14 17 1.21429
1169 12 17 1.41667
300279 16 48 3
300474 2 2 1
566 9 24 2.66667
1048 10 12 1.2
1313 14 21 1.5
1144 12 38 3.16667
300719 4 4 1
1084 1 1 1
785 3 3 1
301436 9 12 1.33333
300666 8 24 3
100085 10 10 1
1213 12 12 1
1492 9 12 1.33333
1034 3 3 1
200151 3 12 4
660 1 1 1
301422 1 1 1
881 8 18 2.25
100461 1 1 1
100037 1 1 1
100411 3 3 1
300988 2 2 1
1282 1 1 1
554 2 6 3
993 9 12 1.33333
300555 5 8 1.6
100600 8 16 2
594 10 21 2.1
100130 5 7 1.4
1454 3 8 2.66667
1501 9 14 1.55556
201145 13 17 1.30769
300533 8 10 1.25
100224 11 37 3.36364
300290 9 9 1
101441 1 1 1
1055 7 7 1
332 8 15 1.875
100772 1 1 1
600 3 3 1
300124 14 38 2.71429
200956 4 4 1
654 11 11 1
100347 14 21 1.5
100029 10 16 1.6
101122 12 26 2.16667
191 7 33 4.71429
100350 7 22 3.14286
201532 7 11 1.57143
100586 6 9 1.5
101338 12 20 1.66667
549 6 14 2.33333
101029 10 21 2.1
100363 6 8 1.33333
200866 8 19 2.375
100890 6 6 1
100304 13 20 1.53846
100978 1 1 1
241 10 10 1
100014 58 62 1.06897
100095 10 38 3.8
101172 8 13 1.625
200456 2 2 1
100090 2 7 3.5
101533 7 7 1
200007 79 75 0.949367
100260 1 1 1
200741 1 1 1
201584 2 5 2.5
301258 8 14 1.75
100344 11 14 1.27273
100558 3 37 12.3333
100452 7 38 5.42857
100625 6 6 1
100211 12 23 1.91667
200362 11 23 2.09091
201545 5 6 1.2
100242 12 39 3.25
200797 6 12 2
200833 5 50 10
200437 7 7 1
100926 7 21 3
201330 8 8 1
101079 13 36 2.76923
100904 10 10 1
200950 12 17 1.41667
300399 9 10 1.11111
201056 12 36 3
101047 11 13 1.18182
301373 2 2 1
101370 10 10 1
200225 2 3 1.5
200016 1 1 1
300412 6 6 1
201260 9 11 1.22222
301291 13 12 0.923077
200550 7 13 1.85714
1346 9 23 2.55556
300866 12 22 1.83333
301152 5 5 1
300758 4 4 1
300287 12 18 1.5
301071 12 12 1
1460 9 9 1
1071 5 5 1
1108 7 12 1.71429
300184 3 11 3.66667
300440 6 6 1
300349 12 13 1.08333
300393 3 3 1
300373 8 8 1
1087 9 10 1.11111
300326 5 20 4
126 9 9 1
301075 1 1 1
1083 2 2 1
1011 1 1 1
1096 3 5 1.66667
359 10 12 1.2
300664 11 12 1.09091
300359 9 9 1
200077 12 16 1.33333
1305 8 11 1.375
301011 11 23 2.09091
300384 13 14 1.07692
300695 6 23 3.83333
3 104 103 0.990385
1308 1 1 1
200170 6 8 1.33333
301012 4 29 7.25
1143 10 10 1
300797 9 10 1.11111
906 7 7 1
451 10 13 1.3
300313 7 20 2.85714
280 14 69 4.92857
200098 14 15 1.07143
300740 10 13 1.3
200126 10 10 1
300316 13 13 1
201116 3 8 2.66667
767 8 8 1
300151 1 1 1
300085 16 21 1.3125
1320 11 23 2.09091
925 6 6 1
104 13 16 1.23077
201172 5 9 1.8
100290 1 1 1
697 1 1 1
100871 2 44 22
101061 1 1 1
200726 14 26 1.85714
201503 2 7 3.5
101120 2 30 15
100068 4 5 1.25
400 2 2 1
201346 6 6 1
100122 1 1 1
94 3 9 3
100065 16 23 1.4375
100184 12 30 2.5
101301 1 1 1
200286 14 33 2.35714
201481 10 10 1
100309 3 3 1
201181 5 23 4.6
100606 7 8 1.14286
100404 10 21 2.1
201200 4 4 1
100254 1 1 1
200941 1 1 1
100516 12 32 2.66667
101116 1 1 1
101054 1 1 1
100561 1 1 1
301218 5 5 1
100502 2 2 1
100585 11 14 1.27273
100856 11 18 1.63636
201023 3 19 6.33333
100921 6 12 2
200510 5 7 1.4
100430 7 8 1.14286
100319 9 9 1
100236 1 1 1
200945 8 14 1.75
200215 1 1 1
101036 10 11 1.1
200314 12 37 3.08333
301142 1 1 1
101008 7 8 1.14286
301400 3 3 1
200201 13 15 1.15385
200254 6 6 1
200427 7 7 1
200334 2 2 1
200021 22 22 1
300658 8 8 1
301002 6 42 7
301302 7 26 3.71429
200614 8 8 1
301386 3 3 1
300699 4 46 11.5
806 5 8 1.6
1022 2 2 1
300770 2 2 1
301114 9 36 4
1239 5 6 1.2
300793 9 11 1.22222
300370 5 7 1.4
300468 4 4 1
674 11 19 1.72727
300116 11 14 1.27273
300885 8 17 2.125
300736 1 1 1
386 6 8 1.33333
14 117 115 0.982906
300902 11 11 1
300833 5 30 6
300376 9 9 1
612 6 6 1
300331 11 20 1.81818
349 8 7 0.875
100582 3 3 1
294 5 23 4.6
1265 4 4 1
1228 5 28 5.6
424 12 30 2.5
300098 1 1 1
300635 9 12 1.33333
300475 1 1 1
24 47 75 1.59574
1104 1 1 1
508 7 14 2
173 9 19 2.11111
300234 1 1 1
201177 11 19 1.72727
898 10 10 1
422 1 1 1
1223 9 15 1.66667
100837 9 9 1
300462 1 1 1
100708 6 18 3
323 2 2 1
417 6 12 2
100352 2 2 1
244 7 21 3
288 8 20 2.5
200999 4 5 1.25
100046 12 16 1.33333
200969 7 14 2
200186 12 49 4.08333
201518 3 3 1
200890 3 10 3.33333
100781 14 14 1
100954 11 11 1
201484 2 16 8
100878 11 37 3.36364
201563 6 12 2
200544 10 24 2.4
101131 2 2 1
100326 13 23 1.76923
200487 4 4 1
101059 2 24 12
200480 9 23 2.55556
100786 7 18 2.57143
301288 1 1 1
100799 8 15 1.875
100115 4 6 1.5
201451 12 12 1
101156 1 1 1
200722 14 24 1.71429
201603 12 16 1.33333
101181 11 19 1.72727
200418 7 28 4
201570 1 1 1
201454 8 10 1.25
201477 7 8 1.14286
201517 11 26 2.36364
200060 16 16 1
200499 4 4 1
200468 11 16 1.45455
200381 2 2 1
201417 9 17 1.88889
201404 10 21 2.1
200918 1 1 1
200777 8 10 1.25
300944 12 17 1.41667
101210 10 10 1
300573 1 1 1
300872 3 24 8
201555 12 14 1.16667
200041 13 13 1
301407 1 1 1
200303 3 3 1
301336 1 1 1
876 8 8 1
430 10 13 1.3
300550 4 4 1
301235 4 13 3.25
1258 3 3 1
300912 5 16 3.2
300980 13 15 1.15385
300728 6 17 2.83333
301282 1 1 1
407 8 8 1
729 1 1 1
300836 13 29 2.23077
272 2 2 1
301129 12 16 1.33333
1251 12 12 1
200085 8 12 1.5
300321 1 1 1
780 9 10 1.11111
300592 2 2 1
100588 1 1 1
101245 9 20 2.22222
423 2 2 1
300686 11 23 2.09091
734 1 1 1
1337 2 2 1
100754 4 12 3
300696 1 1 1
300217 10 11 1.1
300987 12 29 2.41667
100484 1 1 1
119 16 20 1.25
300623 8 8 1
300765 3 3 1
849 11 20 1.81818
100259 12 25 2.08333
300552 4 4 1
300097 12 13 1.08333
300345 10 12 1.2
101195 7 20 2.85714
300254 6 17 2.83333
100440 3 11 3.66667
100086 3 9 3
773 2 2 1
300261 10 25 2.5
1155 1 1 1
308 9 28 3.11111
300020 15 24 1.6
200185 4 16 4
783 14 24 1.71429
200955 2 4 2
100650 9 9 1
101072 12 13 1.08333
100530 13 51 3.92308
300170 15 27 1.8
201141 1 1 1
700 6 8 1.33333
760 2 2 1
101345 4 13 3.25
101473 6 9 1.5
100295 8 9 1.125
688 1 1 1
101444 6 7 1.16667
100972 7 14 2
200108 1 1 1
101269 5 10 2
100183 2 2 1
200278 15 45 3
100232 5 6 1.2
100928 5 5 1
200243 10 33 3.3
201155 7 48 6.85714
100885 12 14 1.16667
201278 1 1 1
200678 1 1 1
100918 7 7 1
101174 9 9 1
200032 7 8 1.14286
201290 6 8 1.33333
101281 7 16 2.28571
301263 6 6 1
200808 5 5 1
201535 8 13 1.625
200952 6 6 1
201168 10 25 2.5
100672 12 15 1.25
100529 11 29 2.63636
101522 10 10 1
100358 11 11 1
201162 8 12 1.5
301242 6 15 2.5
201304 1 1 1
101146 6 6 1
301279 7 25 3.57143
101463 4 9 2.25
201482 6 6 1
101018 10 22 2.2
200702 8 8 1
300530 5 7 1.4
201467 9 12 1.33333
201436 5 5 1
101259 2 2 1
300112 4 4 1
301239 1 1 1
300509 10 41 4.1
300984 5 11 2.2
200474 12 47 3.91667
300411 12 12 1
300619 7 14 2
922 6 8 1.33333
1333 13 18 1.38462
1212 1 1 1
300714 12 20 1.66667
300930 12 35 2.91667
301154 10 23 2.3
300756 9 9 1
514 11 13 1.18182
300189 10 16 1.6
301106 9 18 2
1309 12 26 2.16667
797 14 20 1.42857
283 8 8 1
316 5 5 1
999 5 5 1
300176 2 11 5.5
301199 7 7 1
200146 7 7 1
300402 1 1 1
300601 3 11 3.66667
301168 7 9 1.28571
1326 14 27 1.92857
300426 2 2 1
200176 4 4 1
301332 12 12 1
200128 7 7 1
300784 12 12 1
100721 7 17 2.42857
300720 2 2 1
100228 4 4 1
200133 9 9 1
300805 2 2 1
1219 5 5 1
301027 1 1 1
100400 12 50 4.16667
101198 12 18 1.5
270 7 9 1.28571
1466 4 6 1.5
100202 10 10 1
100322 1 1 1
297 7 7 1
100857 9 13 1.44444
101502 3 3 1
300 7 18 2.57143
201102 3 3 1
100266 14 42 3
100275 6 6 1
100386 13 13 1
200275 4 10 2.5
200375 12 22 1.83333
258 14 16 1.14286
200528 6 6 1
200219 1 1 1
100216 4 4 1
101389 9 26 2.88889
200573 10 25 2.5
201207 8 23 2.875
100487 1 1 1
100933 12 13 1.08333
201375 12 29 2.41667
201297 2 11 5.5
101329 4 17 4.25
200619 1 1 1
200927 6 6 1
100736 15 29 1.93333
200293 2 4 2
100419 1 1 1
201080 13 13 1
100714 2 2 1
100505 8 14 1.75
101416 1 1 1
200650 11 22 2
201186 9 40 4.44444
100008 64 77 1.20312
100630 11 12 1.09091
100892 8 10 1.25
201358 7 7 1
101527 6 6 1
301177 2 2 1
200830 1 1 1
301414 2 6 3
200537 8 14 1.75
200628 5 5 1
200556 2 2 1
200647 12 23 1.91667
300288 3 3 1
1250 4 4 1
300564 2 35 17.5
301207 11 13 1.18182
201283 9 9 1
301160 6 6 1
200523 13 54 4.15385
301165 7 20 2.85714
200044 10 23 2.3
300951 4 12 3
301392 2 13 6.5
300328 12 20 1.66667
997 13 14 1.07692
300864 3 6 2
941 3 4 1.33333
200684 6 19 3.16667
301184 10 12 1.2
850 12 16 1.33333
300006 163 179 1.09816
300590 4 10 2.5
584 9 9 1
511 3 6 2
683 9 48 5.33333
301015 12 12 1
885 3 62 20.6667
1418 8 9 1.125
472 8 8 1
829 1 1 1
301413 10 21 2.1
193 4 4 1
354 2 10 5
306 8 8 1
300317 1 1 1
301435 6 6 1
300943 3 3 1
147 13 13 1
301163 6 9 1.5
43 12 13 1.08333
12 44 77 1.75
254 1 1 1
1232 8 8 1
211 12 12 1
300500 1 1 1
842 8 9 1.125
301068 1 1 1
300334 6 12 2
301043 5 17 3.4
301108 1 1 1
1088 11 19 1.72727
100074 1 1 1
770 12 34 2.83333
122 8 8 1
301420 6 6 1
100071 4 4 1
1340 13 13 1
403 4 13 3.25
986 9 9 1
29 33 65 1.9697
100367 7 7 1
914 10 14 1.4
1280 3 7 2.33333
100726 4 15 3.75
100745 5 5 1
100491 7 15 2.14286
1276 13 17 1.30769
200779 14 30 2.14286
15 53 69 1.30189
201587 1 1 1
200849 10 16 1.6
100763 12 17 1.41667
200092 5 48 9.6
201531 6 6 1
201164 11 17 1.54545
100466 4 12 3
200246 12 12 1
101241 1 1 1
200562 13 19 1.46154
101069 10 10 1
201583 2 2 1
101182 12 12 1
101206 6 7 1.16667
101457 10 12 1.2
200877 5 29 5.8
100578 11 23 2.09091
101528 7 8 1.14286
101231 11 12 1.09091
100395 6 6 1
200972 1 1 1
100574 6 6 1
100372 3 3 1
200005 86 117 1.36047
100110 14 28 2
200514 12 12 1
201012 1 1 1
200597 4 4 1
100030 15 19 1.26667
100381 11 55 5
200792 10 24 2.4
200752 10 37 3.7
200564 3 3 1
200346 14 35 2.5
200648 9 9 1
200059 9 11 1.22222
201007 7 14 2
101215 7 24 3.42857
201403 10 19 1.9
101087 9 10 1.11111
201522 1 1 1
301450 4 7 1.75
101280 10 12 1.2
1290 12 25 2.08333
1298 13 43 3.30769
1509 4 11 2.75
1344 11 40 3.63636
301270 1 1 1
300890 2 5 2.5
300356 12 23 1.91667
950 10 25 2.5
1430 5 6 1.2
300732 4 4 1
301308 4 18 4.5
1167 5 5 1
158 13 13 1
372 6 14 2.33333
300363 9 9 1
301060 1 1 1
300801 1 1 1
1385 11 22 2
300583 9 9 1
1283 4 19 4.75
200181 13 46 3.53846
956 8 19 2.375
1436 5 7 1.4
100056 2 3 1.5
200178 8 12 1.5
300604 7 10 1.42857
738 5 7 1.4
523 8 8 1
300706 7 7 1
723 5 13 2.6
300093 2 2 1
301484 9 9 1
300855 2 2 1
300966 1 1 1
300846 14 24 1.71429
100777 8 8 1
100148 3 3 1
150 6 9 1.5
597 2 19 9.5
1136 2 2 1
300854 14 43 3.07143
301050 6 9 1.5
257 2 2 1
840 9 14 1.55556
100342 9 19 2.11111
680 3 3 1
949 11 20 1.81818
100370 1 1 1
100212 13 14 1.07692
300144 11 11 1
528 2 2 1
100325 2 7 3.5
16 70 78 1.11429
100024 12 23 1.91667
765 5 5 1
200118 9 17 1.88889
101291 10 10 1
100043 18 52 2.88889
618 4 4 1
200115 11 12 1.09091
100278 4 9 2.25
101106 10 10 1
200724 3 5 1.66667
200874 13 25 1.92308
200823 14 14 1
101398 6 6 1
129 3 3 1
201493 1 1 1
100264 14 56 4
201351 4 15 3.75
101058 8 8 1
200100 14 21 1.5
200488 9 11 1.22222
100364 7 8 1.14286
200382 7 9 1.28571
201295 9 9 1
200641 1 1 1
101088 8 17 2.125
100134 2 2 1
201117 10 10 1
200856 10 14 1.4
200813 4 18 4.5
101084 10 29 2.9
200666 1 1 1
101509 1 1 1
100876 7 7 1
100801 7 11 1.57143
101115 12 13 1.08333
200237 4 9 2.25
101445 5 10 2
200047 10 11 1.1
201130 4 4 1
201189 5 5 1
101319 5 19 3.8
100314 3 17 5.66667
201167 2 5 2.5
200578 6 6 1
100022 7 9 1.28571
100968 1 1 1
101097 1 1 1
201379 12 18 1.5
300365 10 26 2.6
200677 5 5 1
300633 7 12 1.71429
201323 13 27 2.07692
300636 7 40 5.71429
201396 3 7 2.33333
100946 4 27 6.75
200524 1 1 1
300832 8 8 1
300226 2 4 2
201228 12 15 1.25
1322 5 9 1.8
300570 13 30 2.30769
200364 1 1 1
300058 20 56 2.8
301208 13 19 1.46154
1100 7 7 1
300976 3 27 9
300782 6 27 4.5
1093 10 12 1.2
300341 11 12 1.09091
300134 11 11 1
300787 4 21 5.25
301189 7 15 2.14286
300447 9 33 3.66667
537 5 5 1
300908 3 13 4.33333
200080 16 57 3.5625
811 11 27 2.45455
300270 5 6 1.2
300438 3 3 1
980 3 24 8
300031 16 17 1.0625
636 1 1 1
955 3 3 1
300023 11 31 2.81818
300597 9 10 1.11111
961 1 1 1
1458 8 8 1
264 6 7 1.16667
300791 13 47 3.61538
300958 5 17 3.4
301020 10 12 1.2
300342 13 31 2.38462
1353 7 12 1.71429
100238 13 13 1
475 3 3 1
186 3 3 1
452 7 17 2.42857
478 9 9 1
1400 3 3 1
300348 2 5 2.5
300232 1 1 1
100552 9 15 1.66667
201058 10 11 1.1
465 6 24 4
42 1 1 1
334 12 29 2.41667
420 13 15 1.15385
101365 4 4 1
200747 12 15 1.25
200716 14 26 1.85714
8 83 94 1.13253
101289 2 2 1
100541 7 11 1.57143
101315 12 13 1.08333
100427 5 13 2.6
101353 9 10 1.11111
100499 3 4 1.33333
100171 2 6 3
101169 1 1 1
201067 6 13 2.16667
100191 4 7 1.75
100881 12 18 1.5
200401 8 8 1
100231 13 14 1.07692
100176 15 39 2.6
100333 13 16 1.23077
200709 7 23 3.28571
200409 9 16 1.77778
101254 8 16 2
100289 6 16 2.66667
201255 11 28 2.54545
200719 6 6 1
101149 4 22 5.5
201500 11 27 2.45455
200639 3 8 2.66667
100182 6 31 5.16667
201232 8 36 4.5
201547 1 1 1
200311 11 11 1
200030 8 19 2.375
200542 7 8 1.14286
300360 2 2 1
300918 11 15 1.36364
201292 8 23 2.875
300915 7 13 1.85714
200357 5 8 1.6
301260 7 28 4
301148 10 10 1
200630 12 28 2.33333
300839 6 15 2.5
1464 2 2 1
200018 15 15 1
300293 1 1 1
300414 1 1 1
200659 10 10 1
869 3 3 1
1268 5 5 1
300012 98 154 1.57143
853 5 11 2.2
300298 1 1 1
1068 4 25 6.25
301427 11 23 2.09091
300472 1 1 1
300620 8 43 5.375
300809 11 21 1.90909
52 25 38 1.52
77 24 31 1.29167
249 6 8 1.33333
281 14 33 2.35714
344 9 26 2.88889
977 10 39 3.9
1142 7 24 3.42857
1312 13 29 2.23077
100002 536 536 1
100021 35 69 1.97143
200003 358 424 1.18436
300003 500 559 1.118
300004 258 209 0.810078
300008 138 158 1.14493
300015 71 102 1.43662
300054 13 45 3.46154
