1
3
2
4
6
7
14
13
12
8
11
10
5
9
15
20
17
18
16
19
21
23
25
24
26
22
27
31
28
29
30
34
32
33
35
36
37
38
41
39
42
40
43
45
46
44
47
49
48
51
52
50
58
55
56
53
57
54
59
61
64
65
62
63
67
66
68
69
60
73
71
70
74
76
75
72
77
78
79
80
84
83
82
81
85
88
87
86
89
90
91
92
94
93
95
96
97
98
99
100
101
102
105
104
106
103
107
110
109
108
111
114
112
113
115
117
116
122
119
118
120
121
123
124
125
126
127
129
131
130
133
134
132
128
139
135
137
138
140
141
147
146
148
143
144
145
136
142
153
149
150
154
151
155
158
157
152
156
159
160
161
165
164
162
163
166
168
167
173
170
172
171
174
169
176
175
177
179
182
181
178
180
183
184
185
188
187
186
189
193
192
190
191
195
194
196
199
198
197
200
202
203
201
204
206
205
207
208
209
210
211
212
215
216
214
217
213
218
221
219
223
222
224
220
226
225
229
230
228
227
234
232
233
231
235
236
237
239
238
240
241
243
245
244
246
247
248
251
249
242
250
256
257
254
253
255
258
252
262
260
259
261
264
265
267
263
266
268
269
270
271
272
273
274
275
276
278
279
277
281
280
283
282
284
285
290
287
286
288
289
291
292
294
293
295
296
298
299
300
297
302
303
301
304
305
306
307
308
309
310
312
311
314
313
316
320
319
318
317
315
321
322
323
324
325
329
326
328
327
332
336
333
335
330
331
334
337
339
340
338
343
342
341
345
346
348
349
347
350
344
351
352
353
354
355
357
356
358
359
360
361
363
362
364
365
366
367
368
369
371
370
372
373
375
376
377
378
374
379
381
382
380
383
387
385
388
384
386
393
392
390
394
391
389
395
397
396
400
398
401
399
402
404
403
405
407
406
408
409
414
411
412
410
413
415
417
416
420
419
418
421
422
423
424
426
425
427
428
429
430
432
431
433
435
434
436
437
440
439
438
443
442
441
445
450
449
447
446
448
444
451
452
453
455
454
459
458
456
460
457
461
462
463
465
464
467
468
469
466
470
472
473
475
471
474
476
477
478
480
479
482
481
483
484
485
489
486
488
487
490
491
493
496
495
492
494
497
498
501
499
500
504
505
503
506
502
507
508
509
513
511
510
512
514
517
516
515
520
519
518
521
525
524
523
522
526
527
528
529
531
533
532
534
530
535
537
538
539
540
536
541
542
543
544
545
549
547
550
548
546
552
553
551
554
555
556
559
558
560
557
561
562
564
565
567
566
569
568
563
571
573
572
570
576
575
574
579
577
578
580
582
581
584
586
583
585
587
592
591
590
589
588
593
594
595
596
597
598
600
599
603
602
601
604
605
609
608
607
606
612
611
610
617
616
615
618
613
619
614
620
622
621
623
626
624
627
625
628
629
630
631
634
635
633
632
639
638
641
642
640
637
643
645
646
636
644
648
647
650
651
649
653
654
652
656
655
658
659
661
660
662
663
664
665
669
666
667
668
657
670
671
672
675
673
674
678
677
676
679
684
681
682
683
680
685
686
687
688
690
692
689
691
693
694
696
695
698
697
706
699
704
703
700
702
701
705
707
708
710
712
711
709
714
713
715
717
716
719
718
720
721
722
723
725
724
726
727
728
729
731
730
732
733
734
735
737
739
736
738
745
742
743
741
744
740
746
748
747
749
750
751
753
752
754
758
757
756
755
759
760
761
762
763
767
765
764
766
770
769
768
772
771
775
774
773
776
778
777
779
781
782
780
783
784
789
786
787
788
785
790
791
794
792
793
795
799
798
796
800
797
802
801
805
804
803
808
809
806
810
807
811
812
814
815
813
816
817
818
819
823
822
820
821
824
826
825
827
828
829
830
834
833
831
832
835
837
836
838
839
840
841
842
844
843
846
845
847
849
850
848
851
852
853
856
855
857
854
862
859
861
863
858
860
864
865
866
867
868
872
871
870
874
873
869
875
876
878
877
879
883
880
882
881
885
886
884
887
890
889
891
888
892
893
895
894
897
898
899
896
900
902
901
903
905
904
907
906
908
909
910
911
912
913
914
915
917
916
919
918
920
921
922
923
924
925
929
927
926
928
931
932
930
934
935
936
937
933
938
941
943
939
944
940
942
945
946
947
948
950
951
953
952
954
949
958
956
955
960
959
961
957
963
965
962
966
964
967
970
969
968
971
972
973
974
975
977
976
981
980
978
979
983
982
987
986
984
985
990
988
991
989
992
993
994
995
996
997
998
999
1001
1000
1006
1003
1002
1005
1004
1007
1011
1010
1009
1014
1013
1012
1008
1015
1018
1017
1016
1019
1020
1023
1022
1021
1028
1025
1024
1027
1026
1029
1032
1031
1030
1033
1034
1035
1036
1039
1037
1038
1040
1042
1041
1043
1044
1047
1045
1046
1048
1053
1050
1052
1049
1054
1055
1056
1057
1058
1059
1063
1064
1061
1062
1060
1051
1066
1065
1069
1068
1070
1067
1072
1073
1071
1074
1075
1078
1076
1077
1080
1079
1081
1082
1083
1084
1087
1086
1085
1088
1090
1089
1093
1091
1092
1094
1095
1100
1097
1098
1096
1101
1104
1102
1099
1103
1107
1108
1106
1109
1105
1111
1110
1113
1114
1116
1115
1112
1117
1118
1120
1119
1121
1123
1122
1124
1127
1125
1129
1130
1128
1126
1131
1133
1132
1134
1139
1136
1137
1135
1138
1140
1143
1145
1144
1142
1141
1146
1148
1147
1151
1150
1152
1153
1149
1156
1155
1154
1157
1161
1159
1158
1160
1164
1165
1163
1162
1166
1167
1169
1168
1170
1172
1173
1175
1171
1174
1176
1178
1179
1177
1181
1180
1182
1183
1185
1184
1186
1187
1188
1189
1190
1192
1191
1196
1194
1195
1193
1198
1202
1199
1200
1201
1197
1203
1205
1207
1206
1204
1208
1209
1210
1211
1214
1213
1212
1215
1216
1217
1220
1221
1218
1219
1222
1223
1224
1225
1228
1227
1226
1231
1233
1230
1234
1229
1235
1236
1237
1238
1239
1232
1240
1241
1243
1244
1242
1247
1246
1248
1250
1249
1245
1251
1252
1256
1255
1253
1254
1257
1258
1259
1260
1261
1264
1263
1262
1268
1266
1265
1267
1269
1272
1270
1271
1277
1274
1276
1275
1273
1279
1278
1281
1283
1284
1280
1282
1285
1286
1287
1288
1289
1290
1292
1293
1294
1295
1291
1296
1297
1298
1299
1300
1301
1304
1302
1305
1308
1306
1307
1303
1312
1309
1311
1313
1310
1314
1315
1316
1317
1319
1320
1318
1323
1321
1322
1328
1325
1326
1327
1324
1329
1330
1331
1333
1332
1335
1337
1339
1338
1334
1336
1340
1342
1344
1341
1345
1346
1343
1347
1348
1350
1349
1352
1351
1353
1354
1355
1357
1356
1358
1359
1360
1361
1364
1365
1363
1366
1367
1362
1370
1369
1368
1371
1372
1373
1375
1374
1376
1378
1377
1379
1380
1381
1382
1384
1383
1386
1385
1390
1388
1391
1392
1387
1389
1396
1393
1395
1394
1397
1400
1399
1398
1405
1404
1403
1401
1408
1406
1407
1402
1409
1410
1412
1411
1413
1416
1417
1414
1415
1419
1418
1420
1421
1422
1423
1426
1425
1427
1424
1429
1428
1430
1431
1432
1433
1436
1435
1437
1434
1438
1439
1440
1441
1444
1442
1446
1443
1447
1445
1448
1449
1450
1452
1451
1453
1457
1455
1456
1454
1458
1460
1459
1461
1463
1462
1464
1465
1466
1467
1468
1469
1472
1470
1471
1473
1474
1476
1475
1478
1477
1479
1481
1480
1483
1482
1484
1485
1486
1488
1487
1491
1492
1490
1489
1493
1494
1496
1495
1497
1498
1500
1499
1501
1502
1503
1504
1505
1506
1507
1508
1510
1509
1511
1512
1513
1514
1518
1517
1515
1516
100001
100002
100003
100004
100006
100008
100005
100009
100007
100010
100015
100014
100011
100012
100018
100020
100017
100016
100013
100022
100023
100021
100019
100024
100025
100026
100027
100028
100029
100030
100034
100032
100033
100031
100035
100036
100037
100038
100040
100039
100041
100042
100046
100047
100043
100048
100044
100049
100045
100050
100051
100052
100053
100054
100055
100057
100059
100058
100056
100060
100061
100062
100063
100064
100065
100066
100068
100069
100067
100071
100070
100072
100073
100075
100076
100074
100078
100082
100081
100079
100080
100083
100085
100084
100077
100086
100087
100088
100089
100090
100091
100092
100093
100094
100095
100096
100098
100097
100100
100099
100102
100101
100105
100103
100104
100106
100109
100107
100108
100111
100110
100113
100114
100115
100112
100116
100117
100118
100119
100120
100121
100124
100123
100122
100125
100126
100128
100129
100127
100130
100131
100134
100132
100135
100133
100137
100138
100136
100139
100140
100141
100142
100143
100145
100147
100144
100146
100148
100149
100150
100151
100152
100154
100153
100155
100156
100157
100158
100161
100160
100159
100162
100164
100165
100163
100167
100166
100168
100169
100170
100171
100172
100173
100174
100176
100177
100175
100178
100179
100180
100183
100182
100187
100186
100184
100181
100185
100188
100190
100192
100189
100191
100193
100194
100195
100197
100196
100198
100201
100202
100203
100206
100205
100204
100199
100200
100207
100210
100212
100208
100211
100209
100213
100215
100214
100216
100218
100221
100222
100217
100219
100226
100223
100224
100220
100225
100227
100230
100229
100228
100232
100231
100233
100234
100235
100236
100237
100240
100238
100239
100243
100241
100242
100244
100245
100247
100248
100249
100246
100251
100250
100252
100253
100255
100254
100256
100257
100258
100259
100260
100261
100262
100265
100264
100266
100263
100267
100268
100269
100270
100271
100273
100274
100272
100276
100277
100275
100278
100280
100279
100281
100282
100283
100288
100286
100285
100287
100284
100289
100291
100292
100290
100293
100294
100296
100295
100300
100297
100299
100298
100301
100302
100305
100303
100304
100306
100307
100309
100308
100310
100311
100312
100314
100315
100313
100316
100317
100318
100319
100320
100321
100323
100322
100324
100327
100325
100326
100328
100329
100330
100331
100332
100334
100333
100335
100336
100337
100339
100340
100343
100341
100338
100344
100345
100342
100347
100348
100346
100349
100350
100351
100353
100354
100352
100356
100355
100358
100357
100359
100360
100362
100361
100363
100365
100366
100367
100364
100368
100371
100370
100369
100372
100373
100374
100375
100376
100377
100378
100379
100380
100383
100384
100385
100381
100382
100390
100387
100388
100386
100389
100391
100393
100394
100398
100395
100396
100397
100400
100399
100392
100401
100402
100403
100405
100404
100409
100408
100406
100411
100410
100407
100412
100414
100413
100415
100416
100417
100418
100420
100419
100422
100421
100426
100423
100425
100424
100428
100427
100429
100430
100432
100436
100437
100431
100438
100434
100433
100435
100439
100441
100440
100442
100444
100443
100445
100446
100447
100448
100453
100449
100452
100451
100450
100455
100454
100456
100457
100458
100459
100460
100461
100462
100463
100464
100465
100466
100468
100467
100470
100469
100472
100473
100475
100474
100471
100476
100477
100480
100479
100478
100481
100482
100485
100486
100484
100483
100488
100489
100487
100490
100491
100492
100493
100495
100494
100496
100497
100498
100499
100500
100501
100502
100503
100506
100505
100504
100508
100507
100509
100510
100511
100512
100513
100514
100515
100517
100516
100518
100520
100519
100521
100522
100523
100525
100524
100528
100529
100526
100527
100531
100530
100533
100532
100534
100535
100536
100538
100537
100539
100541
100540
100542
100543
100544
100545
100546
100547
100548
100549
100550
100552
100554
100553
100551
100558
100559
100556
100557
100555
100560
100562
100561
100564
100563
100566
100565
100568
100569
100570
100571
100573
100572
100567
100574
100575
100576
100577
100580
100578
100579
100581
100584
100582
100583
100586
100587
100590
100588
100589
100585
100591
100592
100595
100593
100594
100596
100597
100598
100600
100601
100599
100604
100606
100602
100605
100603
100609
100607
100610
100612
100615
100608
100616
100617
100618
100614
100620
100619
100621
100613
100611
100623
100622
100625
100626
100624
100627
100628
100632
100631
100629
100633
100630
100634
100635
100636
100637
100639
100638
100647
100645
100642
100641
100644
100643
100646
100640
100652
100649
100650
100653
100651
100648
100654
100655
100656
100657
100658
100659
100660
100661
100662
100663
100664
100667
100665
100668
100666
100669
100670
100671
100673
100674
100672
100675
100676
100680
100679
100678
100677
100682
100683
100681
100684
100685
100686
100687
100688
100689
100690
100691
100693
100694
100692
100697
100695
100696
100698
100699
100700
100701
100702
100704
100703
100706
100705
100709
100708
100710
100712
100711
100707
100713
100714
100717
100715
100716
100718
100719
100720
100721
100722
100724
100723
100725
100726
100727
100728
100729
100730
100734
100733
100735
100731
100739
100737
100738
100732
100741
100742
100743
100736
100744
100740
100745
100746
100747
100748
100749
100750
100752
100751
100753
100754
100756
100755
100757
100759
100760
100758
100761
100762
100763
100764
100765
100766
100767
100768
100769
100770
100771
100773
100774
100772
100778
100777
100775
100776
100781
100782
100779
100780
100783
100784
100785
100787
100788
100789
100786
100790
100791
100794
100792
100793
100796
100797
100799
100795
100802
100798
100800
100801
100803
100806
100804
100805
100808
100810
100809
100807
100811
100814
100813
100812
100815
100816
100817
100819
100818
100820
100821
100822
100823
100824
100826
100830
100828
100825
100827
100829
100831
100832
100833
100835
100834
100836
100838
100837
100839
100840
100841
100842
100843
100846
100847
100845
100849
100850
100852
100851
100848
100844
100856
100853
100854
100857
100855
100858
100859
100860
100861
100862
100863
100864
100866
100867
100865
100870
100869
100868
100871
100872
100874
100875
100877
100876
100873
100878
100879
100882
100880
100883
100881
100884
100886
100885
100887
100889
100888
100890
100891
100894
100893
100892
100895
100897
100896
100901
100899
100900
100898
100902
100903
100904
100905
100906
100907
100908
100909
100910
100912
100914
100911
100915
100913
100916
100917
100920
100922
100921
100923
100919
100918
100924
100927
100926
100925
100928
100929
100930
100932
100931
100933
100937
100938
100935
100939
100934
100936
100940
100942
100943
100941
100946
100944
100952
100953
100950
100956
100951
100947
100949
100955
100948
100957
100954
100945
100958
100959
100963
100960
100962
100961
100964
100965
100966
100967
100971
100970
100972
100969
100968
100974
100975
100973
100976
100981
100980
100978
100982
100977
100979
100983
100984
100985
100986
100991
100990
100989
100987
100988
100992
100993
100994
100995
100996
100998
100997
100999
101001
101003
101000
101002
101004
101009
101006
101011
101010
101007
101005
101008
101012
101014
101013
101015
101019
101018
101016
101017
101020
101021
101022
101023
101024
101025
101026
101028
101029
101027
101031
101032
101033
101030
101034
101036
101035
101037
101038
101039
101040
101041
101044
101043
101045
101042
101046
101047
101049
101050
101048
101055
101053
101056
101057
101054
101052
101051
101058
101059
101060
101061
101062
101063
101064
101065
101067
101066
101070
101069
101068
101074
101073
101075
101072
101071
101076
101077
101078
101079
101080
101081
101084
101083
101082
101085
101086
101088
101087
101089
101090
101094
101091
101093
101095
101092
101097
101096
101098
101100
101099
101103
101102
101101
101104
101105
101106
101107
101108
101109
101110
101112
101111
101115
101113
101114
101117
101116
101118
101123
101124
101122
101119
101120
101125
101127
101128
101131
101121
101132
101129
101126
101130
101133
101139
101135
101136
101137
101138
101141
101140
101134
101142
101144
101143
101146
101145
101147
101148
101149
101150
101156
101151
101153
101155
101154
101158
101159
101160
101157
101152
101161
101162
101163
101167
101165
101166
101168
101164
101169
101172
101171
101170
101173
101175
101174
101176
101177
101178
101182
101179
101181
101184
101183
101180
101185
101186
101187
101188
101189
101190
101191
101193
101192
101194
101197
101196
101199
101198
101200
101202
101203
101195
101201
101204
101205
101206
101208
101207
101209
101210
101211
101214
101213
101212
101217
101216
101218
101220
101215
101219
101221
101222
101223
101224
101225
101226
101227
101228
101229
101232
101230
101231
101234
101233
101235
101236
101237
101239
101240
101238
101241
101242
101243
101246
101244
101245
101247
101248
101249
101250
101251
101252
101253
101254
101258
101257
101256
101255
101260
101264
101263
101261
101262
101265
101259
101267
101266
101268
101269
101270
101271
101272
101273
101274
101276
101275
101277
101278
101280
101279
101283
101282
101281
101284
101285
101286
101287
101288
101289
101291
101290
101292
101296
101293
101295
101297
101294
101298
101299
101300
101301
101302
101303
101306
101305
101304
101307
101308
101309
101310
101311
101312
101314
101313
101316
101315
101317
101320
101322
101321
101323
101319
101318
101324
101326
101325
101327
101329
101328
101330
101331
101332
101333
101334
101336
101337
101335
101340
101338
101339
101342
101341
101343
101344
101346
101347
101345
101350
101349
101348
101352
101356
101354
101351
101358
101357
101353
101355
101361
101359
101360
101368
101364
101369
101365
101366
101363
101367
101362
101370
101372
101371
101373
101374
101375
101376
101379
101378
101377
101380
101383
101381
101382
101384
101385
101388
101387
101386
101392
101389
101390
101393
101391
101394
101395
101396
101397
101398
101400
101401
101399
101403
101404
101402
101405
101406
101407
101408
101410
101409
101414
101413
101412
101411
101415
101416
101417
101419
101420
101421
101418
101422
101423
101425
101424
101426
101427
101429
101430
101431
101432
101428
101433
101435
101434
101437
101436
101440
101443
101438
101444
101441
101442
101439
101446
101449
101450
101447
101445
101448
101451
101452
101455
101453
101456
101458
101454
101459
101464
101463
101462
101461
101457
101460
101466
101465
101468
101467
101470
101469
101471
101473
101474
101472
101475
101477
101476
101479
101478
101480
101482
101481
101483
101484
101485
101487
101486
101488
101491
101489
101490
101492
101493
101494
101496
101497
101495
101498
101499
101500
101501
101503
101502
101504
101505
101506
101507
101508
101509
101511
101512
101510
101513
101514
101517
101516
101518
101515
101519
101521
101525
101522
101523
101520
101524
101527
101526
101529
101528
101530
101531
101532
101533
101535
101534
101536
101538
200003
200004
200005
200002
200001
200006
200007
200008
200009
200010
200011
200013
200012
200014
200015
200016
200018
200020
200017
200019
200021
200022
200024
200023
200027
200026
200025
200028
200030
200029
200032
200033
200035
200031
200034
200037
200038
200039
200036
200040
200042
200041
200046
200045
200044
200043
200049
200048
200047
200052
200053
200051
200050
200056
200055
200054
200057
200060
200059
200061
200062
200063
200058
200066
200065
200064
200069
200068
200067
200070
200073
200072
200071
200074
200075
200076
200077
200080
200078
200079
200081
200087
200082
200088
200084
200092
200093
200085
200091
200089
200095
200090
200098
200099
200097
200096
200104
200103
200094
200101
200102
200083
200100
200105
200086
200106
200108
200107
200110
200109
200111
200113
200112
200114
200116
200117
200115
200120
200119
200118
200121
200122
200123
200124
200125
200126
200127
200129
200130
200128
200131
200132
200133
200134
200135
200136
200138
200137
200139
200140
200141
200142
200143
200144
200146
200145
200147
200148
200150
200149
200151
200153
200156
200157
200155
200158
200154
200152
200159
200160
200161
200166
200163
200165
200162
200164
200168
200167
200169
200173
200170
200171
200172
200174
200177
200176
200175
200178
200181
200179
200180
200182
200184
200185
200183
200187
200188
200186
200189
200190
200191
200192
200193
200194
200195
200196
200198
200197
200199
200200
200201
200202
200203
200204
200206
200205
200207
200208
200214
200213
200211
200209
200212
200210
200216
200217
200215
200218
200221
200220
200222
200219
200224
200227
200223
200226
200225
200230
200228
200231
200232
200233
200229
200234
200238
200236
200235
200237
200240
200239
200241
200242
200243
200244
200246
200245
200247
200248
200251
200252
200250
200249
200254
200253
200255
200257
200256
200258
200261
200259
200260
200265
200264
200262
200266
200263
200267
200268
200271
200272
200270
200269
200273
200275
200274
200276
200277
200279
200278
200281
200283
200282
200280
200284
200286
200285
200287
200288
200289
200292
200290
200291
200294
200293
200295
200296
200300
200298
200301
200299
200297
200303
200304
200302
200305
200306
200308
200307
200310
200309
200312
200311
200313
200314
200318
200316
200315
200317
200320
200321
200319
200323
200326
200324
200325
200322
200327
200328
200330
200329
200331
200332
200333
200335
200334
200336
200337
200339
200340
200338
200341
200342
200343
200344
200346
200350
200345
200349
200348
200347
200353
200352
200351
200354
200356
200355
200358
200357
200359
200360
200363
200361
200364
200365
200368
200367
200362
200366
200370
200369
200371
200374
200372
200376
200377
200375
200373
200378
200379
200380
200382
200381
200383
200384
200385
200386
200387
200390
200388
200389
200391
200392
200394
200393
200397
200398
200399
200400
200403
200396
200404
200401
200406
200407
200405
200402
200395
200408
200409
200410
200411
200412
200413
200414
200415
200416
200417
200421
200420
200418
200419
200422
200424
200423
200426
200427
200428
200425
200429
200430
200435
200432
200434
200431
200433
200436
200437
200440
200439
200438
200441
200442
200447
200446
200443
200445
200448
200444
200450
200455
200454
200456
200449
200451
200453
200452
200457
200460
200463
200458
200462
200464
200459
200461
200465
200469
200466
200467
200468
200471
200470
200472
200473
200474
200475
200476
200478
200479
200477
200481
200482
200480
200487
200486
200485
200484
200483
200488
200492
200491
200490
200489
200493
200495
200496
200497
200499
200498
200494
200501
200500
200502
200503
200504
200505
200507
200508
200509
200506
200510
200511
200512
200513
200516
200515
200514
200517
200519
200520
200521
200518
200523
200522
200524
200526
200525
200527
200529
200528
200530
200534
200533
200531
200532
200535
200536
200537
200538
200539
200540
200542
200544
200545
200543
200541
200546
200547
200548
200550
200549
200551
200552
200553
200555
200556
200557
200554
200559
200561
200560
200558
200562
200563
200564
200565
200567
200568
200566
200570
200569
200571
200574
200573
200572
200576
200575
200577
200578
200580
200579
200582
200581
200583
200586
200584
200585
200587
200590
200588
200589
200592
200591
200593
200596
200595
200594
200597
200599
200598
200600
200601
200602
200603
200605
200606
200604
200607
200608
200610
200611
200609
200612
200614
200615
200618
200616
200617
200613
200620
200621
200622
200624
200623
200619
200625
200630
200628
200629
200626
200627
200632
200631
200633
200634
200635
200636
200641
200637
200640
200639
200638
200642
200645
200646
200644
200649
200648
200647
200643
200650
200652
200651
200653
200655
200654
200659
200658
200656
200660
200661
200664
200663
200657
200662
200665
200666
200669
200667
200668
200670
200671
200673
200675
200676
200674
200672
200678
200677
200680
200681
200679
200682
200683
200684
200685
200686
200688
200690
200687
200689
200692
200694
200695
200693
200691
200697
200696
200698
200704
200703
200702
200700
200701
200699
200705
200706
200709
200708
200707
200710
200711
200712
200714
200715
200717
200713
200720
200719
200721
200718
200716
200722
200724
200723
200727
200728
200725
200726
200729
200730
200731
200732
200733
200734
200735
200738
200736
200737
200740
200739
200741
200742
200743
200744
200746
200745
200747
200749
200748
200750
200752
200751
200754
200753
200757
200755
200756
200758
200762
200759
200761
200760
200763
200764
200765
200766
200768
200774
200770
200773
200772
200771
200769
200767
200775
200776
200777
200779
200778
200781
200780
200782
200784
200783
200786
200788
200785
200790
200787
200791
200792
200793
200794
200789
200795
200797
200796
200801
200798
200800
200799
200806
200804
200803
200805
200802
200810
200809
200808
200807
200811
200812
200813
200814
200815
200816
200817
200820
200818
200819
200821
200823
200825
200822
200824
200826
200828
200829
200827
200830
200832
200831
200834
200833
200836
200837
200835
200838
200839
200840
200841
200844
200843
200842
200849
200848
200850
200845
200847
200846
200854
200851
200853
200852
200856
200857
200855
200861
200860
200858
200859
200863
200862
200865
200864
200868
200866
200867
200869
200870
200875
200872
200873
200871
200876
200878
200877
200874
200879
200881
200880
200883
200882
200886
200885
200884
200887
200888
200889
200890
200891
200892
200893
200895
200894
200896
200898
200897
200899
200900
200901
200904
200902
200903
200905
200908
200906
200907
200911
200910
200909
200912
200913
200917
200915
200914
200916
200918
200920
200921
200919
200922
200923
200924
200925
200927
200926
200929
200928
200931
200930
200932
200933
200934
200936
200935
200938
200939
200940
200941
200937
200945
200944
200943
200942
200947
200946
200948
200949
200951
200950
200952
200955
200954
200953
200956
200957
200958
200959
200960
200961
200962
200963
200964
200965
200967
200966
200968
200970
200969
200971
200972
200975
200974
200973
200976
200980
200977
200981
200978
200979
200982
200983
200984
200986
200985
200987
200990
200989
200988
200991
200993
200996
200994
200995
200999
200997
200992
201000
200998
201001
201002
201004
201005
201003
201012
201009
201010
201011
201008
201006
201018
201015
201014
201016
201013
201007
201017
201019
201020
201022
201023
201021
201024
201025
201026
201028
201027
201031
201030
201029
201035
201034
201033
201032
201039
201036
201038
201040
201041
201042
201037
201043
201044
201046
201050
201045
201049
201047
201048
201051
201052
201053
201054
201055
201059
201061
201058
201060
201057
201056
201063
201062
201065
201064
201068
201067
201066
201069
201071
201070
201072
201073
201074
201075
201078
201076
201077
201080
201079
201084
201082
201083
201081
201085
201086
201088
201091
201089
201087
201090
201094
201092
201093
201096
201095
201098
201097
201099
201103
201104
201100
201102
201101
201106
201105
201108
201107
201109
201111
201114
201113
201112
201115
201110
201116
201121
201118
201117
201119
201120
201123
201122
201124
201125
201127
201128
201129
201132
201130
201131
201126
201133
201134
201135
201136
201141
201138
201137
201144
201143
201142
201140
201145
201146
201139
201148
201149
201147
201150
201151
201152
201153
201154
201157
201156
201158
201155
201159
201160
201162
201163
201164
201165
201161
201166
201167
201168
201171
201170
201169
201172
201173
201174
201175
201176
201177
201178
201180
201182
201179
201181
201185
201184
201186
201187
201183
201188
201189
201192
201191
201190
201193
201195
201198
201194
201197
201196
201199
201203
201200
201202
201201
201204
201206
201207
201205
201208
201209
201210
201211
201212
201213
201214
201215
201216
201217
201219
201218
201220
201221
201224
201223
201222
201225
201227
201226
201228
201229
201230
201231
201234
201233
201232
201235
201236
201237
201238
201239
201243
201242
201244
201245
201241
201248
201250
201240
201251
201253
201252
201247
201246
201249
201254
201255
201257
201256
201258
201259
201262
201260
201263
201261
201264
201266
201265
201267
201269
201268
201270
201273
201272
201271
201275
201274
201276
201280
201279
201278
201277
201281
201283
201282
201284
201287
201286
201285
201288
201289
201290
201295
201293
201291
201292
201296
201298
201299
201297
201300
201294
201304
201303
201302
201305
201301
201306
201307
201308
201311
201309
201310
201312
201313
201314
201315
201317
201316
201321
201318
201320
201323
201326
201324
201325
201322
201327
201319
201328
201329
201330
201332
201333
201334
201335
201331
201336
201338
201337
201341
201339
201343
201340
201342
201344
201345
201347
201349
201348
201352
201350
201351
201346
201353
201354
201355
201356
201357
201358
201359
201361
201360
201362
201366
201364
201363
201365
201367
201368
201369
201370
201371
201372
201373
201374
201376
201375
201377
201378
201380
201382
201379
201381
201384
201383
201385
201388
201389
201387
201390
201393
201391
201394
201392
201386
201395
201396
201398
201397
201399
201400
201406
201403
201404
201405
201402
201401
201408
201407
201409
201410
201411
201412
201413
201416
201414
201415
201420
201418
201417
201419
201421
201422
201423
201424
201425
201427
201426
201428
201430
201429
201433
201432
201434
201435
201431
201437
201436
201438
201440
201439
201443
201441
201442
201446
201444
201445
201447
201448
201451
201449
201452
201450
201453
201454
201455
201456
201457
201459
201458
201461
201460
201467
201463
201466
201465
201464
201462
201468
201469
201470
201474
201472
201471
201473
201476
201475
201477
201480
201481
201478
201479
201482
201483
201485
201484
201486
201488
201489
201487
201491
201490
201492
201494
201493
201495
201497
201498
201499
201496
201500
201502
201503
201505
201507
201506
201501
201504
201508
201511
201509
201512
201515
201513
201514
201510
201517
201516
201518
201519
201520
201521
201524
201522
201523
201526
201525
201527
201528
201531
201529
201530
201532
201535
201534
201533
201537
201538
201540
201536
201539
201541
201542
201545
201543
201546
201544
201547
201551
201550
201549
201548
201552
201553
201554
201557
201556
201555
201558
201559
201560
201562
201561
201563
201564
201565
201566
201567
201569
201570
201571
201568
201572
201574
201573
201575
201579
201576
201580
201581
201582
201578
201583
201577
201584
201586
201589
201588
201585
201590
201587
201591
201592
201593
201594
201596
201595
201598
201597
201599
201600
201601
201602
201603
201604
201605
201606
201608
201609
201610
201607
300002
300001
300003
300005
300007
300004
300008
300010
300011
300012
300013
300014
300006
300009
300015
300017
300016
300018
300019
300020
300021
300024
300023
300022
300026
300027
300028
300025
300029
300030
300031
300032
300035
300034
300033
300036
300037
300038
300039
300041
300045
300046
300042
300043
300044
300040
300047
300049
300050
300052
300051
300057
300053
300054
300056
300055
300048
300060
300059
300058
300061
300062
300063
300066
300065
300064
300067
300069
300068
300072
300073
300070
300071
300074
300075
300080
300078
300081
300077
300082
300079
300086
300076
300084
300083
300085
300087
300088
300089
300090
300093
300092
300091
300095
300094
300096
300097
300098
300099
300100
300101
300102
300103
300107
300106
300104
300105
300108
300111
300109
300112
300110
300113
300115
300117
300114
300119
300122
300120
300121
300116
300123
300127
300126
300125
300124
300118
300128
300129
300130
300131
300132
300133
300134
300135
300136
300137
300138
300139
300140
300142
300141
300144
300143
300145
300146
300147
300148
300150
300152
300151
300149
300153
300154
300155
300156
300160
300157
300158
300159
300161
300164
300162
300163
300165
300167
300168
300170
300171
300166
300173
300169
300172
300174
300175
300177
300176
300178
300180
300179
300182
300184
300181
300185
300183
300188
300186
300187
300189
300190
300191
300192
300193
300195
300194
300196
300199
300197
300200
300198
300201
300202
300203
300204
300205
300207
300208
300209
300206
300210
300212
300213
300211
300216
300215
300214
300217
300218
300220
300219
300221
300224
300222
300223
300225
300226
300227
300228
300231
300232
300230
300229
300233
300234
300236
300235
300238
300239
300241
300237
300240
300242
300243
300244
300245
300247
300246
300248
300249
300250
300251
300252
300256
300254
300253
300255
300257
300258
300260
300259
300261
300262
300264
300263
300265
300266
300269
300270
300271
300272
300268
300267
300273
300274
300275
300277
300278
300276
300279
300282
300280
300283
300281
300285
300284
300288
300287
300286
300289
300290
300292
300291
300293
300294
300298
300295
300299
300297
300300
300296
300302
300301
300304
300303
300305
300306
300308
300307
300310
300312
300311
300313
300309
300314
300317
300318
300316
300320
300319
300315
300324
300323
300322
300321
300325
300326
300328
300327
300329
300332
300331
300330
300333
300335
300338
300339
300336
300340
300334
300342
300341
300337
300343
300344
300345
300350
300346
300349
300348
300354
300352
300347
300353
300351
300355
300357
300356
300359
300358
300362
300361
300360
300363
300367
300365
300366
300372
300370
300371
300368
300364
300369
300373
300375
300376
300377
300374
300378
300379
300382
300381
300380
300383
300384
300385
300386
300388
300387
300392
300393
300391
300389
300390
300394
300395
300396
300397
300398
300402
300404
300405
300399
300406
300407
300401
300409
300400
300408
300410
300411
300403
300413
300417
300415
300414
300418
300416
300412
300419
300420
300421
300422
300425
300426
300424
300423
300430
300433
300429
300431
300428
300432
300427
300435
300436
300434
300437
300440
300439
300441
300438
300443
300442
300446
300447
300444
300445
300448
300449
300451
300453
300450
300452
300454
300455
300456
300457
300459
300460
300458
300462
300461
300463
300464
300465
300466
300467
300468
300472
300474
300469
300471
300473
300470
300475
300476
300478
300479
300477
300480
300483
300481
300482
300484
300485
300487
300486
300489
300488
300490
300491
300494
300492
300493
300495
300497
300498
300496
300499
300500
300501
300502
300503
300505
300504
300507
300506
300509
300508
300510
300511
300512
300513
300515
300514
300516
300517
300521
300519
300522
300520
300518
300523
300525
300524
300527
300526
300528
300530
300529
300534
300531
300537
300536
300532
300533
300535
300538
300539
300540
300544
300541
300542
300547
300546
300548
300545
300549
300543
300554
300552
300551
300550
300553
300556
300557
300555
300558
300561
300559
300560
300562
300565
300564
300563
300568
300569
300567
300570
300566
300572
300571
300576
300574
300575
300573
300578
300577
300579
300582
300581
300583
300580
300584
300586
300585
300589
300587
300588
300590
300593
300591
300592
300594
300595
300596
300598
300597
300599
300600
300601
300602
300603
300604
300606
300607
300605
300608
300611
300610
300612
300609
300614
300613
300615
300616
300617
300618
300619
300620
300621
300624
300622
300623
300625
300626
300627
300630
300629
300631
300628
300633
300632
300634
300635
300638
300639
300637
300636
300641
300640
300643
300642
300644
300645
300647
300646
300650
300648
300651
300649
300652
300653
300655
300654
300658
300657
300656
300659
300660
300664
300663
300665
300666
300667
300661
300662
300669
300670
300668
300671
300672
300673
300674
300675
300677
300676
300678
300679
300680
300682
300681
300686
300685
300683
300684
300687
300688
300689
300691
300692
300690
300693
300694
300698
300696
300695
300697
300699
300700
300701
300704
300702
300705
300703
300706
300708
300707
300710
300709
300711
300712
300714
300713
300715
300716
300717
300718
300719
300720
300721
300722
300723
300726
300725
300724
300727
300729
300730
300733
300732
300734
300728
300735
300731
300736
300737
300738
300739
300740
300741
300744
300743
300742
300745
300746
300748
300747
300751
300750
300752
300749
300753
300754
300756
300755
300757
300759
300758
300760
300761
300762
300765
300764
300763
300766
300770
300769
300771
300773
300772
300768
300767
300774
300775
300776
300777
300778
300780
300779
300782
300781
300783
300784
300785
300786
300788
300787
300789
300790
300793
300791
300792
300794
300795
300799
300798
300796
300800
300801
300802
300797
300803
300805
300804
300806
300807
300809
300808
300810
300811
300812
300814
300813
300819
300816
300818
300815
300817
300820
300821
300822
300823
300824
300825
300826
300827
300828
300829
300830
300831
300833
300832
300834
300835
300840
300837
300838
300839
300836
300841
300842
300845
300844
300843
300848
300847
300846
300849
300850
300851
300853
300854
300857
300852
300856
300855
300858
300862
300863
300860
300861
300859
300866
300865
300864
300868
300867
300869
300870
300872
300874
300871
300873
300877
300875
300876
300881
300883
300878
300879
300880
300882
300884
300885
300886
300887
300888
300889
300895
300894
300891
300892
300893
300890
300896
300897
300898
300899
300900
300901
300903
300902
300904
300905
300907
300908
300911
300909
300910
300913
300914
300912
300906
300916
300915
300917
300922
300921
300918
300919
300920
300923
300924
300925
300926
300928
300927
300934
300932
300931
300930
300935
300933
300936
300929
300938
300937
300939
300940
300941
300942
300943
300950
300948
300945
300944
300946
300947
300949
300953
300952
300954
300951
300955
300956
300957
300959
300958
300961
300962
300963
300960
300965
300964
300966
300968
300967
300969
300970
300972
300971
300973
300976
300978
300975
300977
300974
300980
300983
300981
300979
300982
300984
300985
300986
300987
300992
300993
300991
300988
300990
300989
300995
300996
301000
300997
300999
300994
300998
301002
301001
301004
301003
301005
301006
301008
301007
301009
301010
301011
301012
301013
301014
301019
301016
301018
301017
301020
301015
301021
301022
301023
301024
301025
301027
301026
301028
301030
301031
301029
301032
301033
301035
301034
301036
301037
301038
301039
301042
301041
301043
301040
301045
301044
301046
301049
301048
301047
301051
301050
301052
301053
301054
301058
301057
301059
301055
301060
301061
301062
301056
301065
301063
301064
301066
301067
301068
301069
301070
301071
301072
301073
301076
301075
301074
301077
301079
301080
301078
301082
301081
301083
301086
301085
301084
301087
301088
301090
301089
301091
301092
301093
301096
301097
301094
301095
301100
301098
301099
301102
301101
301104
301103
301105
301106
301108
301107
301111
301110
301112
301109
301113
301114
301116
301117
301115
301119
301118
301120
301121
301122
301123
301124
301125
301126
301127
301128
301131
301130
301132
301129
301134
301133
301136
301135
301137
301138
301142
301140
301139
301141
301143
301144
301146
301145
301147
301151
301150
301149
301148
301153
301154
301152
301155
301156
301160
301159
301158
301157
301163
301161
301162
301164
301165
301166
301167
301168
301170
301169
301171
301172
301174
301175
301173
301176
301179
301180
301184
301182
301181
301185
301177
301183
301187
301178
301186
301188
301190
301189
301192
301194
301193
301195
301196
301191
301199
301197
301198
301200
301201
301202
301203
301204
301206
301205
301210
301208
301212
301209
301211
301207
301213
301214
301217
301216
301215
301218
301221
301219
301220
301222
301224
301223
301225
301227
301226
301228
301229
301231
301230
301234
301232
301235
301233
301236
301237
301239
301238
301240
301241
301244
301242
301246
301243
301245
301247
301248
301250
301249
301251
301252
301253
301254
301255
301256
301257
301260
301259
301258
301263
301262
301261
301264
301266
301268
301265
301267
301269
301271
301270
301275
301272
301273
301274
301278
301277
301276
301279
301282
301280
301283
301281
301285
301284
301286
301288
301289
301290
301287
301291
301292
301295
301294
301293
301297
301296
301299
301298
301302
301301
301304
301303
301300
301305
301306
301307
301310
301309
301308
301311
301312
301313
301314
301316
301315
301317
301318
301319
301322
301320
301326
301325
301321
301324
301328
301329
301327
301330
301323
301331
301335
301334
301332
301333
301336
301339
301338
301337
301340
301341
301342
301343
301346
301344
301345
301347
301349
301350
301348
301352
301353
301351
301355
301354
301356
301359
301357
301358
301360
301364
301362
301363
301361
301366
301367
301365
301368
301369
301370
301372
301373
301374
301375
301371
301376
301377
301379
301378
301381
301382
301380
301385
301386
301384
301383
301387
301389
301388
301390
301391
301392
301394
301396
301395
301393
301399
301398
301397
301404
301400
301402
301401
301403
301405
301406
301407
301408
301410
301411
301409
301413
301412
301414
301415
301416
301417
301420
301421
301418
301424
301425
301419
301422
301423
301426
301429
301427
301428
301431
301432
301430
301433
301434
301435
301436
301438
301439
301437
301440
301441
301443
301442
301444
301446
301445
301448
301447
301449
301452
301451
301453
301455
301454
301450
301457
301456
301458
301459
301460
301461
301464
301462
301463
301465
301467
301468
301466
301469
301470
301473
301472
301471
301474
301476
301475
301477
301478
301480
301479
301483
301481
301482
301484
301485
301486
301490
301487
301488
301489
301491
301494
301492
301493
301496
301499
301500
301495
301498
301502
301497
301501
301503
301504
301505
301506
301508
301510
301507
301509
301511
301514
301515
301517
301513
301512
301518
301516
301519
301520
301521
301523
301524
301522
301525
301526
