1.321 0
2.322 0
3.322 1010
4.322 561
5.323 0
6.323 740
7.324 875
8.324 85
9.324 614
10.325 1107
11.326 83
12.326 543
13.326 135
14.327 0
15.327 89
16.328 179
17.328 4
18.329 176
19.329 0
20.330 145
21.330 43
22.330 783
23.331 233
24.331 118
25.331 40
26.332 2
27.332 12
28.333 136
29.333 142
30.333 0
31.334 52
32.334 0
33.335 136
34.335 3
35.335 0
36.336 0
37.336 2
38.337 0
39.337 0
40.337 0
41.338 164
42.338 59
43.339 128
44.339 222
45.339 27
46.339 220
47.340 76
48.340 97
49.341 58
50.341 90
51.341 83
52.342 0
53.342 0
54.343 0
55.343 203
56.343 0
57.344 43
58.344 120
59.344 5
60.345 16
61.345 0
62.346 82
63.346 14
64.346 12
65.347 27
66.347 86
67.348 2
68.348 0
69.348 10
70.349 0
71.349 0
72.349 20
73.350 54
74.350 18
75.351 133
76.351 36
77.351 25
78.352 59
79.352 0
80.353 0
81.353 0
82.354 34
83.354 47
84.354 9
85.355 0
86.355 0
87.355 0
88.356 0
89.356 84
90.357 57
91.357 0
92.357 29
93.358 105
94.358 0
95.359 104
96.359 45
97.360 1
98.360 0
99.360 0
100.361 59
101.361 43
102.362 0
103.362 0
104.362 68
105.363 21
106.363 4
107.364 0
108.365 116
109.365 60
110.366 50
111.366 72
112.366 23
113.367 107
114.367 97
115.368 71
116.368 61
117.368 45
118.369 18
119.369 22
120.369 18
121.370 46
122.370 14
123.370 0
124.371 31
125.371 290
126.372 50
127.372 36
128.373 43
129.373 71
130.374 0
131.374 0
132.374 110
133.375 110
134.375 0
135.376 103
136.376 67
137.377 25
138.377 50
139.377 151
140.378 161
141.378 0
142.379 246
143.379 204
144.379 120
145.380 0
146.380 0
147.381 0
148.382 81
149.382 329
150.383 49
151.383 0
152.383 0
153.384 0
154.384 12
155.385 192
156.385 37
157.385 30
158.386 111
159.386 0
160.386 14
161.387 137
162.387 44
163.387 12
164.388 17
165.389 49
166.389 4
167.389 1
168.390 40
169.390 85
170.391 70
171.391 0
172.392 102
173.392 30
174.393 119
175.393 19
176.394 17
177.394 103
178.394 36
179.395 0
180.395 0
181.396 103
182.396 129
183.397 5
184.397 64
185.398 44
186.398 30
187.398 0
188.399 150
189.399 37
190.400 59
191.401 69
192.401 5
193.402 93
194.402 63
195.403 17
196.403 0
197.404 223
198.404 8
199.404 15
200.405 10
201.405 58
202.406 61
203.406 0
204.407 89
205.407 28
206.408 7
207.408 51
208.408 34
209.409 0
210.409 69
211.410 0
212.410 3
213.410 0
214.411 87
215.411 39
216.411 3
217.412 16
218.412 15
219.413 26
220.413 13
221.414 11
222.414 72
223.414 57
224.415 6
225.415 15
226.416 43
227.416 32
228.417 12
229.417 0
230.417 31
231.418 146
232.418 2
233.419 105
234.419 92
235.420 63
236.420 86
237.421 7
238.421 52
239.421 26
240.422 48
241.422 83
242.423 105
243.423 68
244.423 15
245.424 55
246.424 0
247.425 86
248.425 43
249.426 6
250.426 11
251.427 78
252.427 0
253.427 51
254.427 156
255.428 165
256.428 92
257.428 0
258.429 0
259.429 32
260.430 0
261.430 12
262.430 26
263.431 12
264.431 61
265.432 67
266.432 120
267.432 0
268.433 75
269.433 64
270.434 31
271.434 128
272.434 41
273.435 38
274.435 68
275.435 230
276.436 118
277.436 84
278.437 245
279.437 0
280.437 179
281.438 98
282.438 231
283.438 0
284.439 62
285.439 179
286.439 19
287.440 109
288.440 43
289.440 101
290.441 74
291.442 28
292.442 46
293.642 66
294.643 46
295.643 27
296.643 34
297.644 10
298.644 48
299.645 58
300.645 23
301.645 31
302.646 94
303.646 59
304.647 0
305.647 0
306.648 28
307.648 77
308.648 42
309.649 44
310.649 33
311.650 43
312.650 16
313.651 99
314.651 65
315.651 29
316.652 41
317.652 0
318.652 2
319.653 16
320.653 84
321.653 70
322.654 63
323.654 0
324.654 64
325.655 0
326.655 42
327.656 16
328.656 25
329.656 0
330.657 0
331.657 19
332.658 96
333.658 21
334.659 15
335.659 56
336.659 25
337.660 52
338.660 0
339.661 3
340.661 23
341.661 54
342.662 6
343.662 55
344.663 41
345.663 100
346.664 105
347.664 98
348.664 9
349.665 43
350.665 0
351.665 0
352.666 0
353.666 27
354.667 59
355.667 0
356.667 0
357.668 24
358.668 25
359.668 2
360.669 0
361.669 58
362.669 29
363.670 27
364.670 75
365.671 29
366.671 16
367.672 0
368.672 0
369.672 89
370.673 55
371.673 53
372.673 18
373.674 32
374.674 23
375.675 14
376.675 22
377.675 57
378.676 30
379.676 0
380.676 76
381.677 31
382.677 21
383.677 93
384.678 65
385.678 13
386.678 20
387.679 35
388.679 0
389.680 72
390.680 67
391.681 26
392.681 35
393.682 45
394.682 42
395.682 8
396.683 164
397.683 27
398.683 39
399.684 0
400.684 10
401.684 0
402.685 0
403.685 33
404.686 52
405.686 49
406.686 43
407.687 43
408.687 48
409.688 40
410.688 38
411.689 44
412.689 1
413.689 68
414.690 14
415.690 32
416.690 44
417.691 59
418.691 9
419.692 50
420.692 0
421.692 48
422.693 0
423.693 42
424.693 0
425.694 5
426.694 104
427.694 0
428.695 47
429.695 100
430.695 56
431.696 59
432.696 0
433.696 61
434.697 70
435.697 0
436.698 0
437.698 0
438.698 28
439.699 55
440.699 59
441.700 25
442.700 43
443.700 16
444.701 60
445.701 34
446.702 50
447.702 27
448.703 55
449.703 39
450.704 123
451.704 0
452.705 17
453.705 0
454.705 52
455.706 12
456.706 104
457.707 60
458.707 0
459.708 34
460.708 82
461.708 313
462.709 33
463.709 39
464.709 4
465.710 52
466.710 40
467.711 85
468.711 49
469.711 0
470.711 21
471.712 34
472.712 46
473.712 118
474.713 66
475.713 42
476.713 0
477.714 17
478.714 41
479.715 15
480.715 20
481.715 0
482.716 0
483.716 1
484.716 0
485.717 5
486.717 49
487.718 109
488.718 224
489.719 0
490.719 46
491.720 24
492.720 20
493.720 22
494.721 29
495.721 5
496.721 72
497.722 24
498.722 48
499.723 41
500.723 16
501.724 22
502.724 62
503.724 0
504.725 37
505.725 0
506.726 164
507.726 52
508.726 50
509.726 2
510.726 5
511.727 52
512.727 149
513.728 3
514.728 0
515.728 30
516.729 4
517.729 7
518.729 4
519.730 92
520.730 38
521.730 59
522.730 31
523.730 17
524.731 34
525.731 74
526.731 4
527.731 67
528.732 74
529.732 7
530.732 80
531.732 34
532.733 12
533.733 75
534.733 16
535.734 111
536.734 125
537.734 20
538.734 52
539.735 11
540.735 38
541.736 13
542.736 0
543.737 5
544.737 49
545.737 1
546.737 12
547.738 0
548.738 57
549.739 65
550.739 72
551.739 3
552.739 0
553.740 41
554.740 0
555.740 0
556.741 32
557.741 19
558.741 12
559.741 52
560.742 131
561.742 99
562.742 0
563.742 50
564.743 20
565.743 68
566.743 112
567.744 61
568.744 54
569.744 159
570.745 2
571.745 40
572.745 0
573.746 14
574.746 57
575.746 22
576.746 12
577.747 0
578.747 31
579.747 37
580.747 87
581.748 10
582.748 18
583.748 63
584.749 26
585.749 31
586.749 0
587.749 75
588.750 1
589.750 69
590.750 20
591.750 90
592.751 40
593.751 46
594.751 0
595.752 12
596.752 8
597.752 27
598.753 0
599.753 30
600.753 83
601.754 0
602.754 15
603.754 16
604.755 0
605.755 0
606.755 7
607.755 16
608.755 0
609.756 12
610.756 15
611.756 3
612.757 0
613.757 8
614.757 67
615.758 0
616.758 27
617.759 62
618.759 79
619.759 6
620.759 28
621.760 15
622.760 197
623.761 0
624.761 41
625.761 73
626.762 31
627.762 3
628.762 28
629.762 50
630.763 23
631.763 56
632.763 51
633.763 62
634.764 56
635.764 51
636.764 125
637.765 74
638.765 0
639.765 0
640.766 28
641.766 7
642.766 4
643.766 53
644.766 22
645.766 72
646.767 22
647.767 15
648.767 12
649.768 0
650.768 48
651.768 37
652.769 36
653.769 20
654.769 35
655.770 111
656.770 51
657.770 6
658.770 23
659.771 16
660.771 43
661.771 4
662.772 72
663.772 4
664.772 56
665.773 62
666.773 85
667.773 60
668.773 67
669.774 0
670.774 160
671.775 32
672.775 45
673.775 0
674.775 0
675.776 0
676.776 6
677.776 57
678.776 11
679.777 58
680.777 49
681.777 122
682.778 117
683.778 55
684.778 8
685.779 49
686.779 3
687.780 53
688.780 112
689.780 23
690.780 10
691.781 9
692.781 73
693.781 0
694.782 0
695.782 7
696.782 8
697.783 172
698.783 31
699.783 73
700.783 0
701.784 32
702.784 35
703.785 5
704.785 63
705.785 0
706.786 0
707.786 105
708.786 76
709.786 25
710.787 1
711.787 47
712.787 119
713.787 156
714.787 14
715.788 74
716.788 5
717.788 0
718.789 174
719.789 0
720.790 51
721.790 0
722.790 65
723.791 64
724.791 50
725.792 0
726.792 0
727.792 87
728.793 20
729.793 0
730.793 39
731.794 0
732.794 0
733.794 8
734.795 49
735.795 104
736.795 0
737.795 70
738.795 29
739.796 129
740.796 28
741.796 37
742.797 0
743.797 47
744.797 0
745.798 52
746.798 0
747.798 40
748.799 79
749.799 76
750.799 107
751.799 96
752.799 121
753.800 112
754.800 82
755.800 0
756.800 49
757.801 130
758.801 48
759.801 53
760.802 66
761.802 0
762.802 2
763.802 30
764.803 26
765.803 26
766.803 15
767.804 10
768.804 60
769.804 105
770.805 13
771.805 52
772.805 30
773.805 56
774.806 7
775.806 9
776.806 27
777.807 31
778.807 0
779.807 44
780.807 0
781.808 109
782.808 17
783.809 37
784.809 0
785.809 0
786.809 106
787.810 0
788.810 14
789.810 29
790.811 59
791.811 29
792.812 10
793.812 3
794.812 106
795.812 81
796.813 11
797.813 24
798.813 37
799.814 9
800.814 0
801.814 27
802.815 0
803.815 24
804.815 17
805.816 20
806.816 0
807.816 42
808.817 49
809.817 17
810.817 24
811.817 33
812.818 31
813.818 3
814.818 0
815.819 26
816.819 47
817.820 12
818.820 42
819.820 80
820.821 15
821.821 0
822.821 42
823.822 20
824.822 101
825.822 32
826.822 165
827.823 59
828.823 0
829.823 38
830.824 0
831.824 0
832.824 50
833.825 12
834.825 96
835.825 123
836.825 52
837.826 62
838.826 14
839.826 0
840.827 0
841.827 89
842.827 62
843.828 21
844.828 113
845.828 114
846.828 6
847.828 0
848.829 30
849.829 0
850.830 99
851.830 0
852.830 59
853.831 104
854.831 53
855.831 37
856.831 16
857.832 78
858.832 71
859.833 111
860.833 52
861.833 90
862.833 15
863.834 204
864.834 23
865.835 0
866.835 0
867.835 4
868.835 33
869.836 23
870.836 0
871.836 15
872.836 15
873.837 73
874.837 9
875.837 36
876.838 0
877.838 0
878.838 18
879.839 34
881.039 10
882.039 46
883.040 5
884.040 13
885.040 10
886.040 14
887.041 0
888.041 0
889.041 42
890.042 32
891.042 6
892.043 4
893.043 4
894.043 0
895.044 26
896.044 9
897.044 0
898.044 5
899.045 15
900.045 10
901.046 0
902.046 0
903.046 12
904.047 58
905.047 43
906.047 12
907.047 0
908.048 5
909.048 0
910.049 5
911.049 20
912.049 64
913.050 2
914.050 0
915.050 15
916.051 74
917.051 43
918.051 20
919.051 12
920.052 6
921.052 51
922.053 0
923.053 15
924.053 13
925.054 77
926.054 36
927.054 0
928.055 11
929.055 26
930.055 29
931.055 0
932.056 35
933.056 12
934.057 13
935.057 31
936.057 0
937.057 0
938.058 107
939.058 30
940.058 107
941.059 2
942.059 10
943.059 20
944.060 27
945.060 75
946.060 13
947.061 0
948.061 0
949.061 8
950.062 12
951.062 64
952.062 92
953.063 14
954.063 0
955.063 13
956.063 52
957.063 12
958.064 5
959.064 0
960.064 29
961.065 63
962.065 17
963.065 52
964.066 0
965.066 0
966.066 41
967.067 8
968.067 0
969.067 0
970.067 9
971.068 0
972.068 34
973.068 0
974.069 28
975.069 65
976.069 0
977.070 47
978.070 15
979.070 3
980.071 23
981.071 26
982.071 46
983.072 33
984.072 0
985.072 12
986.073 12
987.073 41
988.073 16
989.074 36
990.074 23
991.074 22
992.075 72
993.075 95
994.075 12
995.076 7
996.076 0
997.076 18
998.077 0
999.077 0
1000.077 26
1001.078 28
1002.078 37
1003.079 20
1004.079 2
1005.079 5
1006.079 10
1007.080 21
1008.080 15
1009.081 31
1010.081 15
1011.081 0
1012.082 68
1013.082 0
1014.082 6
1015.082 0
1016.083 34
1017.083 32
1018.083 0
1019.083 0
1020.084 27
1021.084 0
1022.084 52
1023.085 85
1024.085 53
1025.086 46
1026.086 5
1027.086 38
1028.087 47
1029.087 27
1030.088 0
1031.089 6
1032.089 36
1033.090 12
1034.090 40
1035.091 0
1036.091 0
1037.092 48
1038.092 43
1039.093 34
1040.093 12
1041.094 0
1042.094 10
1043.095 0
1044.095 24
1045.095 7
1046.096 21
1047.096 9
1048.097 0
1049.097 37
1050.097 0
1051.098 25
1052.098 0
1053.099 39
1054.099 0
1055.100 0
1056.101 0
1057.101 2
1058.102 5
1059.102 0
1060.103 8
1061.103 49
1062.104 22
1063.104 41
1064.105 5
1065.105 44
1066.106 0
1067.106 31
1068.107 99
1069.108 42
1070.108 18
1071.108 11
1072.109 4
1073.109 39
1074.110 0
1075.110 6
1076.111 8
1077.111 0
1078.112 5
1079.112 54
1080.113 0
1081.113 32
1082.114 21
1083.114 84
1084.115 0
1085.115 96
1086.116 28
1087.116 16
1088.117 80
1089.117 75
1090.117 51
1091.118 0
1092.119 14
1093.119 13
1094.120 0
1095.120 29
1096.120 12
1097.121 0
1098.122 0
1099.123 15
1100.124 22
1101.124 0
1102.124 40
1103.125 37
1104.125 11
1105.126 6
1106.127 16
1107.127 61
1108.127 34
1109.128 0
1110.128 40
1111.129 12
1112.129 26
1113.130 51
1114.130 0
1115.131 1
1116.131 5
1117.132 12
1118.132 0
1119.133 60
1120.133 0
1121.133 0
1122.134 40
1123.135 0
1124.135 0
1125.135 0
1126.136 10
1127.136 50
1128.137 14
1129.137 64
1130.138 3
1131.138 14
1132.139 5
1133.139 50
1134.140 24
1135.140 0
1136.141 0
1137.141 10
1138.142 15
1139.142 0
1140.143 27
1141.143 6
1142.144 31
1143.144 32
1144.145 32
1145.145 0
1146.146 5
1147.146 51
1148.147 0
1149.147 0
1150.148 17
1151.148 0
1152.149 43
1153.149 0
1154.150 5
1155.150 93
1156.151 0
1157.151 25
1158.151 4
1159.152 3
1160.152 18
1161.153 67
1162.153 0
1163.154 0
1164.154 5
1165.155 41
1166.155 38
1167.156 0
1168.156 3
1169.157 12
1170.157 4
1171.158 0
1172.158 64
1173.159 28
1174.159 0
1175.160 13
1176.160 48
1177.161 41
1178.161 0
1179.162 0
1180.162 5
1181.163 100
1182.163 58
1183.164 15
1184.164 25
1185.164 0
1186.165 0
1187.165 8
1188.166 57
1189.166 87
1190.167 46
1191.167 0
1192.168 46
1193.168 62
1194.169 0
1195.169 19
1196.179 0
1197.179 7
1198.180 34
1199.180 21
1200.181 0
1201.181 0
1202.182 0
1203.182 0
1204.182 59
1205.183 77
1206.183 50
1207.184 123
1208.184 42
1209.185 0
1210.185 35
1211.186 20
1212.386 52
1213.387 18
1214.387 60
1215.388 92
1216.388 5
1217.389 12
1218.389 0
1219.389 0
1220.390 0
1221.390 0
1222.391 29
1223.391 55
1224.392 12
1225.392 54
1226.393 0
1227.393 45
1228.394 28
1229.394 0
1230.395 36
1231.395 0
1232.396 0
1233.396 56
1234.397 0
1235.397 6
1236.397 12
1237.398 29
1238.398 0
1239.399 0
1240.399 25
1241.400 0
1242.400 2
1243.400 0
1244.401 0
1245.401 33
1246.402 0
1247.402 0
1248.403 60
1249.403 0
1250.404 15
1251.404 0
1252.405 0
1253.405 0
1254.406 19
1255.406 29
1256.407 55
1257.407 0
1258.408 54
1259.408 5
1260.409 9
1261.409 0
1262.410 0
1263.410 0
1264.411 4
1265.411 0
1266.411 42
1267.412 0
1268.413 15
1269.413 0
1270.413 29
1271.414 56
1272.414 0
1273.415 6
1274.415 35
1275.416 25
1276.416 24
1277.417 30
1278.417 0
1279.417 25
1280.418 5
1281.419 22
1282.419 15
1283.419 0
1284.420 0
1285.420 30
1286.421 0
1287.421 0
1288.422 5
1289.422 2
1290.423 12
1291.423 5
1292.423 0
1293.424 0
1294.424 6
1295.425 49
1296.425 36
1297.426 112
1298.426 15
1299.426 0
1300.427 0
1301.427 8
1302.428 0
1303.428 19
1304.429 20
1305.429 14
1306.430 43
1307.430 88
1308.431 31
1309.432 71
1310.432 24
1311.433 0
1312.433 8
1313.433 51
1314.434 0
1315.434 0
1316.435 5
1317.435 18
1318.436 23
1319.437 3
1320.437 42
1321.438 5
1322.438 2
1323.439 0
1324.439 0
1325.440 18
1326.440 0
1327.441 15
1328.441 24
1329.442 0
1330.442 2
1331.443 14
1332.443 32
1333.444 0
1334.444 18
1335.444 17
1336.445 0
1337.445 0
1338.446 0
1339.446 20
1340.447 10
1341.447 0
1342.448 0
1343.448 7
1344.449 3
1345.449 13
1346.450 0
1347.450 0
1348.451 28
1349.451 0
1350.451 0
1351.452 8
1352.453 36
1353.453 10
1354.454 0
1355.454 0
1356.455 1
1357.455 11
1358.456 35
1359.456 18
1360.457 0
1361.457 0
1362.457 1
1363.458 9
1364.458 15
1365.459 0
1366.459 0
1367.460 0
1368.460 32
1369.461 0
1370.461 10
1371.462 0
1372.463 22
1373.463 25
1374.464 70
1375.464 25
1376.464 0
1377.465 0
1378.465 0
1379.466 0
1380.466 60
1381.466 11
1382.467 0
1383.468 0
1384.468 21
1385.469 5
1386.469 0
1387.469 43
1388.470 0
1389.470 8
1390.471 19
1391.471 1
1392.472 9
1393.472 0
1394.473 28
1395.473 10
1396.474 0
1397.475 0
1398.475 0
1399.476 0
1400.476 8
1401.476 0
1402.477 0
1403.477 0
1404.478 5
1405.478 0
1406.479 0
1407.479 11
1408.680 0
1409.680 3
1410.680 5
1411.684 0
1412.685 0
1413.686 0
1414.686 0
1415.687 9
1416.687 28
1417.688 22
1418.688 15
1419.688 12
1420.689 0
1421.690 52
1422.690 3
1423.691 27
1424.691 0
1425.691 0
1426.692 0
1427.692 0
1428.693 4
1429.693 50
1430.694 7
1431.694 32
1432.695 5
1433.695 0
1434.695 8
1435.696 0
1436.696 10
1437.697 0
1438.698 0
1439.698 33
1440.698 74
1441.699 0
1442.700 0
1443.701 2
1444.701 13
1445.702 0
1446.702 0
1447.703 26
1448.703 0
1449.704 35
1450.705 0
1451.705 27
1452.706 0
1453.706 19
1454.707 0
1455.707 7
1456.708 5
1457.708 0
1458.709 6
1459.709 56
1460.709 0
1461.710 0
1462.710 22
1463.711 0
1464.711 0
1465.712 0
1466.712 45
1467.713 24
1468.713 0
1469.713 0
1470.714 0
1471.714 0
1472.715 0
1473.715 0
1474.716 0
1475.716 6
1476.717 0
1477.717 0
1478.718 26
1479.718 7
1480.719 11
1481.719 23
1482.720 26
1483.721 19
1484.721 16
1485.722 13
1486.722 0
1487.723 17
1488.725 0
1489.725 0
1490.726 16
1491.726 80
1492.727 0
1493.727 0
1494.728 0
1495.729 1
1496.729 35
1497.729 19
1498.730 73
1499.731 19
1500.731 22
1501.732 4
1502.732 0
1503.732 1
1504.733 37
1505.734 18
1506.734 0
1507.735 0
1508.735 50
1509.736 2
1510.736 0
1511.737 0
1512.737 3
1513.737 0
1514.738 0
1515.738 5
1516.739 0
1517.739 0
1518.740 9
1519.740 0
1520.741 0
1521.741 12
1522.742 58
1523.742 0
1524.743 0
1525.743 72
1526.743 0
1527.744 5
1528.744 0
1529.745 28
1530.745 5
1531.746 10
1532.746 0
1533.747 4
1534.748 112
1535.748 0
1536.748 0
1537.749 8
1538.749 62
1539.750 39
1540.751 21
1541.751 6
1542.751 0
1543.752 0
1544.752 0
1545.753 0
1546.754 8
1547.754 1
1548.755 0
1549.755 11
1550.755 54
1551.756 4
1552.756 10
1553.757 19
1554.757 33
1555.758 53
1556.758 0
1557.759 0
1558.759 33
1559.760 5
1560.760 18
1561.762 11
1562.762 71
1563.763 0
1564.764 0
1565.768 26
1566.768 0
1567.769 0
1568.769 6
1569.770 31
1570.770 0
1571.771 0
1572.771 0
1573.773 0
1574.774 0
1575.774 0
1576.775 58
1577.775 0
1578.776 11
1579.776 9
1580.777 27
1581.777 15
1582.778 28
1583.778 54
1584.779 8
1585.780 20
1586.780 0
1587.781 0
1588.781 0
1589.782 0
1590.782 143
1591.783 0
1592.783 0
1593.784 0
1594.785 0
1595.785 52
1596.785 0
1597.786 0
1598.786 5
1599.787 0
1600.787 0
1601.788 5
1602.788 34
1603.789 31
1604.789 0
1605.790 0
1606.790 0
1607.790 0
1608.791 0
1609.792 0
1610.792 0
1611.793 0
1612.794 16
1613.794 0
1614.795 0
1615.795 0
1616.796 0
1617.796 0
1618.797 0
1619.797 0
1620.798 4
1621.798 1
1622.799 0
1623.799 0
1624.800 49
1625.800 0
1626.800 2
1627.801 72
1628.801 0
1629.802 5
1630.802 23
1631.803 0
1632.803 12
1633.804 2
1634.804 0
1635.805 0
1636.805 45
1637.806 44
1638.806 4
1639.807 4
1640.807 3
1641.808 31
1642.808 0
1643.809 0
1644.809 0
1645.810 0
1646.810 33
1647.811 0
1648.811 0
1649.812 56
1650.812 6
1651.813 0
1652.813 76
1653.813 0
1654.814 0
1655.814 0
1656.815 0
1657.815 0
1658.816 45
1659.816 0
1660.816 76
1661.817 26
1662.817 0
1663.818 0
1664.818 69
1665.819 5
1666.819 0
1667.820 31
1668.820 46
1669.821 66
1670.821 9
1671.822 16
1672.822 26
1673.823 5
1674.823 0
1675.824 0
1676.824 0
1677.825 0
1678.825 0
1679.825 0
1680.826 16
1681.826 38
1682.827 0
1683.827 72
1684.828 26
1685.828 0
1686.829 0
1687.829 51
1688.829 10
1689.830 7
1690.830 0
1691.831 0
1692.831 1
1693.832 0
1694.832 0
1695.833 0
1696.833 0
1697.834 28
1698.835 0
1699.835 0
1700.836 0
1701.836 15
1702.837 1
1703.838 4
1704.838 25
1705.838 45
1706.839 0
1707.839 2
1708.840 0
1709.840 0
1710.841 0
1711.841 36
1712.842 4
1713.842 4
1714.842 7
1715.843 122
1716.843 0
1717.844 0
1718.844 120
1719.845 5
1720.845 0
1721.845 62
1722.846 0
1723.846 48
1724.847 33
1725.847 78
1726.848 52
1727.848 9
1728.849 83
1729.849 21
1730.849 15
1731.850 145
1732.850 0
1733.851 0
1734.851 0
1735.852 0
1736.852 0
1737.852 22
1738.853 0
1739.853 0
1740.854 23
1741.854 41
1742.855 0
1743.855 2
1744.856 46
1745.856 0
1746.857 0
1747.857 14
1748.858 15
1749.858 47
1750.859 15
1751.859 30
1752.860 19
1753.860 56
1754.861 0
1755.861 0
1756.862 0
1757.862 0
1758.863 0
1759.863 0
1760.864 0
1761.864 0
1762.865 25
1763.865 8
1764.865 21
1765.866 11
1766.867 6
1767.867 5
1768.868 33
1769.868 2
1770.869 8
1771.869 0
1772.870 0
1773.870 0
1774.870 24
1775.871 0
1776.871 0
1777.872 3
1778.872 0
1779.873 0
1780.873 0
1781.874 28
1782.874 0
1783.875 16
1784.875 4
1785.876 0
1786.876 25
1787.877 0
1788.877 6
1789.878 0
1790.878 71
1791.879 27
1792.879 0
1793.880 42
1794.880 11
1795.881 34
1796.881 0
1797.882 12
1798.882 56
1799.883 0
1800.883 0
1801.883 0
1802.884 0
1803.884 55
1804.885 32
1805.885 30
1806.886 0
1807.886 5
1808.886 5
1809.887 0
1810.887 0
1811.888 28
1812.888 13
1813.889 0
1814.889 1
1815.890 51
1816.890 6
1817.890 4
1818.891 0
1819.891 0
1820.891 1
1821.892 0
1822.892 8
1823.893 32
1824.893 63
1825.894 11
1826.894 40
1827.895 6
1828.895 0
1829.896 0
1830.896 15
1831.897 0
1832.897 0
1833.897 0
1834.898 0
1835.899 5
1836.899 0
1837.900 0
1838.901 9
1839.901 15
1840.901 0
1841.902 0
1842.902 0
1843.903 41
1844.903 20
1845.904 49
1846.904 1
1847.904 25
1848.905 75
1849.906 2
1850.906 0
1851.907 0
1852.907 0
1853.908 37
1854.908 63
1855.909 0
1856.909 3
1857.909 21
1858.910 0
1859.910 7
1860.911 29
1861.911 13
1862.912 5
1863.913 0
1864.913 0
1865.914 5
1866.914 3
1867.915 64
1868.915 0
1869.916 0
1870.916 18
1871.916 14
1872.917 0
1873.918 5
1874.918 4
1875.919 0
1876.919 0
1877.920 0
1878.920 7
1879.921 0
1880.921 1
1881.922 0
1882.922 0
1883.923 0
1884.923 0
1885.924 0
1886.924 0
1887.924 0
1888.925 0
1889.925 3
1890.926 0
1891.926 0
1892.927 35
1893.927 8
1894.928 0
1895.928 3
1896.929 0
1897.929 0
1898.930 55
1899.930 0
1900.930 0
1901.931 5
1902.931 14
1903.932 0
1904.932 0
1905.933 54
1906.933 27
1907.933 30
1908.934 40
1909.934 5
1910.935 23
1911.935 0
1912.936 15
1913.936 14
1914.937 33
1915.937 10
1916.938 5
1917.938 16
1918.939 0
1919.940 10
1920.940 12
1921.941 0
1922.941 0
1923.942 0
1924.942 0
1925.943 7
1926.943 41
1927.944 0
1928.944 0
1929.945 22
1930.945 0
1931.946 0
1932.946 44
1933.946 5
1934.947 5
1935.948 117
1936.948 33
1937.948 5
1938.949 5
1939.949 2
1940.950 5
1941.951 0
1942.951 43
1943.952 16
1944.952 16
1945.953 0
1946.953 5
1947.954 8
1948.954 6
1949.955 0
1950.955 104
1951.956 0
1952.956 4
1953.957 0
1954.957 19
1955.958 0
1956.958 27
1957.958 0
1958.959 0
1959.959 0
1960.960 0
1961.961 29
1962.961 0
1963.962 40
1964.963 2
1965.963 5
1966.964 2
1967.964 36
1968.965 0
1969.965 0
1970.966 21
1971.967 13
1972.967 0
1973.968 0
1974.968 0
1975.969 27
1976.969 0
1977.969 0
1978.970 10
1979.970 0
1980.971 0
1981.972 1
1982.972 0
1983.972 0
1984.973 0
1985.973 0
1986.974 0
1987.974 0
1988.975 0
1989.975 0
1990.976 0
1991.976 0
1992.977 60
1993.977 54
1994.978 16
1995.978 4
1996.979 0
1997.979 47
1998.980 39
1999.980 14
2000.981 0
2001.981 10
2002.982 25
2003.982 30
2004.983 0
2005.984 0
2006.984 0
2007.985 49
2008.985 1
2009.986 77
2010.986 49
2011.987 0
2012.987 0
2013.988 0
2014.988 47
2015.988 0
2016.989 43
2017.989 35
2018.990 0
2019.990 15
2020.991 47
2021.991 0
2022.991 5
2023.992 25
2024.992 3
2025.993 21
2026.993 0
2027.994 0
2028.994 3
2029.995 0
2030.995 0
2031.995 0
2032.996 1
2033.996 34
2034.997 52
2035.997 9
2036.998 47
2037.998 34
2038.999 5
2039.999 5
2041.000 0
2042.000 8
2043.001 45
2044.001 0
2045.002 5
2046.002 10
2047.003 0
2048.003 41
2049.004 0
2050.005 0
2051.006 9
2052.007 0
2053.008 0
2054.009 0
2055.010 0
2056.011 104
2057.012 53
2058.013 9
2059.014 30
2060.015 53
2061.016 0
2062.017 0
2063.018 17
2064.019 5
2065.020 2
2066.021 18
2067.022 32
2068.023 10
2069.024 61
2070.025 0
2071.026 38
2072.027 38
2073.028 18
2074.029 4
2075.030 0
2076.031 5
2077.031 2
2078.032 62
2079.033 4
2080.034 0
2081.035 2
2082.036 53
2083.037 0
2084.038 5
2085.039 0
2086.040 0
2087.041 0
2088.042 17
2089.043 15
2090.044 16
2091.045 36
2092.046 6
2093.047 0
2094.048 0
2095.049 0
2096.050 23
2097.051 20
2098.052 2
2099.053 48
2100.054 67
2101.055 47
2102.056 12
2103.057 0
2104.058 10
2105.059 5
2106.060 0
2107.061 39
2108.062 0
2109.063 12
2110.064 21
2111.065 0
2112.066 12
2113.067 0
2114.068 11
2115.069 0
2116.070 69
2117.071 6
2118.072 21
2119.073 20
2120.074 4
2121.075 0
2122.076 0
2123.077 2
2124.078 11
2125.079 0
2126.080 0
2127.081 2
2128.082 32
2129.083 0
2130.083 2
2131.084 18
2132.085 0
2133.086 33
2134.087 11
2135.088 0
2136.089 2
2137.090 30
2138.091 4
2139.092 18
2140.093 8
2141.094 5
2142.095 0
2143.096 0
2144.097 23
2145.098 10
2146.099 17
2147.100 90
2148.101 18
2149.102 35
2150.103 5
2151.104 0
2152.105 0
2153.106 0
2154.107 49
2155.108 55
2156.109 40
2157.110 4
2158.111 42
2159.112 15
2160.113 12
2161.114 7
2162.115 16
2163.116 0
2164.117 6
2165.118 35
2166.119 31
2167.120 0
2168.121 17
2169.122 19
2170.123 35
2171.124 0
2172.125 27
2173.125 35
2174.126 43
2175.127 32
2176.128 30
2177.129 0
2178.130 52
2179.131 55
2180.132 0
2181.133 21
2182.134 0
2183.135 51
2184.336 6
2185.137 10
2186.138 12
2187.139 0
2188.140 5
2189.141 0
2190.142 13
2191.143 0
2192.144 4
2193.145 0
2194.146 48
2195.147 6
2196.148 0
2197.149 0
2198.150 0
2199.151 0
2200.152 0
2201.153 1
2202.154 0
2203.155 8
2204.156 0
2205.357 57
2206.358 46
2207.359 0
2208.360 16
2209.361 7
2210.362 0
2211.363 5
2212.364 0
2213.365 4
2214.366 0
2215.367 21
2216.368 41
2217.369 0
2218.370 34
2219.371 0
2220.372 0
2221.373 5
2222.374 0
2223.375 0
2224.375 18
2225.376 53
2226.377 0
2227.378 0
2228.379 0
2229.380 0
2230.381 21
2231.382 0
2232.383 5
2233.384 7
2234.385 17
2235.386 33
2236.387 16
2237.388 21
2238.389 0
2239.390 7
2240.391 24
2241.392 0
2242.393 0
2243.394 0
2244.395 0
2245.396 0
2246.397 115
2247.398 97
2248.399 0
2249.400 0
2250.401 0
2251.402 0
2252.403 0
2253.404 6
2254.405 19
2255.406 34
2256.407 16
2257.408 0
2258.409 0
2259.410 99
2260.411 12
2261.412 19
2262.413 25
2263.414 0
2264.415 40
2265.416 1
2266.417 0
2267.417 0
2268.418 0
2269.419 0
2270.420 16
2271.421 10
2272.422 6
2273.423 13
2274.424 25
2275.425 39
2276.426 32
2277.427 0
2278.428 6
2279.429 53
2280.430 11
2281.431 57
2282.432 0
2283.433 105
2284.434 90
2285.435 0
2286.436 0
2287.437 0
2288.438 0
2289.439 0
2290.440 0
2291.441 34
2292.442 0
2293.443 28
2294.444 0
2295.445 8
2296.446 0
2297.447 0
2298.448 0
2299.449 16
2300.450 0
2301.451 88
2302.452 0
2303.453 6
2304.454 0
2305.455 63
2306.456 10
2307.457 45
2308.458 5
2309.458 0
2310.459 0
2311.460 0
2312.461 0
2313.463 1
2314.464 0
2315.465 0
2316.466 0
2317.467 0
2318.468 11
2319.469 18
2320.469 14
2321.470 5
2322.471 5
2323.472 2
2324.473 0
2325.474 45
2326.475 22
2327.476 0
2328.477 38
2329.478 0
2330.479 45
2331.480 62
2332.481 45
2333.482 61
2334.483 0
2335.484 0
2336.485 0
2337.486 0
2338.487 8
2339.488 38
2340.489 35
2341.490 17
2342.491 0
2343.492 13
2344.493 5
2345.494 0
2346.495 2
2347.496 0
2348.497 39
2349.498 15
2350.499 12
2351.500 5
2352.501 32
2353.502 0
2354.503 0
2355.504 53
2356.505 0
2357.506 0
2358.507 0
2359.508 33
2360.509 0
2361.510 9
2362.510 5
2363.511 7
2364.512 20
2365.513 7
2366.514 11
2367.515 5
2368.516 0
2369.517 0
2370.518 0
2371.519 48
2372.520 13
2373.521 0
2374.522 5
2375.523 53
2376.524 61
2377.525 8
2378.526 15
2379.527 10
2380.528 5
2381.529 0
2382.531 9
2383.531 5
2384.532 29
2385.533 0
2386.534 0
2387.535 12
2388.536 0
2389.537 17
2390.538 18
2391.539 2
2392.540 0
2393.541 7
2394.542 1
2395.543 0
2396.544 18
2397.545 10
2398.546 0
2399.547 0
2400.548 20
2401.549 9
2402.550 0
2403.551 0
2404.552 51
2405.553 0
2406.554 0
2407.555 8
2408.556 0
2409.557 0
2410.558 12
2411.559 27
2412.560 56
2413.561 0
2414.562 0
2415.563 0
2416.564 2
2417.565 0
2418.566 0
2419.567 0
2420.568 21
2421.569 16
2422.570 12
2423.571 35
2424.572 0
2425.573 0
2426.573 79
2427.574 23
2428.575 0
2429.576 0
2430.577 11
2431.578 4
2432.579 7
2433.580 16
2434.581 46
2435.582 15
2436.583 0
2437.584 5
2438.585 6
2439.586 15
2440.587 0
2441.588 0
2442.589 0
2443.590 2
2444.591 0
2445.592 0
2446.593 25
2447.594 16
2448.595 14
2449.596 0
2450.597 0
2451.598 0
2452.599 20
2453.600 0
2454.601 21
2455.602 0
2456.603 21
2457.604 0
2458.605 48
2459.606 0
2460.607 6
2461.608 4
2462.609 14
2463.610 9
2464.611 0
2465.612 0
2466.613 43
2467.614 29
2468.615 0
2469.615 9
2470.616 0
2471.617 0
2472.618 0
2473.619 0
2474.620 8
2475.621 24
2476.622 0
2477.623 0
2478.624 32
2479.625 9
2480.626 12
2481.627 6
2482.628 0
2483.629 0
2484.630 0
2485.631 41
2486.632 9
2487.633 0
2488.634 0
2489.635 0
2490.636 5
2491.637 0
2492.638 0
2493.639 0
2494.640 0
2495.641 33
2496.642 49
2497.643 44
2498.644 3
2499.645 25
2500.646 15
2501.647 0
2502.648 14
2503.649 6
2504.650 0
2505.651 0
2506.652 0
2507.653 0
2508.654 15
2509.655 0
2510.656 0
2511.656 0
2512.657 0
2513.658 0
2514.659 36
2515.660 0
2516.661 0
2517.662 0
2518.663 0
2519.664 0
2520.665 22
2521.666 12
2522.667 3
2523.668 11
2524.669 0
2525.670 0
2526.671 0
2527.672 7
2528.673 0
2529.674 0
2530.675 11
2531.676 0
2532.677 0
2533.678 2
2534.679 51
2535.680 17
2536.681 0
2537.682 23
2538.683 40
2539.684 0
2540.685 0
2541.686 82
2542.687 2
2543.688 2
2544.689 0
2545.690 0
2546.691 16
2547.692 0
2548.693 5
2549.694 0
2550.695 5
2551.696 25
2552.697 38
2553.698 4
2554.698 5
2555.699 0
2556.700 0
2557.701 6
2558.702 0
2559.703 39
2560.704 0
2561.705 2
2562.706 0
2563.707 19
2564.708 10
2565.709 16
2566.710 0
2567.711 12
2568.712 41
2569.713 0
2570.714 5
2571.715 0
2572.716 0
2573.717 0
2574.718 0
2575.719 0
2576.720 0
2577.721 0
2578.722 19
2579.723 0
2580.724 9
2581.725 0
2582.726 0
2583.727 0
2584.728 10
2585.729 34
2586.730 23
2587.731 5
2588.732 50
2589.733 0
2590.734 3
2591.735 0
2592.736 0
2593.737 2
2594.738 74
2595.739 32
2596.740 0
2597.740 0
2598.741 48
2599.742 5
2600.743 0
2601.744 0
2602.746 0
2603.747 40
2604.748 0
2605.749 5
2606.750 18
2607.750 21
2608.751 41
2609.752 45
2610.753 16
2611.754 63
2612.755 0
2613.756 37
2614.757 28
2615.758 75
2616.759 0
2617.760 6
2618.761 32
2619.762 0
2620.763 20
2621.764 44
2622.765 0
2623.766 0
2624.767 0
2625.768 19
2626.769 0
2627.770 38
2628.771 0
2629.772 0
2630.773 98
2631.774 0
2632.775 0
2633.776 41
2634.777 36
2635.778 0
2636.779 27
2637.780 5
2638.781 71
2639.782 0
2640.783 5
2641.784 0
2642.785 15
2643.786 0
2644.787 9
2645.788 1
2646.789 13
2647.790 0
2648.791 111
2649.792 14
2650.792 0
2651.793 0
2652.794 78
2653.795 0
2654.796 5
2655.797 0
2656.798 77
2657.799 24
2658.800 0
2659.801 7
2660.802 2
2661.803 0
2662.804 0
2663.805 18
2664.806 14
2665.807 25
2666.808 75
2667.809 30
2668.810 5
2669.811 0
2670.812 0
2671.813 0
2672.814 16
2673.815 47
2674.816 27
2675.817 43
2676.818 2
2677.819 9
2678.820 0
2679.821 60
2680.822 0
2681.823 9
2682.824 40
2683.825 5
2684.826 0
2685.827 17
2686.828 0
2687.829 42
2688.830 27
2689.831 0
2690.832 4
2691.833 4
2692.833 34
2693.834 25
2694.835 9
2695.836 25
2696.837 17
2697.838 0
2698.839 10
2699.840 44
2700.841 0
2701.842 7
2702.843 12
2703.844 79
2704.845 16
2705.846 0
2706.847 12
2707.848 25
2708.849 39
2709.850 17
2710.851 46
2711.852 0
2712.853 0
2713.854 109
2714.855 16
2715.856 0
2716.857 0
2717.858 0
2718.859 0
2719.860 20
2720.861 23
2721.862 24
2722.863 0
2723.864 0
2724.865 15
2725.866 22
2726.867 0
2727.868 0
2728.869 10
2729.870 12
2730.871 68
2731.872 38
2732.873 0
2733.874 63
2734.875 0
2735.875 0
2736.876 98
2737.877 21
2738.878 0
2739.879 72
2740.880 0
2741.881 0
2742.882 15
2743.883 0
2744.884 0
2745.885 0
2746.886 48
2747.887 39
2748.888 93
2749.889 0
2750.890 0
2751.891 0
2752.892 40
2753.893 0
2754.894 0
2755.895 0
2756.896 5
2757.898 9
2758.899 0
2759.900 37
2760.901 10
2761.902 0
2762.903 33
2763.904 9
2764.905 0
2765.906 10
2766.906 14
2767.907 0
2768.908 15
2769.909 0
2770.910 88
2771.911 22
2772.912 0
2773.913 12
2774.914 50
2775.915 38
2776.916 18
2777.917 56
2778.918 39
2779.919 2
2780.922 0
2781.923 5
2782.924 0
2783.925 0
2784.927 0
2785.928 23
2786.929 5
2787.930 8
2788.931 101
2789.932 16
2790.933 42
2791.934 54
2792.935 0
2793.936 26
2794.937 0
2795.938 38
2796.939 36
2797.940 19
2798.941 0
2799.942 0
2800.943 16
2801.944 0
2802.945 10
2803.946 5
2804.947 0
2805.948 35
2806.948 0
2807.949 2
2808.950 30
2809.951 15
2810.952 9
2811.953 29
2812.954 6
2813.955 8
2814.956 20
2815.957 25
2816.958 34
2817.959 0
2818.960 0
2819.961 0
2820.962 0
2821.963 63
2822.964 10
2823.965 30
2824.966 0
2825.967 0
2826.968 14
2827.969 32
2828.970 33
2829.971 0
2830.972 0
2831.973 15
2832.974 20
2833.975 2
2834.976 39
2835.977 0
2836.978 18
2837.979 18
2838.980 0
2839.981 0
2840.982 0
2841.983 0
2842.984 14
2843.985 0
2844.986 0
2845.987 0
2846.988 0
2847.989 19
2848.990 7
2849.990 0
2850.991 47
2851.992 0
2852.993 0
2853.994 0
2854.995 62
2855.996 0
2856.997 10
2857.998 5
2858.999 34
2860.000 4
2861.001 25
2862.002 5
2863.003 57
2864.004 6
2865.005 4
2866.006 0
2867.007 26
2868.208 16
2869.209 73
2870.210 5
2871.211 0
2872.212 6
2873.213 9
2874.214 29
2875.215 2
2876.216 79
2877.217 108
2878.218 2
2879.219 32
2880.220 0
2881.221 0
2882.222 65
2883.223 10
2884.224 0
2885.225 14
2886.226 0
2887.227 1
2888.228 0
2889.229 0
2890.230 0
2891.231 0
2892.232 9
2893.233 22
2894.234 41
2895.235 0
2896.236 28
2897.237 0
2898.238 0
2899.239 7
2900.240 0
2901.240 6
2902.241 19
2903.242 15
2904.243 0
2905.244 10
2906.245 19
2907.246 0
2908.247 28
2909.248 0
2910.249 0
2911.250 0
2912.251 4
2913.252 0
2914.253 0
2915.254 0
2916.255 24
2917.256 9
2918.257 0
2919.258 0
2920.259 0
2921.260 0
2922.261 50
2923.262 0
2924.263 0
2925.264 5
2926.265 0
2927.266 0
2928.267 35
2929.268 5
2930.269 0
2931.270 0
2932.271 12
2933.272 0
2934.273 0
2935.274 35
2936.275 0
2937.276 0
2938.277 0
2939.278 27
2940.279 0
2941.280 4
2942.281 0
2943.281 38
2944.282 4
2945.283 16
2946.284 26
2947.285 5
2948.286 47
2949.287 4
2950.288 0
2951.289 4
2952.290 42
2953.291 13
2954.292 45
2955.293 7
2956.294 0
2957.295 0
2958.296 26
2959.297 0
2960.298 0
2961.299 6
2962.300 0
2963.301 31
2964.302 0
2965.303 43
2966.304 69
2967.305 30
2968.306 92
2969.307 0
2970.308 0
2971.309 5
2972.310 8
2973.311 183
2974.312 93
2975.313 0
2976.314 52
2977.315 0
2978.316 51
2979.317 0
2980.318 72
2981.319 0
2982.320 0
2983.321 0
2984.322 2
2985.323 6
2986.323 4
2987.324 9
2988.325 0
2989.326 0
2990.327 0
2991.328 0
2992.329 13
2993.330 20
2994.331 5
2995.332 9
2996.333 28
2997.334 2
2998.335 0
2999.536 5
3000.537 42
3001.538 0
3002.539 0
3003.540 63
3004.541 10
3005.542 0
3006.543 12
3007.544 9
3008.545 0
3009.546 49
3010.547 0
3011.548 2
3012.549 2
3013.550 37
3014.551 15
3015.552 64
3016.553 0
3017.554 54
3018.555 0
3019.556 20
3020.557 0
3021.558 0
3022.559 17
3023.560 67
3024.561 40
3025.562 0
3026.563 9
3027.564 8
3028.565 8
3029.566 48
3030.567 0
3031.568 41
3032.569 5
3033.570 41
3034.571 0
3035.572 34
3036.573 0
3037.573 74
3038.574 26
3039.575 18
3040.576 0
3041.577 0
3042.578 47
3043.579 2
3044.580 51
3045.581 0
3046.582 0
3047.583 32
3048.584 10
3049.585 0
3050.586 0
3051.587 73
3052.588 0
3053.589 0
3054.590 10
3055.591 13
3056.592 28
3057.593 0
3058.594 27
3059.595 11
3060.596 4
3061.597 5
3062.598 10
3063.599 41
3064.600 0
3065.601 10
3066.602 30
3067.603 0
3068.604 0
3069.605 0
3070.606 5
3071.607 0
3072.608 5
3073.609 0
3074.610 0
3075.611 22
3076.612 0
3077.613 39
3078.614 0
3079.615 0
3080.615 0
3081.616 0
3082.617 52
3083.618 0
3084.619 5
3085.620 0
3086.621 5
3087.622 0
3088.623 67
3089.624 20
3090.625 0
3091.626 0
3092.627 50
3093.628 14
3094.629 0
3095.630 18
3096.631 11
3097.632 0
3098.633 30
3099.634 16
3100.635 40
3101.636 1
3102.637 0
3103.638 15
3104.639 0
3105.640 16
3106.641 0
3107.642 0
3108.643 29
3109.644 57
3110.645 94
3111.646 35
3112.647 0
3113.648 134
3114.649 166
3115.650 58
3116.651 10
3117.652 82
3118.653 0
3119.654 15
3120.655 0
3121.656 62
3122.656 13
3123.658 49
3124.659 40
3125.660 25
3126.661 54
3127.662 0
3128.663 45
3129.664 24
3130.665 0
3131.666 0
3132.667 74
3133.668 0
3134.669 63
3135.670 93
3136.671 0
3137.672 0
3138.673 6
3139.674 21
3140.675 46
3141.676 50
3142.677 0
3143.677 0
3144.678 0
3145.679 0
3146.680 87
3147.681 53
3148.682 0
3149.683 47
3150.684 11
3151.685 0
3152.686 34
3153.687 40
3154.688 0
3155.689 0
3156.690 0
3157.691 31
3158.692 35
3159.693 14
3160.694 11
3161.895 12
3162.896 0
3163.897 119
3164.898 13
3165.899 24
3166.900 0
3167.901 84
3168.902 35
3169.903 56
3170.904 1
3171.905 41
3172.906 0
3173.907 6
3174.908 124
3175.909 64
3176.910 5
3177.911 63
3178.912 65
3179.913 0
3180.914 0
3181.915 41
3182.916 0
3183.917 4
3184.918 0
3185.919 42
3186.920 0
3187.921 0
3188.922 16
3189.923 0
3190.924 6
3191.925 36
3192.926 5
3193.927 11
3194.927 6
3195.928 0
3196.929 0
3197.930 0
3198.931 9
3199.932 0
3200.933 14
3201.934 0
3202.935 30
3203.936 0
3204.937 2
3205.938 0
3206.939 0
3207.940 0
3208.941 156
3209.942 0
3210.943 0
3211.944 0
3212.945 4
3213.946 2
3214.947 0
3215.948 14
3216.949 0
3217.950 0
3218.951 38
3219.952 19
3220.953 0
3221.954 32
3222.955 0
3223.956 18
3224.957 0
3225.958 0
3226.959 0
3227.960 59
3228.961 30
3229.962 0
3230.963 0
3232.164 0
3233.165 54
3234.166 12
3235.167 0
3236.168 0
3237.169 0
3238.170 67
3239.171 33
3240.172 5
3241.173 6
3242.174 8
3243.175 24
3244.176 10
3245.177 0
3246.177 43
3247.178 9
3248.179 0
3249.180 100
3250.181 68
3251.182 90
3252.183 12
3253.184 7
3254.185 25
3255.186 32
3256.187 0
3257.188 0
3258.189 10
3259.190 0
3260.191 24
3261.192 0
3262.193 75
3263.194 35
3264.195 0
3265.196 24
3266.197 0
3267.198 72
3268.199 0
3269.200 3
3270.201 53
3271.202 0
3272.203 11
3273.204 53
3274.205 0
3275.206 0
3276.207 5
3277.208 34
3278.209 0
3279.210 49
3280.211 0
3281.212 29
3282.213 0
3283.214 5
3284.215 46
3285.216 32
3286.217 26
3287.218 45
3288.219 1
3289.219 3
3290.220 0
3291.221 0
3292.222 29
3293.223 34
3294.224 6
3295.225 0
3296.226 5
3297.227 5
3298.228 17
3299.229 5
3300.230 5
3301.231 11
3302.232 1
3303.233 5
3304.234 0
3305.235 0
3306.236 48
3307.237 0
3308.238 0
3309.239 6
3310.240 4
3311.241 25
3312.242 19
3313.243 10
3314.244 10
3315.245 0
3316.246 0
3317.247 0
3318.248 0
3319.249 5
3320.250 10
3321.251 35
3322.252 0
3323.253 17
3324.254 14
3325.255 0
3326.256 8
3327.257 3
3328.258 3
3329.259 0
3330.260 2
3331.260 6
3332.261 2
3333.262 0
3334.263 6
3335.264 5
3336.265 15
3337.266 0
3338.267 0
3339.268 0
3340.269 16
3341.270 3
3342.271 7
3343.272 20
3344.273 0
3345.274 7
3346.275 4
3347.276 20
3348.277 27
3349.278 0
3350.279 7
3351.280 0
3352.281 26
3353.282 35
3354.283 0
3355.284 8
3356.285 0
3357.286 0
3358.287 20
3359.288 0
3360.289 1
3361.290 7
3362.291 4
3363.292 30
3364.293 2
3365.294 0
3366.295 57
3367.296 2
3368.297 0
3369.298 54
3370.299 10
3371.300 44
3372.301 50
3373.302 1
3374.302 8
3375.303 0
3376.304 5
3377.305 0
3378.306 15
3379.307 30
3380.308 2
3381.309 10
3382.310 18
3383.311 30
3384.312 59
3385.313 45
3386.314 43
3387.315 61
3388.316 0
3389.317 20
3390.318 31
3391.319 60
3392.320 0
3393.321 34
3394.322 23
3395.323 8
3396.324 23
3397.325 0
3398.326 0
3399.327 5
3400.328 2
3401.329 25
3402.330 5
3403.331 0
3404.332 9
3405.333 36
3406.334 0
3407.335 0
3408.336 0
3409.337 0
3410.338 4
3411.339 8
3412.340 4
3413.341 0
3414.342 38
3415.343 0
3416.344 0
3417.344 2
3418.345 0
3419.346 4
3420.347 39
3421.348 3
3422.349 32
3423.350 0
3424.351 0
3425.352 47
3426.353 0
3427.354 6
3428.355 0
3429.356 37
3430.357 1
3431.358 0
3432.359 17
3433.360 0
3434.361 68
3435.362 0
3436.363 14
3437.364 0
3438.365 0
3439.366 0
3440.367 3
3441.368 14
3442.369 23
3443.370 52
3444.371 0
3445.372 0
3446.373 4
3447.374 0
3448.375 0
3449.376 0
3450.377 13
3451.378 15
3452.379 0
3453.380 4
3454.381 48
3455.382 13
3456.383 0
3457.384 0
3458.385 0
3459.385 5
3460.386 14
3461.387 0
3462.388 0
3463.389 0
3464.390 5
3465.391 0
3466.392 0
3467.393 0
3468.394 5
3469.395 24
3470.396 33
3471.397 9
3472.398 0
3473.399 6
3474.400 0
3475.401 11
3476.402 0
3477.403 10
3478.404 0
3479.405 0
3480.406 10
3481.407 41
3482.408 0
3483.409 0
3484.410 0
3485.411 0
3486.412 0
3487.413 21
3488.414 6
3489.415 0
3490.416 24
3491.417 0
3492.418 0
3493.419 0
3494.420 0
3495.421 31
3496.422 7
3497.423 45
3498.424 22
3499.425 0
3500.426 3
3501.427 12
3502.428 35
3503.429 14
3504.430 1
3505.431 5
3506.432 0
3507.433 0
3508.434 0
3509.435 21
3510.436 0
3511.437 31
3512.438 0
3513.438 0
3514.439 14
3515.440 0
3516.441 6
3517.442 0
3518.443 8
3519.444 21
3520.445 0
3521.446 0
3522.447 0
3523.448 0
3524.449 12
3525.450 0
3526.451 0
3527.452 2
3528.453 21
3529.454 0
3530.455 11
3531.456 3
3532.457 8
3533.458 11
3534.459 37
3535.460 0
3536.461 30
3537.462 42
3538.463 0
3539.464 0
3540.465 0
3541.466 2
3542.467 0
3543.468 0
3544.469 57
3545.470 0
3546.471 0
3547.472 2
3548.473 33
3549.474 6
3550.475 0
3551.476 0
3552.477 7
3553.478 29
3554.479 13
3555.480 44
3556.481 0
3557.482 0
3558.483 0
3559.484 0
3560.485 54
3561.486 46
3562.487 0
3563.488 0
3564.489 0
3565.490 7
3566.490 0
3567.491 28
3568.493 0
3569.494 20
3570.495 0
3571.496 9
3572.497 0
3573.498 0
3574.499 9
3575.500 0
3576.500 63
3577.501 35
3578.502 0
3579.503 3
3580.504 0
3581.505 5
3582.506 5
3583.507 0
3584.508 0
3585.509 39
3586.510 0
3587.511 0
3588.512 20
3589.513 66
3590.514 3
3591.515 19
3592.516 0
3593.517 42
3594.518 0
3595.519 5
3596.520 9
3597.521 0
3598.522 0
3599.523 5
