0.152344 1
0.305359 2
0.463562 3
0.631531 4
0.814148 5
1.00214 6
1.21307 7
1.46747 8
1.73383 9
2.06 10
2.38812 11
2.79242 12
3.21185 13
3.64349 14
4.13422 15
4.63629 16
5.16071 17
5.72321 18
6.31256 19
6.96686 20
7.63873 21
8.37115 22
9.1192 23
9.8775 24
10.6783 25
11.4908 26
12.3267 27
13.1714 28
14.0289 29
14.9195 30
15.8414 31
16.7974 32
17.7784 33
18.8028 34
19.8292 35
20.9034 36
21.9942 37
23.1153 38
24.3282 39
25.5411 40
26.834 41
28.1622 42
29.5235 43
30.8873 44
32.2593 45
33.6812 46
35.1597 47
36.6631 48
38.1758 49
39.8139 50
41.4838 51
43.1591 52
44.8525 53
46.5576 54
48.2626 55
49.9951 56
51.7634 57
53.5349 58
55.3083 59
57.1013 60
58.9592 61
60.8223 62
63.1964 63
65.6343 64
68.1226 65
70.8 66
73.4894 67
76.1848 68
78.882 69
81.6633 70
84.5847 71
87.6472 72
90.7194 73
93.8444 74
97.028 75
100.276 76
103.528 77
106.803 78
110.092 79
113.399 80
116.755 81
120.227 82
123.745 83
127.294 84
130.979 85
134.68 86
138.414 87
142.286 88
146.165 89
150.079 90
154.096 91
158.156 92
162.35 93
166.593 94
170.847 95
175.111 96
179.402 97
183.753 98
188.109 99
192.531 100
197.197 101
201.891 102
206.62 103
211.395 104
216.328 105
221.261 106
226.738 107
232.346 108
237.971 109
243.708 110
249.465 111
255.344 112
261.387 113
267.504 114
273.811 115
280.202 116
286.654 117
293.105 118
299.572 119
306.074 120
312.583 121
319.434 122
326.323 123
333.288 124
340.348 125
347.428 126
354.557 127
361.809 128
369.114 129
376.47 130
383.89 131
391.528 132
399.169 133
407.199 134
415.242 135
423.294 136
431.658 137
440.119 138
448.609 139
457.114 140
465.794 141
474.619 142
483.931 143
493.294 144
502.683 145
512.376 146
522.105 147
531.911 148
541.739 149
551.567 150
561.43 151
571.346 152
581.692 153
592.096 154
602.516 155
612.985 156
623.839 157
634.695 158
645.637 159
656.67 160
667.709 161
678.811 162
689.968 163
701.357 164
712.768 165
724.389 166
736.078 167
747.839 168
759.617 169
771.457 170
783.482 171
795.552 172
807.812 173
820.314 174
832.923 175
845.812 176
858.771 177
871.745 178
884.754 179
898.618 180
912.794 181
927.212 182
941.824 183
956.521 184
971.242 185
986.095 186
1001.2 187
1016.4 188
1031.67 189
1046.97 190
1062.35 191
1077.85 192
1093.37 193
1109.17 194
1125.21 195
1141.95 196
1159.01 197
1176.14 198
1193.32 199
1210.66 200
1228.03 201
1245.45 202
1262.92 203
1280.52 204
1298.15 205
1315.8 206
1333.45 207
1351.46 208
1369.74 209
1388.15 210
1407.2 211
1426.28 212
1445.38 213
1464.51 214
1483.71 215
1503.03 216
1522.4 217
1541.92 218
1561.47 219
1581.77 220
1602.11 221
1622.54 222
1643.15 223
1663.81 224
1684.5 225
1705.34 226
1726.83 227
1749.31 228
1772.08 229
1795.16 230
1818.38 231
1841.93 232
1865.69 233
1889.8 234
1914.38 235
1939.06 236
1964.57 237
1990.4 238
2017.37 239
2046.06 240
2075.37 241
2105.19 242
2135.24 243
2165.9 244
2197.57 245
2230.02 246
2263.16 247
2296.61 248
2330.09 249
2363.61 250
2397.49 251
2431.56 252
2466.08 253
2501.19 254
2536.68 255
2572.4 256
2608.43 257
2645.76 258
2683.34 259
2722.54 260
2761.94 261
2801.46 262
2841.64 263
2882.51 264
2923.59 265
2964.7 266
3006.12 267
3048.32 268
3090.55 269
3133.08 270
3175.87 271
3218.93 272
3265.13 273
3311.35 274
3359.7 275
3408.47 276
3458.15 277
3508.94 278
3559.83 279
3611.29 280
3663.12 281
3716.7 282
3770.67 283
3824.74 284
3880.54 285
3938.96 286
3999.57 287
4060.88 288
4122.46 289
4188.19 290
4254.09 291
4321.65 292
4389.28 293
4457.97 294
4527.87 295
4598.38 296
4669.56 297
4741.25 298
4813.94 299
4888.46 300
4965.32 301
5043.26 302
5125.54 303
5208.42 304
5292.63 305
5383.59 306
5478.9 307
5574.84 308
5672.76 309
5772.41 310
5892.34 311
6014.71 312
6137.79 313
6269.1 314
6403.36 315
6538.73 316
6674.45 317
6811.68 318
6966.46 319
7123.76 320
7295.25 321
7471.89 322
7669.13 323
7874.48 324
8120.23 325
8380.18 326
8647.69 327
8940.74 328
