0.2109375 1
0.25439453125 2
0.266357421875 3
0.326171875 4
0.328125 5
0.404296875 6
0.41943359375 7
0.431640625 8
0.49072265625 9
0.5244140625 10
0.5625 11
0.58935546875 12
0.654296875 13
0.671875 14
0.732421875 15
0.75830078125 16
0.80078125 17
0.8125 18
0.8359375 19
0.8447265625 20
0.857421875 21
0.9560546875 22
1.0244140625 23
1.07421875 24
1.0908203125 25
1.12109375 26
1.212890625 27
1.212890625 28
1.361328125 29
1.36376953125 30
1.3720703125 31
1.421875 32
1.478515625 33
1.5126953125 34
1.732421875 35
1.79296875 36
1.86309814453125 37
2.43798828125 38
2.6773681640625 39
2.689453125 40
2.78125 41
3.0625 42
3.072265625 43
3.125 44
3.248046875 45
3.25146484375 46
3.28955078125 47
3.517578125 48
3.701171875 49
3.734375 50
3.87939453125 51
3.91357421875 52
4.06005859375 53
4.2432861328125 54
4.25390625 55
4.291015625 56
4.666015625 57
4.728696346282959 58
4.775390625 59
5.62548828125 60
5.736328125 61
5.87890625 62
6.04296875 63
6.1171875 64
6.45166015625 65
6.466796875 66
7.12890625 67
8.0302734375 68
8.04296875 69
8.36328125 70
8.490234375 71
8.5048828125 72
9.388671875 73
9.728515625 74
10.8564453125 75
11.033203125 76
11.0390625 77
11.1015625 78
11.1572265625 79
11.689453125 80
11.7783203125 81
12.025390625 82
12.501953125 83
13.86328125 84
14.17578125 85
14.4189453125 86
14.611328125 87
14.697265625 88
14.720703125 89
14.853515625 90
15.107421875 91
15.271484375 92
15.30078125 93
15.375 94
15.521484375 95
15.8037109375 96
16.0380859375 97
16.736328125 98
17.185546875 99
17.33837890625 100
17.4140625 101
17.6455078125 102
18.408203125 103
19.04913330078125 104
19.080078125 105
19.09765625 106
19.318359375 107
19.521484375 108
20.299560546875 109
20.6162109375 110
20.6552734375 111
20.6943359375 112
20.8369140625 113
23.224609375 114
23.544921875 115
23.7568359375 116
24.57958984375 117
24.677734375 118
25.513671875 119
26.97265625 120
28.69482421875 121
29.3037109375 122
30.6689453125 123
31.6611328125 124
32.451171875 125
33.138671875 126
33.455078125 127
33.8759765625 128
34.07421875 129
34.5185546875 130
35.10357666015625 131
36.021484375 132
39.408203125 133
40.18359375 134
42.525390625 135
42.7861328125 136
48.7685546875 137
49.677734375 138
51.453125 139
51.837890625 140
54.07421875 141
55.796875 142
60.609375 143
61.31640625 144
67.56884765625 145
68.6922607421875 146
71.185546875 147
71.681640625 148
74.517578125 149
76.8583984375 150
99.6494140625 151
119.927734375 152
122.3701171875 153
123.08203125 154
135.37060546875 155
171.494140625 156
293.0447692871094 157
