0.19580078125 1
0.2265625 2
0.24072265625 3
0.27880859375 4
0.2890625 5
0.289306640625 6
0.298828125 7
0.31396484375 8
0.319091796875 9
0.3212890625 10
0.328125 11
0.34326171875 12
0.36474609375 13
0.36962890625 14
0.37646484375 15
0.3994140625 16
0.4111328125 17
0.4365234375 18
0.51806640625 19
0.54345703125 20
0.57666015625 21
0.5810546875 22
0.62646484375 23
0.65228271484375 24
0.73193359375 25
0.733154296875 26
0.74560546875 27
0.779296875 28
0.806640625 29
0.8232421875 30
0.841796875 31
0.916015625 32
0.9227294921875 33
0.94189453125 34
0.9501953125 35
0.9921875 36
1.07666015625 37
1.0810546875 38
1.083984375 39
1.107177734375 40
1.33642578125 41
1.4317626953125 42
1.496307373046875 43
1.498046875 44
1.588134765625 45
1.720703125 46
1.73193359375 47
1.734375 48
1.74951171875 49
1.83740234375 50
1.8505859375 51
1.901611328125 52
1.9052734375 53
1.919921875 54
2.042724609375 55
2.048095703125 56
2.0595703125 57
2.200927734375 58
2.21142578125 59
2.232421875 60
2.236328125 61
2.2373046875 62
2.407470703125 63
2.6650390625 64
2.66845703125 65
2.720947265625 66
2.8388671875 67
2.892578125 68
2.9210152626037598 69
3.14599609375 70
3.20849609375 71
3.33544921875 72
3.3701171875 73
3.44287109375 74
3.51953125 75
3.69775390625 76
3.703125 77
3.74658203125 78
3.8274917602539063 79
3.94580078125 80
3.94921875 81
4.0048828125 82
4.0947265625 83
4.130859375 84
4.1591796875 85
4.1845703125 86
4.25 87
4.3095703125 88
4.44189453125 89
4.5240478515625 90
4.52587890625 91
4.6279296875 92
4.6435546875 93
4.7080078125 94
4.736328125 95
4.744140625 96
4.89312744140625 97
5.0732421875 98
5.076171875 99
5.146484375 100
5.261474609375 101
5.4033203125 102
5.80859375 103
6.041015625 104
6.0576171875 105
6.109375 106
6.20947265625 107
6.21484375 108
6.26123046875 109
6.333984375 110
6.3408203125 111
6.4150390625 112
6.7998046875 113
6.9296875 114
7.00732421875 115
7.04541015625 116
7.1728515625 117
7.19677734375 118
7.3037109375 119
7.3359375 120
7.34716796875 121
7.4052734375 122
7.4365234375 123
7.46923828125 124
7.607421875 125
7.80615234375 126
7.98583984375 127
8.05810546875 128
8.1240234375 129
8.19921875 130
8.361328125 131
8.4580078125 132
8.473876953125 133
8.7119140625 134
8.8349609375 135
8.85791015625 136
8.9443359375 137
9.2880859375 138
9.490234375 139
9.5029296875 140
9.6923828125 141
9.8916015625 142
10.392578125 143
10.498046875 144
10.5069580078125 145
10.71337890625 146
10.984375 147
11.009765625 148
11.09912109375 149
11.1826171875 150
11.443359375 151
11.72314453125 152
12.00830078125 153
12.16015625 154
13.064453125 155
13.1845703125 156
13.2548828125 157
13.2734375 158
13.5078125 159
13.517578125 160
14.09423828125 161
14.244140625 162
14.349609375 163
14.529296875 164
14.53759765625 165
14.78857421875 166
14.7939453125 167
14.83203125 168
14.9736328125 169
15.28515625 170
15.306640625 171
15.5771484375 172
15.873046875 173
16.091796875 174
16.25390625 175
16.66015625 176
16.818359375 177
17.20947265625 178
17.364013671875 179
17.77734375 180
17.829193115234375 181
17.8896484375 182
17.94140625 183
18.1328125 184
18.31396484375 185
18.35791015625 186
18.861328125 187
19.228515625 188
19.3505859375 189
19.3896484375 190
19.73046875 191
20.4990234375 192
20.8514404296875 193
21.9193115234375 194
22.2421875 195
22.2744140625 196
22.5390625 197
22.783203125 198
23.3671875 199
23.7802734375 200
24.44970703125 201
24.5791015625 202
24.6689453125 203
24.739013671875 204
24.87890625 205
24.99267578125 206
25.0224609375 207
25.228515625 208
25.53125 209
26.73486328125 210
26.974609375 211
27.193359375 212
27.322265625 213
27.4453125 214
28.54541015625 215
28.63623046875 216
28.638671875 217
28.7353515625 218
28.77734375 219
29.4482421875 220
29.619140625 221
31.244140625 222
31.4111328125 223
31.58154296875 224
32.46826171875 225
33.0341796875 226
33.2392578125 227
33.413818359375 228
33.77099609375 229
33.927001953125 230
35.12353515625 231
35.232421875 232
35.248779296875 233
35.283203125 234
35.310546875 235
35.328125 236
35.737060546875 237
35.78759765625 238
35.895263671875 239
35.96044921875 240
36.2373046875 241
36.3427734375 242
37.5145263671875 243
38.196685791015625 244
39.232421875 245
39.74951171875 246
40.100341796875 247
41.48193359375 248
41.589599609375 249
42.53955078125 250
42.97509765625 251
43.474609375 252
43.4853515625 253
43.6923828125 254
43.77001953125 255
44.197174072265625 256
45.0537109375 257
45.4669189453125 258
45.9462890625 259
46.69140625 260
47.233642578125 261
47.451171875 262
48.8812255859375 263
49.2734375 264
49.693359375 265
50.16357421875 266
50.35595703125 267
51.822265625 268
55.29052734375 269
56.611083984375 270
58.0146484375 271
59.271484375 272
59.4775390625 273
60.2998046875 274
60.7763671875 275
60.7822265625 276
63.69921875 277
64.416015625 278
65.7734375 279
71.689453125 280
71.7615966796875 281
73.2470703125 282
73.72265625 283
73.81640625 284
75.6787109375 285
79.1943359375 286
79.590576171875 287
81.1551513671875 288
81.7255859375 289
82.0 290
82.5166015625 291
83.2939453125 292
86.1240234375 293
87.05078125 294
89.314453125 295
93.2080078125 296
93.27734375 297
93.287109375 298
94.166015625 299
95.2231216430664 300
96.541015625 301
97.244140625 302
98.1259765625 303
98.662109375 304
98.895263671875 305
100.8017578125 306
101.74609375 307
125.9483642578125 308
127.86767578125 309
128.23583984375 310
129.2353515625 311
132.255859375 312
134.06640625 313
139.0439453125 314
154.7646484375 315
175.7158203125 316
180.4775390625 317
182.2255859375 318
212.7421875 319
216.872802734375 320
249.212890625 321
256.2978515625 322
262.634765625 323
264.215576171875 324
