0.19580078125 1
0.2265625 2
0.27880859375 3
0.298828125 4
0.31396484375 5
0.328125 6
0.34326171875 7
0.36962890625 8
0.37646484375 9
0.3994140625 10
0.4365234375 11
0.51806640625 12
0.54345703125 13
0.57666015625 14
0.62646484375 15
0.65228271484375 16
0.73193359375 17
0.733154296875 18
0.74560546875 19
0.779296875 20
0.8232421875 21
0.841796875 22
0.916015625 23
0.9227294921875 24
0.94189453125 25
0.9501953125 26
0.9921875 27
1.07666015625 28
1.0810546875 29
1.083984375 30
1.107177734375 31
1.33642578125 32
1.4317626953125 33
1.496307373046875 34
1.498046875 35
1.588134765625 36
1.901611328125 37
1.9052734375 38
1.919921875 39
2.048095703125 40
2.0595703125 41
2.232421875 42
2.407470703125 43
2.66845703125 44
2.8388671875 45
2.892578125 46
2.9210152626037598 47
3.33544921875 48
3.3701171875 49
3.44287109375 50
3.69775390625 51
3.703125 52
3.74658203125 53
3.94580078125 54
3.94921875 55
4.0048828125 56
4.0947265625 57
4.130859375 58
4.1591796875 59
4.25 60
4.3095703125 61
4.5240478515625 62
4.52587890625 63
4.6279296875 64
4.6435546875 65
4.744140625 66
4.89312744140625 67
5.0732421875 68
5.076171875 69
5.146484375 70
5.4033203125 71
5.80859375 72
6.109375 73
6.20947265625 74
6.21484375 75
6.333984375 76
6.3408203125 77
6.4150390625 78
6.9296875 79
7.00732421875 80
7.04541015625 81
7.1728515625 82
7.3359375 83
7.4052734375 84
7.46923828125 85
7.607421875 86
7.98583984375 87
8.05810546875 88
8.1240234375 89
8.19921875 90
8.361328125 91
8.4580078125 92
8.7119140625 93
8.85791015625 94
9.490234375 95
9.5029296875 96
10.498046875 97
10.5069580078125 98
10.984375 99
11.009765625 100
11.09912109375 101
11.1826171875 102
11.443359375 103
13.064453125 104
13.1845703125 105
13.5078125 106
14.244140625 107
14.83203125 108
15.873046875 109
17.77734375 110
17.829193115234375 111
19.3505859375 112
19.3896484375 113
22.5390625 114
23.3671875 115
23.7802734375 116
24.5791015625 117
24.87890625 118
25.0224609375 119
25.53125 120
26.974609375 121
27.193359375 122
27.4453125 123
28.63623046875 124
28.638671875 125
28.7353515625 126
29.619140625 127
31.58154296875 128
33.0341796875 129
35.12353515625 130
35.283203125 131
35.328125 132
35.78759765625 133
35.895263671875 134
35.96044921875 135
37.5145263671875 136
39.232421875 137
41.48193359375 138
42.53955078125 139
42.97509765625 140
43.4853515625 141
45.0537109375 142
45.4669189453125 143
45.9462890625 144
48.8812255859375 145
50.35595703125 146
51.822265625 147
56.611083984375 148
81.7255859375 149
94.166015625 150
97.244140625 151
98.1259765625 152
98.662109375 153
128.23583984375 154
132.255859375 155
182.2255859375 156
216.872802734375 157
262.634765625 158
