0.24072265625 1
0.2890625 2
0.289306640625 3
0.319091796875 4
0.3212890625 5
0.36474609375 6
0.4111328125 7
0.5810546875 8
0.806640625 9
1.720703125 10
1.73193359375 11
1.734375 12
1.74951171875 13
1.83740234375 14
1.8505859375 15
2.042724609375 16
2.200927734375 17
2.21142578125 18
2.236328125 19
2.2373046875 20
2.6650390625 21
2.720947265625 22
3.14599609375 23
3.20849609375 24
3.51953125 25
3.8274917602539063 26
4.1845703125 27
4.44189453125 28
4.7080078125 29
4.736328125 30
5.261474609375 31
6.041015625 32
6.0576171875 33
6.26123046875 34
6.7998046875 35
7.19677734375 36
7.3037109375 37
7.34716796875 38
7.4365234375 39
7.80615234375 40
8.473876953125 41
8.8349609375 42
8.9443359375 43
9.2880859375 44
9.6923828125 45
9.8916015625 46
10.392578125 47
10.71337890625 48
11.72314453125 49
12.00830078125 50
12.16015625 51
13.2548828125 52
13.2734375 53
13.517578125 54
14.09423828125 55
14.349609375 56
14.529296875 57
14.53759765625 58
14.78857421875 59
14.7939453125 60
14.9736328125 61
15.28515625 62
15.306640625 63
15.5771484375 64
16.091796875 65
16.25390625 66
16.66015625 67
16.818359375 68
17.20947265625 69
17.364013671875 70
17.8896484375 71
17.94140625 72
18.1328125 73
18.31396484375 74
18.35791015625 75
18.861328125 76
19.228515625 77
19.73046875 78
20.4990234375 79
20.8514404296875 80
21.9193115234375 81
22.2421875 82
22.2744140625 83
22.783203125 84
24.44970703125 85
24.6689453125 86
24.739013671875 87
24.99267578125 88
25.228515625 89
26.73486328125 90
27.322265625 91
28.54541015625 92
28.77734375 93
29.4482421875 94
31.244140625 95
31.4111328125 96
32.46826171875 97
33.2392578125 98
33.413818359375 99
33.77099609375 100
33.927001953125 101
35.232421875 102
35.248779296875 103
35.310546875 104
35.737060546875 105
36.2373046875 106
36.3427734375 107
38.196685791015625 108
39.74951171875 109
40.100341796875 110
41.589599609375 111
43.474609375 112
43.6923828125 113
43.77001953125 114
44.197174072265625 115
46.69140625 116
47.233642578125 117
47.451171875 118
49.2734375 119
49.693359375 120
50.16357421875 121
55.29052734375 122
58.0146484375 123
59.271484375 124
59.4775390625 125
60.2998046875 126
60.7763671875 127
60.7822265625 128
63.69921875 129
64.416015625 130
65.7734375 131
71.689453125 132
71.7615966796875 133
73.2470703125 134
73.72265625 135
73.81640625 136
75.6787109375 137
79.1943359375 138
79.590576171875 139
81.1551513671875 140
82.0 141
82.5166015625 142
83.2939453125 143
86.1240234375 144
87.05078125 145
89.314453125 146
93.2080078125 147
93.27734375 148
93.287109375 149
95.2231216430664 150
96.541015625 151
98.895263671875 152
100.8017578125 153
101.74609375 154
125.9483642578125 155
127.86767578125 156
129.2353515625 157
134.06640625 158
139.0439453125 159
154.7646484375 160
175.7158203125 161
180.4775390625 162
212.7421875 163
249.212890625 164
256.2978515625 165
264.215576171875 166
