1 10.392
2 10.943
3 11.022
4 11.022
5 11.022
6 10.981
7 11.025
8 11.025
9 11.025
10 11.204
11 11.268
12 11.247
13 11.329
14 11.372
15 11.415
16 11.415
17 11.415
18 11.415
19 11.539
20 11.610
21 11.656
22 11.656
23 11.767
24 11.767
25 11.767
26 11.853
27 11.853
28 11.804
29 11.804
30 11.804
31 11.816
32 11.894
33 11.997
34 11.997
35 12.064
36 12.064
37 12.064
38 12.064
39 12.096
40 12.096
41 12.096
42 12.163
43 12.163
44 12.236
45 12.119
46 12.119
47 12.119
48 12.054
49 12.117
50 12.138
51 12.187
52 12.187
53 12.200
54 12.200
55 12.200
56 12.209
57 12.209
58 12.261
59 12.261
60 12.398
61 12.398
62 12.398
63 12.398
64 12.434
65 12.434
66 12.434
67 12.550
68 12.550
69 12.550
70 12.508
71 12.662
72 12.662
73 12.650
74 12.650
75 12.733
76 12.733
77 13.031
78 13.178
79 13.178
80 13.261
81 13.261
82 13.261
83 13.253
84 13.253
85 13.318
86 13.318
87 13.318
88 13.442
89 13.535
90 13.722
91 13.987
92 14.021
93 14.071
94 14.132
95 14.132
96 14.265
97 14.265
98 14.265
99 14.376
100 14.376
101 14.376
102 14.376
103 14.376
104 14.376
105 14.376
106 14.376
107 14.376
108 14.376
109 14.395
110 14.532
111 14.532
112 14.532
113 14.880
114 14.796
115 14.706
116 14.811
117 14.957
118 14.957
119 14.957
120 15.039
121 15.039
122 15.039
123 15.039
124 15.134
125 15.103
126 15.103
127 15.103
128 15.208
129 15.208
130 15.208
131 15.208
132 15.208
133 15.208
134 15.308
135 15.504
136 15.579
137 15.579
138 15.579
139 15.618
140 15.811
141 15.811
142 15.811
143 15.811
144 15.787
145 15.787
146 15.787
147 15.787
148 15.834
149 15.834
150 15.834
151 15.853
152 15.853
153 15.853
154 15.853
155 15.853
156 15.853
157 15.853
158 15.853
159 15.853
160 15.815
161 15.815
162 15.855
163 15.855
164 15.855
165 15.855
166 15.855
167 15.938
168 15.938
169 16.100
170 16.100
171 16.100
172 15.802
173 15.779
174 15.779
175 16.022
176 16.022
177 16.022
178 16.022
179 16.100
180 16.277
181 16.277
182 16.388
183 16.429
184 16.611
185 16.611
186 16.611
187 16.611
188 16.611
189 16.685
190 16.685
191 16.630
192 16.630
193 16.551
194 16.551
195 16.637
196 16.637
197 16.637
198 16.637
199 16.637
200 16.728
201 16.728
202 16.728
203 16.915
204 16.915
205 16.940
206 17.061
207 17.061
208 17.061
209 17.061
210 17.061
211 17.061
212 17.061
213 17.082
214 17.082
215 17.172
216 17.172
217 17.172
218 17.172
219 17.172
220 17.172
221 17.172
222 17.525
223 17.525
224 17.525
225 17.525
226 17.525
227 17.525
228 17.525
229 17.525
230 17.525
231 17.525
232 17.525
233 17.525
234 17.525
235 17.525
236 17.687
237 17.687
238 17.884
239 17.884
240 17.884
241 17.753
242 17.723
243 17.723
244 17.723
245 17.723
246 17.723
247 17.723
248 17.723
249 17.960
250 18.184
251 18.352
252 18.352
253 18.382
254 18.382
255 18.382
256 18.382
257 18.382
258 18.382
259 18.382
260 18.382
261 18.382
262 18.529
263 18.529
264 18.529
265 18.684
266 18.329
267 18.329
268 18.020
269 18.020
270 18.020
271 18.020
272 18.020
273 18.020
274 18.090
275 18.090
276 18.004
277 18.523
278 18.523
279 18.484
280 18.619
281 18.619
282 18.619
283 18.619
284 18.779
285 18.779
286 18.779
287 18.779
288 18.779
289 18.779
290 18.779
291 18.779
292 18.779
293 18.779
294 18.779
295 18.779
296 18.779
297 18.779
298 18.923
299 18.923
300 19.213
301 19.213
302 19.213
303 19.213
304 19.450
305 19.450
306 19.450
307 19.450
308 19.450
309 19.450
310 19.450
311 19.450
312 19.473
313 19.235
314 19.235
315 19.235
316 19.235
317 19.113
318 18.889
319 19.043
320 19.043
321 18.860
322 18.860
323 18.860
324 18.860
325 18.860
326 18.860
327 18.860
328 18.860
329 18.860
330 18.860
331 18.860
332 18.860
333 18.860
334 18.860
335 18.860
336 18.860
337 18.860
338 18.860
339 18.860
340 18.860
341 18.860
342 18.860
343 18.860
344 19.006
345 19.006
346 19.006
347 19.006
348 19.006
349 19.006
350 19.307
351 19.307
352 19.307
353 19.703
354 19.703
355 19.703
356 19.703
357 19.703
358 19.886
359 20.068
360 20.068
361 20.068
362 20.068
363 20.113
364 20.113
365 20.113
366 20.113
367 20.113
368 20.113
369 20.113
370 20.113
371 20.113
372 20.113
373 20.113
374 20.152
375 20.175
376 20.257
377 20.257
378 20.257
379 20.430
380 20.479
381 20.479
382 20.479
383 20.479
384 20.579
385 20.579
386 20.752
387 20.752
388 20.752
389 20.752
390 20.752
391 20.752
392 20.752
393 20.752
394 20.752
395 20.752
396 20.752
397 20.752
398 20.752
399 20.928
400 20.928
401 21.022
402 21.022
403 21.022
404 21.022
405 21.022
406 21.022
407 21.022
408 21.022
409 21.022
410 21.022
411 21.022
412 21.022
413 21.022
414 21.022
415 21.354
416 21.354
417 21.485
418 21.485
419 21.898
420 22.448
421 22.448
422 22.448
423 22.448
424 22.448
425 22.448
426 22.448
427 22.448
428 22.448
429 22.448
430 22.448
431 22.448
432 22.448
433 22.448
434 22.448
435 22.448
436 22.448
437 22.750
438 22.750
439 22.750
440 22.750
441 22.750
442 22.750
443 22.511
444 22.511
445 22.511
446 22.511
447 22.511
448 22.511
449 22.511
450 22.511
451 22.892
452 22.892
453 22.892
454 22.892
455 23.060
456 23.060
457 23.060
458 23.060
459 23.709
460 23.709
461 23.709
462 23.709
463 23.709
464 23.709
465 23.709
466 23.709
467 23.709
468 23.709
469 23.709
470 23.709
471 23.709
472 23.709
473 23.709
474 23.709
475 23.709
476 23.709
477 23.709
478 23.709
479 23.709
480 23.709
481 23.709
482 23.709
483 23.709
484 23.709
485 23.709
486 23.709
487 23.709
488 24.229
489 24.229
490 24.229
491 24.229
492 24.229
493 24.229
494 24.366
495 24.366
496 24.366
497 24.366
498 24.366
499 24.366
500 24.366
501 24.366
502 24.366
503 24.660
504 24.660
505 24.660
506 24.660
507 24.660
508 24.660
509 24.660
510 24.660
511 24.660
512 24.660
513 24.660
514 24.999
515 25.729
516 25.729
517 25.729
518 25.729
519 25.729
520 25.729
521 25.729
522 25.729
523 25.729
524 25.729
525 25.729
526 25.729
527 25.729
528 25.729
529 25.729
530 25.729
531 25.729
532 25.729
533 25.729
534 25.729
535 25.729
536 25.729
537 25.729
538 25.729
539 25.729
540 25.729
541 25.729
542 25.729
543 25.729
544 25.729
545 25.729
546 25.729
547 25.729
548 25.729
549 25.729
550 25.785
551 25.785
552 25.785
553 25.785
554 25.785
555 25.785
556 25.785
557 25.785
558 25.785
559 25.785
560 25.785
561 25.785
562 25.785
563 25.785
564 25.785
565 25.785
566 25.785
567 25.785
568 25.785
569 25.785
570 25.785
571 25.785
572 25.785
573 26.966
574 26.966
575 26.966
576 26.966
577 26.966
578 26.997
579 26.997
580 27.495
581 27.495
582 27.495
583 27.495
584 27.027
585 27.027
586 27.027
587 27.027
588 27.027
589 27.027
590 27.027
591 27.027
592 27.027
593 27.027
594 27.027
595 27.027
596 27.027
597 27.027
598 27.027
599 27.027
600 27.027
601 27.027
602 27.027
603 27.144
604 27.144
605 27.144
606 27.144
607 27.003
608 27.003
609 27.003
610 27.003
611 27.003
612 27.003
613 27.003
614 27.003
615 27.003
616 27.003
617 27.003
618 27.003
619 27.022
620 27.022
621 27.022
622 27.022
623 27.022
624 27.022
625 27.022
626 27.022
627 27.022
628 27.022
629 27.022
630 27.022
631 27.022
632 27.022
633 27.022
634 27.022
635 27.022
636 27.022
637 27.022
638 27.022
639 27.022
640 27.022
641 27.022
642 27.022
643 27.022
644 27.022
645 27.022
646 27.022
647 27.022
648 27.022
649 27.022
650 27.022
651 27.022
652 27.022
653 27.022
654 27.022
655 27.022
656 27.022
657 27.022
658 27.022
659 27.022
660 27.022
661 27.022
662 27.022
663 27.022
664 27.022
665 27.022
666 27.022
667 27.022
668 27.022
669 27.022
670 27.022
671 27.022
672 26.861
673 26.861
674 26.861
675 26.861
676 26.861
677 26.861
678 26.861
679 26.861
680 26.861
681 26.861
682 26.861
683 26.861
684 26.861
685 26.861
686 26.861
687 26.861
688 26.861
689 26.861
690 26.861
691 26.861
692 26.861
693 26.861
694 26.861
695 26.861
696 26.861
697 26.861
698 26.861
699 26.861
700 27.096
701 27.096
702 27.096
703 27.096
704 27.096
705 27.096
706 27.096
707 27.096
708 27.207
709 27.207
710 27.725
711 27.725
712 27.725
713 27.725
714 27.725
715 27.725
716 27.725
717 27.725
718 27.725
719 27.957
720 27.957
721 27.957
722 28.584
723 28.584
724 28.584
725 28.584
726 28.584
727 28.584
728 28.310
729 28.310
730 28.310
731 28.310
732 28.310
733 28.310
734 28.310
735 28.310
736 28.310
737 28.310
738 28.310
739 28.310
740 28.718
741 28.718
742 28.718
743 28.718
744 28.718
745 28.718
746 28.718
747 28.718
748 28.718
749 29.604
750 29.604
751 29.604
752 29.604
753 29.604
754 29.604
755 29.604
756 29.604
757 29.604
758 29.604
759 29.604
760 30.427
761 30.427
762 30.427
763 30.427
764 30.427
765 30.427
766 30.427
767 30.427
768 30.427
769 30.427
770 30.427
771 30.427
772 30.427
773 30.427
774 30.427
775 30.427
776 30.427
777 30.427
778 30.427
779 30.427
780 30.427
781 30.427
782 30.427
783 30.427
784 30.427
785 30.427
786 30.427
787 30.427
788 30.427
789 30.722
790 30.722
791 30.722
792 30.722
793 30.722
794 30.722
795 30.722
796 30.722
797 30.722
798 30.722
799 31.684
800 31.684
801 32.390
802 32.390
803 32.390
804 32.390
805 32.390
806 32.390
807 32.390
808 32.390
809 32.390
810 32.390
811 32.390
812 32.390
813 32.390
814 32.390
815 32.390
816 32.390
817 32.390
818 31.856
819 31.856
820 31.856
821 31.856
822 31.856
823 31.856
824 31.856
825 31.856
826 31.856
827 31.856
828 31.856
829 31.856
830 31.856
831 31.856
832 31.856
833 31.856
834 31.856
835 31.856
836 31.856
837 31.856
838 31.856
839 31.856
840 31.856
841 31.856
842 31.856
843 31.856
844 31.856
845 31.856
846 31.856
847 31.856
848 31.856
849 32.134
850 32.134
851 32.134
852 32.134
853 32.134
854 32.134
855 32.134
856 32.134
857 32.134
858 32.134
859 32.134
860 32.134
861 32.134
862 32.134
863 32.134
864 32.134
865 32.134
866 32.134
867 32.134
868 32.134
869 32.134
870 32.134
871 32.134
872 32.496
873 32.496
874 32.496
875 32.496
876 32.496
877 32.496
878 32.496
879 32.496
880 32.496
881 32.496
882 32.496
883 32.496
884 32.496
885 32.496
886 32.496
887 32.496
888 32.496
889 32.496
890 32.496
891 32.496
892 32.496
893 32.496
894 32.496
895 32.496
896 32.496
897 32.496
898 32.496
899 32.496
900 32.496
901 32.496
902 32.496
903 32.496
904 32.496
905 32.496
906 32.496
907 32.496
908 32.496
909 32.270
910 32.270
911 32.270
912 32.270
913 32.270
914 32.270
915 32.270
916 32.270
917 32.270
918 32.270
919 32.270
920 32.270
921 32.270
922 32.270
923 32.270
924 33.274
925 33.274
926 33.274
927 33.274
928 33.274
929 33.274
930 32.642
931 32.642
932 32.642
933 32.642
934 32.642
935 32.642
936 32.642
937 32.642
938 32.642
939 32.642
940 32.642
941 32.642
942 32.642
943 32.642
944 32.642
945 32.642
946 32.642
947 32.642
948 32.642
949 32.642
950 32.642
951 32.642
952 32.642
953 32.642
954 32.642
955 32.912
956 32.912
957 32.912
958 32.912
959 32.912
960 32.912
961 32.912
962 32.912
963 32.912
964 32.912
965 32.912
966 32.912
967 32.912
968 32.912
969 32.912
970 32.912
971 32.912
972 32.912
973 32.912
974 32.912
975 32.912
976 32.912
977 32.912
978 32.912
979 32.912
980 32.912
981 32.912
982 32.912
983 32.912
984 32.912
985 34.213
986 34.213
987 34.213
988 34.213
989 34.213
990 34.213
991 34.213
992 33.975
993 33.975
994 33.975
995 33.975
996 33.975
997 33.975
998 33.975
999 33.975
1000 33.975
1001 33.975
1002 33.975
1003 33.975
1004 33.975
1005 33.975
1006 33.975
1007 33.975
1008 33.975
1009 33.975
1010 33.975
1011 33.975
1012 33.975
1013 34.176
1014 34.176
1015 34.837
1016 34.837
1017 34.837
1018 34.837
1019 34.837
1020 34.837
1021 36.340
1022 36.340
1023 36.340
1024 36.340
1025 36.340
1026 36.340
1027 36.340
1028 36.340
1029 36.340
1030 36.340
1031 37.942
1032 37.942
1033 37.942
1034 37.942
1035 37.942
1036 37.942
1037 37.942
1038 37.942
1039 37.942
1040 37.942
1041 37.942
1042 37.942
1043 37.942
1044 37.942
1045 37.942
1046 37.942
1047 37.942
1048 37.942
1049 37.942
1050 37.942
1051 37.942
1052 37.942
1053 37.942
1054 37.942
1055 37.942
1056 37.942
1057 37.942
1058 37.942
1059 37.942
1060 37.942
1061 37.942
1062 37.942
1063 37.942
1064 37.942
1065 37.942
1066 37.942
1067 37.942
1068 37.942
1069 37.942
1070 37.942
1071 37.942
1072 37.942
1073 37.942
1074 37.942
1075 37.942
1076 38.770
1077 38.770
1078 38.770
1079 38.770
1080 38.770
1081 38.770
1082 38.770
1083 38.770
1084 38.770
1085 38.770
1086 38.770
1087 38.770
1088 38.770
1089 38.770
1090 38.770
1091 38.770
1092 38.770
1093 40.592
1094 40.592
1095 40.592
1096 40.592
1097 40.592
1098 40.592
1099 40.592
1100 40.592
1101 40.592
1102 40.592
1103 40.592
1104 40.592
1105 40.592
1106 40.592
1107 40.592
1108 40.592
1109 40.592
1110 40.592
1111 40.592
1112 40.592
1113 40.592
1114 40.592
1115 40.592
1116 42.578
1117 42.578
1118 42.578
1119 42.578
1120 42.578
1121 42.578
1122 42.578
1123 44.521
1124 44.521
1125 44.521
1126 44.521
1127 44.521
1128 44.521
1129 44.521
1130 44.521
1131 44.521
1132 44.521
1133 44.521
1134 44.521
1135 44.521
1136 44.521
1137 44.521
1138 44.521
1139 44.521
1140 44.521
1141 44.521
1142 44.521
1143 44.521
1144 44.521
1145 44.521
1146 44.521
1147 44.521
1148 44.521
1149 44.521
1150 44.521
1151 44.521
1152 44.521
1153 44.521
1154 44.521
1155 44.521
1156 45.439
1157 45.439
1158 45.439
1159 45.439
1160 45.439
1161 45.439
1162 45.439
1163 45.439
1164 45.439
1165 45.439
1166 46.845
1167 46.845
1168 46.845
1169 46.845
1170 46.845
1171 46.845
1172 46.845
1173 46.845
1174 46.845
1175 46.845
1176 46.845
1177 46.845
1178 46.845
1179 46.845
1180 46.845
1181 46.845
1182 46.845
1183 46.845
1184 46.845
1185 46.845
1186 46.845
1187 46.845
1188 46.845
1189 46.845
1190 46.845
1191 46.845
1192 46.845
1193 46.845
1194 46.845
1195 46.845
1196 46.845
1197 46.845
1198 46.845
1199 46.845
1200 46.845
1201 46.845
1202 46.896
1203 46.896
1204 46.896
1205 46.896
1206 46.896
1207 46.896
1208 46.896
1209 46.896
1210 46.896
1211 46.896
1212 46.896
1213 46.896
1214 46.896
1215 46.896
1216 46.896
1217 46.896
1218 46.896
1219 46.896
1220 49.557
1221 49.557
1222 49.557
1223 49.557
1224 49.557
1225 49.557
1226 49.557
1227 49.557
1228 49.557
1229 49.557
1230 49.557
1231 49.557
1232 49.557
1233 49.557
1234 49.557
1235 49.557
1236 49.557
1237 49.557
1238 49.557
1239 49.557
1240 49.557
1241 49.557
1242 49.557
1243 49.557
1244 49.557
1245 49.557
1246 49.557
1247 49.557
1248 49.557
1249 49.557
1250 49.557
1251 49.557
1252 49.557
1253 49.557
1254 49.557
1255 48.416
1256 48.416
1257 48.416
1258 48.416
1259 48.416
1260 48.416
1261 48.416
1262 51.168
1263 51.168
1264 51.168
1265 51.168
1266 51.168
1267 51.168
1268 51.168
1269 51.168
1270 51.168
1271 51.168
1272 51.168
1273 51.168
1274 51.168
1275 51.168
1276 51.168
1277 51.168
1278 51.168
1279 51.168
1280 51.168
1281 51.168
1282 51.168
1283 51.168
1284 51.168
1285 51.168
1286 51.168
1287 51.168
1288 51.168
1289 51.168
1290 51.168
1291 51.168
1292 51.168
1293 51.168
1294 51.168
1295 51.168
1296 51.168
1297 51.168
1298 51.168
1299 51.168
1300 51.168
1301 51.168
1302 51.168
1303 51.168
1304 51.168
1305 51.168
1306 51.168
1307 51.168
1308 51.168
1309 51.168
1310 51.168
1311 51.168
1312 51.168
1313 51.168
1314 51.168
1315 51.168
1316 51.168
1317 51.168
1318 51.168
1319 51.168
1320 51.168
1321 51.168
1322 51.168
1323 51.168
1324 51.168
1325 51.168
1326 51.168
1327 51.168
1328 51.168
1329 51.168
1330 51.168
1331 51.168
1332 51.168
1333 51.168
1334 51.168
1335 51.168
1336 51.168
1337 51.168
1338 51.168
1339 51.168
1340 51.168
1341 51.168
1342 51.168
1343 51.168
1344 51.168
1345 51.168
1346 51.168
1347 51.168
1348 51.168
1349 51.168
1350 51.168
1351 51.168
1352 51.168
1353 51.168
1354 51.168
1355 51.168
1356 51.168
1357 51.168
1358 51.168
1359 51.168
1360 51.168
1361 51.168
1362 51.168
1363 51.168
1364 51.168
1365 51.168
1366 51.168
1367 51.168
1368 51.168
1369 51.168
1370 51.168
1371 51.168
1372 51.168
1373 51.168
1374 51.168
1375 51.168
1376 51.168
1377 51.168
1378 51.168
1379 51.168
1380 51.168
1381 51.168
1382 51.168
1383 51.168
1384 51.168
1385 51.168
1386 51.168
1387 51.168
1388 51.168
1389 51.168
1390 51.168
1391 51.168
1392 51.168
1393 51.168
1394 51.168
1395 51.168
1396 51.168
1397 51.168
1398 51.168
1399 51.168
1400 51.168
1401 51.168
1402 51.168
1403 51.168
1404 51.168
1405 51.168
1406 51.168
1407 51.168
1408 51.168
1409 51.168
1410 51.168
1411 51.168
1412 51.168
1413 54.019
1414 54.019
1415 54.019
1416 54.019
1417 54.019
1418 54.019
1419 54.019
1420 54.019
1421 54.019
1422 54.019
1423 54.019
1424 54.019
1425 54.019
1426 54.019
1427 54.019
1428 54.019
1429 54.019
1430 54.019
1431 54.019
1432 54.019
1433 54.019
1434 54.019
1435 54.019
1436 54.019
1437 54.019
1438 54.019
1439 54.019
1440 57.573
1441 57.573
1442 57.573
1443 57.573
1444 57.573
1445 57.573
1446 57.573
1447 57.573
1448 57.573
1449 57.573
1450 57.573
1451 59.969
1452 59.969
1453 59.969
1454 59.969
1455 59.969
1456 59.969
1457 59.969
1458 59.969
1459 59.969
1460 59.969
1461 59.969
1462 59.969
1463 59.969
1464 59.969
1465 59.969
1466 59.969
1467 59.969
1468 59.969
1469 59.969
1470 59.969
1471 59.969
1472 59.969
1473 59.969
1474 59.969
1475 59.969
1476 59.969
1477 59.969
1478 59.969
1479 59.969
1480 59.969
1481 59.969
1482 59.969
1483 59.969
1484 59.969
1485 59.969
1486 59.969
1487 59.969
1488 59.969
1489 59.969
1490 59.969
1491 59.969
1492 59.969
1493 59.969
1494 59.969
1495 59.969
1496 59.969
1497 59.969
1498 59.969
1499 59.969
1500 59.969
1501 59.969
1502 59.969
1503 59.969
1504 59.969
1505 59.969
1506 59.969
1507 59.969
1508 59.969
1509 59.969
1510 59.969
1511 59.969
1512 59.969
1513 59.969
1514 59.969
1515 59.969
1516 59.969
1517 59.969
1518 59.969
1519 59.969
1520 59.969
1521 59.969
1522 59.969
1523 59.969
1524 59.969
1525 59.969
1526 59.969
1527 59.969
1528 59.969
1529 59.969
1530 59.969
1531 59.969
1532 59.969
1533 59.969
1534 59.969
1535 59.969
1536 59.969
1537 59.969
1538 59.969
1539 59.969
1540 59.969
1541 59.969
1542 59.969
1543 59.969
1544 59.969
1545 59.969
1546 59.969
1547 59.969
1548 59.969
1549 59.969
1550 59.969
1551 59.969
1552 59.969
1553 59.969
1554 59.969
1555 59.969
1556 59.969
1557 59.969
1558 59.969
1559 59.969
1560 59.969
1561 59.969
1562 59.969
1563 59.969
1564 59.969
1565 59.969
1566 59.969
1567 59.969
1568 59.969
1569 59.969
1570 59.969
1571 59.969
1572 59.969
1573 59.969
1574 59.969
1575 59.969
1576 59.969
1577 59.969
1578 59.969
1579 59.969
1580 59.969
1581 59.969
1582 59.969
1583 59.969
1584 59.969
1585 59.969
1586 59.969
1587 59.969
1588 59.969
1589 59.969
1590 59.969
1591 59.969
1592 59.969
1593 59.969
1594 59.969
1595 59.969
1596 59.969
1597 59.969
1598 59.969
1599 59.969
1600 59.969
1601 59.969
1602 59.969
1603 59.969
1604 59.969
1605 59.969
1606 59.969
1607 59.969
1608 59.969
1609 59.969
1610 59.969
1611 59.969
1612 59.969
1613 59.969
1614 59.969
1615 59.969
1616 59.969
1617 59.969
1618 59.969
1619 59.969
1620 59.969
1621 59.969
1622 59.969
1623 59.969
1624 59.969
1625 59.969
1626 59.969
1627 59.969
1628 59.969
1629 59.969
1630 59.969
1631 59.969
1632 59.969
1633 59.969
1634 59.969
1635 59.969
1636 62.957
1637 62.957
1638 62.957
1639 62.957
1640 62.957
1641 62.957
1642 62.957
1643 62.957
1644 62.957
1645 62.957
1646 62.957
1647 62.957
1648 62.957
1649 62.957
1650 62.957
1651 62.957
1652 62.957
1653 62.957
1654 62.957
1655 62.957
1656 62.957
1657 62.957
1658 62.957
1659 62.957
1660 62.957
1661 62.957
1662 62.957
1663 62.957
1664 62.957
1665 62.957
1666 62.957
1667 62.957
1668 65.250
1669 65.250
1670 70.030
1671 70.030
1672 70.030
1673 70.030
1674 70.030
1675 70.030
1676 70.030
1677 70.030
1678 70.030
1679 70.030
1680 70.030
1681 70.030
1682 70.030
1683 70.030
1684 70.030
1685 70.030
1686 70.030
1687 70.030
1688 70.030
1689 70.030
1690 70.030
1691 70.030
1692 70.030
1693 70.030
1694 70.030
1695 70.030
1696 70.030
1697 70.030
1698 70.030
1699 70.030
1700 70.030
1701 70.030
1702 70.030
1703 70.030
1704 70.030
1705 70.030
1706 70.030
1707 70.030
1708 70.030
1709 70.030
1710 70.030
1711 70.030
1712 70.030
1713 70.030
1714 70.030
1715 70.030
1716 70.030
1717 70.030
1718 70.030
1719 70.030
1720 70.030
1721 70.030
1722 70.030
1723 70.030
1724 70.030
1725 70.030
1726 70.030
1727 70.030
1728 70.030
1729 70.030
1730 70.030
1731 70.030
1732 70.030
1733 70.030
1734 70.030
1735 70.030
1736 70.030
1737 70.030
1738 70.030
1739 70.030
1740 70.030
1741 70.030
1742 70.030
1743 70.030
1744 70.030
1745 70.030
1746 70.030
1747 70.030
1748 70.030
1749 70.030
1750 70.030
1751 70.030
1752 70.030
1753 70.030
1754 70.030
1755 70.030
1756 70.030
1757 70.030
1758 70.030
1759 70.030
1760 70.030
1761 70.030
1762 70.030
1763 70.030
1764 70.030
1765 70.030
1766 70.030
1767 70.030
1768 70.030
1769 70.030
1770 70.030
1771 70.030
1772 70.030
1773 70.030
1774 70.030
1775 70.030
1776 70.030
1777 70.030
1778 70.030
1779 70.030
1780 70.030
1781 70.030
1782 70.030
1783 70.030
1784 70.030
1785 70.030
1786 70.030
1787 70.030
1788 70.030
1789 70.030
1790 70.030
1791 70.030
1792 70.030
1793 70.030
1794 70.030
1795 70.030
1796 70.030
1797 70.030
1798 70.030
1799 70.030
1800 70.030
1801 70.030
1802 70.030
1803 70.030
1804 70.030
1805 70.030
1806 70.030
1807 70.030
1808 70.030
1809 70.030
1810 70.030
1811 69.508
1812 69.508
1813 69.508
1814 69.508
1815 69.508
1816 69.508
1817 69.508
1818 69.508
1819 69.508
1820 69.508
1821 69.508
1822 69.508
1823 69.508
1824 69.508
1825 69.508
1826 69.508
1827 69.508
1828 69.508
1829 69.508
1830 69.508
1831 69.508
1832 69.508
1833 69.508
1834 69.508
1835 69.508
1836 69.508
1837 69.508
1838 69.508
1839 69.508
1840 69.508
1841 69.508
1842 69.508
1843 69.508
1844 69.508
1845 69.508
1846 69.508
1847 69.508
1848 69.508
1849 69.508
1850 69.508
1851 69.508
1852 69.508
1853 69.508
1854 69.508
1855 69.508
1856 69.508
1857 69.508
1858 69.508
1859 69.508
1860 69.508
1861 69.508
1862 69.508
1863 69.508
1864 69.508
1865 69.508
1866 69.508
1867 69.508
1868 69.508
1869 70.414
1870 70.414
1871 70.414
1872 70.414
1873 70.414
1874 73.322
1875 73.322
1876 73.322
1877 73.322
1878 73.322
1879 73.322
1880 73.322
1881 73.322
1882 73.322
1883 73.322
1884 73.322
1885 73.322
1886 73.322
1887 73.322
1888 73.322
1889 73.322
1890 73.322
1891 73.322
1892 73.322
1893 73.322
1894 73.322
1895 73.322
1896 73.322
1897 73.322
1898 73.322
1899 73.322
1900 73.322
1901 73.322
1902 73.322
1903 73.322
1904 73.322
1905 73.322
1906 73.322
1907 73.322
1908 73.322
1909 73.322
1910 73.322
1911 73.322
1912 73.322
1913 73.322
1914 73.322
1915 73.322
1916 73.322
1917 73.322
1918 73.322
1919 73.322
1920 73.322
1921 73.322
1922 73.322
1923 73.322
1924 73.322
1925 73.322
1926 73.322
1927 73.322
1928 73.322
1929 73.322
1930 73.322
1931 73.322
1932 73.322
1933 73.322
1934 73.322
1935 73.322
1936 73.322
1937 73.322
1938 73.322
1939 73.322
1940 73.322
1941 73.322
1942 73.322
1943 73.322
1944 73.322
1945 73.322
1946 73.322
1947 73.322
1948 73.322
1949 73.322
1950 73.322
1951 73.322
1952 73.322
1953 73.322
1954 73.322
1955 73.322
1956 73.322
1957 73.322
1958 73.322
1959 73.322
1960 73.322
1961 73.322
1962 73.322
1963 73.322
1964 73.322
1965 73.322
1966 73.322
1967 73.322
1968 73.322
1969 73.322
1970 73.322
1971 73.322
1972 73.322
1973 73.322
1974 73.322
1975 73.322
1976 73.322
1977 73.322
1978 73.322
1979 73.322
1980 73.322
1981 73.322
1982 73.322
1983 73.322
1984 73.322
1985 73.322
1986 73.322
1987 73.322
1988 73.322
1989 73.322
1990 73.322
1991 73.322
1992 73.322
1993 73.322
1994 73.322
1995 73.322
1996 73.322
1997 73.322
1998 73.322
1999 73.322
2000 73.322
2001 73.322
2002 73.322
2003 73.322
2004 73.322
2005 73.322
2006 73.322
2007 73.322
2008 73.322
2009 73.322
2010 73.322
2011 73.322
2012 73.322
2013 73.322
2014 73.322
2015 73.322
2016 73.322
2017 73.322
2018 73.322
2019 73.322
2020 73.322
2021 73.322
2022 73.322
2023 73.322
2024 73.322
2025 73.322
2026 73.322
2027 73.322
2028 73.322
2029 73.322
2030 73.322
2031 73.322
2032 73.322
2033 73.322
2034 73.322
2035 73.322
2036 73.322
2037 73.322
2038 73.322
2039 73.322
2040 73.322
2041 73.322
2042 73.322
2043 73.322
2044 73.322
2045 73.322
2046 73.322
2047 73.322
2048 73.322
2049 73.322
2050 73.322
2051 73.322
2052 73.322
2053 73.322
2054 73.322
2055 73.322
2056 73.322
2057 73.322
2058 73.322
2059 73.322
2060 73.322
2061 73.322
2062 73.322
2063 73.322
2064 73.322
2065 73.322
2066 73.322
2067 73.322
2068 73.322
2069 73.322
2070 73.322
2071 73.322
2072 73.322
2073 73.322
2074 73.322
2075 73.322
2076 73.322
2077 73.322
2078 73.322
2079 73.322
2080 73.322
2081 73.322
2082 73.322
2083 73.322
2084 73.322
2085 73.322
2086 73.322
2087 73.322
2088 73.322
2089 73.322
2090 73.322
2091 73.322
2092 73.322
2093 73.322
2094 73.322
2095 73.322
2096 73.322
2097 73.322
2098 73.322
2099 73.322
2100 73.322
2101 73.322
2102 73.322
2103 73.322
2104 73.322
2105 73.322
2106 73.322
2107 73.322
2108 73.322
2109 73.322
2110 73.322
2111 76.935
2112 76.935
2113 76.935
2114 76.935
2115 76.935
2116 76.935
2117 76.935
2118 76.935
2119 76.935
2120 76.935
2121 76.935
2122 76.935
2123 76.935
2124 76.935
2125 76.935
2126 76.935
2127 76.935
2128 76.935
2129 76.935
2130 76.935
2131 76.935
2132 76.935
2133 76.935
2134 76.935
2135 76.935
2136 76.935
2137 76.935
2138 76.935
2139 76.935
2140 76.935
2141 76.935
2142 76.935
2143 76.935
2144 76.935
2145 76.935
2146 77.923
2147 77.923
2148 77.923
2149 77.923
2150 77.923
2151 77.923
2152 77.923
2153 77.923
2154 77.923
2155 77.923
2156 77.923
2157 77.923
2158 77.923
2159 77.923
2160 77.923
2161 77.923
2162 77.923
2163 77.923
2164 77.923
2165 77.923
2166 77.923
2167 77.923
2168 77.923
2169 77.923
2170 77.923
2171 77.923
2172 77.923
2173 77.923
2174 77.923
2175 77.923
2176 77.923
2177 77.923
2178 77.923
2179 77.923
2180 77.923
2181 77.923
2182 80.702
2183 80.702
2184 80.702
2185 80.702
2186 80.702
2187 80.702
2188 80.702
2189 80.702
2190 80.702
2191 80.702
2192 80.702
2193 80.702
2194 80.702
2195 80.702
2196 80.702
2197 80.702
2198 80.702
2199 80.702
2200 80.702
2201 80.702
2202 80.702
2203 80.702
2204 80.702
2205 80.702
2206 80.702
2207 80.702
2208 80.702
2209 80.702
2210 80.702
2211 80.702
2212 80.702
2213 80.702
2214 80.702
2215 80.702
2216 80.702
2217 80.702
2218 80.702
2219 80.702
2220 80.702
2221 80.702
2222 80.702
2223 80.702
2224 80.702
2225 80.702
2226 80.702
2227 80.702
2228 80.702
2229 80.702
2230 80.702
2231 80.702
2232 80.702
2233 80.702
2234 80.702
2235 80.702
2236 80.702
2237 80.702
2238 80.702
2239 80.702
2240 80.702
2241 80.702
2242 80.702
2243 80.702
2244 80.702
2245 80.702
2246 80.702
2247 80.702
2248 80.702
2249 80.702
2250 80.702
2251 80.702
2252 80.702
2253 80.702
2254 80.702
2255 80.702
2256 80.702
2257 80.702
2258 80.702
2259 80.702
2260 80.702
2261 80.702
2262 80.702
2263 80.702
2264 80.702
2265 80.702
2266 80.702
2267 80.702
2268 80.702
2269 80.702
2270 80.702
2271 80.702
2272 80.702
2273 80.702
2274 80.702
2275 80.702
2276 80.702
2277 80.702
2278 80.702
2279 80.702
2280 80.702
2281 80.702
2282 80.702
2283 80.702
2284 80.702
2285 80.702
2286 80.702
2287 80.702
2288 80.702
2289 80.702
2290 80.702
2291 80.702
2292 80.702
2293 80.702
2294 80.702
2295 80.702
2296 80.702
2297 80.702
2298 80.702
2299 80.702
2300 80.702
2301 80.702
2302 80.702
2303 80.702
2304 80.702
2305 80.702
2306 80.702
2307 80.702
2308 80.702
2309 80.702
2310 80.702
2311 80.702
2312 80.702
2313 80.702
2314 80.702
2315 80.702
2316 80.702
2317 80.702
2318 80.702
2319 80.702
2320 80.702
2321 80.702
2322 80.702
2323 80.702
2324 80.702
2325 80.702
2326 80.702
2327 80.702
2328 80.702
2329 80.702
2330 80.702
2331 80.702
2332 80.702
2333 80.702
2334 80.702
2335 80.702
2336 80.702
2337 80.702
2338 80.702
2339 80.702
2340 80.702
2341 80.702
2342 80.702
2343 80.702
2344 80.702
2345 80.702
2346 80.702
2347 80.702
2348 80.702
2349 80.702
2350 80.702
2351 80.702
2352 80.702
2353 80.702
2354 80.702
2355 80.702
2356 80.702
2357 80.702
2358 80.702
2359 80.702
2360 80.702
2361 80.702
2362 80.702
2363 80.702
2364 80.702
2365 80.702
2366 80.702
2367 80.702
2368 80.702
2369 80.702
2370 80.702
2371 80.702
2372 80.702
2373 80.702
2374 80.702
2375 80.702
2376 80.702
2377 80.702
2378 80.702
2379 80.702
2380 80.702
2381 80.702
2382 80.702
2383 80.702
2384 80.702
2385 80.702
2386 80.702
2387 80.702
2388 80.702
2389 80.702
2390 80.702
2391 80.702
2392 80.702
2393 80.702
2394 80.702
2395 80.702
2396 80.702
2397 80.702
2398 80.702
2399 80.702
2400 80.702
2401 80.702
2402 80.702
2403 80.702
2404 80.702
2405 80.702
2406 80.702
2407 80.702
2408 80.702
2409 80.702
2410 80.702
2411 80.702
2412 80.702
2413 80.702
2414 80.702
2415 80.702
2416 80.702
2417 80.702
2418 80.702
2419 80.702
2420 80.702
2421 80.702
2422 80.702
2423 80.702
2424 80.702
2425 80.702
2426 80.702
2427 80.702
2428 80.702
2429 80.702
2430 80.702
2431 80.702
2432 80.702
2433 80.702
2434 80.702
2435 80.702
2436 80.702
2437 80.702
2438 80.702
2439 80.702
2440 80.702
2441 80.702
2442 80.702
2443 80.702
2444 80.702
2445 80.702
2446 80.702
2447 80.702
2448 80.702
2449 80.702
2450 80.702
2451 80.702
2452 80.702
2453 80.702
2454 80.702
2455 80.702
2456 80.702
2457 80.702
2458 80.702
2459 80.702
2460 80.702
2461 80.702
2462 80.702
2463 80.702
2464 80.702
2465 80.702
2466 83.129
2467 83.129
2468 83.129
2469 83.129
2470 83.129
2471 83.129
2472 83.129
2473 83.129
2474 83.129
2475 83.129
2476 83.129
2477 83.129
2478 83.129
2479 83.129
2480 83.129
2481 83.129
2482 83.129
2483 83.129
2484 83.129
2485 83.129
2486 83.129
2487 83.129
2488 83.129
2489 83.129
2490 83.129
2491 83.129
2492 83.129
2493 83.129
2494 83.129
2495 83.129
2496 83.129
2497 83.129
2498 83.129
2499 83.129
2500 83.129
2501 83.129
2502 83.129
2503 83.129
2504 83.129
2505 83.129
2506 83.129
2507 83.129
2508 83.129
2509 83.129
2510 83.129
2511 83.129
2512 83.129
2513 83.129
2514 83.129
2515 83.129
2516 83.129
2517 83.129
2518 83.129
2519 83.129
2520 83.129
2521 83.129
2522 83.129
2523 83.129
2524 83.129
2525 83.129
2526 83.129
2527 83.129
2528 83.129
2529 83.129
2530 83.129
2531 83.129
2532 83.129
2533 83.129
2534 83.129
2535 83.129
2536 83.129
2537 83.129
2538 83.129
2539 83.129
2540 83.129
2541 83.129
2542 83.129
2543 83.129
2544 83.129
2545 83.129
2546 83.129
2547 83.129
2548 83.129
2549 83.129
2550 83.129
2551 67.851
2552 67.851
2553 67.851
2554 67.851
2555 67.851
2556 67.851
2557 67.851
2558 67.851
2559 67.851
2560 67.851
2561 67.851
2562 69.728
2563 69.728
2564 69.728
2565 69.728
2566 69.728
2567 69.728
2568 69.728
2569 69.728
2570 69.728
2571 69.728
2572 69.728
2573 69.728
2574 69.728
2575 69.728
2576 69.728
2577 69.728
2578 69.728
2579 69.728
2580 69.728
2581 69.728
2582 69.728
2583 69.728
2584 69.728
2585 69.728
2586 69.728
2587 69.728
2588 69.728
2589 69.728
2590 69.728
2591 69.728
2592 69.728
2593 69.728
2594 69.728
2595 69.728
2596 69.728
2597 69.728
2598 69.728
2599 69.728
2600 69.728
2601 69.728
2602 69.728
2603 69.728
2604 69.728
2605 69.728
2606 69.728
2607 69.728
2608 69.728
