1 19.698
2 20.825
3 20.980
4 20.980
5 20.980
6 20.955
7 21.197
8 21.197
9 21.197
10 21.435
11 21.644
12 21.660
13 21.812
14 21.937
15 22.054
16 22.054
17 22.054
18 22.054
19 22.265
20 22.394
21 22.493
22 22.493
23 22.617
24 22.617
25 22.617
26 22.800
27 22.800
28 22.777
29 22.777
30 22.777
31 22.823
32 23.024
33 23.143
34 23.143
35 23.275
36 23.275
37 23.275
38 23.275
39 23.291
40 23.291
41 23.291
42 23.414
43 23.414
44 23.588
45 23.473
46 23.473
47 23.473
48 23.570
49 23.730
50 23.810
51 24.032
52 24.032
53 23.963
54 23.963
55 23.963
56 23.911
57 23.911
58 24.025
59 24.025
60 24.161
61 24.161
62 24.161
63 24.161
64 24.061
65 24.061
66 24.061
67 24.287
68 24.287
69 24.287
70 24.424
71 24.644
72 24.644
73 24.688
74 24.688
75 24.834
76 24.834
77 25.325
78 25.278
79 25.278
80 25.439
81 25.439
82 25.439
83 25.477
84 25.477
85 25.610
86 25.610
87 25.610
88 25.817
89 25.986
90 26.376
91 26.812
92 26.890
93 26.912
94 27.048
95 27.048
96 27.334
97 27.334
98 27.334
99 27.563
100 27.563
101 27.563
102 27.563
103 27.563
104 27.563
105 27.563
106 27.563
107 27.563
108 27.563
109 27.673
110 27.841
111 27.841
112 27.841
113 28.293
114 28.115
115 27.950
116 28.197
117 28.513
118 28.513
119 28.513
120 28.672
121 28.672
122 28.672
123 28.672
124 28.852
125 28.855
126 28.855
127 28.855
128 28.965
129 28.965
130 28.965
131 28.965
132 28.965
133 28.965
134 29.172
135 29.511
136 29.613
137 29.613
138 29.613
139 29.707
140 29.925
141 29.925
142 29.925
143 29.925
144 29.594
145 29.594
146 29.594
147 29.594
148 29.709
149 29.709
150 29.709
151 29.747
152 29.747
153 29.747
154 29.747
155 29.747
156 29.747
157 29.747
158 29.747
159 29.747
160 29.671
161 29.671
162 29.714
163 29.714
164 29.714
165 29.714
166 29.714
167 29.921
168 29.921
169 30.247
170 30.247
171 30.247
172 29.979
173 29.963
174 29.963
175 30.475
176 30.475
177 30.475
178 30.475
179 30.529
180 30.822
181 30.822
182 30.902
183 30.925
184 31.236
185 31.236
186 31.236
187 31.236
188 31.236
189 31.380
190 31.380
191 31.118
192 31.118
193 31.000
194 31.000
195 31.183
196 31.183
197 31.183
198 31.183
199 31.183
200 31.341
201 31.341
202 31.341
203 31.647
204 31.647
205 32.032
206 32.258
207 32.258
208 32.258
209 32.258
210 32.258
211 32.258
212 32.258
213 32.287
214 32.287
215 32.461
216 32.461
217 32.461
218 32.461
219 32.461
220 32.461
221 32.922
222 33.388
223 33.388
224 33.388
225 33.388
226 33.388
227 33.388
228 33.388
229 33.388
230 33.388
231 33.388
232 33.388
233 33.388
234 33.388
235 33.388
236 33.632
237 33.632
238 33.767
239 33.767
240 33.767
241 33.584
242 33.519
243 33.519
244 33.519
245 33.519
246 33.519
247 33.519
248 33.519
249 33.860
250 34.190
251 34.702
252 34.702
253 34.688
254 34.688
255 34.688
256 34.688
257 34.688
258 34.688
259 34.688
260 34.688
261 34.688
262 34.896
263 34.896
264 34.896
265 35.182
266 34.421
267 34.421
268 34.209
269 34.209
270 34.209
271 34.209
272 34.209
273 34.209
274 34.417
275 34.417
276 34.273
277 35.020
278 35.020
279 34.964
280 35.408
281 35.408
282 35.408
283 35.408
284 35.656
285 35.656
286 35.656
287 35.656
288 35.656
289 35.656
290 35.656
291 35.656
292 35.656
293 35.656
294 35.656
295 35.656
296 35.656
297 35.656
298 35.874
299 35.874
300 36.206
301 36.206
302 36.206
303 36.206
304 36.488
305 36.488
306 36.488
307 36.488
308 36.488
309 36.488
310 36.488
311 36.488
312 36.644
313 36.315
314 36.315
315 36.315
316 36.315
317 36.189
318 35.850
319 36.066
320 36.066
321 35.918
322 35.918
323 35.918
324 35.918
325 35.918
326 35.918
327 35.918
328 35.918
329 35.918
330 35.918
331 35.918
332 35.918
333 35.918
334 35.918
335 35.918
336 35.918
337 35.918
338 35.918
339 35.918
340 35.918
341 35.918
342 35.918
343 35.918
344 36.101
345 36.101
346 36.101
347 36.101
348 36.101
349 36.101
350 36.244
351 36.244
352 36.244
353 37.005
354 37.005
355 37.005
356 37.005
357 37.005
358 37.380
359 37.662
360 37.662
361 37.662
362 37.662
363 37.125
364 37.125
365 37.125
366 37.125
367 37.125
368 37.125
369 37.125
370 37.125
371 37.125
372 37.125
373 37.125
374 37.178
375 37.306
376 37.684
377 37.684
378 37.684
379 37.950
380 38.280
381 38.280
382 38.280
383 38.280
384 38.431
385 38.431
386 38.787
387 38.787
388 38.787
389 38.787
390 38.787
391 38.787
392 38.787
393 38.787
394 38.787
395 38.787
396 38.787
397 38.787
398 38.787
399 39.012
400 39.012
401 39.158
402 39.158
403 39.158
404 39.158
405 39.158
406 39.158
407 39.158
408 39.158
409 39.158
410 39.158
411 39.158
412 39.158
413 39.158
414 39.158
415 39.710
416 39.710
417 40.157
418 40.157
419 40.779
420 41.633
421 41.633
422 41.633
423 41.633
424 41.633
425 41.633
426 41.633
427 41.633
428 41.633
429 41.633
430 41.633
431 41.633
432 41.633
433 41.633
434 41.633
435 41.633
436 41.633
437 41.740
438 41.740
439 41.740
440 41.740
441 41.740
442 41.740
443 41.505
444 41.505
445 41.505
446 41.505
447 41.505
448 41.505
449 41.505
450 41.505
451 42.061
452 42.061
453 42.061
454 42.061
455 42.303
456 42.303
457 42.303
458 42.303
459 42.949
460 42.949
461 42.949
462 42.949
463 42.949
464 42.949
465 42.949
466 42.949
467 42.949
468 42.949
469 42.949
470 42.949
471 42.949
472 42.949
473 42.949
474 42.949
475 42.949
476 42.949
477 42.949
478 42.949
479 42.949
480 42.949
481 42.949
482 42.949
483 42.949
484 42.949
485 42.949
486 42.949
487 42.949
488 43.726
489 43.726
490 43.726
491 43.726
492 43.726
493 43.726
494 43.997
495 43.997
496 43.997
497 43.997
498 43.997
499 43.997
500 43.997
501 43.997
502 44.380
503 44.777
504 44.777
505 44.777
506 44.777
507 44.777
508 44.777
509 44.777
510 44.777
511 44.777
512 44.777
513 44.777
514 45.175
515 45.721
516 45.721
517 45.721
518 45.721
519 45.721
520 45.721
521 45.721
522 45.721
523 45.721
524 45.721
525 45.721
526 45.721
527 45.721
528 45.721
529 45.721
530 45.721
531 45.721
532 45.721
533 45.721
534 45.721
535 45.721
536 45.721
537 45.721
538 45.721
539 45.721
540 45.721
541 45.721
542 45.721
543 45.721
544 45.721
545 45.721
546 45.721
547 45.721
548 45.721
549 45.721
550 45.641
551 45.641
552 45.641
553 45.641
554 45.641
555 45.641
556 45.641
557 45.641
558 45.641
559 45.641
560 45.641
561 45.641
562 45.641
563 45.641
564 45.641
565 45.641
566 45.641
567 45.641
568 45.641
569 45.641
570 45.641
571 45.641
572 45.641
573 46.933
574 46.933
575 46.933
576 46.933
577 46.933
578 47.060
579 47.060
580 47.548
581 47.548
582 47.548
583 47.548
584 47.665
585 47.665
586 47.665
587 47.665
588 47.665
589 47.665
590 47.665
591 47.665
592 47.665
593 47.665
594 47.665
595 47.665
596 47.665
597 47.665
598 47.665
599 47.665
600 47.665
601 47.665
602 47.665
603 46.859
604 46.859
605 46.859
606 46.859
607 47.377
608 47.377
609 47.377
610 47.377
611 47.377
612 47.377
613 47.377
614 47.377
615 47.377
616 47.377
617 47.377
618 47.377
619 47.406
620 47.406
621 47.406
622 47.406
623 47.406
624 47.406
625 47.406
626 47.406
627 47.406
628 47.406
629 47.406
630 47.406
631 47.406
632 47.406
633 47.406
634 47.406
635 47.406
636 47.406
637 47.406
638 47.406
639 47.406
640 47.406
641 47.406
642 47.406
643 47.406
644 47.406
645 47.406
646 47.406
647 47.406
648 47.406
649 47.406
650 47.406
651 47.406
652 47.406
653 47.406
654 47.406
655 47.406
656 47.406
657 47.406
658 47.406
659 47.406
660 47.406
661 47.406
662 47.406
663 47.406
664 47.406
665 47.406
666 47.406
667 47.406
668 47.406
669 47.406
670 47.406
671 47.406
672 47.098
673 47.098
674 47.098
675 47.098
676 47.098
677 47.098
678 47.098
679 47.098
680 47.098
681 47.098
682 47.098
683 47.098
684 47.098
685 47.098
686 47.098
687 47.098
688 47.098
689 47.098
690 47.098
691 47.098
692 47.098
693 47.098
694 47.098
695 47.098
696 47.098
697 47.098
698 47.098
699 47.098
700 47.281
701 47.281
702 47.281
703 47.281
704 47.281
705 47.281
706 47.281
707 47.281
708 46.798
709 46.798
710 47.281
711 47.281
712 47.281
713 47.281
714 47.281
715 47.281
716 47.281
717 47.281
718 47.281
719 47.059
720 47.059
721 47.059
722 47.838
723 47.838
724 47.838
725 47.838
726 47.838
727 47.838
728 47.345
729 47.345
730 47.345
731 47.345
732 47.345
733 47.345
734 47.345
735 47.345
736 47.345
737 47.345
738 47.345
739 47.345
740 47.414
741 47.414
742 47.414
743 47.414
744 47.414
745 47.414
746 47.414
747 47.414
748 47.414
749 48.279
750 48.279
751 48.279
752 48.279
753 48.279
754 48.279
755 48.279
756 48.279
757 48.279
758 48.279
759 48.279
760 49.097
761 49.097
762 49.097
763 49.097
764 49.097
765 49.097
766 49.097
767 49.097
768 49.097
769 49.097
770 49.097
771 49.097
772 49.097
773 49.097
774 49.097
775 49.097
776 49.097
777 49.097
778 49.097
779 49.097
780 49.097
781 49.097
782 49.097
783 49.097
784 49.097
785 49.097
786 49.097
787 49.097
788 49.097
789 49.386
790 49.386
791 49.386
792 49.386
793 49.386
794 49.386
795 49.386
796 49.386
797 49.386
798 49.386
799 50.244
800 50.244
801 51.024
802 51.024
803 51.024
804 51.024
805 52.316
806 52.316
807 52.316
808 52.316
809 52.316
810 52.316
811 52.316
812 52.316
813 52.316
814 52.316
815 52.316
816 52.316
817 52.316
818 51.736
819 51.736
820 51.736
821 51.736
822 51.736
823 51.736
824 51.736
825 51.736
826 51.736
827 51.736
828 51.736
829 51.736
830 51.736
831 51.736
832 51.736
833 51.736
834 51.736
835 51.736
836 51.736
837 51.736
838 51.736
839 51.736
840 51.736
841 51.736
842 51.736
843 51.736
844 51.736
845 51.736
846 51.736
847 51.736
848 51.736
849 52.030
850 52.030
851 52.030
852 52.030
853 52.030
854 52.030
855 52.030
856 52.030
857 52.030
858 52.030
859 52.030
860 52.030
861 52.030
862 52.030
863 52.030
864 52.030
865 52.030
866 52.030
867 52.030
868 52.030
869 52.030
870 52.030
871 52.030
872 53.000
873 53.000
874 53.000
875 53.000
876 53.000
877 53.000
878 53.000
879 53.000
880 53.000
881 53.000
882 53.000
883 53.000
884 53.000
885 53.000
886 53.000
887 53.000
888 53.000
889 53.000
890 53.000
891 53.000
892 53.000
893 53.000
894 53.000
895 53.000
896 53.000
897 53.000
898 53.000
899 53.000
900 53.000
901 53.000
902 53.000
903 53.000
904 53.000
905 53.000
906 53.000
907 53.000
908 53.000
909 52.741
910 52.741
911 52.741
912 52.741
913 52.741
914 52.741
915 52.741
916 52.741
917 52.741
918 52.741
919 52.741
920 52.741
921 52.741
922 52.741
923 52.741
924 52.677
925 52.677
926 52.677
927 52.677
928 52.677
929 52.677
930 51.613
931 51.613
932 51.613
933 51.613
934 51.613
935 51.613
936 51.613
937 51.613
938 51.613
939 51.613
940 51.613
941 51.613
942 51.613
943 51.613
944 51.613
945 51.613
946 51.613
947 51.613
948 51.613
949 51.613
950 51.613
951 51.613
952 51.613
953 51.613
954 51.613
955 51.666
956 51.666
957 51.666
958 51.666
959 51.666
960 51.666
961 51.666
962 51.666
963 51.666
964 51.666
965 51.666
966 51.666
967 51.666
968 51.666
969 51.666
970 51.666
971 51.666
972 51.666
973 51.666
974 51.666
975 51.666
976 51.666
977 51.666
978 51.666
979 51.666
980 51.666
981 51.666
982 51.666
983 51.666
984 51.666
985 52.810
986 52.810
987 52.810
988 52.810
989 52.810
990 52.810
991 52.810
992 52.207
993 52.207
994 52.207
995 52.207
996 52.207
997 52.207
998 52.207
999 52.207
1000 52.207
1001 52.207
1002 52.207
1003 52.207
1004 52.207
1005 52.207
1006 52.207
1007 52.207
1008 52.207
1009 52.207
1010 52.207
1011 52.207
1012 52.207
1013 52.054
1014 52.054
1015 51.795
1016 51.795
1017 51.795
1018 51.795
1019 51.795
1020 51.795
1021 51.179
1022 51.179
1023 51.179
1024 51.179
1025 51.179
1026 51.179
1027 51.179
1028 51.179
1029 51.179
1030 51.179
1031 52.287
1032 52.287
1033 52.287
1034 52.287
1035 52.287
1036 52.287
1037 52.287
1038 52.287
1039 52.287
1040 52.287
1041 52.287
1042 52.287
1043 52.287
1044 52.287
1045 52.287
1046 52.287
1047 52.287
1048 52.287
1049 52.287
1050 52.287
1051 52.287
1052 52.287
1053 52.287
1054 52.287
1055 52.287
1056 52.287
1057 52.287
1058 52.287
1059 52.287
1060 52.287
1061 52.287
1062 52.287
1063 52.287
1064 52.287
1065 52.287
1066 52.287
1067 52.287
1068 52.287
1069 52.287
1070 52.287
1071 52.287
1072 52.287
1073 52.287
1074 52.287
1075 52.287
1076 52.624
1077 52.624
1078 52.624
1079 52.624
1080 52.624
1081 52.624
1082 52.624
1083 52.624
1084 52.624
1085 52.624
1086 52.624
1087 52.624
1088 52.624
1089 52.624
1090 52.624
1091 51.190
1092 51.190
1093 52.273
1094 52.273
1095 52.273
1096 52.273
1097 52.273
1098 52.273
1099 52.273
1100 52.273
1101 52.273
1102 52.273
1103 52.273
1104 52.273
1105 52.273
1106 52.273
1107 52.273
1108 52.273
1109 52.273
1110 52.273
1111 52.273
1112 52.273
1113 52.273
1114 52.273
1115 52.273
1116 53.435
1117 53.435
1118 53.435
1119 53.435
1120 53.435
1121 53.435
1122 53.435
1123 54.566
1124 54.566
1125 54.566
1126 54.566
1127 54.566
1128 54.566
1129 54.566
1130 54.566
1131 54.566
1132 54.566
1133 54.566
1134 54.566
1135 54.566
1136 54.566
1137 54.566
1138 54.566
1139 54.566
1140 54.566
1141 54.566
1142 54.566
1143 54.566
1144 54.566
1145 54.566
1146 54.566
1147 54.566
1148 54.566
1149 54.566
1150 54.566
1151 54.566
1152 54.566
1153 54.566
1154 54.566
1155 54.566
1156 54.830
1157 54.830
1158 54.830
1159 54.830
1160 54.830
1161 54.830
1162 54.830
1163 54.830
1164 54.830
1165 54.830
1166 54.727
1167 54.727
1168 54.727
1169 54.727
1170 54.727
1171 54.727
1172 54.727
1173 54.727
1174 54.727
1175 54.727
1176 54.727
1177 54.727
1178 54.727
1179 54.727
1180 54.727
1181 54.727
1182 54.727
1183 54.727
1184 54.727
1185 54.727
1186 54.727
1187 54.727
1188 54.727
1189 54.727
1190 54.727
1191 54.727
1192 54.727
1193 54.727
1194 54.727
1195 54.727
1196 54.727
1197 54.727
1198 54.727
1199 54.727
1200 54.727
1201 54.727
1202 54.665
1203 54.665
1204 54.665
1205 54.665
1206 54.665
1207 54.665
1208 54.665
1209 54.665
1210 54.665
1211 54.665
1212 54.665
1213 54.665
1214 54.665
1215 54.665
1216 54.665
1217 54.665
1218 54.665
1219 54.665
1220 56.201
1221 56.201
1222 56.201
1223 56.201
1224 56.201
1225 56.201
1226 56.201
1227 56.201
1228 56.201
1229 56.201
1230 56.201
1231 56.201
1232 56.201
1233 56.201
1234 56.201
1235 56.201
1236 56.201
1237 57.988
1238 57.988
1239 57.988
1240 57.988
1241 57.988
1242 57.988
1243 57.988
1244 57.988
1245 57.988
1246 57.988
1247 57.988
1248 57.988
1249 57.988
1250 57.988
1251 57.988
1252 57.988
1253 57.988
1254 57.988
1255 56.523
1256 56.523
1257 56.523
1258 56.523
1259 56.523
1260 56.523
1261 56.523
1262 57.855
1263 57.855
1264 57.855
1265 57.855
1266 57.855
1267 57.855
1268 57.855
1269 57.855
1270 57.855
1271 57.855
1272 57.855
1273 57.855
1274 57.855
1275 57.855
1276 57.855
1277 57.855
1278 57.855
1279 57.855
1280 57.855
1281 57.855
1282 57.855
1283 57.855
1284 57.855
1285 57.855
1286 57.855
1287 57.855
1288 57.855
1289 57.855
1290 57.855
1291 57.855
1292 57.855
1293 57.855
1294 57.855
1295 57.855
1296 57.855
1297 57.855
1298 57.855
1299 57.855
1300 57.855
1301 57.855
1302 57.855
1303 57.855
1304 57.855
1305 59.859
1306 59.859
1307 59.859
1308 59.859
1309 59.859
1310 59.859
1311 59.859
1312 61.615
1313 61.615
1314 61.615
1315 61.615
1316 61.615
1317 61.615
1318 61.615
1319 61.615
1320 61.615
1321 61.615
1322 61.615
1323 61.615
1324 61.615
1325 61.615
1326 61.615
1327 61.615
1328 61.615
1329 61.615
1330 61.615
1331 61.615
1332 61.615
1333 61.615
1334 61.615
1335 61.615
1336 61.615
1337 61.615
1338 61.615
1339 61.615
1340 61.615
1341 61.615
1342 61.615
1343 61.615
1344 61.615
1345 61.615
1346 61.615
1347 61.615
1348 61.615
1349 61.615
1350 61.615
1351 61.615
1352 61.615
1353 61.615
1354 61.615
1355 61.615
1356 61.615
1357 61.615
1358 61.615
1359 61.615
1360 61.615
1361 61.615
1362 61.615
1363 61.615
1364 61.615
1365 61.615
1366 61.615
1367 61.615
1368 61.615
1369 61.615
1370 61.615
1371 61.615
1372 61.615
1373 61.615
1374 61.615
1375 61.615
1376 61.615
1377 61.615
1378 61.615
1379 61.615
1380 61.615
1381 61.615
1382 61.615
1383 61.615
1384 61.615
1385 61.615
1386 61.615
1387 61.615
1388 61.615
1389 61.615
1390 61.615
1391 61.615
1392 61.615
1393 61.615
1394 61.615
1395 61.615
1396 61.615
1397 61.615
1398 61.615
1399 61.615
1400 61.615
1401 61.615
1402 61.615
1403 61.615
1404 61.615
1405 61.615
1406 61.615
1407 61.615
1408 61.615
1409 61.615
1410 61.615
1411 61.615
1412 61.615
1413 62.894
1414 62.894
1415 62.894
1416 62.894
1417 62.894
1418 62.894
1419 62.894
1420 62.894
1421 62.894
1422 62.894
1423 62.894
1424 62.894
1425 62.894
1426 62.894
1427 62.894
1428 62.894
1429 62.894
1430 62.894
1431 62.894
1432 62.894
1433 62.894
1434 62.894
1435 62.894
1436 62.894
1437 64.372
1438 64.372
1439 64.372
1440 66.337
1441 66.337
1442 66.337
1443 66.337
1444 66.337
1445 66.337
1446 66.337
1447 66.337
1448 66.337
1449 66.337
1450 66.337
1451 67.716
1452 67.716
1453 67.716
1454 67.716
1455 67.716
1456 67.716
1457 67.716
1458 67.716
1459 67.716
1460 67.716
1461 67.716
1462 67.716
1463 67.716
1464 67.716
1465 67.716
1466 67.716
1467 67.716
1468 67.716
1469 67.716
1470 67.716
1471 67.716
1472 67.716
1473 67.716
1474 67.716
1475 67.716
1476 67.716
1477 67.716
1478 67.716
1479 67.716
1480 67.716
1481 67.716
1482 67.716
1483 67.716
1484 67.716
1485 67.716
1486 67.716
1487 67.716
1488 67.716
1489 67.716
1490 67.716
1491 67.716
1492 67.716
1493 67.716
1494 67.716
1495 67.716
1496 67.716
1497 67.716
1498 67.716
1499 67.716
1500 67.716
1501 67.716
1502 67.716
1503 67.716
1504 67.716
1505 67.716
1506 67.716
1507 69.717
1508 69.717
1509 69.717
1510 69.717
1511 69.717
1512 69.717
1513 69.717
1514 69.717
1515 69.717
1516 69.717
1517 69.717
1518 69.717
1519 69.717
1520 72.270
1521 72.270
1522 72.270
1523 72.270
1524 72.270
1525 72.270
1526 72.270
1527 72.270
1528 72.270
1529 72.270
1530 72.270
1531 72.270
1532 72.270
1533 72.270
1534 72.270
1535 72.270
1536 72.270
1537 72.270
1538 72.270
1539 72.270
1540 72.270
1541 72.270
1542 72.270
1543 72.270
1544 72.270
1545 72.270
1546 72.270
1547 72.270
1548 72.270
1549 72.270
1550 72.270
1551 72.270
1552 72.270
1553 72.270
1554 72.270
1555 72.270
1556 72.270
1557 72.270
1558 72.270
1559 72.270
1560 72.270
1561 72.270
1562 72.270
1563 72.270
1564 72.270
1565 72.270
1566 72.270
1567 72.270
1568 72.270
1569 72.270
1570 72.270
1571 72.270
1572 72.270
1573 72.270
1574 72.270
1575 72.270
1576 72.270
1577 72.270
1578 72.270
1579 74.916
1580 74.916
1581 74.916
1582 74.916
1583 74.916
1584 77.773
1585 77.773
1586 77.773
1587 77.773
1588 77.773
1589 77.773
1590 77.773
1591 77.773
1592 77.773
1593 77.773
1594 77.773
1595 77.773
1596 77.773
1597 77.773
1598 77.773
1599 77.773
1600 77.773
1601 77.773
1602 77.773
1603 77.773
1604 77.773
1605 77.773
1606 77.773
1607 77.773
1608 77.773
1609 77.773
1610 77.773
1611 77.773
1612 77.773
1613 77.773
1614 77.773
1615 77.773
1616 77.773
1617 77.773
1618 77.773
1619 77.773
1620 77.773
1621 77.773
1622 77.773
1623 77.773
1624 77.773
1625 77.773
1626 77.773
1627 77.773
1628 77.773
1629 77.773
1630 77.773
1631 77.773
1632 77.773
1633 77.773
1634 77.773
1635 77.773
1636 79.447
1637 79.447
1638 79.447
1639 79.447
1640 79.447
1641 79.447
1642 79.447
1643 79.447
1644 79.447
1645 79.447
1646 79.447
1647 79.447
1648 79.447
1649 79.447
1650 79.447
1651 79.447
1652 79.447
1653 79.447
1654 79.447
1655 79.447
1656 79.447
1657 79.447
1658 79.447
1659 79.447
1660 79.447
1661 79.447
1662 79.447
1663 79.447
1664 79.447
1665 79.447
1666 79.447
1667 79.447
1668 80.320
1669 80.320
1670 83.138
1671 83.138
1672 83.138
1673 83.138
1674 83.138
1675 83.138
1676 86.745
1677 86.745
1678 86.745
1679 86.745
1680 86.745
1681 86.745
1682 86.745
1683 86.745
1684 86.745
1685 86.745
1686 86.745
1687 86.745
1688 86.745
1689 86.745
1690 86.745
1691 86.745
1692 86.745
1693 86.745
1694 86.745
1695 86.745
1696 86.745
1697 86.745
1698 86.745
1699 86.745
1700 86.745
1701 86.745
1702 86.745
1703 86.745
1704 86.745
1705 86.745
1706 86.745
1707 86.745
1708 86.745
1709 86.745
1710 86.745
1711 86.745
1712 86.745
1713 86.745
1714 86.745
1715 86.745
1716 86.745
1717 86.745
1718 86.745
1719 86.745
1720 86.745
1721 86.745
1722 86.745
1723 86.745
1724 86.745
1725 86.745
1726 86.745
1727 86.745
1728 86.745
1729 86.745
1730 86.745
1731 86.745
1732 86.745
1733 86.745
1734 86.745
1735 86.745
1736 86.745
1737 86.745
1738 86.745
1739 86.745
1740 86.745
1741 86.745
1742 86.745
1743 86.745
1744 86.745
1745 86.745
1746 86.745
1747 86.745
1748 86.745
1749 86.745
1750 86.745
1751 86.745
1752 86.745
1753 86.745
1754 86.745
1755 86.745
1756 86.745
1757 86.745
1758 86.745
1759 86.745
1760 86.745
1761 86.745
1762 86.745
1763 86.745
1764 86.745
1765 86.745
1766 86.745
1767 86.745
1768 86.745
1769 86.745
1770 86.745
1771 86.745
1772 86.745
1773 86.745
1774 86.745
1775 86.745
1776 86.745
1777 86.745
1778 86.745
1779 86.745
1780 86.745
1781 86.745
1782 86.745
1783 86.745
1784 86.745
1785 86.745
1786 86.745
1787 86.745
1788 86.745
1789 86.745
1790 86.745
1791 86.745
1792 86.745
1793 86.745
1794 86.745
1795 86.745
1796 86.745
1797 86.745
1798 90.558
1799 90.558
1800 90.558
1801 90.558
1802 90.558
1803 90.558
1804 90.558
1805 90.558
1806 90.558
1807 90.558
1808 90.558
1809 90.558
1810 90.558
1811 87.980
1812 87.980
1813 87.980
1814 87.980
1815 87.980
1816 87.980
1817 87.980
1818 87.980
1819 87.980
1820 87.980
1821 87.980
1822 87.980
1823 87.980
1824 87.980
1825 87.980
1826 87.980
1827 87.980
1828 87.980
1829 87.980
1830 87.980
1831 87.980
1832 87.980
1833 87.980
1834 87.980
1835 87.980
1836 87.980
1837 87.980
1838 87.980
1839 87.980
1840 87.980
1841 87.980
1842 87.980
1843 87.980
1844 87.980
1845 87.980
1846 87.980
1847 87.980
1848 87.980
1849 87.980
1850 87.980
1851 87.980
1852 87.980
1853 87.980
1854 87.980
1855 87.980
1856 87.980
1857 87.980
1858 87.980
1859 87.980
1860 87.980
1861 87.980
1862 87.980
1863 87.980
1864 87.980
1865 87.980
1866 87.980
1867 87.980
1868 87.980
1869 87.986
1870 87.986
1871 87.986
1872 87.986
1873 87.986
1874 89.043
1875 89.043
1876 89.043
1877 89.043
1878 89.043
1879 89.043
1880 89.043
1881 89.043
1882 89.043
1883 89.043
1884 89.043
1885 89.043
1886 89.043
1887 89.043
1888 89.043
1889 89.043
1890 89.043
1891 89.043
1892 89.043
1893 89.043
1894 89.043
1895 89.043
1896 89.043
1897 89.043
1898 89.043
1899 89.043
1900 89.043
1901 89.043
1902 89.043
1903 89.043
1904 89.043
1905 89.043
1906 89.043
1907 89.043
1908 89.043
1909 89.043
1910 89.043
1911 89.043
1912 89.043
1913 89.043
1914 89.043
1915 89.043
1916 89.043
1917 89.043
1918 89.043
1919 89.043
1920 89.043
1921 89.043
1922 89.043
1923 89.043
1924 89.043
1925 89.043
1926 89.043
1927 89.043
1928 89.043
1929 89.043
1930 89.043
1931 89.043
1932 89.043
1933 89.043
1934 89.043
1935 89.043
1936 89.043
1937 89.043
1938 89.043
1939 89.043
1940 89.043
1941 89.043
1942 89.043
1943 89.043
1944 89.043
1945 89.043
1946 89.043
1947 89.043
1948 89.043
1949 89.043
1950 89.043
1951 89.043
1952 89.043
1953 89.043
1954 89.043
1955 89.043
1956 89.043
1957 89.043
1958 89.043
1959 89.043
1960 89.043
1961 89.043
1962 89.043
1963 89.043
1964 89.043
1965 89.043
1966 89.043
1967 89.043
1968 89.043
1969 89.043
1970 89.043
1971 89.043
1972 89.043
1973 89.043
1974 89.043
1975 89.043
1976 89.043
1977 89.043
1978 89.043
1979 89.043
1980 89.043
1981 89.043
1982 89.043
1983 89.043
1984 89.043
1985 89.043
1986 89.043
1987 89.043
1988 89.043
1989 89.043
1990 89.043
1991 89.043
1992 89.043
1993 89.043
1994 89.043
1995 89.043
1996 89.043
1997 89.043
1998 89.043
1999 89.043
2000 89.043
2001 89.043
2002 89.043
2003 89.043
2004 89.043
2005 89.043
2006 89.043
2007 89.043
2008 89.043
2009 89.043
2010 89.043
2011 89.043
2012 89.043
2013 89.043
2014 89.043
2015 89.043
2016 89.043
2017 89.043
2018 89.043
2019 89.043
2020 89.043
2021 89.043
2022 91.723
2023 91.723
2024 91.723
2025 91.723
2026 91.723
2027 91.723
2028 91.723
2029 91.723
2030 91.723
2031 91.723
2032 91.723
2033 91.723
2034 91.723
2035 91.723
2036 91.723
2037 91.723
2038 91.723
2039 91.723
2040 91.723
2041 91.723
2042 91.723
2043 91.723
2044 91.723
2045 91.723
2046 91.723
2047 91.723
2048 91.723
2049 91.723
2050 91.723
2051 91.723
2052 91.723
2053 91.723
2054 91.723
2055 91.723
2056 91.723
2057 91.723
2058 91.723
2059 91.723
2060 91.723
2061 91.723
2062 91.723
2063 91.723
2064 91.723
2065 91.723
2066 91.723
2067 91.723
2068 91.723
2069 91.723
2070 91.723
2071 91.723
2072 91.723
2073 91.723
2074 91.723
2075 91.723
2076 91.723
2077 91.723
2078 91.723
2079 91.723
2080 91.723
2081 91.723
2082 91.723
2083 91.723
2084 91.723
2085 91.723
2086 91.723
2087 91.723
2088 91.723
2089 91.723
2090 91.723
2091 91.723
2092 91.723
2093 91.723
2094 91.723
2095 91.723
2096 91.723
2097 91.723
2098 91.723
2099 91.723
2100 91.723
2101 91.723
2102 91.723
2103 91.723
2104 91.723
2105 91.723
2106 91.723
2107 91.723
2108 91.723
2109 91.723
2110 91.723
2111 93.284
2112 93.284
2113 93.284
2114 93.284
2115 93.284
2116 93.284
2117 93.284
2118 93.284
2119 93.284
2120 93.284
2121 93.284
2122 93.284
2123 93.284
2124 93.284
2125 93.284
2126 93.284
2127 93.284
2128 93.284
2129 93.284
2130 93.284
2131 93.284
2132 93.284
2133 93.284
2134 93.284
2135 93.284
2136 93.284
2137 93.284
2138 93.284
2139 93.284
2140 93.284
2141 93.284
2142 93.284
2143 93.284
2144 93.284
2145 93.284
2146 92.182
2147 92.182
2148 92.182
2149 92.182
2150 92.182
2151 92.182
2152 92.182
2153 92.182
2154 92.182
2155 92.182
2156 92.182
2157 92.182
2158 92.182
2159 92.182
2160 92.182
2161 92.182
2162 92.182
2163 92.182
2164 92.182
2165 92.182
2166 92.182
2167 92.182
2168 92.182
2169 92.182
2170 92.182
2171 92.182
2172 92.182
2173 92.182
2174 92.182
2175 92.182
2176 92.182
2177 92.182
2178 92.182
2179 92.182
2180 92.182
2181 92.182
2182 94.720
2183 94.720
2184 94.720
2185 94.720
2186 94.720
2187 94.720
2188 94.720
2189 94.720
2190 94.720
2191 94.720
2192 94.720
2193 94.720
2194 94.720
2195 94.720
2196 94.720
2197 94.720
2198 94.720
2199 94.720
2200 94.720
2201 94.720
2202 94.720
2203 94.720
2204 94.720
2205 94.720
2206 94.720
2207 94.720
2208 94.720
2209 94.720
2210 94.720
2211 94.720
2212 94.720
2213 94.720
2214 94.720
2215 94.720
2216 94.720
2217 94.720
2218 94.720
2219 94.720
2220 94.720
2221 94.720
2222 94.720
2223 94.720
2224 94.720
2225 94.720
2226 94.720
2227 94.720
2228 94.720
2229 94.720
2230 94.720
2231 94.720
2232 94.720
2233 94.720
2234 94.720
2235 94.720
2236 94.720
2237 94.720
2238 94.720
2239 94.720
2240 94.720
2241 94.720
2242 94.720
2243 94.720
2244 94.720
2245 94.720
2246 94.720
2247 94.720
2248 94.720
2249 94.720
2250 94.720
2251 94.720
2252 94.720
2253 94.720
2254 94.720
2255 94.720
2256 94.720
2257 94.720
2258 94.720
2259 94.720
2260 94.720
2261 94.720
2262 94.720
2263 94.720
2264 94.720
2265 94.720
2266 94.720
2267 94.720
2268 94.720
2269 94.720
2270 94.720
2271 94.720
2272 94.720
2273 94.720
2274 94.720
2275 94.720
2276 94.720
2277 94.720
2278 94.720
2279 94.720
2280 94.720
2281 94.720
2282 94.720
2283 94.720
2284 94.720
2285 94.720
2286 94.720
2287 94.720
2288 94.720
2289 94.720
2290 94.720
2291 94.720
2292 94.720
2293 94.720
2294 94.720
2295 94.720
2296 94.720
2297 94.720
2298 94.720
2299 94.720
2300 94.720
2301 94.720
2302 94.720
2303 94.720
2304 94.720
2305 94.720
2306 94.720
2307 94.720
2308 94.720
2309 94.720
2310 94.720
2311 94.720
2312 94.720
2313 94.720
2314 94.720
2315 94.720
2316 94.720
2317 94.720
2318 94.720
2319 99.079
2320 99.079
2321 99.079
2322 99.079
2323 99.079
2324 99.079
2325 99.079
2326 99.079
2327 99.079
2328 99.079
2329 99.079
2330 99.079
2331 99.079
2332 99.079
2333 99.079
2334 99.079
2335 99.079
2336 99.079
2337 99.079
2338 99.079
2339 99.079
2340 99.079
2341 99.079
2342 99.079
2343 99.079
2344 99.079
2345 99.079
2346 99.079
2347 99.079
2348 99.079
2349 99.079
2350 99.079
2351 99.079
2352 99.079
2353 99.079
2354 99.079
2355 99.079
2356 99.079
2357 99.079
2358 99.079
2359 99.079
2360 99.079
2361 99.079
2362 99.079
2363 99.079
2364 99.079
2365 99.079
2366 99.079
2367 99.079
2368 99.079
2369 99.079
2370 99.079
2371 99.079
2372 99.079
2373 99.079
2374 99.079
2375 99.079
2376 99.079
2377 99.079
2378 99.079
2379 99.079
2380 99.079
2381 99.079
2382 99.079
2383 99.079
2384 99.079
2385 99.079
2386 99.079
2387 99.079
2388 99.079
2389 99.079
2390 99.079
2391 99.079
2392 99.079
2393 99.079
2394 99.079
2395 99.079
2396 99.079
2397 99.079
2398 99.079
2399 99.079
2400 99.079
2401 99.079
2402 99.079
2403 99.079
2404 99.079
2405 99.079
2406 99.079
2407 99.079
2408 99.079
2409 99.079
2410 99.079
2411 99.079
2412 99.079
2413 99.079
2414 99.079
2415 99.079
2416 99.079
2417 99.079
2418 99.079
2419 99.079
2420 99.079
2421 99.079
2422 99.079
2423 99.079
2424 99.079
2425 99.079
2426 99.079
2427 99.079
2428 99.079
2429 99.079
2430 99.079
2431 99.079
2432 99.079
2433 99.079
2434 99.079
2435 99.079
2436 99.079
2437 99.079
2438 99.079
2439 99.079
2440 99.079
2441 99.079
2442 99.079
2443 99.079
2444 99.079
2445 99.079
2446 99.079
2447 99.079
2448 99.079
2449 99.079
2450 99.079
2451 99.075
2452 99.075
2453 99.075
2454 99.075
2455 99.075
2456 99.075
2457 99.075
2458 99.075
2459 99.075
2460 99.075
2461 99.075
2462 99.075
2463 99.075
2464 99.075
2465 99.075
2466 99.414
2467 99.414
2468 99.414
2469 99.414
2470 99.414
2471 99.414
2472 99.414
2473 99.414
2474 99.414
2475 99.414
2476 99.414
2477 99.414
2478 99.414
2479 99.414
2480 99.414
2481 99.414
2482 99.414
2483 99.414
2484 99.414
2485 99.414
2486 99.414
2487 99.414
2488 99.414
2489 99.414
2490 99.414
2491 99.414
2492 99.414
2493 99.414
2494 99.414
2495 99.414
2496 99.414
2497 99.414
2498 99.414
2499 99.414
2500 99.414
2501 99.414
2502 99.414
2503 99.414
2504 99.414
2505 99.414
2506 99.414
2507 99.414
2508 99.414
2509 99.414
2510 99.414
2511 99.414
2512 99.414
2513 99.414
2514 99.414
2515 99.414
2516 99.414
2517 99.414
2518 99.414
2519 99.414
2520 99.414
2521 99.414
2522 99.414
2523 99.414
2524 99.414
2525 99.414
2526 99.414
2527 99.414
2528 99.414
2529 99.414
2530 99.414
2531 99.414
2532 99.414
2533 99.414
2534 99.414
2535 99.414
2536 99.414
2537 99.414
2538 99.414
2539 99.414
2540 99.414
2541 99.414
2542 99.414
2543 99.414
2544 99.414
2545 99.414
2546 99.414
2547 99.414
2548 99.414
2549 99.414
2550 99.414
2551 88.012
2552 88.012
2553 88.012
2554 88.012
2555 88.012
2556 88.012
2557 88.012
2558 88.012
2559 88.012
2560 88.012
2561 88.012
2562 88.019
2563 88.019
2564 88.019
2565 88.019
2566 88.019
2567 88.019
2568 88.019
2569 88.019
2570 88.019
2571 88.019
2572 88.019
2573 88.019
2574 88.019
2575 88.019
2576 88.019
2577 88.019
2578 88.019
2579 88.019
2580 88.019
2581 88.019
2582 88.019
2583 88.019
2584 88.019
2585 88.019
2586 88.019
2587 88.019
2588 88.019
2589 88.019
2590 88.019
2591 88.019
2592 88.019
2593 88.019
2594 88.019
2595 88.019
2596 88.019
2597 88.019
2598 88.019
2599 88.019
2600 88.019
2601 88.019
2602 88.019
2603 88.019
2604 88.019
2605 88.019
2606 88.019
2607 88.019
2608 88.019
2609 89.631
2610 89.631
2611 89.631
2612 89.631
2613 89.631
2614 89.631
2615 89.631
2616 89.631
2617 89.631
2618 89.631
2619 89.631
2620 89.631
2621 89.631
2622 89.631
2623 89.631
2624 89.631
2625 89.631
2626 89.631
2627 89.631
2628 89.631
2629 89.631
2630 89.631
2631 89.631
2632 89.631
2633 89.631
2634 89.631
2635 89.631
2636 89.631
2637 89.631
2638 89.631
2639 89.631
2640 89.631
2641 89.631
2642 89.631
2643 89.631
2644 89.631
2645 89.631
2646 89.631
2647 89.631
2648 89.631
2649 89.631
2650 89.631
2651 89.631
2652 89.631
2653 89.631
2654 89.631
2655 89.631
2656 89.631
2657 89.631
2658 89.631
2659 89.631
2660 89.631
2661 89.631
2662 89.631
2663 93.367
2664 93.367
2665 93.367
2666 93.367
2667 93.367
2668 93.367
2669 93.367
2670 93.367
2671 93.367
2672 93.367
2673 93.367
2674 93.367
2675 93.367
2676 93.367
2677 93.367
2678 93.367
2679 93.367
2680 93.367
2681 93.367
2682 93.367
2683 93.367
2684 93.367
2685 93.367
2686 93.367
2687 93.367
2688 93.367
2689 93.367
2690 93.367
2691 93.367
2692 93.367
2693 93.367
2694 93.367
2695 93.367
2696 93.367
2697 93.367
2698 93.367
2699 93.367
2700 93.367
2701 93.367
2702 93.367
2703 93.367
2704 93.367
2705 93.367
2706 93.367
2707 93.367
2708 93.367
2709 93.367
2710 93.367
2711 93.367
2712 93.367
2713 93.367
2714 93.367
2715 93.367
2716 93.367
2717 93.367
2718 93.367
2719 93.367
2720 93.367
2721 93.367
2722 93.367
2723 93.367
2724 93.367
2725 93.367
2726 93.367
2727 93.367
2728 93.367
2729 93.367
2730 93.367
2731 93.367
2732 93.367
2733 93.367
2734 93.367
2735 93.367
2736 93.367
2737 93.367
2738 93.367
2739 93.367
2740 93.367
2741 93.367
2742 93.367
2743 93.367
2744 93.367
2745 93.367
2746 93.367
2747 93.367
2748 93.367
2749 93.367
2750 93.367
2751 93.367
2752 93.367
2753 93.367
2754 93.367
2755 93.367
2756 93.367
2757 93.367
2758 93.367
2759 93.367
2760 93.367
2761 93.367
2762 93.367
2763 93.367
2764 93.367
2765 93.367
2766 93.367
2767 93.367
2768 93.367
2769 93.367
2770 93.367
2771 93.367
2772 93.367
2773 93.367
2774 93.367
2775 93.367
2776 93.367
2777 93.367
2778 93.367
2779 93.367
2780 93.367
2781 93.367
2782 93.367
2783 93.367
2784 93.367
2785 93.367
2786 93.367
2787 93.367
2788 93.367
2789 93.367
2790 93.367
2791 93.367
2792 93.367
2793 93.367
2794 93.367
2795 93.367
2796 93.367
2797 93.367
2798 93.367
2799 93.367
2800 97.049
2801 97.049
2802 97.049
2803 97.049
2804 97.049
2805 97.049
2806 101.508
2807 101.508
2808 101.508
2809 100.332
2810 100.332
2811 100.332
2812 100.332
2813 100.332
2814 100.780
2815 100.780
2816 100.780
2817 100.780
2818 100.780
2819 100.780
2820 100.780
2821 100.780
2822 100.780
2823 100.780
2824 100.780
2825 100.780
2826 100.780
2827 100.780
2828 100.780
2829 100.780
2830 100.780
2831 100.780
2832 100.780
2833 100.780
2834 100.780
2835 100.780
2836 100.780
2837 100.780
2838 100.780
2839 100.780
2840 100.780
2841 100.780
2842 100.780
2843 100.780
2844 100.780
2845 100.780
2846 100.780
2847 100.780
2848 100.780
2849 100.780
2850 100.780
2851 100.780
2852 100.780
2853 100.780
2854 100.780
2855 100.780
2856 100.780
2857 100.780
2858 100.780
2859 100.780
2860 100.780
2861 100.780
2862 100.780
2863 100.780
2864 100.780
2865 100.780
2866 100.780
2867 100.780
2868 100.780
2869 98.309
2870 98.309
2871 98.309
2872 98.309
2873 98.309
2874 98.309
2875 98.309
2876 98.309
2877 98.309
2878 98.309
2879 98.309
2880 98.309
2881 98.309
2882 98.309
2883 98.309
2884 98.309
2885 98.309
2886 98.309
2887 98.309
2888 98.309
2889 98.309
2890 98.309
2891 98.309
2892 98.309
2893 98.309
2894 98.309
2895 98.309
2896 98.309
2897 98.309
2898 98.309
2899 98.309
2900 98.309
2901 98.309
2902 98.309
2903 98.309
2904 98.309
2905 98.309
2906 98.309
2907 98.309
2908 98.309
2909 98.309
2910 98.309
2911 98.309
2912 98.309
2913 98.309
2914 98.309
2915 98.309
2916 98.309
2917 98.309
2918 98.309
2919 98.309
2920 98.309
2921 98.309
2922 98.309
2923 98.309
2924 98.309
2925 98.309
2926 98.309
2927 98.309
2928 98.309
2929 98.309
2930 98.309
2931 98.309
2932 98.309
2933 98.309
2934 98.309
2935 98.309
2936 98.309
2937 98.309
2938 98.309
2939 98.309
2940 98.309
2941 98.309
2942 98.309
2943 98.309
2944 96.227
2945 96.227
2946 96.227
2947 96.227
2948 96.227
2949 96.227
2950 96.227
2951 96.227
2952 96.227
2953 96.227
2954 96.227
2955 96.227
2956 96.227
2957 96.227
2958 96.227
2959 98.180
2960 98.180
2961 98.180
2962 98.180
2963 98.180
2964 98.180
2965 98.180
2966 98.180
2967 98.180
2968 98.180
2969 98.180
2970 98.180
2971 98.180
2972 98.180
2973 98.180
2974 98.180
2975 98.180
2976 98.180
2977 98.180
2978 98.180
2979 98.180
2980 98.180
2981 98.180
2982 98.180
2983 98.180
2984 98.180
2985 98.180
2986 98.180
2987 98.180
2988 98.180
2989 98.180
2990 98.180
2991 98.180
2992 98.180
2993 98.180
2994 98.180
2995 98.180
2996 98.180
2997 98.180
2998 98.180
2999 98.180
3000 98.180
3001 98.180
3002 98.180
3003 98.180
3004 98.180
3005 98.180
3006 98.180
3007 98.180
3008 98.180
3009 98.180
3010 98.180
3011 98.180
3012 98.180
3013 98.180
3014 98.180
3015 98.180
3016 98.180
3017 98.180
3018 98.180
3019 98.180
3020 98.180
3021 98.180
3022 98.180
3023 98.180
3024 98.180
3025 98.180
3026 98.180
3027 98.180
3028 98.180
3029 98.180
3030 98.180
3031 98.180
3032 98.180
3033 98.180
3034 98.180
3035 98.180
3036 98.180
3037 98.180
3038 98.180
3039 98.180
3040 98.180
3041 98.180
3042 98.180
3043 98.180
3044 98.180
3045 98.180
3046 98.180
3047 98.180
3048 98.180
3049 98.180
3050 98.180
3051 98.180
3052 98.180
3053 98.180
3054 97.915
3055 97.915
3056 97.915
3057 97.915
3058 97.915
3059 97.915
3060 97.915
3061 97.915
3062 97.915
3063 97.915
3064 97.915
3065 97.915
3066 97.915
3067 97.915
3068 97.915
3069 97.915
3070 97.915
3071 97.915
3072 97.915
3073 97.915
3074 97.915
3075 97.915
3076 97.915
3077 97.915
3078 97.915
3079 97.915
3080 97.915
3081 97.915
3082 97.915
3083 97.915
3084 97.915
3085 97.915
3086 97.915
3087 97.915
3088 96.159
3089 96.159
3090 96.159
3091 96.159
3092 96.159
3093 96.159
3094 96.159
3095 96.159
3096 96.159
3097 96.159
3098 96.159
3099 96.159
3100 96.159
3101 96.159
3102 96.159
3103 96.159
3104 96.159
3105 96.159
3106 96.159
3107 96.159
3108 96.159
3109 96.159
3110 96.159
3111 96.159
3112 96.159
3113 96.159
3114 96.159
3115 96.159
3116 96.159
3117 96.159
3118 96.159
3119 96.159
3120 96.159
3121 96.159
3122 96.159
3123 96.159
3124 96.159
3125 96.159
3126 96.159
3127 96.159
3128 96.159
3129 96.159
3130 96.159
3131 96.159
3132 96.159
3133 96.159
3134 96.159
3135 96.159
3136 96.159
3137 96.159
3138 96.159
3139 96.159
3140 96.159
3141 96.159
3142 96.159
3143 96.159
3144 96.159
3145 96.159
3146 96.159
3147 96.159
3148 96.159
3149 96.159
3150 96.159
3151 96.159
3152 96.159
3153 96.159
3154 96.159
3155 96.159
3156 96.159
3157 96.159
3158 96.159
3159 96.159
3160 96.159
3161 96.159
3162 96.159
3163 96.159
3164 96.159
3165 96.159
3166 96.159
3167 96.159
3168 96.159
3169 96.159
3170 96.159
3171 96.159
3172 96.159
3173 96.159
3174 96.159
3175 96.159
3176 96.159
3177 96.159
3178 96.159
3179 96.159
3180 96.159
3181 96.159
3182 96.159
3183 96.159
3184 96.159
3185 96.159
3186 96.159
3187 96.159
3188 96.159
3189 96.159
3190 96.159
3191 96.159
3192 96.159
3193 96.159
3194 96.159
3195 96.159
3196 96.159
3197 96.159
3198 96.159
3199 96.159
3200 96.159
3201 96.159
3202 96.159
3203 96.159
3204 96.159
3205 96.159
3206 96.159
3207 96.159
3208 96.159
3209 96.159
3210 96.159
3211 96.159
3212 96.159
3213 96.159
3214 96.159
3215 96.159
3216 96.159
3217 96.159
3218 96.159
3219 96.159
3220 96.159
3221 96.159
3222 96.159
3223 96.159
3224 96.159
3225 96.159
3226 96.159
3227 96.159
3228 96.159
3229 96.159
3230 96.159
3231 96.159
3232 96.159
3233 96.159
3234 96.159
3235 96.159
3236 96.159
3237 96.159
3238 96.159
3239 96.159
3240 96.159
3241 96.159
3242 96.159
3243 96.159
3244 96.159
3245 96.159
3246 96.159
3247 96.159
3248 96.159
3249 96.159
3250 96.159
3251 96.159
3252 96.159
3253 96.159
3254 96.159
3255 96.159
3256 96.159
3257 96.159
3258 96.159
3259 96.159
3260 96.159
3261 96.159
3262 96.159
3263 100.507
3264 100.507
3265 100.507
3266 100.507
3267 100.507
3268 100.507
3269 100.507
3270 100.507
3271 100.507
3272 100.507
3273 100.507
3274 100.507
3275 100.507
3276 100.507
3277 100.507
3278 100.507
3279 100.507
3280 100.507
3281 100.507
3282 100.507
3283 100.507
3284 100.507
3285 100.507
3286 100.507
3287 100.507
3288 100.507
3289 100.507
3290 100.507
3291 100.507
3292 100.507
3293 100.507
3294 100.507
3295 100.507
3296 100.507
3297 100.507
3298 100.507
3299 100.507
3300 100.507
3301 100.507
3302 100.507
3303 100.507
3304 100.507
3305 100.507
3306 100.507
3307 100.507
3308 100.507
3309 100.507
3310 100.507
3311 100.507
3312 100.507
3313 100.507
3314 100.507
3315 102.488
3316 102.488
3317 102.488
3318 102.488
3319 102.488
3320 102.488
3321 102.488
3322 102.488
3323 102.488
3324 102.488
3325 102.488
3326 102.488
3327 102.488
3328 102.488
3329 102.488
3330 102.488
3331 102.488
3332 102.488
3333 102.488
3334 102.488
3335 102.488
3336 102.488
3337 102.488
3338 102.488
3339 102.488
3340 102.488
3341 102.488
3342 102.488
3343 102.488
3344 102.488
3345 102.488
3346 102.488
3347 102.488
3348 102.488
3349 102.488
3350 102.488
3351 102.488
3352 102.488
3353 102.488
3354 102.488
3355 102.488
3356 102.488
3357 102.488
3358 102.488
3359 102.488
3360 102.488
3361 102.488
3362 102.488
3363 102.488
3364 102.488
3365 102.488
3366 102.488
3367 102.488
3368 102.488
3369 102.488
3370 102.488
3371 102.488
3372 102.488
3373 102.488
3374 102.488
3375 102.488
3376 102.488
3377 102.488
3378 102.488
3379 102.488
3380 102.488
3381 102.488
3382 102.488
3383 102.488
3384 102.488
3385 102.488
3386 102.488
3387 102.488
3388 102.488
3389 102.488
3390 102.488
3391 102.488
3392 102.488
3393 102.488
3394 102.488
3395 102.488
3396 102.488
3397 102.488
3398 102.488
3399 102.488
3400 102.488
3401 102.488
3402 102.488
3403 102.488
3404 102.488
3405 102.488
3406 102.488
3407 102.488
3408 102.488
3409 102.488
3410 102.488
3411 102.488
3412 102.488
3413 102.488
3414 102.488
3415 102.488
3416 102.488
3417 102.488
3418 102.488
3419 102.488
3420 102.488
3421 102.488
3422 102.488
3423 102.488
3424 102.488
3425 102.488
3426 102.488
3427 102.488
3428 102.488
3429 102.488
3430 102.488
3431 102.488
3432 102.488
3433 102.488
3434 102.488
3435 102.488
3436 102.488
3437 102.488
3438 102.488
3439 102.488
3440 102.488
3441 102.488
3442 102.488
3443 102.488
3444 102.488
3445 102.488
3446 102.488
3447 102.488
3448 102.488
3449 102.488
3450 102.488
3451 102.488
3452 102.488
3453 102.488
3454 102.488
3455 102.488
3456 102.488
3457 102.488
3458 102.488
3459 102.488
3460 102.488
3461 102.488
3462 102.488
3463 102.488
3464 102.488
3465 102.488
3466 102.488
3467 102.488
3468 102.488
3469 102.488
3470 102.488
3471 102.488
3472 102.488
3473 102.488
3474 102.488
3475 102.488
3476 102.488
3477 102.488
3478 102.488
3479 102.488
3480 102.488
3481 102.488
3482 102.488
3483 102.488
3484 102.488
3485 102.488
3486 102.488
3487 102.488
3488 102.488
3489 102.488
3490 102.488
3491 102.488
3492 102.488
3493 102.488
3494 102.488
3495 102.488
3496 102.488
3497 102.488
3498 102.488
3499 102.488
3500 102.488
3501 102.488
3502 102.488
3503 102.488
3504 102.488
3505 102.488
3506 102.488
3507 102.488
3508 102.488
3509 102.488
3510 102.488
3511 102.488
3512 102.488
3513 102.488
3514 102.488
3515 102.488
3516 102.488
3517 102.488
3518 102.488
3519 102.488
3520 102.488
3521 102.488
3522 102.488
3523 102.488
3524 102.488
3525 102.488
3526 102.488
3527 102.488
3528 102.488
3529 102.488
3530 102.488
3531 102.488
3532 102.488
3533 102.488
3534 102.488
3535 102.488
3536 102.488
3537 102.488
3538 102.488
3539 102.488
3540 102.488
3541 102.488
3542 102.488
3543 102.488
3544 102.488
3545 102.488
3546 102.488
3547 102.488
3548 102.488
3549 102.488
3550 102.488
3551 102.488
3552 102.488
3553 102.488
3554 102.488
3555 102.488
3556 102.488
3557 102.488
3558 102.488
3559 102.488
3560 102.488
3561 102.488
3562 102.488
3563 102.488
3564 102.488
3565 102.488
3566 102.488
3567 102.488
3568 102.488
3569 102.488
3570 102.488
3571 102.488
3572 102.488
3573 102.488
3574 102.488
3575 102.488
3576 102.488
3577 102.488
3578 102.488
3579 102.488
3580 102.488
3581 102.488
3582 102.488
3583 102.488
3584 102.488
3585 102.488
3586 102.488
3587 102.488
3588 102.488
3589 102.488
3590 102.488
3591 102.488
3592 102.488
3593 102.488
3594 102.488
3595 102.488
3596 102.488
3597 102.488
3598 102.488
3599 102.488
3600 102.488
3601 102.488
3602 102.488
3603 102.488
3604 102.488
3605 102.488
3606 102.488
3607 102.488
3608 102.488
3609 102.488
3610 102.488
3611 102.488
3612 102.488
3613 102.488
3614 102.488
3615 102.488
3616 102.488
3617 102.488
3618 102.488
3619 102.488
3620 102.488
3621 102.488
3622 102.488
3623 102.488
3624 102.488
3625 102.488
3626 102.488
3627 102.488
3628 102.488
3629 102.488
3630 102.488
3631 102.488
3632 102.488
3633 102.488
3634 102.488
3635 102.488
3636 102.488
3637 102.488
3638 102.488
3639 102.488
3640 102.488
3641 102.488
3642 102.488
3643 102.488
3644 102.488
3645 102.488
3646 102.488
3647 102.488
3648 102.488
3649 102.488
3650 102.488
3651 102.488
3652 102.488
3653 102.488
3654 102.488
3655 102.488
3656 102.488
3657 102.488
3658 102.488
3659 102.488
3660 102.488
3661 102.488
3662 102.488
3663 102.488
3664 102.488
3665 102.488
3666 102.488
3667 102.488
3668 102.488
3669 102.488
3670 102.488
3671 102.488
3672 102.488
3673 102.488
3674 102.488
3675 102.488
3676 102.488
3677 102.488
3678 102.488
3679 102.488
3680 102.488
3681 102.488
3682 102.488
3683 102.488
3684 102.488
3685 102.488
3686 102.488
3687 102.488
3688 102.488
3689 102.488
3690 102.488
3691 102.488
3692 102.488
3693 102.488
3694 102.488
3695 102.488
3696 102.488
3697 102.488
3698 102.488
3699 102.488
3700 102.488
3701 102.488
3702 102.488
3703 102.488
3704 102.488
3705 102.488
3706 102.488
3707 102.488
3708 102.488
3709 102.488
3710 101.295
3711 101.295
3712 101.295
3713 101.295
3714 101.295
3715 101.295
3716 101.295
3717 101.295
3718 101.295
3719 101.295
3720 101.295
3721 101.295
3722 101.295
3723 101.295
3724 101.295
3725 101.295
3726 101.295
3727 101.295
3728 101.295
3729 101.295
3730 101.295
3731 101.295
3732 101.295
3733 101.295
3734 101.295
3735 101.295
3736 101.295
3737 101.295
3738 101.295
3739 101.295
3740 101.295
3741 101.295
3742 101.295
3743 101.295
3744 101.295
3745 101.295
3746 101.295
3747 101.295
3748 101.295
3749 101.295
3750 101.295
3751 101.295
3752 101.295
3753 101.295
3754 101.295
3755 101.295
3756 101.295
3757 101.295
3758 101.295
3759 101.295
3760 101.295
3761 101.295
3762 101.295
3763 101.295
3764 101.295
3765 101.295
3766 101.295
3767 101.295
3768 101.295
3769 101.295
3770 101.295
3771 101.295
3772 101.295
3773 101.295
3774 101.295
3775 101.295
3776 101.295
3777 101.295
3778 101.295
3779 101.295
3780 101.295
3781 101.295
3782 101.295
3783 101.295
3784 101.295
3785 101.295
3786 101.295
3787 101.295
3788 101.295
3789 101.295
3790 101.295
3791 101.295
3792 101.295
3793 101.295
3794 101.295
3795 101.295
3796 101.295
3797 101.295
3798 101.295
3799 101.295
3800 101.295
3801 101.295
3802 101.295
3803 101.295
3804 101.295
3805 101.295
3806 101.295
3807 101.295
3808 101.295
3809 101.295
3810 101.295
3811 106.559
3812 106.559
3813 106.559
3814 106.559
3815 106.559
3816 106.559
3817 106.559
3818 106.559
3819 106.559
3820 106.559
3821 106.559
3822 106.559
3823 106.559
3824 106.559
3825 106.559
3826 106.559
3827 106.559
3828 106.559
3829 106.559
3830 106.559
3831 106.559
3832 106.559
3833 106.559
3834 106.559
3835 106.559
3836 106.559
3837 106.559
3838 106.559
3839 106.559
3840 106.559
3841 106.559
3842 106.559
3843 106.559
3844 106.559
3845 106.559
3846 106.559
3847 106.559
3848 106.559
3849 106.559
3850 106.559
3851 106.559
3852 106.559
3853 106.559
3854 106.559
3855 106.559
3856 106.559
3857 106.559
3858 106.559
3859 106.559
3860 106.559
3861 106.559
3862 106.559
3863 106.559
3864 106.559
3865 106.559
3866 106.559
3867 106.559
3868 106.559
3869 106.559
3870 106.559
3871 106.559
3872 106.559
3873 106.559
3874 106.559
3875 106.559
3876 106.559
3877 106.559
3878 106.559
3879 106.559
3880 106.559
3881 106.559
3882 106.559
3883 106.559
3884 106.559
3885 106.559
3886 106.559
3887 106.559
3888 106.559
3889 106.559
3890 106.559
3891 106.559
3892 106.559
3893 106.559
3894 106.559
3895 106.559
3896 106.559
3897 106.559
3898 106.559
3899 106.559
3900 106.559
3901 106.559
3902 106.559
3903 106.559
3904 106.559
3905 106.559
3906 106.559
3907 106.559
3908 106.559
3909 106.559
3910 106.559
3911 106.559
3912 106.559
3913 106.559
3914 106.559
3915 106.559
3916 106.559
3917 106.559
3918 106.559
3919 106.559
3920 106.559
3921 106.559
3922 106.559
3923 106.559
3924 106.559
3925 106.559
3926 106.559
3927 106.559
3928 106.559
3929 106.559
3930 106.559
3931 106.559
3932 106.559
3933 106.559
3934 106.559
3935 106.559
3936 106.559
3937 106.559
3938 106.559
3939 106.559
3940 106.559
3941 106.559
3942 106.559
3943 106.559
3944 106.559
3945 106.559
3946 106.559
3947 106.559
3948 106.559
3949 106.559
3950 106.559
3951 106.559
3952 106.559
3953 106.559
3954 106.559
3955 106.559
3956 106.559
3957 106.559
3958 106.559
3959 106.559
3960 106.559
3961 106.559
3962 106.559
3963 106.559
3964 106.559
3965 106.559
3966 106.559
3967 106.559
3968 106.559
3969 106.559
3970 106.559
3971 106.559
3972 106.559
3973 106.559
3974 106.559
3975 106.559
3976 106.559
3977 106.559
3978 106.559
3979 106.559
3980 106.559
3981 106.559
3982 106.559
3983 106.559
3984 106.559
3985 106.559
3986 106.559
3987 106.559
3988 106.559
3989 106.559
3990 106.559
3991 106.559
3992 106.559
3993 106.559
3994 106.559
3995 106.559
3996 106.559
3997 106.559
3998 106.559
3999 106.559
4000 106.559
4001 106.559
4002 106.559
4003 106.559
4004 106.559
4005 106.559
4006 106.559
4007 106.559
4008 106.559
4009 106.559
4010 106.559
4011 106.559
4012 106.559
4013 106.559
4014 106.559
4015 106.559
4016 106.559
4017 106.559
4018 106.559
4019 106.559
4020 106.559
4021 106.559
4022 106.559
4023 106.559
4024 106.559
4025 106.559
4026 106.559
4027 106.559
4028 106.559
4029 106.559
4030 106.559
4031 106.559
4032 106.559
4033 106.559
4034 106.559
4035 106.559
4036 106.559
4037 106.559
4038 106.559
4039 106.559
4040 106.559
4041 106.559
4042 106.559
4043 106.559
4044 106.559
4045 106.559
4046 106.559
4047 106.559
4048 106.559
4049 106.559
4050 106.559
4051 106.559
4052 106.559
4053 106.559
4054 106.559
4055 106.559
4056 106.559
4057 106.559
4058 106.559
4059 106.559
4060 106.559
4061 106.559
4062 106.559
4063 106.559
4064 106.559
4065 106.559
4066 106.559
4067 106.559
4068 106.559
4069 106.559
4070 106.559
4071 106.559
4072 106.559
4073 106.559
4074 106.559
4075 106.559
4076 106.559
4077 106.559
4078 106.559
4079 106.559
4080 106.559
4081 106.559
4082 106.559
4083 106.559
4084 106.559
4085 106.559
4086 106.559
4087 106.559
4088 106.559
4089 106.559
4090 106.559
4091 106.559
