1 49.735
2 53.226
3 53.726
4 53.726
5 53.726
6 53.817
7 54.537
8 54.537
9 54.537
10 54.893
11 55.743
12 55.799
13 55.849
14 56.332
15 56.671
16 56.671
17 56.671
18 56.671
19 57.172
20 57.620
21 58.040
22 58.040
23 58.422
24 58.422
25 58.422
26 58.998
27 58.998
28 59.115
29 59.115
30 59.115
31 59.328
32 60.048
33 60.419
34 60.419
35 60.413
36 60.413
37 60.413
38 60.413
39 60.714
40 60.714
41 60.714
42 61.155
43 61.155
44 61.782
45 61.712
46 61.712
47 61.712
48 61.695
49 62.280
50 62.784
51 63.596
52 63.596
53 63.481
54 63.481
55 63.481
56 63.395
57 63.395
58 63.821
59 63.821
60 64.024
61 64.024
62 64.024
63 64.024
64 63.814
65 63.814
66 63.814
67 64.461
68 64.461
69 64.461
70 64.527
71 64.871
72 64.871
73 65.224
74 65.224
75 65.685
76 65.685
77 67.057
78 67.300
79 67.300
80 67.963
81 67.963
82 67.963
83 68.176
84 68.176
85 68.772
86 68.772
87 68.772
88 69.501
89 70.164
90 71.046
91 71.769
92 72.243
93 71.909
94 72.543
95 72.543
96 73.254
97 73.254
98 73.254
99 74.076
100 74.076
101 74.076
102 74.076
103 74.076
104 74.076
105 74.076
106 74.076
107 74.076
108 74.076
109 74.654
110 74.656
111 74.656
112 74.656
113 75.493
114 75.297
115 75.119
116 75.976
117 76.060
118 76.060
119 76.060
120 76.619
121 76.619
122 76.619
123 76.619
124 76.894
125 77.200
126 77.200
127 77.200
128 77.392
129 77.392
130 77.392
131 77.392
132 77.392
133 77.392
134 78.153
135 79.220
136 79.485
137 79.485
138 79.485
139 79.468
140 80.441
141 80.441
142 80.441
143 80.441
144 79.987
145 79.987
146 79.987
147 79.987
148 80.456
149 80.456
150 80.456
151 80.525
152 80.525
153 80.525
154 80.525
155 80.525
156 80.525
157 80.525
158 80.525
159 80.525
160 80.384
161 80.384
162 80.530
163 80.530
164 80.530
165 80.530
166 80.530
167 81.342
168 81.342
169 82.097
170 82.097
171 82.097
172 81.043
173 81.244
174 81.244
175 81.742
176 81.742
177 81.742
178 81.742
179 82.152
180 82.981
181 82.981
182 83.579
183 83.920
184 85.081
185 85.081
186 85.081
187 85.081
188 85.081
189 85.771
190 85.771
191 85.021
192 85.021
193 85.115
194 85.115
195 85.904
196 85.904
197 85.904
198 85.904
199 85.904
200 86.713
201 86.713
202 86.713
203 87.790
204 87.790
205 89.174
206 90.215
207 90.215
208 90.215
209 90.215
210 90.215
211 90.215
212 90.215
213 90.209
214 90.209
215 90.970
216 90.970
217 90.970
218 90.970
219 90.970
220 90.970
221 92.190
222 94.205
223 94.205
224 94.205
225 94.205
226 94.205
227 94.205
228 94.205
229 94.205
230 94.205
231 94.205
232 94.205
233 94.205
234 94.205
235 94.205
236 95.115
237 95.115
238 95.520
239 95.520
240 95.520
241 95.361
242 95.318
243 95.318
244 95.318
245 95.318
246 95.318
247 95.318
248 95.318
249 96.593
250 97.639
251 99.464
252 99.464
253 99.823
254 99.823
255 99.823
256 99.823
257 99.823
258 99.823
259 99.823
260 99.823
261 99.823
262 100.451
263 100.451
264 100.451
265 100.881
266 99.195
267 99.195
268 99.174
269 99.174
270 99.174
271 99.174
272 99.174
273 99.174
274 99.785
275 99.785
276 99.577
277 102.054
278 102.054
279 102.141
280 103.663
281 103.663
282 103.663
283 103.663
284 104.663
285 104.663
286 104.663
287 104.663
288 104.663
289 104.663
290 104.663
291 104.663
292 104.663
293 104.663
294 104.663
295 104.663
296 104.663
297 104.663
298 105.270
299 105.270
300 105.390
301 105.390
302 105.390
303 105.390
304 106.778
305 106.778
306 106.778
307 106.778
308 106.778
309 106.778
310 106.778
311 106.778
312 107.670
313 107.212
314 107.212
315 107.212
316 107.212
317 107.380
318 106.918
319 107.614
320 107.614
321 106.040
322 106.040
323 106.040
324 106.040
325 106.040
326 106.040
327 106.040
328 106.040
329 106.040
330 106.040
331 106.040
332 106.040
333 106.040
334 106.040
335 106.040
336 106.040
337 106.040
338 106.040
339 106.040
340 106.040
341 106.040
342 106.040
343 106.040
344 105.891
345 105.891
346 105.891
347 105.891
348 105.891
349 105.891
350 105.873
351 105.873
352 105.873
353 107.976
354 107.976
355 107.976
356 107.976
357 107.976
358 109.134
359 109.975
360 109.975
361 109.975
362 109.975
363 110.487
364 110.487
365 110.487
366 110.487
367 110.487
368 110.487
369 110.487
370 110.487
371 110.487
372 110.487
373 110.487
374 110.938
375 111.769
376 112.974
377 112.974
378 112.974
379 113.854
380 115.390
381 115.390
382 115.390
383 115.390
384 116.022
385 116.022
386 116.746
387 116.746
388 116.746
389 116.746
390 116.746
391 116.746
392 116.746
393 116.746
394 116.746
395 116.746
396 116.746
397 116.746
398 116.746
399 117.424
400 117.424
401 118.454
402 118.454
403 118.454
404 118.454
405 118.454
406 118.454
407 118.454
408 118.454
409 118.454
410 118.454
411 118.454
412 118.454
413 118.454
414 118.454
415 120.022
416 120.022
417 120.961
418 120.961
419 123.169
420 126.208
421 126.208
422 126.208
423 126.208
424 126.208
425 126.208
426 126.208
427 126.208
428 126.208
429 126.208
430 126.208
431 126.208
432 126.208
433 126.208
434 126.208
435 126.208
436 126.208
437 128.566
438 128.566
439 128.566
440 128.566
441 128.566
442 128.566
443 128.621
444 128.621
445 128.621
446 128.621
447 128.621
448 128.621
449 128.621
450 128.621
451 129.183
452 129.183
453 129.183
454 129.183
455 130.459
456 130.459
457 130.459
458 130.459
459 132.630
460 132.630
461 132.630
462 132.630
463 132.630
464 132.630
465 132.630
466 132.630
467 132.630
468 132.630
469 132.630
470 132.630
471 132.630
472 132.630
473 132.630
474 132.630
475 132.630
476 132.630
477 132.630
478 132.630
479 132.630
480 132.630
481 132.630
482 132.630
483 132.630
484 132.630
485 132.630
486 132.630
487 132.630
488 134.894
489 134.894
490 134.894
491 134.894
492 134.894
493 134.894
494 135.698
495 135.698
496 135.698
497 135.698
498 135.698
499 135.698
500 135.698
501 135.698
502 136.696
503 138.351
504 138.351
505 138.351
506 138.351
507 138.351
508 138.351
509 138.351
510 138.351
511 138.351
512 138.351
513 138.351
514 139.062
515 140.597
516 140.597
517 140.597
518 140.597
519 140.597
520 140.597
521 140.597
522 140.597
523 140.597
524 140.597
525 140.597
526 140.597
527 140.597
528 140.597
529 140.597
530 140.597
531 140.597
532 140.597
533 140.597
534 140.597
535 140.597
536 140.597
537 140.597
538 140.597
539 140.597
540 140.597
541 140.597
542 140.597
543 140.597
544 140.597
545 140.597
546 140.597
547 140.597
548 140.597
549 140.597
550 141.106
551 141.106
552 141.106
553 141.106
554 141.106
555 141.106
556 141.106
557 141.106
558 141.106
559 141.106
560 141.106
561 141.106
562 141.106
563 141.106
564 141.106
565 141.106
566 141.106
567 141.106
568 141.106
569 141.106
570 141.106
571 141.106
572 141.106
573 143.342
574 143.342
575 143.342
576 143.342
577 143.342
578 144.219
579 144.219
580 145.983
581 145.983
582 145.983
583 145.983
584 142.808
585 142.808
586 142.808
587 142.808
588 142.808
589 142.808
590 142.808
591 142.808
592 142.808
593 142.808
594 142.808
595 142.808
596 142.808
597 142.808
598 142.808
599 142.808
600 142.808
601 142.808
602 142.808
603 142.043
604 142.043
605 142.043
606 142.043
607 142.538
608 142.538
609 142.538
610 142.538
611 142.538
612 142.538
613 142.538
614 142.538
615 142.538
616 142.538
617 142.538
618 142.538
619 143.603
620 143.603
621 143.603
622 143.603
623 143.603
624 143.603
625 143.603
626 143.603
627 143.603
628 143.603
629 143.603
630 143.603
631 143.603
632 143.603
633 143.603
634 143.603
635 143.603
636 143.603
637 143.603
638 143.603
639 143.603
640 143.603
641 143.603
642 143.603
643 143.603
644 143.603
645 143.603
646 143.603
647 143.603
648 143.603
649 143.603
650 143.603
651 143.603
652 143.603
653 143.603
654 143.603
655 143.603
656 143.603
657 143.603
658 143.603
659 143.603
660 143.603
661 143.603
662 143.603
663 143.603
664 143.603
665 143.603
666 143.603
667 143.603
668 143.603
669 143.603
670 143.603
671 143.603
672 142.819
673 142.819
674 142.819
675 142.819
676 142.819
677 142.819
678 142.819
679 142.819
680 142.819
681 142.819
682 142.819
683 142.819
684 142.819
685 142.819
686 142.819
687 142.819
688 142.819
689 142.819
690 142.819
691 142.819
692 142.819
693 142.819
694 142.819
695 142.819
696 142.819
697 142.819
698 142.819
699 142.819
700 143.678
701 143.678
702 143.678
703 143.678
704 143.678
705 143.678
706 143.678
707 143.678
708 142.984
709 142.984
710 144.670
711 144.670
712 144.670
713 144.670
714 144.670
715 144.670
716 144.670
717 144.670
718 144.670
719 144.710
720 144.710
721 144.710
722 147.004
723 147.004
724 147.004
725 147.004
726 147.004
727 147.004
728 145.751
729 145.751
730 145.751
731 145.751
732 145.751
733 145.751
734 145.751
735 145.751
736 145.751
737 145.751
738 145.751
739 145.751
740 146.668
741 146.668
742 146.668
743 146.668
744 146.668
745 146.668
746 146.668
747 146.668
748 146.668
749 149.868
750 149.868
751 149.868
752 149.868
753 149.868
754 149.868
755 149.868
756 149.868
757 149.868
758 149.868
759 149.868
760 152.534
761 152.534
762 152.534
763 152.534
764 152.534
765 152.534
766 152.534
767 152.534
768 152.534
769 152.534
770 152.534
771 152.534
772 152.534
773 152.534
774 152.534
775 152.534
776 152.534
777 152.534
778 152.534
779 152.534
780 152.534
781 152.534
782 152.534
783 152.534
784 152.534
785 152.534
786 152.534
787 152.534
788 152.534
789 154.325
790 154.325
791 154.325
792 154.325
793 154.325
794 154.325
795 154.325
796 154.325
797 154.325
798 154.325
799 157.690
800 157.690
801 161.357
802 161.357
803 161.357
804 161.357
805 164.597
806 164.597
807 164.597
808 164.597
809 164.597
810 164.597
811 164.597
812 164.597
813 164.597
814 164.597
815 164.597
816 164.597
817 164.597
818 163.965
819 163.965
820 163.965
821 163.965
822 163.965
823 163.965
824 163.965
825 163.965
826 163.965
827 163.965
828 163.965
829 163.965
830 163.965
831 163.965
832 163.965
833 163.965
834 163.965
835 163.965
836 163.965
837 163.965
838 163.965
839 163.965
840 163.965
841 163.965
842 163.965
843 163.965
844 163.965
845 163.965
846 163.965
847 163.965
848 163.965
849 166.454
850 166.454
851 166.454
852 166.454
853 166.454
854 166.454
855 166.454
856 166.454
857 166.454
858 166.454
859 166.454
860 166.454
861 166.454
862 166.454
863 166.454
864 166.454
865 166.454
866 166.454
867 166.454
868 166.454
869 166.454
870 166.454
871 166.454
872 167.272
873 167.272
874 167.272
875 167.272
876 167.272
877 167.272
878 167.272
879 167.272
880 167.272
881 167.272
882 167.272
883 167.272
884 167.272
885 167.272
886 167.272
887 167.272
888 167.272
889 167.272
890 167.272
891 167.272
892 167.272
893 167.272
894 167.272
895 167.272
896 167.272
897 167.272
898 167.272
899 167.272
900 167.272
901 167.272
902 167.272
903 167.272
904 167.272
905 167.272
906 167.272
907 167.272
908 167.272
909 167.220
910 167.220
911 167.220
912 167.220
913 167.220
914 167.220
915 167.220
916 167.220
917 167.220
918 167.220
919 167.220
920 167.220
921 167.220
922 167.220
923 167.220
924 168.382
925 168.382
926 168.382
927 168.382
928 168.382
929 168.382
930 166.066
931 166.066
932 166.066
933 166.066
934 166.066
935 166.066
936 166.066
937 166.066
938 166.066
939 166.066
940 166.066
941 166.066
942 166.066
943 166.066
944 166.066
945 166.066
946 166.066
947 166.066
948 166.066
949 166.066
950 166.066
951 166.066
952 166.066
953 166.066
954 166.066
955 166.540
956 166.540
957 166.540
958 166.540
959 166.540
960 166.540
961 166.540
962 166.540
963 166.540
964 166.540
965 166.540
966 166.540
967 166.540
968 166.540
969 166.540
970 166.540
971 166.540
972 166.540
973 166.540
974 166.540
975 166.540
976 166.540
977 166.540
978 166.540
979 166.540
980 166.540
981 166.540
982 166.540
983 166.540
984 166.540
985 170.712
986 170.712
987 170.712
988 170.712
989 170.712
990 170.712
991 170.712
992 169.900
993 169.900
994 169.900
995 169.900
996 169.900
997 169.900
998 169.900
999 169.900
1000 169.900
1001 169.900
1002 169.900
1003 169.900
1004 169.900
1005 169.900
1006 169.900
1007 169.900
1008 169.900
1009 169.900
1010 169.900
1011 169.900
1012 169.900
1013 170.579
1014 170.579
1015 171.269
1016 171.269
1017 171.269
1018 171.269
1019 171.269
1020 171.269
1021 169.779
1022 169.779
1023 169.779
1024 169.779
1025 169.779
1026 169.779
1027 169.779
1028 169.779
1029 169.779
1030 169.779
1031 173.326
1032 173.326
1033 173.326
1034 173.326
1035 173.326
1036 173.326
1037 173.326
1038 173.326
1039 173.326
1040 173.326
1041 173.326
1042 173.326
1043 173.326
1044 173.326
1045 173.326
1046 173.326
1047 173.326
1048 173.326
1049 173.326
1050 173.326
1051 173.326
1052 173.326
1053 173.326
1054 173.326
1055 173.326
1056 173.326
1057 173.326
1058 173.326
1059 173.326
1060 173.326
1061 173.326
1062 173.326
1063 173.326
1064 173.326
1065 173.326
1066 173.326
1067 173.326
1068 173.326
1069 173.326
1070 173.326
1071 173.326
1072 173.326
1073 173.326
1074 173.326
1075 173.326
1076 175.577
1077 175.577
1078 175.577
1079 175.577
1080 175.577
1081 175.577
1082 175.577
1083 175.577
1084 175.577
1085 175.577
1086 175.577
1087 175.577
1088 175.577
1089 175.577
1090 175.577
1091 175.893
1092 175.893
1093 180.544
1094 180.544
1095 180.544
1096 180.544
1097 180.544
1098 180.544
1099 180.544
1100 180.544
1101 180.544
1102 180.544
1103 180.544
1104 180.544
1105 180.544
1106 180.544
1107 180.544
1108 180.544
1109 180.544
1110 180.544
1111 180.544
1112 180.544
1113 180.544
1114 180.544
1115 180.544
1116 185.492
1117 185.492
1118 185.492
1119 185.492
1120 185.492
1121 185.492
1122 185.492
1123 190.461
1124 190.461
1125 190.461
1126 190.461
1127 190.461
1128 190.461
1129 190.461
1130 190.461
1131 190.461
1132 190.461
1133 190.461
1134 190.461
1135 190.461
1136 190.461
1137 190.461
1138 190.461
1139 190.461
1140 190.461
1141 190.461
1142 190.461
1143 190.461
1144 190.461
1145 190.461
1146 190.461
1147 190.461
1148 190.461
1149 190.461
1150 190.461
1151 190.461
1152 190.461
1153 190.461
1154 190.461
1155 190.461
1156 192.743
1157 192.743
1158 192.743
1159 192.743
1160 192.743
1161 192.743
1162 192.743
1163 192.743
1164 192.743
1165 192.743
1166 192.559
1167 192.559
1168 192.559
1169 192.559
1170 192.559
1171 192.559
1172 192.559
1173 192.559
1174 192.559
1175 192.559
1176 192.559
1177 192.559
1178 192.559
1179 192.559
1180 192.559
1181 192.559
1182 192.559
1183 192.559
1184 192.559
1185 192.559
1186 192.559
1187 192.559
1188 192.559
1189 192.559
1190 192.559
1191 192.559
1192 192.559
1193 192.559
1194 192.559
1195 192.559
1196 192.559
1197 192.559
1198 192.559
1199 192.559
1200 192.559
1201 192.559
1202 193.007
1203 193.007
1204 193.007
1205 193.007
1206 193.007
1207 193.007
1208 193.007
1209 193.007
1210 193.007
1211 193.007
1212 193.007
1213 193.007
1214 193.007
1215 193.007
1216 193.007
1217 193.007
1218 193.007
1219 193.007
1220 197.971
1221 197.971
1222 197.971
1223 197.971
1224 197.971
1225 197.971
1226 197.971
1227 197.971
1228 197.971
1229 197.971
1230 197.971
1231 197.971
1232 197.971
1233 197.971
1234 197.971
1235 197.971
1236 197.971
1237 203.811
1238 203.811
1239 203.811
1240 203.811
1241 203.811
1242 203.811
1243 203.811
1244 203.811
1245 203.811
1246 203.811
1247 203.811
1248 203.811
1249 203.811
1250 203.811
1251 203.811
1252 203.811
1253 203.811
1254 203.811
1255 199.900
1256 199.900
1257 199.900
1258 199.900
1259 199.900
1260 199.900
1261 199.900
1262 205.853
1263 205.853
1264 205.853
1265 205.853
1266 205.853
1267 205.853
1268 205.853
1269 205.853
1270 205.853
1271 205.853
1272 205.853
1273 205.853
1274 205.853
1275 205.853
1276 205.853
1277 205.853
1278 205.853
1279 205.853
1280 205.853
1281 205.853
1282 205.853
1283 205.853
1284 205.853
1285 205.853
1286 205.853
1287 205.853
1288 205.853
1289 205.853
1290 205.853
1291 205.853
1292 205.853
1293 205.853
1294 205.853
1295 205.853
1296 205.853
1297 205.853
1298 205.853
1299 205.853
1300 205.853
1301 205.853
1302 205.853
1303 205.853
1304 205.853
1305 210.900
1306 210.900
1307 210.900
1308 210.900
1309 210.900
1310 210.900
1311 210.900
1312 217.075
1313 217.075
1314 217.075
1315 217.075
1316 217.075
1317 217.075
1318 217.075
1319 217.075
1320 217.075
1321 217.075
1322 217.075
1323 217.075
1324 217.075
1325 217.075
1326 217.075
1327 217.075
1328 217.075
1329 217.075
1330 217.075
1331 217.075
1332 217.075
1333 217.075
1334 217.075
1335 217.075
1336 217.075
1337 217.075
1338 217.075
1339 217.075
1340 217.075
1341 217.075
1342 217.075
1343 217.075
1344 217.075
1345 217.075
1346 217.075
1347 217.075
1348 217.075
1349 217.075
1350 217.075
1351 217.075
1352 217.075
1353 217.075
1354 217.075
1355 217.075
1356 217.075
1357 217.075
1358 217.075
1359 217.075
1360 217.075
1361 217.075
1362 217.075
1363 217.075
1364 217.075
1365 217.075
1366 217.075
1367 217.075
1368 217.075
1369 217.075
1370 217.075
1371 217.075
1372 217.075
1373 217.075
1374 217.075
1375 217.075
1376 217.075
1377 217.075
1378 217.075
1379 217.075
1380 217.075
1381 217.075
1382 217.075
1383 217.075
1384 217.075
1385 217.075
1386 217.075
1387 217.075
1388 217.075
1389 217.075
1390 217.075
1391 217.075
1392 217.075
1393 217.075
1394 217.075
1395 217.075
1396 217.075
1397 217.075
1398 217.075
1399 217.075
1400 217.075
1401 217.075
1402 217.075
1403 217.075
1404 217.075
1405 217.075
1406 217.075
1407 217.075
1408 217.075
1409 217.075
1410 217.075
1411 217.075
1412 217.075
1413 222.808
1414 222.808
1415 222.808
1416 222.808
1417 222.808
1418 222.808
1419 222.808
1420 222.808
1421 222.808
1422 222.808
1423 222.808
1424 222.808
1425 222.808
1426 222.808
1427 222.808
1428 222.808
1429 222.808
1430 222.808
1431 222.808
1432 222.808
1433 222.808
1434 222.808
1435 222.808
1436 222.808
1437 227.091
1438 227.091
1439 227.091
1440 232.531
1441 232.531
1442 232.531
1443 232.531
1444 232.531
1445 232.531
1446 232.531
1447 232.531
1448 232.531
1449 232.531
1450 232.531
1451 237.282
1452 237.282
1453 237.282
1454 237.282
1455 237.282
1456 237.282
1457 237.282
1458 237.282
1459 237.282
1460 237.282
1461 237.282
1462 237.282
1463 237.282
1464 237.282
1465 237.282
1466 237.282
1467 237.282
1468 237.282
1469 237.282
1470 237.282
1471 237.282
1472 237.282
1473 237.282
1474 237.282
1475 237.282
1476 237.282
1477 237.282
1478 237.282
1479 237.282
1480 237.282
1481 237.282
1482 237.282
1483 237.282
1484 237.282
1485 237.282
1486 237.282
1487 237.282
1488 237.282
1489 237.282
1490 237.282
1491 237.282
1492 237.282
1493 237.282
1494 237.282
1495 237.282
1496 237.282
1497 237.282
1498 237.282
1499 237.282
1500 237.282
1501 237.282
1502 237.282
1503 237.282
1504 237.282
1505 237.282
1506 237.282
1507 244.510
1508 244.510
1509 244.510
1510 244.510
1511 244.510
1512 244.510
1513 244.510
1514 244.510
1515 244.510
1516 244.510
1517 244.510
1518 244.510
1519 244.510
1520 252.859
1521 252.859
1522 252.859
1523 252.859
1524 252.859
1525 252.859
1526 252.859
1527 252.859
1528 252.859
1529 252.859
1530 252.859
1531 252.859
1532 252.859
1533 252.859
1534 252.859
1535 252.859
1536 252.859
1537 252.859
1538 252.859
1539 252.859
1540 252.859
1541 252.859
1542 252.859
1543 252.859
1544 252.859
1545 252.859
1546 252.859
1547 252.859
1548 252.859
1549 252.859
1550 252.859
1551 252.859
1552 252.859
1553 252.859
1554 252.859
1555 252.859
1556 252.859
1557 252.859
1558 252.859
1559 252.859
1560 252.859
1561 252.859
1562 252.859
1563 252.859
1564 252.859
1565 252.859
1566 252.859
1567 252.859
1568 252.859
1569 252.859
1570 252.859
1571 252.859
1572 252.859
1573 252.859
1574 252.859
1575 252.859
1576 252.859
1577 252.859
1578 252.859
1579 261.649
1580 261.649
1581 261.649
1582 261.649
1583 261.649
1584 270.995
1585 270.995
1586 270.995
1587 270.995
1588 270.995
1589 270.995
1590 270.995
1591 270.995
1592 270.995
1593 270.995
1594 270.995
1595 270.995
1596 270.995
1597 270.995
1598 270.995
1599 270.995
1600 270.995
1601 270.995
1602 270.995
1603 270.995
1604 270.995
1605 270.995
1606 270.995
1607 270.995
1608 270.995
1609 270.995
1610 270.995
1611 270.995
1612 270.995
1613 270.995
1614 270.995
1615 270.995
1616 270.995
1617 270.995
1618 270.995
1619 270.995
1620 270.995
1621 270.995
1622 270.995
1623 270.995
1624 270.995
1625 270.995
1626 270.995
1627 270.995
1628 270.995
1629 270.995
1630 270.995
1631 270.995
1632 270.995
1633 270.995
1634 270.995
1635 270.995
1636 278.063
1637 278.063
1638 278.063
1639 278.063
1640 278.063
1641 278.063
1642 278.063
1643 278.063
1644 278.063
1645 278.063
1646 278.063
1647 278.063
1648 278.063
1649 278.063
1650 278.063
1651 278.063
1652 278.063
1653 278.063
1654 278.063
1655 278.063
1656 278.063
1657 278.063
1658 278.063
1659 278.063
1660 278.063
1661 278.063
1662 278.063
1663 278.063
1664 278.063
1665 278.063
1666 278.063
1667 278.063
1668 280.454
1669 280.454
1670 288.964
1671 288.964
1672 288.964
1673 288.964
1674 288.964
1675 288.964
1676 300.195
1677 300.195
1678 300.195
1679 300.195
1680 300.195
1681 300.195
1682 300.195
1683 300.195
1684 300.195
1685 300.195
1686 300.195
1687 300.195
1688 300.195
1689 300.195
1690 300.195
1691 300.195
1692 300.195
1693 300.195
1694 300.195
1695 300.195
1696 300.195
1697 300.195
1698 300.195
1699 300.195
1700 300.195
1701 300.195
1702 300.195
1703 300.195
1704 300.195
1705 300.195
1706 300.195
1707 300.195
1708 300.195
1709 300.195
1710 300.195
1711 300.195
1712 300.195
1713 300.195
1714 300.195
1715 300.195
1716 300.195
1717 300.195
1718 300.195
1719 300.195
1720 300.195
1721 300.195
1722 300.195
1723 300.195
1724 300.195
1725 300.195
1726 300.195
1727 300.195
1728 300.195
1729 300.195
1730 300.195
1731 300.195
1732 300.195
1733 300.195
1734 300.195
1735 300.195
1736 300.195
1737 300.195
1738 300.195
1739 300.195
1740 300.195
1741 300.195
1742 300.195
1743 300.195
1744 300.195
1745 300.195
1746 300.195
1747 300.195
1748 300.195
1749 300.195
1750 300.195
1751 300.195
1752 300.195
1753 300.195
1754 300.195
1755 300.195
1756 300.195
1757 300.195
1758 300.195
1759 300.195
1760 300.195
1761 300.195
1762 300.195
1763 300.195
1764 300.195
1765 300.195
1766 300.195
1767 300.195
1768 300.195
1769 300.195
1770 300.195
1771 300.195
1772 300.195
1773 300.195
1774 300.195
1775 300.195
1776 300.195
1777 300.195
1778 300.195
1779 300.195
1780 300.195
1781 300.195
1782 300.195
1783 300.195
1784 300.195
1785 300.195
1786 300.195
1787 300.195
1788 300.195
1789 300.195
1790 300.195
1791 300.195
1792 300.195
1793 300.195
1794 300.195
1795 300.195
1796 300.195
1797 300.195
1798 311.864
1799 311.864
1800 311.864
1801 311.864
1802 311.864
1803 311.864
1804 311.864
1805 311.864
1806 311.864
1807 311.864
1808 311.864
1809 311.864
1810 311.864
1811 307.769
1812 307.769
1813 307.769
1814 307.769
1815 307.769
1816 307.769
1817 307.769
1818 307.769
1819 307.769
1820 307.769
1821 307.769
1822 307.769
1823 307.769
1824 307.769
1825 307.769
1826 307.769
1827 307.769
1828 307.769
1829 307.769
1830 307.769
1831 307.769
1832 307.769
1833 307.769
1834 307.769
1835 307.769
1836 307.769
1837 307.769
1838 307.769
1839 307.769
1840 307.769
1841 307.769
1842 307.769
1843 307.769
1844 307.769
1845 307.769
1846 307.769
1847 307.769
1848 307.769
1849 307.769
1850 307.769
1851 307.769
1852 307.769
1853 307.769
1854 307.769
1855 307.769
1856 307.769
1857 307.769
1858 307.769
1859 307.769
1860 307.769
1861 307.769
1862 307.769
1863 307.769
1864 307.769
1865 307.769
1866 307.769
1867 307.769
1868 307.769
1869 308.373
1870 308.373
1871 308.373
1872 308.373
1873 308.373
1874 311.222
1875 311.222
1876 311.222
1877 311.222
1878 311.222
1879 311.222
1880 311.222
1881 311.222
1882 311.222
1883 311.222
1884 311.222
1885 311.222
1886 311.222
1887 311.222
1888 311.222
1889 311.222
1890 311.222
1891 311.222
1892 311.222
1893 311.222
1894 311.222
1895 311.222
1896 311.222
1897 311.222
1898 311.222
1899 311.222
1900 311.222
1901 311.222
1902 311.222
1903 311.222
1904 311.222
1905 311.222
1906 311.222
1907 311.222
1908 311.222
1909 311.222
1910 311.222
1911 311.222
1912 311.222
1913 311.222
1914 311.222
1915 311.222
1916 311.222
1917 311.222
1918 311.222
1919 311.222
1920 311.222
1921 311.222
1922 311.222
1923 311.222
1924 311.222
1925 311.222
1926 311.222
1927 311.222
1928 311.222
1929 311.222
1930 311.222
1931 311.222
1932 311.222
1933 311.222
1934 311.222
1935 311.222
1936 311.222
1937 311.222
1938 311.222
1939 311.222
1940 311.222
1941 311.222
1942 311.222
1943 311.222
1944 311.222
1945 311.222
1946 311.222
1947 311.222
1948 311.222
1949 311.222
1950 311.222
1951 311.222
1952 311.222
1953 311.222
1954 311.222
1955 311.222
1956 311.222
1957 311.222
1958 311.222
1959 311.222
1960 311.222
1961 311.222
1962 311.222
1963 311.222
1964 311.222
1965 311.222
1966 311.222
1967 311.222
1968 311.222
1969 311.222
1970 311.222
1971 311.222
1972 311.222
1973 311.222
1974 311.222
1975 311.222
1976 311.222
1977 311.222
1978 311.222
1979 311.222
1980 311.222
1981 311.222
1982 311.222
1983 311.222
1984 311.222
1985 311.222
1986 311.222
1987 311.222
1988 311.222
1989 311.222
1990 311.222
1991 311.222
1992 311.222
1993 311.222
1994 311.222
1995 311.222
1996 311.222
1997 311.222
1998 311.222
1999 311.222
2000 311.222
2001 311.222
2002 311.222
2003 311.222
2004 311.222
2005 311.222
2006 311.222
2007 311.222
2008 311.222
2009 311.222
2010 311.222
2011 311.222
2012 311.222
2013 311.222
2014 311.222
2015 311.222
2016 311.222
2017 311.222
2018 311.222
2019 311.222
2020 311.222
2021 311.222
2022 316.609
2023 316.609
2024 316.609
2025 316.609
2026 316.609
2027 316.609
2028 316.609
2029 316.609
2030 316.609
2031 316.609
2032 316.609
2033 316.609
2034 316.609
2035 316.609
2036 316.609
2037 316.609
2038 316.609
2039 316.609
2040 316.609
2041 316.609
2042 316.609
2043 316.609
2044 316.609
2045 316.609
2046 316.609
2047 316.609
2048 316.609
2049 316.609
2050 316.609
2051 316.609
2052 316.609
2053 316.609
2054 316.609
2055 316.609
2056 316.609
2057 316.609
2058 316.609
2059 316.609
2060 316.609
2061 316.609
2062 316.609
2063 316.609
2064 316.609
2065 316.609
2066 316.609
2067 316.609
2068 316.609
2069 316.609
2070 316.609
2071 316.609
2072 316.609
2073 316.609
2074 316.609
2075 316.609
2076 316.609
2077 316.609
2078 316.609
2079 316.609
2080 316.609
2081 316.609
2082 316.609
2083 316.609
2084 316.609
2085 316.609
2086 316.609
2087 316.609
2088 316.609
2089 316.609
2090 316.609
2091 316.609
2092 316.609
2093 316.609
2094 316.609
2095 316.609
2096 316.609
2097 316.609
2098 316.609
2099 316.609
2100 316.609
2101 316.609
2102 316.609
2103 316.609
2104 316.609
2105 316.609
2106 316.609
2107 316.609
2108 316.609
2109 316.609
2110 316.609
2111 323.698
2112 323.698
2113 323.698
2114 323.698
2115 323.698
2116 323.698
2117 323.698
2118 323.698
2119 323.698
2120 323.698
2121 323.698
2122 323.698
2123 323.698
2124 323.698
2125 323.698
2126 323.698
2127 323.698
2128 323.698
2129 323.698
2130 323.698
2131 323.698
2132 323.698
2133 323.698
2134 323.698
2135 323.698
2136 323.698
2137 323.698
2138 323.698
2139 323.698
2140 323.698
2141 323.698
2142 323.698
2143 323.698
2144 323.698
2145 323.698
2146 320.973
2147 320.973
2148 320.973
2149 320.973
2150 320.973
2151 320.973
2152 320.973
2153 320.973
2154 320.973
2155 320.973
2156 320.973
2157 320.973
2158 320.973
2159 320.973
2160 320.973
2161 320.973
2162 320.973
2163 320.973
2164 320.973
2165 320.973
2166 320.973
2167 320.973
2168 320.973
2169 320.973
2170 320.973
2171 320.973
2172 320.973
2173 320.973
2174 320.973
2175 320.973
2176 320.973
2177 320.973
2178 320.973
2179 320.973
2180 320.973
2181 320.973
2182 325.774
2183 325.774
2184 325.774
2185 325.774
2186 325.774
2187 325.774
2188 325.774
2189 325.774
2190 325.774
2191 325.774
2192 325.774
2193 325.774
2194 325.774
2195 325.774
2196 325.774
2197 325.774
2198 325.774
2199 325.774
2200 325.774
2201 325.774
2202 325.774
2203 325.774
2204 325.774
2205 325.774
2206 325.774
2207 325.774
2208 325.774
2209 325.774
2210 325.774
2211 325.774
2212 325.774
2213 325.774
2214 325.774
2215 325.774
2216 325.774
2217 325.774
2218 325.774
2219 325.774
2220 325.774
2221 325.774
2222 325.774
2223 325.774
2224 325.774
2225 325.774
2226 325.774
2227 325.774
2228 325.774
2229 325.774
2230 325.774
2231 325.774
2232 325.774
2233 325.774
2234 325.774
2235 325.774
2236 325.774
2237 325.774
2238 325.774
2239 325.774
2240 325.774
2241 325.774
2242 325.774
2243 325.774
2244 325.774
2245 325.774
2246 325.774
2247 325.774
2248 325.774
2249 325.774
2250 325.774
2251 325.774
2252 325.774
2253 325.774
2254 325.774
2255 325.774
2256 325.774
2257 325.774
2258 325.774
2259 325.774
2260 325.774
2261 325.774
2262 325.774
2263 325.774
2264 325.774
2265 325.774
2266 325.774
2267 325.774
2268 325.774
2269 325.774
2270 325.774
2271 325.774
2272 325.774
2273 325.774
2274 325.774
2275 325.774
2276 325.774
2277 325.774
2278 325.774
2279 325.774
2280 325.774
2281 325.774
2282 325.774
2283 325.774
2284 325.774
2285 325.774
2286 325.774
2287 325.774
2288 325.774
2289 325.774
2290 325.774
2291 325.774
2292 325.774
2293 325.774
2294 325.774
2295 325.774
2296 325.774
2297 325.774
2298 325.774
2299 325.774
2300 325.774
2301 325.774
2302 325.774
2303 325.774
2304 325.774
2305 325.774
2306 325.774
2307 325.774
2308 325.774
2309 325.774
2310 325.774
2311 325.774
2312 325.774
2313 325.774
2314 325.774
2315 325.774
2316 325.774
2317 325.774
2318 325.774
2319 339.094
2320 339.094
2321 339.094
2322 339.094
2323 339.094
2324 339.094
2325 339.094
2326 339.094
2327 339.094
2328 339.094
2329 339.094
2330 339.094
2331 339.094
2332 339.094
2333 339.094
2334 339.094
2335 339.094
2336 339.094
2337 339.094
2338 339.094
2339 339.094
2340 339.094
2341 339.094
2342 339.094
2343 339.094
2344 339.094
2345 339.094
2346 339.094
2347 339.094
2348 339.094
2349 339.094
2350 339.094
2351 339.094
2352 339.094
2353 339.094
2354 339.094
2355 339.094
2356 339.094
2357 339.094
2358 339.094
2359 339.094
2360 339.094
2361 339.094
2362 339.094
2363 339.094
2364 339.094
2365 339.094
2366 339.094
2367 339.094
2368 339.094
2369 339.094
2370 339.094
2371 339.094
2372 339.094
2373 339.094
2374 339.094
2375 339.094
2376 339.094
2377 339.094
2378 339.094
2379 339.094
2380 339.094
2381 339.094
2382 339.094
2383 339.094
2384 339.094
2385 339.094
2386 339.094
2387 339.094
2388 339.094
2389 339.094
2390 339.094
2391 339.094
2392 339.094
2393 339.094
2394 339.094
2395 339.094
2396 339.094
2397 339.094
2398 339.094
2399 339.094
2400 339.094
2401 339.094
2402 339.094
2403 339.094
2404 339.094
2405 339.094
2406 339.094
2407 339.094
2408 339.094
2409 339.094
2410 339.094
2411 339.094
2412 339.094
2413 339.094
2414 339.094
2415 339.094
2416 339.094
2417 339.094
2418 339.094
2419 339.094
2420 339.094
2421 339.094
2422 339.094
2423 339.094
2424 339.094
2425 339.094
2426 339.094
2427 339.094
2428 339.094
2429 339.094
2430 339.094
2431 339.094
2432 339.094
2433 339.094
2434 339.094
2435 339.094
2436 339.094
2437 339.094
2438 339.094
2439 339.094
2440 339.094
2441 339.094
2442 339.094
2443 339.094
2444 339.094
2445 339.094
2446 339.094
2447 339.094
2448 339.094
2449 339.094
2450 339.094
2451 351.434
2452 351.434
2453 351.434
2454 351.434
2455 351.434
2456 351.434
2457 351.434
2458 351.434
2459 351.434
2460 351.434
2461 351.434
2462 351.434
2463 351.434
2464 351.434
2465 351.434
2466 353.612
2467 353.612
2468 353.612
2469 353.612
2470 353.612
2471 353.612
2472 353.612
2473 353.612
2474 353.612
2475 353.612
2476 353.612
2477 353.612
2478 353.612
2479 353.612
2480 353.612
2481 353.612
2482 353.612
2483 353.612
2484 353.612
2485 353.612
2486 353.612
2487 353.612
2488 353.612
2489 353.612
2490 353.612
2491 353.612
2492 353.612
2493 353.612
2494 353.612
2495 353.612
2496 353.612
2497 353.612
2498 353.612
2499 353.612
2500 353.612
2501 353.612
2502 353.612
2503 353.612
2504 353.612
2505 353.612
2506 353.612
2507 353.612
2508 353.612
2509 353.612
2510 353.612
2511 353.612
2512 353.612
2513 353.612
2514 353.612
2515 353.612
2516 353.612
2517 353.612
2518 353.612
2519 353.612
2520 353.612
2521 353.612
2522 353.612
2523 353.612
2524 353.612
2525 353.612
2526 353.612
2527 353.612
2528 353.612
2529 353.612
2530 353.612
2531 353.612
2532 353.612
2533 353.612
2534 353.612
2535 353.612
2536 353.612
2537 353.612
2538 353.612
2539 353.612
2540 353.612
2541 353.612
2542 353.612
2543 353.612
2544 353.612
2545 353.612
2546 353.612
2547 353.612
2548 353.612
2549 353.612
2550 353.612
2551 331.830
2552 331.830
2553 331.830
2554 331.830
2555 331.830
2556 331.830
2557 331.830
2558 331.830
2559 331.830
2560 331.830
2561 331.830
2562 333.381
2563 333.381
2564 333.381
2565 333.381
2566 333.381
2567 333.381
2568 333.381
2569 333.381
2570 333.381
2571 333.381
2572 333.381
2573 333.381
2574 333.381
2575 333.381
2576 333.381
2577 333.381
2578 333.381
2579 333.381
2580 333.381
2581 333.381
2582 333.381
2583 333.381
2584 333.381
2585 333.381
2586 333.381
2587 333.381
2588 333.381
2589 333.381
2590 333.381
2591 333.381
2592 333.381
2593 333.381
2594 333.381
2595 333.381
2596 333.381
2597 333.381
2598 333.381
2599 333.381
2600 333.381
2601 333.381
2602 333.381
2603 333.381
2604 333.381
2605 333.381
2606 333.381
2607 333.381
2608 333.381
2609 340.399
2610 340.399
2611 340.399
2612 340.399
2613 340.399
2614 340.399
2615 340.399
2616 340.399
2617 340.399
2618 340.399
2619 340.399
2620 340.399
2621 340.399
2622 340.399
2623 340.399
2624 340.399
2625 340.399
2626 340.399
2627 340.399
2628 340.399
2629 340.399
2630 340.399
2631 340.399
2632 340.399
2633 340.399
2634 340.399
2635 340.399
2636 340.399
2637 340.399
2638 340.399
2639 340.399
2640 340.399
2641 340.399
2642 340.399
2643 340.399
2644 340.399
2645 340.399
2646 340.399
2647 340.399
2648 340.399
2649 340.399
2650 340.399
2651 340.399
2652 340.399
2653 340.399
2654 340.399
2655 340.399
2656 340.399
2657 340.399
2658 340.399
2659 340.399
2660 340.399
2661 340.399
2662 340.399
2663 352.649
2664 372.836
2665 372.836
2666 372.836
2667 372.836
2668 372.836
2669 372.836
2670 372.836
2671 372.836
2672 372.836
2673 372.836
2674 372.836
2675 372.836
2676 372.836
2677 372.836
2678 372.836
2679 372.836
2680 372.836
2681 372.836
2682 372.836
2683 372.836
2684 372.836
2685 372.836
2686 372.836
2687 372.836
2688 372.836
2689 372.836
2690 372.836
2691 372.836
2692 372.836
2693 372.836
2694 372.836
2695 372.836
2696 372.836
2697 372.836
2698 372.836
2699 372.836
2700 372.836
2701 372.836
2702 372.836
2703 372.836
2704 372.836
2705 372.836
2706 372.836
2707 372.836
2708 372.836
2709 372.836
2710 372.836
2711 372.836
2712 372.836
2713 372.836
2714 372.836
2715 372.836
2716 372.836
2717 372.836
2718 372.836
2719 372.836
2720 372.836
2721 372.836
2722 372.836
2723 372.836
2724 372.836
2725 372.836
2726 372.836
2727 372.836
2728 372.836
2729 372.836
2730 372.836
2731 372.836
2732 372.836
2733 372.836
2734 372.836
2735 372.836
2736 372.836
2737 372.836
2738 372.836
2739 372.836
2740 372.836
2741 372.836
2742 372.836
2743 372.836
2744 372.836
2745 372.836
2746 372.836
2747 372.836
2748 372.836
2749 372.836
2750 372.836
2751 372.836
2752 372.836
2753 372.836
2754 372.836
2755 372.836
2756 372.836
2757 372.836
2758 372.836
2759 372.836
2760 372.836
2761 372.836
2762 372.836
2763 372.836
2764 372.836
2765 372.836
2766 372.836
2767 372.836
2768 372.836
2769 372.836
2770 372.836
2771 372.836
2772 372.836
2773 372.836
2774 372.836
2775 372.836
2776 372.836
2777 372.836
2778 372.836
2779 372.836
2780 372.836
2781 372.836
2782 372.836
2783 372.836
2784 372.836
2785 372.836
2786 372.836
2787 372.836
2788 372.836
2789 372.836
2790 372.836
2791 372.836
2792 372.836
2793 372.836
2794 372.836
2795 372.836
2796 372.836
2797 372.836
2798 372.836
2799 372.836
2800 384.080
2801 384.080
2802 384.080
2803 384.080
2804 384.080
2805 384.080
2806 399.581
2807 399.581
2808 399.581
2809 382.623
2810 382.623
2811 382.623
2812 382.623
2813 382.623
2814 395.101
2815 395.101
2816 395.101
2817 395.101
2818 395.101
2819 395.101
2820 395.101
2821 395.101
2822 395.101
2823 395.101
2824 395.101
2825 395.101
2826 395.101
2827 395.101
2828 395.101
2829 395.101
2830 395.101
2831 395.101
2832 395.101
2833 395.101
2834 395.101
2835 395.101
2836 395.101
2837 395.101
2838 395.101
2839 395.101
2840 395.101
2841 395.101
2842 395.101
2843 395.101
2844 395.101
2845 395.101
2846 395.101
2847 395.101
2848 395.101
2849 395.101
2850 395.101
2851 395.101
2852 395.101
2853 395.101
2854 395.101
2855 395.101
2856 395.101
2857 395.101
2858 395.101
2859 395.101
2860 395.101
2861 395.101
2862 395.101
2863 395.101
2864 395.101
2865 395.101
2866 395.101
2867 395.101
2868 395.101
2869 392.794
2870 392.794
2871 392.794
2872 392.794
2873 392.794
2874 392.794
2875 392.794
2876 392.794
2877 392.794
2878 392.794
2879 392.794
2880 392.794
2881 392.794
2882 392.794
2883 392.794
2884 392.794
2885 392.794
2886 392.794
2887 392.794
2888 392.794
2889 392.794
2890 392.794
2891 392.794
2892 392.794
2893 392.794
2894 392.794
2895 392.794
2896 392.794
2897 392.794
2898 392.794
2899 392.794
2900 392.794
2901 392.794
2902 392.794
2903 392.794
2904 392.794
2905 392.794
2906 392.794
2907 392.794
2908 392.794
2909 392.794
2910 392.794
2911 392.794
2912 392.794
2913 392.794
2914 392.794
2915 392.794
2916 392.794
2917 392.794
2918 392.794
2919 392.794
2920 392.794
2921 392.794
2922 392.794
2923 392.794
2924 392.794
2925 392.794
2926 392.794
2927 392.794
2928 392.794
2929 392.794
2930 392.794
2931 392.794
2932 392.794
2933 392.794
2934 392.794
2935 392.794
2936 392.794
2937 392.794
2938 392.794
2939 392.794
2940 392.794
2941 392.794
2942 392.794
2943 392.794
2944 390.588
2945 390.588
2946 390.588
2947 390.588
2948 390.588
2949 390.588
2950 390.588
2951 390.588
2952 390.588
2953 390.588
2954 390.588
2955 390.588
2956 390.588
2957 390.588
2958 390.588
2959 400.237
2960 400.237
2961 400.237
2962 400.237
2963 400.237
2964 400.237
2965 400.237
2966 400.237
2967 400.237
2968 400.237
2969 400.237
2970 400.237
2971 400.237
2972 400.237
2973 400.237
2974 400.237
2975 400.237
2976 400.237
2977 400.237
2978 400.237
2979 400.237
2980 400.237
2981 400.237
2982 400.237
2983 400.237
2984 400.237
2985 400.237
2986 400.237
2987 400.237
2988 400.237
2989 400.237
2990 400.237
2991 400.237
2992 400.237
2993 400.237
2994 400.237
2995 400.237
2996 400.237
2997 400.237
2998 400.237
2999 400.237
3000 400.237
3001 400.237
3002 400.237
3003 400.237
3004 400.237
3005 400.237
3006 400.237
3007 400.237
3008 400.237
3009 400.237
3010 400.237
3011 400.237
3012 400.237
3013 400.237
3014 400.237
3015 400.237
3016 400.237
3017 400.237
3018 400.237
3019 400.237
3020 400.237
3021 400.237
3022 400.237
3023 400.237
3024 400.237
3025 400.237
3026 400.237
3027 400.237
3028 400.237
3029 400.237
3030 400.237
3031 400.237
3032 400.237
3033 400.237
3034 400.237
3035 400.237
3036 400.237
3037 400.237
3038 400.237
3039 400.237
3040 400.237
3041 400.237
3042 400.237
3043 400.237
3044 400.237
3045 400.237
3046 400.237
3047 400.237
3048 400.237
3049 400.237
3050 400.237
3051 400.237
3052 400.237
3053 400.237
3054 399.944
3055 399.944
3056 399.944
3057 399.944
3058 399.944
3059 399.944
3060 399.944
3061 399.944
3062 399.944
3063 399.944
3064 399.944
3065 399.944
3066 399.944
3067 399.944
3068 399.944
3069 399.944
3070 399.944
3071 399.944
3072 399.944
3073 399.944
3074 399.944
3075 399.944
3076 399.944
3077 399.944
3078 399.944
3079 399.944
3080 399.944
3081 399.944
3082 399.944
3083 399.944
3084 399.944
3085 399.944
3086 399.944
3087 399.944
3088 401.987
3089 401.987
3090 401.987
3091 401.987
3092 401.987
3093 401.987
3094 401.987
3095 401.987
3096 401.987
3097 401.987
3098 401.987
3099 401.987
3100 401.987
3101 401.987
3102 401.987
3103 401.987
3104 401.987
3105 401.987
3106 401.987
3107 401.987
3108 401.987
3109 401.987
3110 401.987
3111 401.987
3112 401.987
3113 401.987
3114 401.987
3115 401.987
3116 401.987
3117 401.987
3118 401.987
3119 401.987
3120 401.987
3121 401.987
3122 401.987
3123 401.987
3124 401.987
3125 401.987
3126 401.987
3127 401.987
3128 401.987
3129 401.987
3130 401.987
3131 401.987
3132 401.987
3133 401.987
3134 401.987
3135 401.987
3136 401.987
3137 401.987
3138 401.987
3139 401.987
3140 401.987
3141 401.987
3142 401.987
3143 401.987
3144 401.987
3145 401.987
3146 401.987
3147 401.987
3148 401.987
3149 401.987
3150 401.987
3151 401.987
3152 401.987
3153 401.987
3154 401.987
3155 401.987
3156 401.987
3157 401.987
3158 401.987
3159 401.987
3160 401.987
3161 401.987
3162 401.987
3163 401.987
3164 401.987
3165 401.987
3166 401.987
3167 401.987
3168 401.987
3169 401.987
3170 401.987
3171 401.987
3172 401.987
3173 401.987
3174 401.987
3175 401.987
3176 401.987
3177 401.987
3178 401.987
3179 401.987
3180 401.987
3181 401.987
3182 401.987
3183 401.987
3184 401.987
3185 401.987
3186 401.987
3187 401.987
3188 401.987
3189 401.987
3190 401.987
3191 401.987
3192 401.987
3193 401.987
3194 401.987
3195 401.987
3196 401.987
3197 401.987
3198 401.987
3199 401.987
3200 401.987
3201 401.987
3202 401.987
3203 401.987
3204 401.987
3205 401.987
3206 401.987
3207 401.987
3208 401.987
3209 401.987
3210 401.987
3211 401.987
3212 401.987
3213 401.987
3214 401.987
3215 401.987
3216 401.987
3217 401.987
3218 401.987
3219 401.987
3220 401.987
3221 401.987
3222 401.987
3223 401.987
3224 401.987
3225 401.987
3226 401.987
3227 401.987
3228 401.987
3229 401.987
3230 401.987
3231 401.987
3232 401.987
3233 401.987
3234 401.987
3235 401.987
3236 401.987
3237 401.987
3238 401.987
3239 401.987
3240 401.987
3241 401.987
3242 401.987
3243 401.987
3244 401.987
3245 401.987
3246 401.987
3247 401.987
3248 401.987
3249 401.987
3250 401.987
3251 401.987
3252 401.987
3253 401.987
3254 401.987
3255 401.987
3256 401.987
3257 401.987
3258 401.987
3259 401.987
3260 401.987
3261 401.987
3262 401.987
3263 416.301
3264 416.301
3265 416.301
3266 416.301
3267 416.301
3268 416.301
3269 416.301
3270 416.301
3271 416.301
3272 416.301
3273 416.301
3274 416.301
3275 416.301
3276 416.301
3277 416.301
3278 416.301
3279 416.301
3280 416.301
3281 416.301
3282 416.301
3283 416.301
3284 416.301
3285 416.301
3286 416.301
3287 416.301
3288 416.301
3289 416.301
3290 416.301
3291 416.301
3292 416.301
3293 416.301
3294 416.301
3295 416.301
3296 416.301
3297 416.301
3298 416.301
3299 416.301
3300 416.301
3301 416.301
3302 416.301
3303 416.301
3304 416.301
3305 416.301
3306 416.301
3307 416.301
3308 416.301
3309 416.301
3310 416.301
3311 416.301
3312 416.301
3313 416.301
3314 416.301
3315 426.886
3316 426.886
3317 426.886
3318 426.886
3319 426.886
3320 426.886
3321 426.886
3322 426.886
3323 426.886
3324 426.886
3325 426.886
3326 426.886
3327 426.886
3328 426.886
3329 426.886
3330 426.886
3331 426.886
3332 426.886
3333 426.886
3334 426.886
3335 426.886
3336 426.886
3337 426.886
3338 426.886
3339 426.886
3340 426.886
3341 426.886
3342 426.886
3343 426.886
3344 426.886
3345 426.886
3346 426.886
3347 426.886
3348 426.886
3349 426.886
3350 426.886
3351 426.886
3352 426.886
3353 426.886
3354 426.886
3355 426.886
3356 426.886
3357 426.886
3358 426.886
3359 426.886
3360 426.886
3361 426.886
3362 426.886
3363 426.886
3364 426.886
3365 426.886
3366 426.886
3367 426.886
3368 426.886
3369 426.886
3370 426.886
3371 426.886
3372 426.886
3373 426.886
3374 426.886
3375 426.886
3376 426.886
3377 426.886
3378 426.886
3379 426.886
3380 426.886
3381 426.886
3382 426.886
3383 426.886
3384 426.886
3385 426.886
3386 426.886
3387 426.886
3388 426.886
3389 426.886
3390 426.886
3391 426.886
3392 426.886
3393 426.886
3394 426.886
3395 426.886
3396 426.886
3397 426.886
3398 426.886
3399 426.886
3400 426.886
3401 426.886
3402 426.886
3403 426.886
3404 426.886
3405 426.886
3406 426.886
3407 426.886
3408 426.886
3409 426.886
3410 426.886
3411 426.886
3412 426.886
3413 426.886
3414 426.886
3415 426.886
3416 426.886
3417 426.886
3418 426.886
3419 426.886
3420 426.886
3421 426.886
3422 426.886
3423 426.886
3424 426.886
3425 426.886
3426 426.886
3427 426.886
3428 426.886
3429 426.886
3430 426.886
3431 426.886
3432 426.886
3433 426.886
3434 426.886
3435 426.886
3436 426.886
3437 426.886
3438 426.886
3439 426.886
3440 426.886
3441 426.886
3442 426.886
3443 426.886
3444 426.886
3445 426.886
3446 426.886
3447 426.886
3448 426.886
3449 426.886
3450 426.886
3451 426.886
3452 426.886
3453 426.886
3454 426.886
3455 426.886
3456 426.886
3457 426.886
3458 426.886
3459 426.886
3460 426.886
3461 426.886
3462 426.886
3463 426.886
3464 426.886
3465 426.886
3466 426.886
3467 426.886
3468 426.886
3469 426.886
3470 426.886
3471 426.886
3472 426.886
3473 426.886
3474 426.886
3475 426.886
3476 426.886
3477 426.886
3478 426.886
3479 426.886
3480 426.886
3481 426.886
3482 426.886
3483 426.886
3484 426.886
3485 426.886
3486 426.886
3487 426.886
3488 426.886
3489 426.886
3490 426.886
3491 426.886
3492 426.886
3493 426.886
3494 426.886
3495 426.886
3496 426.886
3497 426.886
3498 426.886
3499 426.886
3500 426.886
3501 426.886
3502 426.886
3503 426.886
3504 426.886
3505 426.886
3506 426.886
3507 426.886
3508 426.886
3509 426.886
3510 426.886
3511 426.886
3512 426.886
3513 426.886
3514 426.886
3515 426.886
3516 426.886
3517 426.886
3518 426.886
3519 426.886
3520 426.886
3521 426.886
3522 426.886
3523 426.886
3524 426.886
3525 426.886
3526 426.886
3527 426.886
3528 426.886
3529 426.886
3530 426.886
3531 426.886
3532 426.886
3533 426.886
3534 426.886
3535 426.886
3536 426.886
3537 426.886
3538 426.886
3539 426.886
3540 426.886
3541 426.886
3542 426.886
3543 426.886
3544 426.886
3545 426.886
3546 426.886
3547 426.886
3548 426.886
3549 426.886
3550 426.886
3551 426.886
3552 426.886
3553 426.886
3554 426.886
3555 426.886
3556 426.886
3557 426.886
3558 426.886
3559 426.886
3560 426.886
3561 426.886
3562 426.886
3563 426.886
3564 426.886
3565 426.886
3566 426.886
3567 426.886
3568 426.886
3569 426.886
3570 426.886
3571 426.886
3572 426.886
3573 426.886
3574 426.886
3575 426.886
3576 426.886
3577 426.886
3578 426.886
3579 426.886
3580 426.886
3581 426.886
3582 426.886
3583 426.886
3584 426.886
3585 426.886
3586 426.886
3587 426.886
3588 426.886
3589 426.886
3590 426.886
3591 426.886
3592 426.886
3593 426.886
3594 426.886
3595 426.886
3596 426.886
3597 426.886
3598 426.886
3599 426.886
3600 426.886
3601 426.886
3602 426.886
3603 426.886
3604 426.886
3605 426.886
3606 426.886
3607 426.886
3608 426.886
3609 426.886
3610 426.886
3611 426.886
3612 426.886
3613 426.886
3614 426.886
3615 426.886
3616 426.886
3617 426.886
3618 426.886
3619 426.886
3620 426.886
3621 426.886
3622 426.886
3623 426.886
3624 426.886
3625 426.886
3626 426.886
3627 426.886
3628 426.886
3629 426.886
3630 426.886
3631 426.886
3632 426.886
3633 426.886
3634 426.886
3635 426.886
3636 426.886
3637 426.886
3638 426.886
3639 426.886
3640 426.886
3641 426.886
3642 426.886
3643 426.886
3644 426.886
3645 426.886
3646 426.886
3647 426.886
3648 426.886
3649 426.886
3650 451.837
3651 451.837
3652 451.837
3653 451.837
3654 451.837
3655 451.837
3656 451.837
3657 451.837
3658 451.837
3659 451.837
3660 451.837
3661 451.837
3662 451.837
3663 451.837
3664 451.837
3665 451.837
3666 451.837
3667 451.837
3668 451.837
3669 451.837
3670 451.837
3671 451.837
3672 451.837
3673 451.837
3674 451.837
3675 451.837
3676 451.837
3677 451.837
3678 451.837
3679 451.837
3680 451.837
3681 451.837
3682 451.837
3683 451.837
3684 451.837
3685 451.837
3686 451.837
3687 451.837
3688 451.837
3689 451.837
3690 451.837
3691 451.837
3692 451.837
3693 451.837
3694 451.837
3695 451.837
3696 451.837
3697 451.837
3698 451.837
3699 451.837
3700 451.837
3701 451.837
3702 451.837
3703 451.837
3704 451.837
3705 451.837
3706 451.837
3707 451.837
3708 451.837
3709 451.837
3710 447.857
3711 447.857
3712 447.857
3713 447.857
3714 447.857
3715 447.857
3716 447.857
3717 447.857
3718 447.857
3719 447.857
3720 447.857
3721 447.857
3722 447.857
3723 447.857
3724 447.857
3725 447.857
3726 447.857
3727 447.857
3728 447.857
3729 447.857
3730 447.857
3731 447.857
3732 447.857
3733 447.857
3734 447.857
3735 447.857
3736 447.857
3737 447.857
3738 447.857
3739 447.857
3740 447.857
3741 447.857
3742 447.857
3743 447.857
3744 447.857
3745 447.857
3746 447.857
3747 447.857
3748 447.857
3749 447.857
3750 447.857
3751 447.857
3752 447.857
3753 447.857
3754 447.857
3755 447.857
3756 447.857
3757 447.857
3758 447.857
3759 447.857
3760 447.857
3761 447.857
3762 447.857
3763 447.857
3764 447.857
3765 447.857
3766 447.857
3767 447.857
3768 447.857
3769 447.857
3770 447.857
3771 447.857
3772 447.857
3773 447.857
3774 447.857
3775 447.857
3776 447.857
3777 447.857
3778 447.857
3779 447.857
3780 447.857
3781 447.857
3782 447.857
3783 447.857
3784 447.857
3785 447.857
3786 447.857
3787 447.857
3788 447.857
3789 447.857
3790 447.857
3791 447.857
3792 447.857
3793 447.857
3794 447.857
3795 447.857
3796 447.857
3797 447.857
3798 447.857
3799 447.857
3800 447.857
3801 447.857
3802 447.857
3803 447.857
3804 447.857
3805 447.857
3806 447.857
3807 447.857
3808 447.857
3809 447.857
3810 447.857
3811 443.244
3812 443.244
3813 443.244
3814 443.244
3815 443.244
3816 443.244
3817 443.244
3818 443.244
3819 443.244
3820 443.244
3821 443.244
3822 443.244
3823 443.244
3824 443.244
3825 443.244
3826 443.244
3827 443.244
3828 443.244
3829 443.244
3830 443.244
3831 443.244
3832 443.244
3833 443.244
3834 443.244
3835 443.244
3836 443.244
3837 443.244
3838 443.244
3839 443.244
3840 443.244
3841 443.244
3842 443.244
3843 443.244
3844 443.244
3845 443.244
3846 443.244
3847 443.244
3848 443.244
3849 443.244
3850 443.244
3851 443.244
3852 443.244
3853 443.244
3854 443.244
3855 443.244
3856 443.244
3857 443.244
3858 443.244
3859 443.244
3860 443.244
3861 443.244
3862 443.244
3863 443.244
3864 443.244
3865 443.244
3866 443.244
3867 443.244
3868 443.244
3869 443.244
3870 443.244
3871 443.244
3872 443.244
3873 443.244
3874 443.244
3875 443.244
3876 443.244
3877 443.244
3878 443.244
3879 443.244
3880 443.244
3881 443.244
3882 443.244
3883 443.244
3884 443.244
3885 443.244
3886 443.244
3887 443.244
3888 443.244
3889 443.244
3890 443.244
3891 443.244
3892 443.244
3893 443.244
3894 443.244
3895 443.244
3896 443.244
3897 443.244
3898 443.244
3899 443.244
3900 443.244
3901 443.244
3902 443.244
3903 443.244
3904 443.244
3905 443.244
3906 443.244
3907 443.244
3908 443.244
3909 443.244
3910 443.244
3911 443.244
3912 443.244
3913 443.244
3914 443.244
3915 443.244
3916 443.244
3917 443.244
3918 443.244
3919 443.244
3920 443.244
3921 443.244
3922 443.244
3923 443.244
3924 443.244
3925 443.244
3926 443.244
3927 443.244
3928 443.244
3929 443.244
3930 443.244
3931 443.244
3932 443.244
3933 443.244
3934 443.244
3935 443.244
3936 443.244
3937 443.244
3938 443.244
3939 443.244
3940 443.244
3941 443.244
3942 443.244
3943 443.244
3944 443.244
3945 443.244
3946 443.244
3947 443.244
3948 443.244
3949 443.244
3950 443.244
3951 443.244
3952 443.244
3953 443.244
3954 443.244
3955 443.244
3956 443.244
3957 443.244
3958 443.244
3959 443.244
3960 443.244
3961 443.244
3962 443.244
3963 443.244
3964 443.244
3965 443.244
3966 443.244
3967 443.244
3968 443.244
3969 443.244
3970 443.244
3971 443.244
3972 443.244
3973 443.244
3974 443.244
3975 443.244
3976 443.244
3977 443.244
3978 443.244
3979 443.244
3980 443.244
3981 443.244
3982 443.244
3983 443.244
3984 443.244
3985 443.244
3986 443.244
3987 443.244
3988 443.244
3989 443.244
3990 443.244
3991 443.244
3992 443.244
3993 443.244
3994 443.244
3995 443.244
3996 443.244
3997 443.244
3998 443.244
3999 443.244
4000 443.244
4001 443.244
4002 443.244
4003 443.244
4004 443.244
4005 443.244
4006 443.244
4007 443.244
4008 443.244
4009 443.244
4010 443.244
4011 443.244
4012 443.244
4013 443.244
4014 443.244
4015 443.244
4016 443.244
4017 443.244
4018 443.244
4019 443.244
4020 443.244
4021 443.244
4022 443.244
4023 443.244
4024 443.244
4025 443.244
4026 443.244
4027 443.244
4028 443.244
4029 443.244
4030 443.244
4031 443.244
4032 443.244
4033 443.244
4034 443.244
4035 443.244
4036 443.244
4037 443.244
4038 443.244
4039 443.244
4040 443.244
4041 443.244
4042 443.244
4043 443.244
4044 443.244
4045 443.244
4046 443.244
4047 443.244
4048 443.244
4049 443.244
4050 443.244
4051 443.244
4052 443.244
4053 443.244
4054 443.244
4055 443.244
4056 443.244
4057 443.244
4058 443.244
4059 443.244
4060 443.244
4061 443.244
4062 443.244
4063 443.244
4064 443.244
4065 443.244
4066 443.244
4067 443.244
4068 443.244
4069 443.244
4070 443.244
4071 443.244
4072 443.244
4073 443.244
4074 443.244
4075 443.244
4076 443.244
4077 443.244
4078 443.244
4079 443.244
4080 443.244
4081 443.244
4082 443.244
4083 443.244
4084 443.244
4085 443.244
4086 443.244
4087 443.244
4088 443.244
4089 443.244
4090 443.244
4091 443.244
4092 454.388
4093 454.388
4094 454.388
4095 454.388
4096 454.388
4097 454.388
4098 454.388
4099 454.388
4100 454.388
4101 454.388
4102 454.388
4103 454.388
4104 454.388
4105 454.388
4106 454.388
4107 454.388
4108 454.388
4109 454.388
4110 454.388
4111 454.388
4112 454.388
4113 454.388
4114 454.388
4115 454.388
4116 454.388
4117 454.388
4118 454.388
4119 454.388
4120 454.388
4121 454.388
4122 454.388
4123 454.388
4124 454.388
4125 454.388
4126 454.388
4127 454.388
4128 454.388
4129 454.388
4130 454.388
4131 454.388
4132 454.388
4133 454.388
4134 454.388
4135 454.388
4136 454.388
4137 454.388
4138 454.388
4139 454.388
4140 454.388
4141 454.388
4142 454.388
4143 454.388
4144 454.388
4145 454.388
4146 454.388
4147 454.388
4148 454.388
4149 454.388
4150 454.388
4151 454.388
4152 454.388
4153 454.388
4154 454.388
4155 454.388
4156 454.388
4157 454.388
4158 454.388
4159 454.388
4160 454.388
4161 454.388
4162 454.388
4163 454.388
4164 454.388
4165 454.388
4166 454.388
4167 454.388
4168 454.388
4169 454.388
4170 454.388
4171 454.388
4172 454.388
4173 454.388
4174 454.388
4175 454.388
4176 454.388
4177 454.388
4178 454.388
4179 454.388
4180 454.388
4181 454.388
4182 454.388
4183 454.388
4184 454.388
4185 454.388
4186 454.388
4187 454.388
4188 454.388
4189 454.388
4190 454.388
4191 454.388
4192 454.388
4193 454.388
4194 454.388
4195 454.388
4196 454.388
4197 454.388
4198 454.388
4199 454.388
4200 454.388
4201 454.388
4202 454.388
4203 454.388
4204 454.388
4205 454.388
4206 454.388
4207 454.388
4208 454.388
4209 454.388
4210 454.388
4211 454.388
4212 454.388
4213 454.388
4214 454.388
4215 454.388
4216 454.388
4217 454.388
4218 454.388
4219 454.388
4220 454.388
4221 454.388
4222 454.388
4223 454.388
4224 454.388
4225 454.388
4226 454.388
4227 454.388
4228 454.388
4229 454.388
4230 454.388
4231 454.388
4232 454.388
4233 454.388
4234 454.388
4235 454.388
4236 454.388
4237 454.388
4238 454.388
4239 454.388
4240 454.388
4241 454.388
4242 454.388
4243 454.388
4244 454.388
4245 454.388
4246 454.388
4247 454.388
4248 454.388
4249 454.388
4250 454.388
4251 454.388
4252 454.388
4253 454.388
4254 454.388
4255 454.388
4256 454.388
4257 454.388
4258 454.388
4259 454.388
4260 454.388
4261 454.388
4262 454.388
4263 454.388
4264 454.388
4265 454.388
4266 477.057
4267 477.057
4268 477.057
4269 477.057
4270 477.057
4271 477.057
4272 477.057
4273 477.057
4274 477.057
4275 477.057
4276 477.057
4277 477.057
4278 477.057
4279 477.057
4280 477.057
4281 477.057
4282 477.057
4283 477.057
4284 477.057
4285 477.057
4286 477.057
4287 477.057
4288 477.057
4289 477.057
4290 477.057
4291 477.057
4292 477.057
4293 477.057
4294 477.057
4295 477.057
4296 477.057
4297 477.057
4298 477.057
4299 477.057
4300 477.057
4301 477.057
4302 477.057
4303 477.057
4304 477.057
4305 477.057
4306 477.057
4307 477.057
4308 477.057
4309 477.057
4310 477.057
4311 477.057
4312 477.057
4313 477.057
4314 477.057
4315 477.057
4316 477.057
4317 477.057
4318 477.057
4319 477.057
4320 477.057
4321 477.057
4322 477.057
4323 477.057
4324 477.057
4325 477.057
4326 477.057
4327 477.057
4328 477.057
4329 477.057
4330 477.057
4331 477.057
4332 477.057
4333 477.057
4334 477.057
4335 477.057
4336 477.057
4337 477.057
4338 477.057
4339 477.057
4340 477.057
4341 477.057
4342 477.057
4343 477.057
4344 477.057
4345 477.057
4346 477.057
4347 477.057
4348 477.057
4349 477.057
4350 477.057
4351 477.057
4352 477.057
4353 477.057
4354 477.057
4355 477.057
4356 477.057
4357 477.057
4358 477.057
4359 477.057
4360 477.057
4361 477.057
4362 477.057
4363 477.057
4364 477.057
4365 477.057
4366 477.057
4367 477.057
4368 477.057
4369 477.057
4370 477.057
4371 477.057
4372 477.057
4373 477.057
4374 477.057
4375 477.057
4376 477.057
4377 477.057
4378 477.057
4379 477.057
4380 477.057
4381 477.057
4382 477.057
4383 477.057
4384 477.057
4385 477.057
4386 477.057
4387 477.057
4388 477.057
4389 477.057
4390 477.057
4391 477.057
4392 477.057
4393 477.057
4394 477.057
4395 477.057
4396 477.057
4397 477.057
4398 477.057
4399 477.057
4400 477.057
4401 477.057
4402 477.057
4403 477.057
4404 477.057
4405 477.057
4406 477.057
4407 477.057
4408 477.057
4409 477.057
4410 477.057
4411 477.057
4412 477.057
4413 477.057
4414 477.057
4415 477.057
4416 477.057
4417 477.057
4418 477.057
4419 477.057
4420 477.057
4421 477.057
4422 477.057
4423 477.057
4424 477.057
4425 477.057
4426 477.057
4427 477.057
4428 477.057
4429 477.057
4430 477.057
4431 477.057
4432 477.057
4433 477.057
4434 477.057
4435 477.057
4436 477.057
4437 477.057
4438 477.057
4439 477.057
4440 477.057
4441 477.057
4442 477.057
4443 477.057
4444 477.057
4445 477.057
4446 477.057
4447 477.057
4448 477.057
4449 477.057
4450 477.057
4451 477.057
4452 477.057
4453 477.057
4454 477.057
4455 477.057
4456 477.057
4457 477.057
4458 477.057
4459 477.057
4460 488.167
4461 488.167
4462 488.167
4463 488.167
4464 488.167
4465 488.167
4466 488.167
4467 488.167
4468 488.167
4469 488.167
4470 488.167
4471 488.167
4472 488.167
4473 488.167
4474 488.167
4475 488.167
4476 488.167
4477 488.167
4478 488.167
4479 488.167
4480 488.167
4481 488.167
4482 488.167
4483 488.167
4484 488.167
4485 488.167
4486 488.167
4487 488.167
4488 488.167
4489 488.167
4490 488.167
4491 488.167
4492 488.167
4493 488.167
4494 488.167
4495 488.167
4496 488.167
4497 488.167
4498 488.167
4499 488.167
4500 488.167
4501 488.167
4502 488.167
4503 488.167
4504 488.167
4505 488.167
4506 488.167
4507 488.167
4508 488.167
4509 488.167
4510 488.167
4511 488.167
4512 488.167
4513 488.167
4514 488.167
4515 488.167
4516 488.167
4517 488.167
4518 488.167
4519 488.167
4520 488.167
4521 488.167
4522 488.167
4523 488.167
4524 488.167
4525 488.167
4526 488.167
4527 488.167
4528 488.167
4529 488.167
4530 488.167
4531 488.167
4532 488.167
4533 488.167
4534 488.167
4535 488.167
4536 488.167
4537 488.167
4538 488.167
4539 488.167
4540 488.167
4541 488.167
4542 488.167
4543 488.167
4544 488.167
4545 488.167
4546 488.167
4547 488.167
4548 488.167
4549 488.167
4550 488.167
4551 488.167
4552 488.167
4553 488.167
4554 488.167
4555 488.167
4556 488.167
4557 488.167
4558 488.167
4559 488.167
4560 488.167
4561 488.167
4562 488.167
4563 488.167
4564 488.167
4565 488.167
4566 488.167
4567 488.167
4568 488.167
4569 488.167
4570 488.167
4571 488.167
4572 488.167
4573 488.167
4574 488.167
4575 488.167
4576 488.167
4577 488.167
4578 488.167
4579 488.167
4580 488.167
4581 488.167
4582 488.167
4583 488.167
4584 488.167
4585 488.167
4586 488.167
4587 488.167
4588 488.167
4589 488.167
4590 488.167
4591 488.167
4592 488.167
4593 488.167
4594 488.167
4595 488.167
4596 488.167
4597 488.167
4598 488.167
4599 488.167
4600 488.167
4601 488.167
4602 488.167
4603 488.167
4604 488.167
4605 488.167
4606 488.167
4607 488.167
4608 488.167
4609 488.167
4610 488.167
4611 488.167
4612 488.167
4613 488.167
4614 488.167
4615 488.167
4616 488.167
4617 488.167
4618 488.167
4619 488.167
4620 488.167
4621 488.167
4622 488.167
4623 488.167
4624 488.167
4625 488.167
4626 488.167
4627 488.167
4628 488.167
4629 488.167
4630 488.167
4631 488.167
4632 488.167
4633 488.167
4634 488.167
4635 488.167
4636 488.167
4637 488.167
4638 488.167
4639 488.167
4640 488.167
4641 488.167
4642 488.167
4643 488.167
4644 488.167
4645 488.167
4646 488.167
4647 488.167
4648 488.167
4649 488.167
4650 488.167
4651 488.167
4652 488.167
4653 488.167
4654 488.167
4655 488.167
4656 488.167
4657 488.167
4658 488.167
4659 488.167
4660 488.167
4661 488.167
4662 488.167
4663 488.167
4664 488.167
4665 488.167
4666 488.167
4667 488.167
4668 488.167
4669 488.167
4670 488.167
4671 488.167
4672 488.167
4673 488.167
4674 488.167
4675 488.167
4676 488.167
4677 488.167
4678 488.167
4679 488.167
4680 488.167
4681 488.167
4682 488.167
4683 488.167
4684 488.167
4685 488.167
4686 488.167
4687 488.167
4688 488.167
4689 488.167
4690 488.167
4691 488.167
4692 488.167
4693 488.167
4694 488.167
4695 488.167
4696 488.167
4697 488.167
4698 488.167
4699 488.167
4700 488.167
4701 488.167
4702 488.167
4703 488.167
4704 488.167
4705 488.167
4706 488.167
4707 488.167
4708 488.167
4709 488.167
4710 488.167
4711 488.167
4712 488.167
4713 488.167
4714 488.167
4715 488.167
4716 488.167
4717 488.167
4718 488.167
4719 488.167
4720 488.167
4721 488.167
4722 488.167
4723 488.167
4724 488.167
4725 488.167
4726 488.167
4727 488.167
4728 488.167
4729 488.167
4730 488.167
4731 488.167
4732 488.167
4733 488.167
4734 488.167
4735 488.167
4736 488.167
4737 488.167
4738 488.167
4739 488.167
4740 488.167
4741 488.167
4742 488.167
4743 488.167
4744 488.167
4745 488.167
4746 488.167
4747 488.167
4748 488.167
4749 488.167
4750 488.167
4751 488.167
4752 488.167
4753 488.167
4754 488.167
4755 488.167
4756 488.167
4757 488.167
4758 488.167
4759 488.167
4760 488.167
4761 488.167
4762 488.167
4763 488.167
4764 488.167
4765 488.167
4766 488.167
4767 488.167
4768 488.167
4769 488.167
4770 488.167
4771 488.167
4772 488.167
4773 506.041
4774 506.041
4775 506.041
4776 506.041
4777 506.041
4778 506.041
4779 506.041
4780 506.041
4781 506.041
4782 506.041
4783 506.041
4784 506.041
4785 506.041
4786 506.041
4787 506.041
4788 506.041
4789 506.041
4790 506.041
4791 506.041
4792 506.041
4793 506.041
4794 506.041
4795 506.041
4796 506.041
4797 506.041
4798 506.041
4799 506.041
4800 506.041
4801 506.041
4802 506.041
4803 506.041
4804 506.041
4805 506.041
4806 506.041
4807 506.041
4808 506.041
4809 506.041
4810 506.041
4811 506.041
4812 506.041
4813 506.041
4814 506.041
4815 506.041
4816 506.041
4817 506.041
4818 506.041
4819 506.041
4820 506.041
4821 506.041
4822 506.041
4823 506.041
4824 506.041
4825 506.041
4826 506.041
4827 506.041
4828 506.041
4829 506.041
4830 506.041
4831 506.041
4832 506.041
4833 506.041
4834 506.041
4835 506.041
4836 506.041
4837 506.041
4838 506.041
4839 506.041
4840 506.041
4841 506.041
4842 506.041
4843 506.041
4844 506.041
4845 506.041
4846 506.041
4847 506.041
4848 506.041
4849 506.041
4850 506.041
4851 506.041
4852 506.041
4853 506.041
4854 506.041
4855 506.041
4856 506.041
4857 506.041
4858 506.041
4859 506.041
4860 506.041
4861 506.041
4862 506.041
4863 506.041
4864 506.041
4865 506.041
4866 506.041
4867 506.041
4868 506.041
4869 506.041
4870 506.041
4871 506.041
4872 506.041
4873 506.041
4874 506.041
4875 506.041
4876 506.041
4877 506.041
4878 506.041
4879 506.041
4880 506.041
4881 506.041
4882 506.041
4883 506.041
4884 506.041
4885 506.041
4886 506.041
4887 506.041
4888 506.041
4889 506.041
4890 506.041
4891 506.041
4892 506.041
4893 506.041
4894 506.041
4895 506.041
4896 506.041
4897 506.041
4898 506.041
4899 506.041
4900 506.041
4901 506.041
4902 506.041
4903 506.041
4904 506.041
4905 506.041
4906 506.041
4907 506.041
4908 506.041
4909 506.041
4910 506.041
4911 506.041
4912 506.041
4913 506.041
4914 506.041
4915 506.041
4916 506.041
4917 506.041
4918 506.041
4919 506.041
4920 506.041
4921 506.041
4922 506.041
4923 506.041
4924 506.041
4925 506.041
4926 506.041
4927 506.041
4928 506.041
4929 506.041
4930 506.041
4931 506.041
4932 506.041
4933 506.041
4934 506.041
4935 506.041
4936 506.041
4937 506.041
4938 506.041
4939 506.041
4940 506.041
4941 506.041
4942 506.041
4943 506.041
4944 506.041
4945 506.041
4946 506.041
4947 506.041
4948 506.041
4949 506.041
4950 506.041
4951 506.041
4952 506.041
4953 506.041
4954 506.041
4955 506.041
4956 506.041
4957 506.041
4958 506.041
4959 506.041
4960 506.041
4961 506.041
4962 506.041
4963 506.041
4964 506.041
4965 506.041
4966 506.041
4967 506.041
4968 506.041
4969 506.041
4970 506.041
4971 506.041
4972 506.041
4973 506.041
4974 506.041
4975 506.041
4976 506.041
4977 506.041
4978 506.041
4979 506.041
4980 506.041
4981 506.041
4982 506.041
4983 506.041
4984 506.041
4985 506.041
4986 506.041
4987 506.041
4988 506.041
4989 506.041
4990 506.041
4991 506.041
4992 506.041
4993 506.041
4994 506.041
4995 506.041
4996 506.041
4997 506.041
4998 506.041
4999 506.041
5000 506.041
5001 506.041
5002 506.041
5003 506.041
5004 506.041
5005 506.041
5006 506.041
5007 506.041
5008 506.041
5009 506.041
5010 506.041
5011 537.613
5012 537.613
5013 537.613
5014 537.613
5015 537.613
5016 537.613
5017 537.613
5018 537.613
5019 537.613
5020 537.613
5021 537.613
5022 537.613
5023 537.613
5024 537.613
5025 537.613
5026 537.613
5027 537.613
5028 537.613
5029 537.613
5030 537.613
5031 537.613
5032 537.613
5033 537.613
5034 537.613
5035 537.613
5036 537.613
5037 537.613
5038 537.613
5039 537.613
5040 537.613
5041 537.613
5042 537.613
5043 537.613
5044 537.613
5045 537.613
5046 537.613
5047 537.613
5048 537.613
5049 537.613
5050 537.613
5051 537.613
5052 537.613
5053 537.613
5054 537.613
5055 537.613
5056 537.613
5057 537.613
5058 537.613
5059 537.613
5060 537.613
5061 537.613
5062 537.613
5063 537.613
5064 537.613
5065 537.613
5066 537.613
5067 537.613
5068 537.613
5069 537.613
5070 537.613
5071 537.613
5072 537.613
5073 537.613
5074 537.613
5075 537.613
5076 537.613
5077 537.613
5078 537.613
5079 537.613
5080 537.613
5081 537.613
5082 537.613
5083 537.613
5084 537.613
5085 537.613
5086 537.613
5087 537.613
5088 537.613
5089 537.613
5090 537.613
5091 537.613
5092 537.613
5093 537.613
5094 537.613
5095 537.613
5096 537.613
5097 537.613
5098 537.613
5099 537.613
5100 537.613
5101 537.613
5102 537.613
5103 537.613
5104 537.613
5105 537.613
5106 537.613
5107 537.613
5108 537.613
5109 537.613
5110 537.613
5111 537.613
5112 537.613
5113 537.613
5114 537.613
5115 537.613
5116 537.613
5117 537.613
5118 537.613
5119 537.613
5120 537.613
5121 537.613
5122 537.613
5123 537.613
5124 537.613
5125 537.613
5126 537.613
5127 537.613
5128 537.613
5129 537.613
5130 537.613
5131 537.613
5132 537.613
5133 537.613
5134 537.613
5135 537.613
5136 537.613
5137 537.613
5138 537.613
5139 537.613
5140 537.613
5141 537.613
5142 552.496
5143 552.496
5144 552.496
5145 552.496
5146 552.496
5147 552.496
5148 552.496
5149 552.496
5150 552.496
5151 552.496
5152 552.496
5153 552.496
5154 552.496
5155 552.496
5156 552.496
5157 552.496
5158 552.496
5159 552.496
5160 552.496
5161 552.496
5162 552.496
5163 552.496
5164 552.496
5165 552.496
5166 552.496
5167 552.496
5168 552.496
5169 552.496
5170 552.496
5171 552.496
5172 552.496
5173 552.496
5174 552.496
5175 552.496
5176 552.496
5177 552.496
5178 552.496
5179 552.496
5180 552.496
5181 552.496
5182 552.496
5183 552.496
5184 552.496
5185 552.496
5186 552.496
5187 552.496
5188 552.496
5189 552.496
5190 552.496
5191 552.496
5192 552.496
5193 552.496
5194 552.496
5195 552.496
5196 552.496
5197 552.496
5198 552.496
5199 552.496
5200 552.496
5201 552.496
5202 552.496
5203 552.496
5204 552.496
5205 552.496
5206 552.496
5207 552.496
5208 552.496
5209 552.496
5210 552.496
5211 552.496
5212 552.496
5213 552.496
5214 552.496
5215 552.496
5216 552.496
5217 552.496
5218 552.496
5219 552.496
5220 552.496
5221 552.496
5222 552.496
5223 552.496
5224 552.496
5225 552.496
5226 552.496
5227 552.496
5228 552.496
5229 552.496
5230 552.496
5231 552.496
5232 552.496
5233 552.496
5234 552.496
5235 552.496
5236 552.496
5237 552.496
5238 552.496
5239 552.496
5240 552.496
5241 552.496
5242 552.496
5243 552.496
5244 552.496
5245 552.496
5246 552.496
5247 552.496
5248 552.496
5249 552.496
5250 552.496
5251 552.496
5252 552.496
5253 552.496
5254 552.496
5255 552.496
5256 552.496
5257 552.496
5258 552.496
5259 552.496
5260 552.496
5261 552.496
5262 552.496
5263 552.496
5264 552.496
5265 552.496
5266 552.496
5267 552.496
5268 552.496
5269 552.496
5270 552.496
5271 552.496
5272 552.496
5273 552.496
5274 552.496
5275 552.496
5276 552.496
5277 552.496
5278 552.496
5279 552.496
5280 552.496
5281 552.496
5282 552.496
5283 552.496
5284 552.496
5285 552.496
5286 552.496
5287 552.496
5288 552.496
5289 552.496
5290 552.496
5291 552.496
5292 552.496
5293 552.496
5294 552.496
5295 552.496
5296 552.496
5297 552.496
5298 552.496
5299 552.496
5300 552.496
5301 552.496
5302 552.496
5303 552.496
5304 552.496
5305 552.496
5306 552.496
5307 552.496
5308 552.496
5309 552.496
5310 552.496
5311 552.496
5312 552.496
5313 552.496
5314 552.496
5315 552.496
5316 552.496
5317 552.496
5318 552.496
5319 552.496
5320 552.496
5321 552.496
5322 552.496
5323 552.496
5324 552.496
5325 552.496
5326 552.496
5327 552.496
5328 552.496
5329 552.496
5330 552.496
5331 552.496
5332 552.496
5333 552.496
5334 552.496
5335 552.496
5336 552.496
5337 552.496
5338 552.496
5339 552.496
5340 552.496
5341 552.496
5342 552.496
5343 552.496
5344 552.496
5345 552.496
5346 552.496
5347 552.496
5348 552.496
5349 552.496
5350 552.496
5351 552.496
5352 552.496
5353 552.496
5354 552.496
5355 552.496
5356 552.496
5357 552.496
5358 552.496
5359 552.496
5360 552.496
5361 552.496
5362 552.496
5363 552.496
5364 552.496
5365 552.496
5366 552.496
5367 552.496
5368 552.496
5369 552.496
5370 552.496
5371 552.496
5372 552.496
5373 552.496
5374 552.496
5375 552.496
5376 552.496
5377 552.496
5378 552.496
5379 552.496
5380 552.496
5381 552.496
5382 552.496
5383 552.496
5384 552.496
5385 552.496
5386 552.496
5387 552.496
5388 552.496
5389 552.496
5390 552.496
5391 552.496
5392 552.496
5393 552.496
5394 552.496
5395 552.496
5396 552.496
5397 552.496
5398 552.496
5399 552.496
5400 552.496
5401 552.496
5402 552.496
5403 552.496
5404 552.496
5405 552.496
5406 552.496
5407 552.496
5408 552.496
5409 552.496
5410 552.496
5411 552.496
5412 552.496
5413 552.496
5414 552.496
5415 552.496
5416 552.496
5417 552.496
5418 552.496
5419 552.496
5420 552.496
5421 552.496
5422 552.496
5423 552.496
5424 552.496
5425 552.496
5426 552.496
5427 552.496
5428 552.496
5429 552.496
5430 552.496
5431 552.496
5432 552.496
5433 552.496
5434 552.496
5435 552.496
5436 552.496
5437 552.496
5438 552.496
5439 552.496
5440 552.496
5441 552.496
5442 552.496
5443 552.496
5444 552.496
5445 552.496
5446 552.496
5447 552.496
5448 552.496
5449 552.496
5450 552.496
5451 552.496
5452 552.496
5453 552.496
5454 552.496
5455 552.496
5456 552.496
5457 552.496
5458 552.496
5459 552.496
5460 552.496
5461 552.496
5462 552.496
5463 552.496
5464 552.496
5465 552.496
5466 552.496
5467 552.496
5468 552.496
5469 552.496
5470 552.496
5471 552.496
5472 552.496
5473 552.496
5474 552.496
5475 552.496
5476 552.496
5477 552.496
5478 552.496
5479 552.496
5480 552.496
5481 552.496
5482 552.496
5483 552.496
5484 552.496
5485 552.496
5486 552.496
5487 552.496
5488 552.496
5489 552.496
5490 552.496
5491 552.496
5492 552.496
5493 552.496
5494 552.496
5495 552.496
5496 552.496
5497 552.496
5498 552.496
5499 552.496
5500 552.496
5501 552.496
5502 552.496
5503 552.496
5504 552.496
5505 552.496
5506 552.496
5507 552.496
5508 552.496
5509 552.496
5510 552.496
5511 552.496
5512 552.496
5513 552.496
5514 552.496
5515 552.496
5516 552.496
5517 552.496
5518 552.496
5519 552.496
5520 552.496
5521 552.496
5522 552.496
5523 552.496
5524 552.496
5525 552.496
5526 552.496
5527 552.496
5528 552.496
5529 552.496
5530 552.496
5531 552.496
5532 552.496
5533 552.496
5534 552.496
5535 552.496
5536 552.496
5537 552.496
5538 552.496
5539 552.496
5540 552.496
5541 552.496
5542 552.496
5543 552.496
5544 552.496
5545 552.496
5546 552.496
5547 552.496
5548 552.496
5549 552.496
5550 552.496
5551 552.496
5552 552.496
5553 552.496
5554 552.496
5555 552.496
5556 552.496
5557 552.496
5558 552.496
5559 552.496
5560 552.496
5561 552.496
5562 552.496
5563 552.496
5564 552.496
5565 552.496
5566 552.496
5567 552.496
5568 552.496
5569 552.496
5570 552.496
5571 552.496
5572 552.496
5573 552.496
5574 552.496
5575 552.496
5576 552.496
5577 552.496
5578 552.496
5579 552.496
5580 552.496
5581 552.496
5582 552.496
5583 552.496
5584 552.496
5585 552.496
5586 552.496
5587 552.496
5588 552.496
5589 552.496
5590 552.496
5591 552.496
5592 552.496
5593 552.496
5594 552.496
5595 552.496
5596 552.496
5597 552.496
5598 552.496
5599 552.496
5600 552.496
5601 552.496
5602 552.496
5603 552.496
5604 552.496
5605 552.496
5606 552.496
5607 552.496
5608 552.496
5609 552.496
5610 552.496
5611 552.496
5612 552.496
5613 552.496
5614 552.496
5615 552.496
5616 552.496
5617 552.496
5618 552.496
5619 552.496
5620 552.496
5621 552.496
5622 552.496
5623 552.496
5624 552.496
5625 552.496
5626 552.496
5627 552.496
5628 552.496
5629 552.496
5630 552.496
5631 552.496
5632 552.496
5633 552.496
5634 552.496
5635 552.496
5636 552.496
5637 552.496
5638 552.496
5639 552.496
5640 552.496
5641 552.496
5642 552.496
5643 552.496
5644 552.496
5645 552.496
5646 552.496
5647 552.496
5648 552.496
5649 552.496
5650 552.496
5651 552.496
5652 552.496
5653 552.496
5654 552.496
5655 552.496
5656 552.496
5657 552.496
5658 552.496
5659 552.496
5660 552.496
5661 552.496
5662 552.496
5663 552.496
5664 552.496
5665 552.496
5666 552.496
5667 552.496
5668 552.496
5669 552.496
5670 552.496
5671 552.496
5672 552.496
5673 552.496
5674 552.496
5675 552.496
5676 552.496
5677 552.496
5678 552.496
5679 552.496
5680 552.496
5681 552.496
5682 552.496
5683 552.496
5684 552.496
5685 552.496
5686 552.496
5687 552.496
5688 552.496
5689 552.496
5690 552.496
5691 552.496
5692 552.496
5693 552.496
5694 552.496
5695 552.496
5696 552.496
5697 552.496
5698 552.496
5699 552.496
5700 552.496
5701 552.496
5702 552.496
5703 552.496
5704 552.496
5705 552.496
5706 552.496
5707 552.496
5708 552.496
5709 552.496
5710 552.496
5711 552.496
5712 552.496
5713 552.496
5714 552.496
5715 552.496
5716 552.496
5717 552.496
5718 552.496
5719 552.496
5720 552.496
5721 552.496
5722 552.496
5723 552.496
5724 552.496
5725 552.496
5726 552.496
5727 552.496
5728 580.667
5729 580.667
5730 580.667
5731 580.667
5732 580.667
5733 580.667
5734 580.667
5735 580.667
5736 580.667
5737 580.667
5738 580.667
5739 580.667
5740 580.667
5741 580.667
5742 580.667
5743 580.667
5744 580.667
5745 580.667
5746 580.667
5747 580.667
5748 580.667
5749 580.667
5750 580.667
5751 580.667
5752 580.667
5753 580.667
5754 580.667
5755 580.667
5756 580.667
5757 580.667
5758 580.667
5759 580.667
5760 580.667
5761 580.667
5762 580.667
5763 580.667
5764 580.667
5765 580.667
5766 580.667
5767 580.667
5768 580.667
5769 580.667
5770 580.667
5771 580.667
5772 580.667
5773 580.667
5774 580.667
5775 580.667
5776 580.667
5777 580.667
5778 580.667
5779 580.667
5780 580.667
5781 580.667
5782 580.667
5783 580.667
5784 580.667
5785 580.667
5786 580.667
5787 580.667
5788 580.667
5789 580.667
5790 580.667
5791 580.667
5792 580.667
5793 580.667
5794 580.667
5795 580.667
5796 580.667
5797 580.667
5798 580.667
5799 580.667
5800 580.667
5801 580.667
5802 580.667
5803 580.667
5804 580.667
5805 580.667
5806 580.667
5807 580.667
5808 580.667
5809 580.667
5810 580.667
5811 580.667
5812 580.667
5813 580.667
5814 580.667
5815 580.667
5816 580.667
5817 615.837
5818 615.837
5819 615.837
5820 615.837
5821 615.837
5822 615.837
5823 615.837
5824 615.837
5825 615.837
5826 615.837
5827 615.837
5828 615.837
5829 615.837
5830 615.837
5831 615.837
5832 615.837
5833 615.837
5834 615.837
5835 615.837
5836 615.837
5837 615.837
5838 615.837
5839 615.837
5840 615.837
5841 615.837
5842 615.837
5843 615.837
5844 615.837
5845 615.837
5846 615.837
5847 615.837
5848 615.837
5849 615.837
5850 615.837
5851 615.837
5852 615.837
5853 615.837
5854 615.837
5855 615.837
5856 615.837
5857 615.837
5858 615.837
5859 615.837
5860 615.837
5861 615.837
5862 615.837
5863 615.837
5864 615.837
5865 615.837
5866 615.837
5867 615.837
5868 615.837
5869 615.837
5870 615.837
5871 615.837
5872 615.837
5873 615.837
5874 615.837
5875 615.837
5876 615.837
5877 615.837
5878 615.837
5879 615.837
5880 615.837
5881 615.837
5882 615.837
5883 615.837
5884 615.837
5885 615.837
5886 615.837
5887 615.837
5888 615.837
5889 615.837
5890 615.837
5891 615.837
5892 615.837
5893 615.837
5894 615.837
5895 615.837
5896 615.837
5897 615.837
5898 615.837
5899 615.837
5900 615.837
5901 615.837
5902 615.837
5903 615.837
5904 615.837
5905 615.837
5906 615.837
5907 615.837
5908 615.837
5909 615.837
5910 615.837
5911 615.837
5912 615.837
5913 615.837
5914 615.837
5915 615.837
5916 615.837
5917 615.837
5918 615.837
5919 615.837
5920 615.837
5921 615.837
5922 615.837
5923 615.837
5924 615.837
5925 615.837
5926 615.837
5927 615.837
5928 615.837
5929 615.837
5930 615.837
5931 615.837
5932 615.837
5933 615.837
5934 615.837
5935 615.837
5936 615.837
5937 615.837
5938 615.837
5939 615.837
5940 615.837
5941 615.837
5942 615.837
5943 615.837
5944 615.837
5945 615.837
5946 615.837
5947 615.837
5948 615.837
5949 615.837
5950 615.837
5951 615.837
5952 615.837
5953 615.837
5954 615.837
5955 615.837
5956 615.837
5957 615.837
5958 615.837
5959 615.837
5960 615.837
5961 615.837
5962 615.837
5963 615.837
5964 615.837
5965 615.837
5966 615.837
5967 615.837
5968 615.837
5969 615.837
5970 615.837
5971 615.837
5972 615.837
5973 615.837
5974 615.837
5975 615.837
5976 615.837
5977 615.837
5978 615.837
5979 615.837
5980 615.837
5981 615.837
5982 615.837
5983 615.837
5984 683.111
5985 683.111
5986 683.111
5987 683.111
5988 683.111
5989 683.111
5990 683.111
5991 683.111
5992 683.111
5993 683.111
5994 683.111
5995 683.111
5996 683.111
5997 683.111
5998 683.111
5999 683.111
6000 683.111
6001 683.111
6002 683.111
6003 683.111
6004 683.111
6005 683.111
6006 683.111
6007 683.111
6008 683.111
6009 683.111
6010 683.111
6011 683.111
6012 683.111
6013 683.111
6014 683.111
6015 683.111
6016 683.111
6017 683.111
6018 683.111
6019 683.111
6020 683.111
6021 683.111
6022 683.111
6023 683.111
6024 683.111
6025 683.111
6026 683.111
6027 683.111
6028 683.111
6029 683.111
6030 683.111
6031 683.111
6032 683.111
6033 683.111
6034 683.111
6035 683.111
6036 683.111
6037 683.111
6038 683.111
6039 683.111
6040 683.111
6041 683.111
6042 683.111
6043 683.111
6044 683.111
6045 683.111
6046 683.111
6047 683.111
6048 683.111
6049 683.111
6050 683.111
6051 683.111
6052 683.111
6053 683.111
6054 683.111
6055 683.111
6056 683.111
6057 683.111
6058 683.111
6059 683.111
6060 683.111
6061 683.111
6062 683.111
6063 683.111
6064 683.111
6065 683.111
6066 683.111
6067 683.111
6068 683.111
6069 683.111
6070 683.111
6071 683.111
6072 683.111
6073 683.111
6074 683.111
6075 683.111
6076 683.111
6077 683.111
6078 683.111
6079 683.111
6080 683.111
6081 683.111
6082 683.111
6083 683.111
6084 683.111
6085 683.111
6086 683.111
6087 683.111
6088 683.111
6089 683.111
6090 683.111
6091 683.111
6092 683.111
6093 683.111
6094 683.111
6095 683.111
6096 683.111
6097 683.111
6098 683.111
6099 683.111
6100 683.111
6101 683.111
6102 683.111
6103 683.111
6104 683.111
6105 683.111
6106 683.111
6107 683.111
6108 683.111
6109 683.111
6110 683.111
6111 683.111
6112 683.111
6113 683.111
6114 683.111
6115 683.111
6116 683.111
6117 683.111
6118 683.111
6119 683.111
6120 683.111
6121 683.111
6122 683.111
6123 683.111
6124 683.111
6125 683.111
6126 683.111
6127 683.111
6128 683.111
6129 683.111
6130 683.111
6131 683.111
6132 683.111
6133 683.111
6134 683.111
6135 683.111
6136 683.111
6137 683.111
6138 683.111
6139 683.111
6140 683.111
6141 683.111
6142 683.111
6143 683.111
6144 683.111
6145 683.111
6146 683.111
6147 683.111
6148 683.111
6149 683.111
6150 683.111
6151 683.111
6152 683.111
6153 683.111
6154 683.111
6155 683.111
6156 683.111
6157 683.111
6158 683.111
6159 683.111
6160 683.111
6161 683.111
6162 683.111
6163 683.111
6164 683.111
6165 683.111
6166 683.111
6167 683.111
6168 683.111
6169 683.111
6170 683.111
6171 683.111
6172 683.111
6173 683.111
6174 683.111
6175 683.111
6176 683.111
6177 683.111
6178 683.111
6179 683.111
6180 683.111
6181 683.111
6182 683.111
6183 683.111
6184 683.111
6185 683.111
6186 683.111
6187 683.111
6188 683.111
6189 683.111
6190 683.111
6191 683.111
6192 683.111
6193 683.111
6194 683.111
6195 683.111
6196 683.111
6197 683.111
6198 683.111
6199 683.111
6200 683.111
6201 683.111
6202 683.111
6203 683.111
6204 683.111
6205 683.111
6206 683.111
6207 683.111
6208 683.111
6209 683.111
6210 683.111
6211 683.111
6212 683.111
6213 683.111
6214 683.111
6215 683.111
6216 683.111
6217 683.111
6218 683.111
6219 683.111
6220 683.111
6221 683.111
6222 683.111
6223 683.111
6224 683.111
6225 683.111
6226 683.111
6227 683.111
6228 683.111
6229 683.111
6230 683.111
6231 683.111
6232 683.111
6233 683.111
6234 683.111
6235 683.111
6236 683.111
6237 683.111
6238 683.111
6239 683.111
6240 683.111
6241 683.111
6242 683.111
6243 683.111
6244 683.111
6245 683.111
6246 683.111
6247 683.111
6248 683.111
6249 683.111
6250 683.111
6251 683.111
6252 683.111
6253 683.111
6254 683.111
6255 683.111
6256 683.111
6257 683.111
6258 683.111
6259 683.111
6260 683.111
6261 683.111
6262 683.111
6263 683.111
6264 683.111
6265 683.111
6266 683.111
6267 683.111
6268 683.111
6269 683.111
6270 683.111
6271 683.111
6272 683.111
6273 683.111
6274 683.111
6275 683.111
6276 683.111
6277 683.111
6278 683.111
6279 683.111
6280 683.111
6281 683.111
6282 683.111
6283 683.111
6284 683.111
6285 683.111
6286 683.111
6287 683.111
6288 683.111
6289 683.111
6290 683.111
6291 683.111
6292 683.111
6293 683.111
6294 683.111
6295 683.111
6296 683.111
6297 683.111
6298 683.111
6299 683.111
6300 683.111
6301 683.111
6302 683.111
6303 683.111
6304 683.111
6305 683.111
6306 683.111
6307 704.786
6308 704.786
6309 704.786
6310 704.786
6311 704.786
6312 704.786
6313 704.786
6314 704.786
6315 704.786
6316 704.786
6317 704.786
6318 704.786
6319 704.786
6320 704.786
6321 704.786
6322 704.786
6323 704.786
6324 704.786
6325 704.786
6326 704.786
6327 704.786
6328 704.786
6329 704.786
6330 704.786
6331 704.786
6332 704.786
6333 704.786
6334 704.786
6335 704.786
6336 704.786
6337 704.786
6338 704.786
6339 704.786
6340 704.786
6341 704.786
6342 704.786
6343 704.786
6344 704.786
6345 704.786
6346 704.786
6347 704.786
6348 704.786
6349 704.786
6350 704.786
6351 704.786
6352 704.786
6353 704.786
6354 704.786
6355 704.786
6356 704.786
6357 704.786
6358 704.786
6359 704.786
6360 704.786
6361 704.786
6362 704.786
6363 704.786
6364 704.786
6365 704.786
6366 704.786
6367 704.786
6368 704.786
6369 704.786
6370 704.786
6371 704.786
6372 704.786
6373 704.786
6374 704.786
6375 704.786
6376 704.786
6377 704.786
6378 704.786
6379 704.786
6380 704.786
6381 704.786
6382 704.786
6383 704.786
6384 704.786
6385 704.786
6386 704.786
6387 704.786
6388 704.786
6389 704.786
6390 704.786
6391 704.786
6392 704.786
6393 704.786
6394 704.786
6395 704.786
6396 704.786
6397 704.786
6398 704.786
6399 704.786
6400 704.786
6401 704.786
6402 704.786
6403 704.786
6404 704.786
6405 704.786
6406 704.786
6407 704.786
6408 704.786
6409 704.786
6410 704.786
6411 704.786
6412 704.786
6413 704.786
6414 704.786
6415 704.786
6416 704.786
6417 704.786
6418 704.786
6419 704.786
6420 704.786
6421 704.786
6422 704.786
6423 704.786
6424 704.786
6425 704.786
6426 704.786
6427 704.786
6428 704.786
6429 704.786
6430 704.786
6431 704.786
6432 704.786
6433 704.786
6434 704.786
6435 704.786
6436 704.786
6437 704.786
6438 704.786
6439 704.786
6440 704.786
6441 704.786
6442 704.786
6443 704.786
6444 704.786
6445 704.786
6446 704.786
6447 704.786
6448 704.786
6449 704.786
6450 704.786
6451 704.786
6452 704.786
6453 704.786
6454 704.786
6455 704.786
6456 704.786
6457 704.786
6458 704.786
6459 704.786
6460 704.786
6461 704.786
6462 704.786
6463 704.786
6464 704.786
6465 704.786
6466 704.786
6467 704.786
6468 704.786
6469 704.786
6470 704.786
6471 704.786
6472 704.786
6473 704.786
6474 704.786
6475 704.786
6476 704.786
6477 704.786
6478 704.786
6479 704.786
6480 704.786
6481 704.786
6482 704.786
6483 704.786
6484 704.786
6485 704.786
6486 704.786
6487 704.786
6488 704.786
6489 704.786
6490 704.786
6491 704.786
6492 704.786
6493 704.786
6494 704.786
6495 704.786
6496 704.786
6497 704.786
6498 704.786
6499 704.786
6500 704.786
6501 704.786
6502 704.786
6503 704.786
6504 704.786
6505 704.786
6506 704.786
6507 704.786
6508 704.786
6509 704.786
6510 704.786
6511 704.786
6512 704.786
6513 704.786
6514 704.786
6515 704.786
6516 704.786
6517 704.786
6518 704.786
6519 704.786
6520 704.786
6521 704.786
6522 704.786
6523 704.786
6524 704.786
6525 704.786
6526 704.786
6527 704.786
6528 704.786
6529 704.786
6530 704.786
6531 704.786
6532 704.786
6533 704.786
6534 704.786
6535 704.786
6536 704.786
6537 704.786
6538 704.786
6539 704.786
6540 704.786
6541 704.786
6542 704.786
6543 704.786
6544 704.786
6545 704.786
6546 704.786
6547 704.786
6548 704.786
6549 704.786
6550 704.786
6551 704.786
6552 704.786
6553 704.786
6554 704.786
6555 704.786
6556 704.786
6557 704.786
6558 704.786
6559 704.786
6560 704.786
6561 704.786
6562 704.786
6563 704.786
6564 704.786
6565 704.786
6566 704.786
6567 704.786
6568 704.786
6569 704.786
6570 704.786
6571 704.786
6572 704.786
6573 704.786
6574 704.786
6575 704.786
6576 704.786
6577 704.786
6578 704.786
6579 704.786
6580 704.786
6581 704.786
6582 704.786
6583 704.786
6584 704.786
6585 704.786
6586 704.786
6587 704.786
6588 704.786
6589 704.786
6590 704.786
6591 704.786
6592 704.786
6593 704.786
6594 704.786
6595 704.786
6596 704.786
6597 704.786
6598 704.786
6599 704.786
6600 704.786
6601 704.786
6602 704.786
6603 704.786
6604 704.786
6605 704.786
6606 704.786
6607 704.786
6608 704.786
6609 704.786
6610 704.786
6611 704.786
6612 704.786
6613 704.786
6614 704.786
6615 704.786
6616 704.786
6617 704.786
6618 704.786
6619 704.786
6620 704.786
6621 704.786
6622 704.786
6623 704.786
6624 704.786
6625 704.786
6626 704.786
6627 704.786
6628 704.786
6629 704.786
6630 704.786
6631 704.786
6632 704.786
6633 704.786
6634 704.786
6635 704.786
6636 704.786
6637 704.786
6638 704.786
6639 704.786
6640 704.786
6641 704.786
6642 704.786
6643 704.786
6644 704.786
6645 704.786
6646 704.786
6647 704.786
6648 704.786
6649 704.786
6650 704.786
6651 704.786
6652 704.786
6653 704.786
6654 704.786
6655 704.786
6656 704.786
6657 704.786
6658 704.786
6659 704.786
6660 704.786
6661 704.786
6662 704.786
6663 704.786
6664 704.786
6665 704.786
6666 704.786
6667 704.786
6668 704.786
6669 704.786
6670 704.786
6671 704.786
6672 704.786
6673 704.786
6674 704.786
6675 704.786
6676 704.786
6677 704.786
6678 704.786
6679 704.786
6680 704.786
6681 704.786
6682 704.786
6683 704.786
6684 704.786
6685 704.786
6686 704.786
6687 704.786
6688 704.786
6689 704.786
6690 704.786
6691 704.786
6692 704.786
6693 704.786
6694 704.786
6695 704.786
6696 704.786
6697 704.786
6698 704.786
6699 704.786
6700 704.786
6701 704.786
6702 704.786
6703 704.786
6704 704.786
6705 704.786
6706 704.786
6707 704.786
6708 704.786
6709 704.786
6710 704.786
6711 704.786
6712 704.786
6713 704.786
6714 704.786
6715 704.786
6716 704.786
6717 704.786
6718 704.786
6719 704.786
6720 704.786
6721 704.786
6722 704.786
6723 704.786
6724 704.786
6725 704.786
6726 704.786
6727 704.786
6728 704.786
6729 704.786
6730 704.786
6731 704.786
6732 704.786
6733 704.786
6734 704.786
6735 704.786
6736 704.786
6737 704.786
6738 704.786
6739 704.786
6740 704.786
6741 704.786
6742 704.786
6743 704.786
6744 704.786
6745 704.786
6746 704.786
6747 704.786
6748 704.786
6749 704.786
6750 704.786
6751 704.786
6752 704.786
6753 704.786
6754 704.786
6755 704.786
6756 704.786
6757 704.786
6758 704.786
6759 704.786
6760 704.786
6761 704.786
6762 704.786
6763 704.786
6764 704.786
6765 704.786
6766 704.786
6767 704.786
6768 704.786
6769 704.786
6770 704.786
6771 704.786
6772 704.786
6773 704.786
6774 704.786
6775 704.786
6776 704.786
6777 704.786
6778 704.786
6779 704.786
6780 704.786
6781 704.786
6782 704.786
6783 704.786
6784 704.786
6785 704.786
6786 704.786
6787 704.786
6788 704.786
6789 704.786
6790 704.786
6791 704.786
6792 704.786
6793 704.786
6794 704.786
6795 704.786
6796 704.786
6797 704.786
6798 704.786
6799 704.786
6800 704.786
6801 704.786
6802 704.786
6803 704.786
6804 704.786
6805 704.786
6806 704.786
6807 704.786
6808 704.786
6809 704.786
6810 704.786
6811 704.786
6812 704.786
6813 704.786
6814 704.786
6815 704.786
6816 704.786
6817 704.786
6818 704.786
6819 704.786
6820 704.786
6821 704.786
6822 704.786
6823 704.786
6824 704.786
6825 704.786
6826 704.786
6827 704.786
6828 704.786
6829 704.786
6830 704.786
6831 704.786
6832 704.786
6833 704.786
6834 704.786
6835 704.786
6836 704.786
6837 704.786
6838 704.786
6839 704.786
6840 704.786
6841 704.786
6842 704.786
6843 704.786
6844 704.786
6845 704.786
6846 704.786
6847 704.786
6848 704.786
6849 704.786
6850 704.786
6851 704.786
6852 704.786
6853 704.786
6854 704.786
6855 704.786
6856 704.786
6857 704.786
6858 704.786
6859 704.786
6860 704.786
6861 704.786
6862 704.786
6863 704.786
6864 704.786
6865 704.786
6866 704.786
6867 704.786
6868 704.786
6869 704.786
6870 704.786
6871 748.317
6872 748.317
6873 748.317
6874 748.317
6875 748.317
6876 748.317
6877 748.317
6878 748.317
6879 748.317
6880 748.317
6881 748.317
6882 748.317
6883 748.317
6884 748.317
6885 748.317
6886 748.317
6887 748.317
6888 748.317
6889 748.317
6890 748.317
6891 748.317
6892 748.317
6893 748.317
6894 748.317
6895 748.317
6896 748.317
6897 748.317
6898 748.317
6899 748.317
6900 748.317
6901 748.317
6902 748.317
6903 748.317
6904 748.317
6905 748.317
6906 748.317
6907 748.317
6908 748.317
6909 748.317
6910 748.317
6911 748.317
6912 748.317
6913 748.317
6914 748.317
6915 748.317
6916 748.317
6917 748.317
6918 748.317
6919 748.317
6920 748.317
6921 748.317
6922 748.317
6923 748.317
6924 748.317
6925 748.317
6926 748.317
6927 748.317
6928 748.317
6929 748.317
6930 748.317
6931 748.317
6932 748.317
6933 748.317
6934 748.317
6935 748.317
6936 748.317
6937 748.317
6938 748.317
6939 748.317
6940 748.317
6941 748.317
6942 748.317
6943 748.317
6944 748.317
6945 748.317
6946 748.317
6947 748.317
6948 748.317
6949 748.317
6950 748.317
6951 748.317
6952 748.317
6953 748.317
6954 748.317
6955 748.317
6956 748.317
6957 748.317
6958 748.317
6959 748.317
6960 748.317
6961 748.317
6962 748.317
6963 748.317
6964 748.317
6965 748.317
6966 748.317
6967 748.317
6968 748.317
6969 748.317
6970 748.317
6971 748.317
6972 748.317
6973 748.317
6974 748.317
6975 748.317
6976 748.317
6977 748.317
6978 748.317
6979 748.317
6980 748.317
6981 748.317
6982 748.317
6983 748.317
6984 748.317
6985 748.317
6986 748.317
6987 748.317
6988 748.317
6989 748.317
6990 748.317
6991 748.317
6992 748.317
6993 748.317
6994 748.317
6995 748.317
6996 748.317
6997 748.317
6998 748.317
6999 748.317
7000 748.317
7001 748.317
7002 748.317
7003 748.317
7004 748.317
7005 748.317
7006 748.317
7007 748.317
7008 748.317
7009 748.317
7010 748.317
7011 748.317
7012 767.498
7013 767.498
7014 767.498
7015 767.498
7016 767.498
7017 767.498
7018 767.498
7019 767.498
7020 767.498
7021 767.498
7022 767.498
7023 767.498
7024 767.498
7025 767.498
7026 767.498
7027 767.498
7028 767.498
7029 767.498
7030 767.498
7031 767.498
7032 767.498
7033 767.498
7034 767.498
7035 767.498
7036 767.498
7037 767.498
7038 767.498
7039 767.498
7040 767.498
7041 767.498
7042 767.498
7043 767.498
7044 767.498
7045 767.498
7046 767.498
7047 767.498
7048 767.498
7049 767.498
7050 767.498
7051 767.498
7052 767.498
7053 767.498
7054 767.498
7055 767.498
7056 767.498
7057 767.498
7058 767.498
7059 767.498
7060 767.498
7061 767.498
7062 767.498
7063 767.498
7064 767.498
7065 767.498
7066 767.498
7067 767.498
7068 767.498
7069 767.498
7070 767.498
7071 767.498
7072 767.498
7073 767.498
7074 767.498
7075 767.498
7076 767.498
7077 767.498
7078 767.498
7079 767.498
7080 767.498
7081 767.498
7082 767.498
7083 767.498
7084 767.498
7085 767.498
7086 767.498
7087 767.498
7088 767.498
7089 767.498
7090 767.498
7091 767.498
7092 767.498
7093 767.498
7094 767.498
7095 767.498
7096 767.498
7097 767.498
7098 767.498
7099 767.498
7100 767.498
7101 767.498
7102 767.498
7103 767.498
7104 767.498
7105 767.498
7106 767.498
7107 767.498
7108 767.498
7109 767.498
7110 767.498
7111 767.498
7112 767.498
7113 767.498
7114 767.498
7115 767.498
7116 767.498
7117 767.498
7118 767.498
7119 767.498
7120 767.498
7121 767.498
7122 767.498
7123 767.498
7124 767.498
7125 767.498
7126 767.498
7127 767.498
7128 767.498
7129 767.498
7130 767.498
7131 767.498
7132 767.498
7133 767.498
7134 767.498
7135 767.498
7136 767.498
7137 767.498
7138 767.498
7139 767.498
7140 767.498
7141 767.498
7142 767.498
7143 767.498
7144 767.498
7145 767.498
7146 767.498
7147 767.498
7148 767.498
7149 767.498
7150 767.498
7151 767.498
7152 767.498
7153 767.498
7154 767.498
7155 767.498
7156 767.498
7157 767.498
7158 767.498
7159 767.498
7160 767.498
7161 767.498
7162 767.498
7163 767.498
7164 767.498
7165 767.498
7166 767.498
7167 767.498
7168 767.498
7169 767.498
7170 767.498
7171 767.498
7172 767.498
7173 767.498
7174 767.498
7175 767.498
7176 730.709
7177 730.709
7178 730.709
7179 730.709
7180 730.709
7181 730.709
7182 730.709
7183 730.709
7184 730.709
7185 730.709
7186 730.709
7187 730.709
7188 730.709
7189 730.709
7190 730.709
7191 730.709
7192 730.709
7193 730.709
7194 730.709
7195 730.709
7196 730.709
7197 730.709
7198 730.709
7199 730.709
7200 730.709
7201 730.709
7202 730.709
7203 730.709
7204 730.709
7205 730.709
7206 730.709
7207 730.709
7208 730.709
7209 730.709
7210 730.709
7211 730.709
7212 730.709
7213 730.709
7214 730.709
7215 730.709
7216 730.709
7217 730.709
7218 730.709
7219 730.709
7220 730.709
7221 730.709
7222 730.709
7223 730.709
7224 730.709
7225 730.709
7226 730.709
7227 730.709
7228 730.709
7229 730.709
7230 730.709
7231 730.709
7232 730.709
7233 730.709
7234 730.709
7235 730.709
7236 730.709
7237 730.709
7238 730.709
7239 730.709
7240 730.709
7241 730.709
7242 730.709
7243 730.709
7244 730.709
7245 730.709
7246 730.709
7247 730.709
7248 730.709
7249 730.709
7250 730.709
7251 730.709
7252 730.709
7253 730.709
7254 730.709
7255 730.709
7256 730.709
7257 730.709
7258 730.709
7259 730.709
7260 730.709
7261 730.709
7262 730.709
7263 730.709
7264 730.709
7265 730.709
7266 730.709
7267 730.709
7268 730.709
7269 730.709
7270 730.709
7271 730.709
7272 730.709
7273 730.709
7274 730.709
7275 730.709
7276 730.709
7277 730.709
7278 730.709
7279 730.709
7280 730.709
7281 730.709
7282 730.709
7283 730.709
7284 730.709
7285 730.709
7286 730.709
7287 730.709
7288 730.709
7289 730.709
7290 730.709
7291 730.709
7292 730.709
7293 730.709
7294 730.709
7295 730.709
7296 730.709
7297 730.709
7298 730.709
7299 730.709
7300 730.709
7301 730.709
7302 730.709
7303 730.709
7304 730.709
7305 730.709
7306 730.709
7307 730.709
7308 730.709
7309 730.709
7310 730.709
7311 730.709
7312 730.709
7313 730.709
7314 730.709
7315 730.709
7316 730.709
7317 730.709
7318 730.709
7319 730.709
7320 730.709
7321 730.709
7322 730.709
7323 730.709
7324 730.709
7325 730.709
7326 730.709
7327 730.709
7328 730.709
7329 730.709
7330 730.709
7331 730.709
7332 730.709
7333 730.709
7334 730.709
7335 730.709
7336 730.709
7337 730.709
7338 730.709
7339 730.709
7340 730.709
7341 730.709
7342 730.709
7343 730.709
7344 730.709
7345 730.709
7346 730.709
7347 730.709
7348 730.709
7349 730.709
7350 730.709
7351 730.709
7352 730.709
7353 730.709
7354 730.709
7355 730.709
7356 730.709
7357 730.709
7358 730.709
7359 730.709
7360 730.709
7361 730.709
7362 730.709
7363 730.709
7364 730.709
7365 730.709
7366 730.709
7367 730.709
7368 730.709
7369 730.709
7370 730.709
7371 730.709
7372 730.709
7373 730.709
7374 730.709
7375 730.709
7376 730.709
7377 730.709
7378 730.709
7379 730.709
7380 730.709
7381 730.709
7382 730.709
7383 730.709
7384 730.709
7385 730.709
7386 730.709
7387 730.709
7388 730.709
7389 730.709
7390 730.709
7391 730.709
7392 730.709
7393 730.709
7394 730.709
7395 730.709
7396 730.709
7397 730.709
7398 730.709
7399 730.709
7400 730.709
7401 730.709
7402 730.709
7403 730.709
7404 730.709
7405 730.709
7406 730.709
7407 730.709
7408 730.709
7409 730.709
7410 730.709
7411 730.709
7412 730.709
7413 730.709
7414 730.709
7415 730.709
7416 730.709
7417 730.709
7418 730.709
7419 730.709
7420 730.709
7421 730.709
7422 730.709
7423 730.709
7424 730.709
7425 730.709
7426 730.709
7427 730.709
7428 730.709
7429 730.709
7430 730.709
7431 730.709
7432 730.709
7433 730.709
7434 730.709
7435 730.709
7436 730.709
7437 730.709
7438 730.709
7439 730.709
7440 730.709
7441 730.709
7442 730.709
7443 730.709
7444 730.709
7445 730.709
7446 730.709
7447 730.709
7448 730.709
7449 730.709
7450 730.709
7451 730.709
7452 730.709
7453 730.709
7454 730.709
7455 730.709
7456 730.709
7457 730.709
7458 730.709
7459 730.709
7460 730.709
7461 730.709
7462 730.709
7463 730.709
7464 730.709
7465 730.709
7466 730.709
7467 730.709
7468 730.709
7469 730.709
7470 730.709
7471 730.709
7472 730.709
7473 730.709
7474 730.709
7475 730.709
7476 730.709
7477 730.709
7478 730.709
7479 730.709
7480 730.709
7481 730.709
7482 730.709
7483 730.709
7484 730.709
7485 730.709
7486 730.709
7487 730.709
7488 730.709
7489 730.709
7490 730.709
7491 730.709
7492 730.709
7493 730.709
7494 730.709
7495 730.709
7496 730.709
7497 730.709
7498 730.709
7499 730.709
7500 730.709
7501 730.709
7502 730.709
7503 730.709
7504 730.709
7505 730.709
7506 730.709
7507 730.709
7508 730.709
7509 730.709
7510 730.709
7511 730.709
7512 730.709
7513 730.709
7514 730.709
7515 730.709
7516 730.709
7517 730.709
7518 730.709
7519 730.709
7520 730.709
7521 730.709
7522 730.709
7523 730.709
7524 730.709
7525 730.709
7526 730.709
7527 730.709
7528 730.709
7529 730.709
7530 730.709
7531 730.709
7532 730.709
7533 730.709
7534 730.709
7535 730.709
7536 730.709
7537 730.709
7538 730.709
7539 730.709
7540 730.709
7541 730.709
7542 730.709
7543 730.709
7544 730.709
7545 730.709
7546 730.709
7547 730.709
7548 730.709
7549 730.709
7550 730.709
7551 730.709
7552 730.709
7553 730.709
7554 730.709
7555 730.709
7556 730.709
7557 730.709
7558 730.709
7559 730.709
7560 730.709
7561 730.709
7562 730.709
7563 730.709
7564 730.709
7565 730.709
7566 730.709
7567 730.709
7568 730.709
7569 730.709
7570 730.709
7571 730.709
7572 730.709
7573 730.709
7574 730.709
7575 730.709
7576 730.709
7577 730.709
7578 730.709
7579 730.709
7580 730.709
7581 730.709
7582 730.709
7583 730.709
7584 730.709
7585 730.709
7586 730.709
7587 730.709
7588 730.709
7589 730.709
7590 730.709
7591 730.709
7592 730.709
7593 730.709
7594 730.709
7595 730.709
7596 730.709
7597 730.709
7598 730.709
7599 730.709
7600 730.709
7601 730.709
7602 730.709
7603 730.709
7604 730.709
7605 730.709
7606 730.709
7607 730.709
7608 730.709
7609 730.709
7610 730.709
7611 730.709
7612 730.709
7613 730.709
7614 730.709
7615 730.709
7616 730.709
7617 730.709
7618 730.709
7619 730.709
7620 730.709
7621 730.709
7622 730.709
7623 730.709
7624 730.709
7625 730.709
7626 730.709
7627 730.709
7628 730.709
7629 730.709
7630 730.709
7631 730.709
7632 730.709
7633 730.709
7634 730.709
7635 730.709
7636 730.709
7637 730.709
7638 730.709
7639 730.709
7640 730.709
7641 730.709
7642 730.709
7643 730.709
7644 730.709
7645 730.709
7646 730.709
7647 730.709
7648 730.709
7649 730.709
7650 730.709
7651 730.709
7652 730.709
7653 730.709
7654 730.709
7655 730.709
7656 730.709
7657 730.709
7658 730.709
7659 730.709
7660 730.709
7661 730.709
7662 730.709
7663 730.709
7664 730.709
7665 730.709
7666 730.709
7667 730.709
7668 730.709
7669 730.709
7670 730.709
7671 730.709
7672 730.709
7673 730.709
7674 730.709
7675 730.709
7676 730.709
7677 730.709
7678 730.709
7679 730.709
7680 730.709
7681 730.709
7682 730.709
7683 730.709
7684 730.709
7685 730.709
7686 730.709
7687 730.709
7688 730.709
7689 730.709
7690 730.709
7691 730.709
7692 730.709
7693 730.709
7694 730.709
7695 730.709
7696 730.709
7697 730.709
7698 730.709
7699 730.709
7700 730.709
7701 730.709
7702 730.709
7703 730.709
7704 730.709
7705 730.709
7706 730.709
7707 730.709
7708 730.709
7709 730.709
7710 730.709
7711 730.709
7712 730.709
7713 730.709
7714 730.709
7715 730.709
7716 730.709
7717 730.709
7718 730.709
7719 730.709
7720 730.709
7721 730.709
7722 730.709
7723 730.709
7724 730.709
7725 730.709
7726 730.709
7727 730.709
7728 730.709
7729 730.709
7730 730.709
7731 730.709
7732 730.709
7733 730.709
7734 730.709
7735 730.709
7736 730.709
7737 730.709
7738 730.709
7739 730.709
7740 730.709
7741 730.709
7742 730.709
7743 730.709
7744 730.709
7745 730.709
7746 730.709
7747 730.709
7748 730.709
7749 730.709
7750 730.709
7751 730.709
7752 730.709
7753 730.709
7754 730.709
7755 730.709
7756 730.709
7757 730.709
7758 730.709
