1 42.385
2 45.220
3 45.623
4 45.623
5 45.623
6 45.685
7 46.219
8 46.219
9 46.219
10 46.451
11 47.122
12 47.161
13 47.473
14 47.838
15 47.924
16 47.924
17 47.924
18 47.924
19 48.308
20 48.651
21 48.922
22 48.922
23 49.445
24 49.445
25 49.445
26 49.896
27 49.896
28 49.974
29 49.974
30 49.974
31 50.112
32 50.646
33 51.020
34 51.020
35 51.062
36 51.062
37 51.062
38 51.062
39 51.283
40 51.283
41 51.283
42 51.624
43 51.624
44 52.110
45 52.002
46 52.002
47 52.002
48 52.052
49 52.548
50 52.878
51 53.512
52 53.512
53 53.575
54 53.575
55 53.575
56 53.365
57 53.365
58 53.710
59 53.710
60 53.825
61 53.825
62 53.825
63 53.825
64 53.755
65 53.755
66 53.755
67 54.276
68 54.276
69 54.276
70 54.113
71 54.487
72 54.487
73 54.754
74 54.754
75 55.103
76 55.103
77 56.277
78 56.191
79 56.191
80 56.676
81 56.676
82 56.676
83 56.829
84 56.829
85 57.286
86 57.286
87 57.286
88 57.897
89 58.377
90 59.075
91 59.781
92 60.298
93 60.218
94 60.709
95 60.709
96 61.287
97 61.287
98 61.287
99 61.928
100 61.928
101 61.928
102 61.928
103 61.928
104 61.928
105 61.928
106 61.928
107 61.928
108 61.928
109 62.368
110 62.398
111 62.398
112 62.398
113 63.120
114 63.076
115 62.905
116 63.628
117 63.813
118 63.813
119 63.813
120 64.185
121 64.185
122 64.185
123 64.185
124 64.562
125 64.708
126 64.708
127 64.708
128 64.965
129 64.965
130 64.965
131 64.965
132 64.965
133 64.965
134 65.622
135 66.572
136 66.920
137 66.920
138 66.920
139 66.924
140 67.695
141 67.695
142 67.695
143 67.695
144 67.328
145 67.328
146 67.328
147 67.328
148 67.676
149 67.676
150 67.676
151 67.746
152 67.746
153 67.746
154 67.746
155 67.746
156 67.746
157 67.746
158 67.746
159 67.746
160 67.659
161 67.659
162 67.773
163 67.773
164 67.773
165 67.773
166 67.773
167 68.385
168 68.385
169 69.104
170 69.104
171 69.104
172 67.732
173 67.806
174 67.806
175 68.697
176 68.697
177 68.697
178 68.697
179 68.948
180 69.684
181 69.684
182 70.158
183 70.363
184 71.194
185 71.194
186 71.194
187 71.194
188 71.194
189 71.711
190 71.711
191 71.245
192 71.245
193 71.218
194 71.218
195 71.819
196 71.819
197 71.819
198 71.819
199 71.819
200 72.454
201 72.454
202 72.454
203 73.406
204 73.406
205 74.600
206 75.439
207 75.439
208 75.439
209 75.439
210 75.439
211 75.439
212 75.439
213 75.637
214 75.637
215 76.176
216 76.176
217 76.176
218 76.176
219 76.176
220 76.176
221 77.087
222 78.620
223 78.620
224 78.620
225 78.620
226 78.620
227 78.620
228 78.620
229 78.620
230 78.620
231 78.620
232 78.620
233 78.620
234 78.620
235 78.620
236 79.414
237 79.414
238 80.110
239 80.110
240 80.110
241 79.887
242 79.762
243 79.762
244 79.762
245 79.762
246 79.762
247 79.762
248 79.762
249 80.626
250 81.432
251 82.986
252 82.986
253 83.138
254 83.138
255 83.138
256 83.138
257 83.138
258 83.138
259 83.138
260 83.138
261 83.138
262 83.575
263 83.575
264 83.575
265 83.879
266 82.638
267 82.638
268 82.787
269 82.787
270 82.787
271 82.787
272 82.787
273 82.787
274 83.391
275 83.391
276 83.220
277 85.398
278 85.398
279 85.435
280 86.622
281 86.622
282 86.622
283 86.622
284 87.370
285 87.370
286 87.370
287 87.370
288 87.370
289 87.370
290 87.370
291 87.370
292 87.370
293 87.370
294 87.370
295 87.370
296 87.370
297 87.370
298 87.845
299 87.845
300 88.476
301 88.476
302 88.476
303 88.476
304 89.701
305 89.701
306 89.701
307 89.701
308 89.701
309 89.701
310 89.701
311 89.701
312 90.278
313 89.764
314 89.764
315 89.764
316 89.764
317 89.788
318 89.388
319 89.842
320 89.842
321 88.404
322 88.404
323 88.404
324 88.404
325 88.404
326 88.404
327 88.404
328 88.404
329 88.404
330 88.404
331 88.404
332 88.404
333 88.404
334 88.404
335 88.404
336 88.404
337 88.404
338 88.404
339 88.404
340 88.404
341 88.404
342 88.404
343 88.404
344 88.553
345 88.553
346 88.553
347 88.553
348 88.553
349 88.553
350 87.928
351 87.928
352 87.928
353 89.677
354 89.677
355 89.677
356 89.677
357 89.677
358 90.689
359 91.402
360 91.402
361 91.402
362 91.402
363 91.367
364 91.367
365 91.367
366 91.367
367 91.367
368 91.367
369 91.367
370 91.367
371 91.367
372 91.367
373 91.367
374 91.642
375 92.191
376 93.080
377 93.080
378 93.080
379 93.808
380 94.546
381 94.546
382 94.546
383 94.546
384 95.023
385 95.023
386 95.826
387 95.826
388 95.826
389 95.826
390 95.826
391 95.826
392 95.826
393 95.826
394 95.826
395 95.826
396 95.826
397 95.826
398 95.826
399 96.306
400 96.306
401 96.969
402 96.969
403 96.969
404 96.969
405 96.969
406 96.969
407 96.969
408 96.969
409 96.969
410 96.969
411 96.969
412 96.969
413 96.969
414 96.969
415 98.230
416 98.230
417 99.557
418 99.557
419 101.210
420 103.497
421 103.497
422 103.497
423 103.497
424 103.497
425 103.497
426 103.497
427 103.497
428 103.497
429 103.497
430 103.497
431 103.497
432 103.497
433 103.497
434 103.497
435 103.497
436 103.497
437 105.046
438 105.046
439 105.046
440 105.046
441 105.046
442 105.046
443 104.889
444 104.889
445 104.889
446 104.889
447 104.889
448 104.889
449 104.889
450 104.889
451 105.518
452 105.518
453 105.518
454 105.518
455 106.546
456 106.546
457 106.546
458 106.546
459 108.444
460 108.444
461 108.444
462 108.444
463 108.444
464 108.444
465 108.444
466 108.444
467 108.444
468 108.444
469 108.444
470 108.444
471 108.444
472 108.444
473 108.444
474 108.444
475 108.444
476 108.444
477 108.444
478 108.444
479 108.444
480 108.444
481 108.444
482 108.444
483 108.444
484 108.444
485 108.444
486 108.444
487 108.444
488 110.323
489 110.323
490 110.323
491 110.323
492 110.323
493 110.323
494 111.095
495 111.095
496 111.095
497 111.095
498 111.095
499 111.095
500 111.095
501 111.095
502 112.558
503 113.879
504 113.879
505 113.879
506 113.879
507 113.879
508 113.879
509 113.879
510 113.879
511 113.879
512 113.879
513 113.879
514 114.531
515 116.194
516 116.194
517 116.194
518 116.194
519 116.194
520 116.194
521 116.194
522 116.194
523 116.194
524 116.194
525 116.194
526 116.194
527 116.194
528 116.194
529 116.194
530 116.194
531 116.194
532 116.194
533 116.194
534 116.194
535 116.194
536 116.194
537 116.194
538 116.194
539 116.194
540 116.194
541 116.194
542 116.194
543 116.194
544 116.194
545 116.194
546 116.194
547 116.194
548 116.194
549 116.194
550 116.537
551 116.537
552 116.537
553 116.537
554 116.537
555 116.537
556 116.537
557 116.537
558 116.537
559 116.537
560 116.537
561 116.537
562 116.537
563 116.537
564 116.537
565 116.537
566 116.537
567 116.537
568 116.537
569 116.537
570 116.537
571 116.537
572 116.537
573 118.857
574 118.857
575 118.857
576 118.857
577 118.857
578 119.503
579 119.503
580 120.908
581 120.908
582 120.908
583 120.908
584 118.906
585 118.906
586 118.906
587 118.906
588 118.906
589 118.906
590 118.906
591 118.906
592 118.906
593 118.906
594 118.906
595 118.906
596 118.906
597 118.906
598 118.906
599 118.906
600 118.906
601 118.906
602 118.906
603 116.209
604 116.209
605 116.209
606 116.209
607 116.879
608 116.879
609 116.879
610 116.879
611 116.879
612 116.879
613 116.879
614 116.879
615 116.879
616 116.879
617 116.879
618 116.879
619 117.525
620 117.525
621 117.525
622 117.525
623 117.525
624 117.525
625 117.525
626 117.525
627 117.525
628 117.525
629 117.525
630 117.525
631 117.525
632 117.525
633 117.525
634 117.525
635 117.525
636 117.525
637 117.525
638 117.525
639 117.525
640 117.525
641 117.525
642 117.525
643 117.525
644 117.525
645 117.525
646 117.525
647 117.525
648 117.525
649 117.525
650 117.525
651 117.525
652 117.525
653 117.525
654 117.525
655 117.525
656 117.525
657 117.525
658 117.525
659 117.525
660 117.525
661 117.525
662 117.525
663 117.525
664 117.525
665 117.525
666 117.525
667 117.525
668 117.525
669 117.525
670 117.525
671 117.525
672 116.857
673 116.857
674 116.857
675 116.857
676 116.857
677 116.857
678 116.857
679 116.857
680 116.857
681 116.857
682 116.857
683 116.857
684 116.857
685 116.857
686 116.857
687 116.857
688 116.857
689 116.857
690 116.857
691 116.857
692 116.857
693 116.857
694 116.857
695 116.857
696 116.857
697 116.857
698 116.857
699 116.857
700 117.439
701 117.439
702 117.439
703 117.439
704 117.439
705 117.439
706 117.439
707 117.439
708 119.988
709 119.988
710 121.197
711 121.197
712 121.197
713 121.197
714 121.197
715 121.197
716 121.197
717 121.197
718 121.197
719 121.771
720 121.771
721 121.771
722 123.757
723 123.757
724 123.757
725 123.757
726 123.757
727 123.757
728 122.721
729 122.721
730 122.721
731 122.721
732 122.721
733 122.721
734 122.721
735 122.721
736 122.721
737 122.721
738 122.721
739 122.721
740 123.362
741 123.362
742 123.362
743 123.362
744 123.362
745 123.362
746 123.362
747 123.362
748 123.362
749 125.728
750 125.728
751 125.728
752 125.728
753 125.728
754 125.728
755 125.728
756 125.728
757 125.728
758 125.728
759 125.728
760 127.445
761 127.445
762 127.445
763 127.445
764 127.445
765 127.445
766 127.445
767 127.445
768 127.445
769 127.445
770 127.445
771 127.445
772 127.445
773 127.445
774 127.445
775 127.445
776 127.445
777 127.445
778 127.445
779 127.445
780 127.445
781 127.445
782 127.445
783 127.445
784 127.445
785 127.445
786 127.445
787 127.445
788 127.445
789 128.763
790 128.763
791 128.763
792 128.763
793 128.763
794 128.763
795 128.763
796 128.763
797 128.763
798 128.763
799 131.124
800 131.124
801 133.609
802 133.609
803 133.609
804 133.609
805 136.408
806 136.408
807 136.408
808 136.408
809 136.408
810 136.408
811 136.408
812 136.408
813 136.408
814 136.408
815 136.408
816 136.408
817 136.408
818 135.635
819 135.635
820 135.635
821 135.635
822 135.635
823 135.635
824 135.635
825 135.635
826 135.635
827 135.635
828 135.635
829 135.635
830 135.635
831 135.635
832 135.635
833 135.635
834 135.635
835 135.635
836 135.635
837 135.635
838 135.635
839 135.635
840 135.635
841 135.635
842 135.635
843 135.635
844 135.635
845 135.635
846 135.635
847 135.635
848 135.635
849 137.457
850 137.457
851 137.457
852 137.457
853 137.457
854 137.457
855 137.457
856 137.457
857 137.457
858 137.457
859 137.457
860 137.457
861 137.457
862 137.457
863 137.457
864 137.457
865 137.457
866 137.457
867 137.457
868 137.457
869 137.457
870 137.457
871 137.457
872 138.817
873 138.817
874 138.817
875 138.817
876 138.817
877 138.817
878 138.817
879 138.817
880 138.817
881 138.817
882 138.817
883 138.817
884 138.817
885 138.817
886 138.817
887 138.817
888 138.817
889 138.817
890 138.817
891 138.817
892 138.817
893 138.817
894 138.817
895 138.817
896 138.817
897 138.817
898 138.817
899 138.817
900 138.817
901 138.817
902 138.817
903 138.817
904 138.817
905 138.817
906 138.817
907 138.817
908 138.817
909 138.714
910 138.714
911 138.714
912 138.714
913 138.714
914 138.714
915 138.714
916 138.714
917 138.714
918 138.714
919 138.714
920 138.714
921 138.714
922 138.714
923 138.714
924 139.938
925 139.938
926 139.938
927 139.938
928 139.938
929 139.938
930 139.936
931 139.936
932 139.936
933 139.936
934 139.936
935 139.936
936 139.936
937 139.936
938 139.936
939 139.936
940 139.936
941 139.936
942 139.936
943 139.936
944 139.936
945 139.936
946 139.936
947 139.936
948 139.936
949 139.936
950 139.936
951 139.936
952 139.936
953 139.936
954 139.936
955 140.292
956 140.292
957 140.292
958 140.292
959 140.292
960 140.292
961 140.292
962 140.292
963 140.292
964 140.292
965 140.292
966 140.292
967 140.292
968 140.292
969 140.292
970 140.292
971 140.292
972 140.292
973 140.292
974 140.292
975 140.292
976 140.292
977 140.292
978 140.292
979 140.292
980 140.292
981 140.292
982 140.292
983 140.292
984 140.292
985 143.238
986 143.238
987 143.238
988 143.238
989 143.238
990 143.238
991 143.238
992 142.308
993 142.308
994 142.308
995 142.308
996 142.308
997 142.308
998 142.308
999 142.308
1000 142.308
1001 142.308
1002 142.308
1003 142.308
1004 142.308
1005 142.308
1006 142.308
1007 142.308
1008 142.308
1009 142.308
1010 142.308
1011 142.308
1012 142.308
1013 142.555
1014 142.555
1015 143.480
1016 143.480
1017 143.480
1018 143.480
1019 143.480
1020 143.480
1021 140.191
1022 140.191
1023 140.191
1024 140.191
1025 140.191
1026 140.191
1027 140.191
1028 140.191
1029 140.191
1030 140.191
1031 143.053
1032 143.053
1033 143.053
1034 143.053
1035 143.053
1036 143.053
1037 143.053
1038 143.053
1039 143.053
1040 143.053
1041 143.053
1042 143.053
1043 143.053
1044 143.053
1045 143.053
1046 143.053
1047 143.053
1048 143.053
1049 143.053
1050 143.053
1051 143.053
1052 143.053
1053 143.053
1054 143.053
1055 143.053
1056 143.053
1057 143.053
1058 143.053
1059 143.053
1060 143.053
1061 143.053
1062 143.053
1063 143.053
1064 143.053
1065 143.053
1066 143.053
1067 143.053
1068 143.053
1069 143.053
1070 143.053
1071 143.053
1072 143.053
1073 143.053
1074 143.053
1075 143.053
1076 144.430
1077 144.430
1078 144.430
1079 144.430
1080 144.430
1081 144.430
1082 144.430
1083 144.430
1084 144.430
1085 144.430
1086 144.430
1087 144.430
1088 144.430
1089 144.430
1090 144.430
1091 142.721
1092 142.721
1093 145.977
1094 145.977
1095 145.977
1096 145.977
1097 145.977
1098 145.977
1099 145.977
1100 145.977
1101 145.977
1102 145.977
1103 145.977
1104 145.977
1105 145.977
1106 145.977
1107 145.977
1108 145.977
1109 145.977
1110 145.977
1111 145.977
1112 145.977
1113 145.977
1114 145.977
1115 145.977
1116 149.100
1117 149.100
1118 149.100
1119 149.100
1120 149.100
1121 149.100
1122 149.100
1123 152.311
1124 152.311
1125 152.311
1126 152.311
1127 152.311
1128 152.311
1129 152.311
1130 152.311
1131 152.311
1132 152.311
1133 152.311
1134 152.311
1135 152.311
1136 152.311
1137 152.311
1138 152.311
1139 152.311
1140 152.311
1141 152.311
1142 152.311
1143 152.311
1144 152.311
1145 152.311
1146 152.311
1147 152.311
1148 152.311
1149 152.311
1150 152.311
1151 152.311
1152 152.311
1153 152.311
1154 152.311
1155 152.311
1156 153.659
1157 153.659
1158 153.659
1159 153.659
1160 153.659
1161 153.659
1162 153.659
1163 153.659
1164 153.659
1165 153.659
1166 153.474
1167 153.474
1168 153.474
1169 153.474
1170 153.474
1171 153.474
1172 153.474
1173 153.474
1174 153.474
1175 153.474
1176 153.474
1177 153.474
1178 153.474
1179 153.474
1180 153.474
1181 153.474
1182 153.474
1183 153.474
1184 153.474
1185 153.474
1186 153.474
1187 153.474
1188 153.474
1189 153.474
1190 153.474
1191 153.474
1192 153.474
1193 153.474
1194 153.474
1195 153.474
1196 153.474
1197 153.474
1198 153.474
1199 153.474
1200 153.474
1201 153.474
1202 154.052
1203 154.052
1204 154.052
1205 154.052
1206 154.052
1207 154.052
1208 154.052
1209 154.052
1210 154.052
1211 154.052
1212 154.052
1213 154.052
1214 154.052
1215 154.052
1216 154.052
1217 154.052
1218 154.052
1219 154.052
1220 157.632
1221 157.632
1222 157.632
1223 157.632
1224 157.632
1225 157.632
1226 157.632
1227 157.632
1228 157.632
1229 157.632
1230 157.632
1231 157.632
1232 157.632
1233 157.632
1234 157.632
1235 157.632
1236 157.632
1237 162.000
1238 162.000
1239 162.000
1240 162.000
1241 162.000
1242 162.000
1243 162.000
1244 162.000
1245 162.000
1246 162.000
1247 162.000
1248 162.000
1249 162.000
1250 162.000
1251 162.000
1252 162.000
1253 162.000
1254 162.000
1255 157.537
1256 157.537
1257 157.537
1258 157.537
1259 157.537
1260 157.537
1261 157.537
1262 161.262
1263 161.262
1264 161.262
1265 161.262
1266 161.262
1267 161.262
1268 161.262
1269 161.262
1270 161.262
1271 161.262
1272 161.262
1273 161.262
1274 161.262
1275 161.262
1276 161.262
1277 161.262
1278 161.262
1279 161.262
1280 161.262
1281 161.262
1282 161.262
1283 161.262
1284 161.262
1285 161.262
1286 161.262
1287 161.262
1288 161.262
1289 161.262
1290 161.262
1291 161.262
1292 161.262
1293 161.262
1294 161.262
1295 161.262
1296 161.262
1297 161.262
1298 161.262
1299 161.262
1300 161.262
1301 161.262
1302 161.262
1303 161.262
1304 161.262
1305 165.392
1306 165.392
1307 165.392
1308 165.392
1309 165.392
1310 165.392
1311 165.392
1312 169.880
1313 169.880
1314 169.880
1315 169.880
1316 169.880
1317 169.880
1318 169.880
1319 169.880
1320 169.880
1321 169.880
1322 169.880
1323 169.880
1324 169.880
1325 169.880
1326 169.880
1327 169.880
1328 169.880
1329 169.880
1330 169.880
1331 169.880
1332 169.880
1333 169.880
1334 169.880
1335 169.880
1336 169.880
1337 169.880
1338 169.880
1339 169.880
1340 169.880
1341 169.880
1342 169.880
1343 169.880
1344 169.880
1345 169.880
1346 169.880
1347 169.880
1348 169.880
1349 169.880
1350 169.880
1351 169.880
1352 169.880
1353 169.880
1354 169.880
1355 169.880
1356 169.880
1357 169.880
1358 169.880
1359 169.880
1360 169.880
1361 169.880
1362 169.880
1363 169.880
1364 169.880
1365 169.880
1366 169.880
1367 169.880
1368 169.880
1369 169.880
1370 169.880
1371 169.880
1372 169.880
1373 169.880
1374 169.880
1375 169.880
1376 169.880
1377 169.880
1378 169.880
1379 169.880
1380 169.880
1381 169.880
1382 169.880
1383 169.880
1384 169.880
1385 169.880
1386 169.880
1387 169.880
1388 169.880
1389 169.880
1390 169.880
1391 169.880
1392 169.880
1393 169.880
1394 169.880
1395 169.880
1396 169.880
1397 169.880
1398 169.880
1399 169.880
1400 169.880
1401 169.880
1402 169.880
1403 169.880
1404 169.880
1405 169.880
1406 169.880
1407 169.880
1408 169.880
1409 169.880
1410 169.880
1411 169.880
1412 169.880
1413 174.648
1414 174.648
1415 174.648
1416 174.648
1417 174.648
1418 174.648
1419 174.648
1420 174.648
1421 174.648
1422 174.648
1423 174.648
1424 174.648
1425 174.648
1426 174.648
1427 174.648
1428 174.648
1429 174.648
1430 174.648
1431 174.648
1432 174.648
1433 174.648
1434 174.648
1435 174.648
1436 174.648
1437 177.488
1438 177.488
1439 177.488
1440 181.663
1441 181.663
1442 181.663
1443 181.663
1444 181.663
1445 181.663
1446 181.663
1447 181.663
1448 181.663
1449 181.663
1450 181.663
1451 185.063
1452 185.063
1453 185.063
1454 185.063
1455 185.063
1456 185.063
1457 185.063
1458 185.063
1459 185.063
1460 185.063
1461 185.063
1462 185.063
1463 185.063
1464 185.063
1465 185.063
1466 185.063
1467 185.063
1468 185.063
1469 185.063
1470 185.063
1471 185.063
1472 185.063
1473 185.063
1474 185.063
1475 185.063
1476 185.063
1477 185.063
1478 185.063
1479 185.063
1480 185.063
1481 185.063
1482 185.063
1483 185.063
1484 185.063
1485 185.063
1486 185.063
1487 185.063
1488 185.063
1489 185.063
1490 185.063
1491 185.063
1492 185.063
1493 185.063
1494 185.063
1495 185.063
1496 185.063
1497 185.063
1498 185.063
1499 185.063
1500 185.063
1501 185.063
1502 185.063
1503 185.063
1504 185.063
1505 185.063
1506 185.063
1507 189.735
1508 189.735
1509 189.735
1510 189.735
1511 189.735
1512 189.735
1513 189.735
1514 189.735
1515 189.735
1516 189.735
1517 189.735
1518 189.735
1519 189.735
1520 195.918
1521 195.918
1522 195.918
1523 195.918
1524 195.918
1525 195.918
1526 195.918
1527 195.918
1528 195.918
1529 195.918
1530 195.918
1531 195.918
1532 195.918
1533 195.918
1534 195.918
1535 195.918
1536 195.918
1537 195.918
1538 195.918
1539 195.918
1540 195.918
1541 195.918
1542 195.918
1543 195.918
1544 195.918
1545 195.918
1546 195.918
1547 195.918
1548 195.918
1549 195.918
1550 195.918
1551 195.918
1552 195.918
1553 195.918
1554 195.918
1555 195.918
1556 195.918
1557 195.918
1558 195.918
1559 195.918
1560 195.918
1561 195.918
1562 195.918
1563 195.918
1564 195.918
1565 195.918
1566 195.918
1567 195.918
1568 195.918
1569 195.918
1570 195.918
1571 195.918
1572 195.918
1573 195.918
1574 195.918
1575 195.918
1576 195.918
1577 195.918
1578 195.918
1579 201.651
1580 201.651
1581 201.651
1582 201.651
1583 201.651
1584 207.511
1585 207.511
1586 207.511
1587 207.511
1588 207.511
1589 207.511
1590 207.511
1591 207.511
1592 207.511
1593 207.511
1594 207.511
1595 207.511
1596 207.511
1597 207.511
1598 207.511
1599 207.511
1600 207.511
1601 207.511
1602 207.511
1603 207.511
1604 207.511
1605 207.511
1606 207.511
1607 207.511
1608 207.511
1609 207.511
1610 207.511
1611 207.511
1612 207.511
1613 207.511
1614 207.511
1615 207.511
1616 207.511
1617 207.511
1618 207.511
1619 207.511
1620 207.511
1621 207.511
1622 207.511
1623 207.511
1624 207.511
1625 207.511
1626 207.511
1627 207.511
1628 207.511
1629 207.511
1630 207.511
1631 207.511
1632 207.511
1633 207.511
1634 207.511
1635 207.511
1636 212.001
1637 212.001
1638 212.001
1639 212.001
1640 212.001
1641 212.001
1642 212.001
1643 212.001
1644 212.001
1645 212.001
1646 212.001
1647 212.001
1648 212.001
1649 212.001
1650 212.001
1651 212.001
1652 212.001
1653 212.001
1654 212.001
1655 212.001
1656 212.001
1657 212.001
1658 212.001
1659 212.001
1660 212.001
1661 212.001
1662 212.001
1663 212.001
1664 212.001
1665 212.001
1666 212.001
1667 212.001
1668 213.732
1669 213.732
1670 219.787
1671 219.787
1672 219.787
1673 219.787
1674 219.787
1675 219.787
1676 227.008
1677 227.008
1678 227.008
1679 227.008
1680 227.008
1681 227.008
1682 227.008
1683 227.008
1684 227.008
1685 227.008
1686 227.008
1687 227.008
1688 227.008
1689 227.008
1690 227.008
1691 227.008
1692 227.008
1693 227.008
1694 227.008
1695 227.008
1696 227.008
1697 227.008
1698 227.008
1699 227.008
1700 227.008
1701 227.008
1702 227.008
1703 227.008
1704 227.008
1705 227.008
1706 227.008
1707 227.008
1708 227.008
1709 227.008
1710 227.008
1711 227.008
1712 227.008
1713 227.008
1714 227.008
1715 227.008
1716 227.008
1717 227.008
1718 227.008
1719 227.008
1720 227.008
1721 227.008
1722 227.008
1723 227.008
1724 227.008
1725 227.008
1726 227.008
1727 227.008
1728 227.008
1729 227.008
1730 227.008
1731 227.008
1732 227.008
1733 227.008
1734 227.008
1735 227.008
1736 227.008
1737 227.008
1738 227.008
1739 227.008
1740 227.008
1741 227.008
1742 227.008
1743 227.008
1744 227.008
1745 227.008
1746 227.008
1747 227.008
1748 227.008
1749 227.008
1750 227.008
1751 227.008
1752 227.008
1753 227.008
1754 227.008
1755 227.008
1756 227.008
1757 227.008
1758 227.008
1759 227.008
1760 227.008
1761 227.008
1762 227.008
1763 227.008
1764 227.008
1765 227.008
1766 227.008
1767 227.008
1768 227.008
1769 227.008
1770 227.008
1771 227.008
1772 227.008
1773 227.008
1774 227.008
1775 227.008
1776 227.008
1777 227.008
1778 227.008
1779 227.008
1780 227.008
1781 227.008
1782 227.008
1783 227.008
1784 227.008
1785 227.008
1786 227.008
1787 227.008
1788 227.008
1789 227.008
1790 227.008
1791 227.008
1792 227.008
1793 227.008
1794 227.008
1795 227.008
1796 227.008
1797 227.008
1798 234.711
1799 234.711
1800 234.711
1801 234.711
1802 234.711
1803 234.711
1804 234.711
1805 234.711
1806 234.711
1807 234.711
1808 234.711
1809 234.711
1810 234.711
1811 229.158
1812 229.158
1813 229.158
1814 229.158
1815 229.158
1816 229.158
1817 229.158
1818 229.158
1819 229.158
1820 229.158
1821 229.158
1822 229.158
1823 229.158
1824 229.158
1825 229.158
1826 229.158
1827 229.158
1828 229.158
1829 229.158
1830 229.158
1831 229.158
1832 229.158
1833 229.158
1834 229.158
1835 229.158
1836 229.158
1837 229.158
1838 229.158
1839 229.158
1840 229.158
1841 229.158
1842 229.158
1843 229.158
1844 229.158
1845 229.158
1846 229.158
1847 229.158
1848 229.158
1849 229.158
1850 229.158
1851 229.158
1852 229.158
1853 229.158
1854 229.158
1855 229.158
1856 229.158
1857 229.158
1858 229.158
1859 229.158
1860 229.158
1861 229.158
1862 229.158
1863 229.158
1864 229.158
1865 229.158
1866 229.158
1867 229.158
1868 229.158
1869 229.335
1870 229.335
1871 229.335
1872 229.335
1873 229.335
1874 231.173
1875 231.173
1876 231.173
1877 231.173
1878 231.173
1879 231.173
1880 231.173
1881 231.173
1882 231.173
1883 231.173
1884 231.173
1885 231.173
1886 231.173
1887 231.173
1888 231.173
1889 231.173
1890 231.173
1891 231.173
1892 231.173
1893 231.173
1894 231.173
1895 231.173
1896 231.173
1897 231.173
1898 231.173
1899 231.173
1900 231.173
1901 231.173
1902 231.173
1903 231.173
1904 231.173
1905 231.173
1906 231.173
1907 231.173
1908 231.173
1909 231.173
1910 231.173
1911 231.173
1912 231.173
1913 231.173
1914 231.173
1915 231.173
1916 231.173
1917 231.173
1918 231.173
1919 231.173
1920 231.173
1921 231.173
1922 231.173
1923 231.173
1924 231.173
1925 231.173
1926 231.173
1927 231.173
1928 231.173
1929 231.173
1930 231.173
1931 231.173
1932 231.173
1933 231.173
1934 231.173
1935 231.173
1936 231.173
1937 231.173
1938 231.173
1939 231.173
1940 231.173
1941 231.173
1942 231.173
1943 231.173
1944 231.173
1945 231.173
1946 231.173
1947 231.173
1948 231.173
1949 231.173
1950 231.173
1951 231.173
1952 231.173
1953 231.173
1954 231.173
1955 231.173
1956 231.173
1957 231.173
1958 231.173
1959 231.173
1960 231.173
1961 231.173
1962 231.173
1963 231.173
1964 231.173
1965 231.173
1966 231.173
1967 231.173
1968 231.173
1969 231.173
1970 231.173
1971 231.173
1972 231.173
1973 231.173
1974 231.173
1975 231.173
1976 231.173
1977 231.173
1978 231.173
1979 231.173
1980 231.173
1981 231.173
1982 231.173
1983 231.173
1984 231.173
1985 231.173
1986 231.173
1987 231.173
1988 231.173
1989 231.173
1990 231.173
1991 231.173
1992 231.173
1993 231.173
1994 231.173
1995 231.173
1996 231.173
1997 231.173
1998 231.173
1999 231.173
2000 231.173
2001 231.173
2002 231.173
2003 231.173
2004 231.173
2005 231.173
2006 231.173
2007 231.173
2008 231.173
2009 231.173
2010 231.173
2011 231.173
2012 231.173
2013 231.173
2014 231.173
2015 231.173
2016 231.173
2017 231.173
2018 231.173
2019 231.173
2020 231.173
2021 231.173
2022 233.484
2023 233.484
2024 233.484
2025 233.484
2026 233.484
2027 233.484
2028 233.484
2029 233.484
2030 233.484
2031 233.484
2032 233.484
2033 233.484
2034 233.484
2035 233.484
2036 233.484
2037 233.484
2038 233.484
2039 233.484
2040 233.484
2041 233.484
2042 233.484
2043 233.484
2044 233.484
2045 233.484
2046 233.484
2047 233.484
2048 233.484
2049 233.484
2050 233.484
2051 233.484
2052 233.484
2053 233.484
2054 233.484
2055 233.484
2056 233.484
2057 233.484
2058 233.484
2059 233.484
2060 233.484
2061 233.484
2062 233.484
2063 233.484
2064 233.484
2065 233.484
2066 233.484
2067 233.484
2068 233.484
2069 233.484
2070 233.484
2071 233.484
2072 233.484
2073 233.484
2074 233.484
2075 233.484
2076 233.484
2077 233.484
2078 233.484
2079 233.484
2080 233.484
2081 233.484
2082 233.484
2083 233.484
2084 233.484
2085 233.484
2086 233.484
2087 233.484
2088 233.484
2089 233.484
2090 233.484
2091 233.484
2092 233.484
2093 233.484
2094 233.484
2095 233.484
2096 233.484
2097 233.484
2098 233.484
2099 233.484
2100 233.484
2101 233.484
2102 233.484
2103 233.484
2104 233.484
2105 233.484
2106 233.484
2107 233.484
2108 233.484
2109 233.484
2110 233.484
2111 237.621
2112 237.621
2113 237.621
2114 237.621
2115 237.621
2116 237.621
2117 237.621
2118 237.621
2119 237.621
2120 237.621
2121 237.621
2122 237.621
2123 237.621
2124 237.621
2125 237.621
2126 237.621
2127 237.621
2128 237.621
2129 237.621
2130 237.621
2131 237.621
2132 237.621
2133 237.621
2134 237.621
2135 237.621
2136 237.621
2137 237.621
2138 237.621
2139 237.621
2140 237.621
2141 237.621
2142 237.621
2143 237.621
2144 237.621
2145 237.621
2146 235.411
2147 235.411
2148 235.411
2149 235.411
2150 235.411
2151 235.411
2152 235.411
2153 235.411
2154 235.411
2155 235.411
2156 235.411
2157 235.411
2158 235.411
2159 235.411
2160 235.411
2161 235.411
2162 235.411
2163 235.411
2164 235.411
2165 235.411
2166 235.411
2167 235.411
2168 235.411
2169 235.411
2170 235.411
2171 235.411
2172 235.411
2173 235.411
2174 235.411
2175 235.411
2176 235.411
2177 235.411
2178 235.411
2179 235.411
2180 235.411
2181 235.411
2182 238.807
2183 238.807
2184 238.807
2185 238.807
2186 238.807
2187 238.807
2188 238.807
2189 238.807
2190 238.807
2191 238.807
2192 238.807
2193 238.807
2194 238.807
2195 238.807
2196 238.807
2197 238.807
2198 238.807
2199 238.807
2200 238.807
2201 238.807
2202 238.807
2203 238.807
2204 238.807
2205 238.807
2206 238.807
2207 238.807
2208 238.807
2209 238.807
2210 238.807
2211 238.807
2212 238.807
2213 238.807
2214 238.807
2215 238.807
2216 238.807
2217 238.807
2218 238.807
2219 238.807
2220 238.807
2221 238.807
2222 238.807
2223 238.807
2224 238.807
2225 238.807
2226 238.807
2227 238.807
2228 238.807
2229 238.807
2230 238.807
2231 238.807
2232 238.807
2233 238.807
2234 238.807
2235 238.807
2236 238.807
2237 238.807
2238 238.807
2239 238.807
2240 238.807
2241 238.807
2242 238.807
2243 238.807
2244 238.807
2245 238.807
2246 238.807
2247 238.807
2248 238.807
2249 238.807
2250 238.807
2251 238.807
2252 238.807
2253 238.807
2254 238.807
2255 238.807
2256 238.807
2257 238.807
2258 238.807
2259 238.807
2260 238.807
2261 238.807
2262 238.807
2263 238.807
2264 238.807
2265 238.807
2266 238.807
2267 238.807
2268 238.807
2269 238.807
2270 238.807
2271 238.807
2272 238.807
2273 238.807
2274 238.807
2275 238.807
2276 238.807
2277 238.807
2278 238.807
2279 238.807
2280 238.807
2281 238.807
2282 238.807
2283 238.807
2284 238.807
2285 238.807
2286 238.807
2287 238.807
2288 238.807
2289 238.807
2290 238.807
2291 238.807
2292 238.807
2293 238.807
2294 238.807
2295 238.807
2296 238.807
2297 238.807
2298 238.807
2299 238.807
2300 238.807
2301 238.807
2302 238.807
2303 238.807
2304 238.807
2305 238.807
2306 238.807
2307 238.807
2308 238.807
2309 238.807
2310 238.807
2311 238.807
2312 238.807
2313 238.807
2314 238.807
2315 238.807
2316 238.807
2317 238.807
2318 238.807
2319 247.691
2320 247.691
2321 247.691
2322 247.691
2323 247.691
2324 247.691
2325 247.691
2326 247.691
2327 247.691
2328 247.691
2329 247.691
2330 247.691
2331 247.691
2332 247.691
2333 247.691
2334 247.691
2335 247.691
2336 247.691
2337 247.691
2338 247.691
2339 247.691
2340 247.691
2341 247.691
2342 247.691
2343 247.691
2344 247.691
2345 247.691
2346 247.691
2347 247.691
2348 247.691
2349 247.691
2350 247.691
2351 247.691
2352 247.691
2353 247.691
2354 247.691
2355 247.691
2356 247.691
2357 247.691
2358 247.691
2359 247.691
2360 247.691
2361 247.691
2362 247.691
2363 247.691
2364 247.691
2365 247.691
2366 247.691
2367 247.691
2368 247.691
2369 247.691
2370 247.691
2371 247.691
2372 247.691
2373 247.691
2374 247.691
2375 247.691
2376 247.691
2377 247.691
2378 247.691
2379 247.691
2380 247.691
2381 247.691
2382 247.691
2383 247.691
2384 247.691
2385 247.691
2386 247.691
2387 247.691
2388 247.691
2389 247.691
2390 247.691
2391 247.691
2392 247.691
2393 247.691
2394 247.691
2395 247.691
2396 247.691
2397 247.691
2398 247.691
2399 247.691
2400 247.691
2401 247.691
2402 247.691
2403 247.691
2404 247.691
2405 247.691
2406 247.691
2407 247.691
2408 247.691
2409 247.691
2410 247.691
2411 247.691
2412 247.691
2413 247.691
2414 247.691
2415 247.691
2416 247.691
2417 247.691
2418 247.691
2419 247.691
2420 247.691
2421 247.691
2422 247.691
2423 247.691
2424 247.691
2425 247.691
2426 247.691
2427 247.691
2428 247.691
2429 247.691
2430 247.691
2431 247.691
2432 247.691
2433 247.691
2434 247.691
2435 247.691
2436 247.691
2437 247.691
2438 247.691
2439 247.691
2440 247.691
2441 247.691
2442 247.691
2443 247.691
2444 247.691
2445 247.691
2446 247.691
2447 247.691
2448 247.691
2449 247.691
2450 247.691
2451 247.965
2452 247.965
2453 247.965
2454 247.965
2455 247.965
2456 247.965
2457 247.965
2458 247.965
2459 247.965
2460 247.965
2461 247.965
2462 247.965
2463 247.965
2464 247.965
2465 247.965
2466 248.284
2467 248.284
2468 248.284
2469 248.284
2470 248.284
2471 248.284
2472 248.284
2473 248.284
2474 248.284
2475 248.284
2476 248.284
2477 248.284
2478 248.284
2479 248.284
2480 248.284
2481 248.284
2482 248.284
2483 248.284
2484 248.284
2485 248.284
2486 248.284
2487 248.284
2488 248.284
2489 248.284
2490 248.284
2491 248.284
2492 248.284
2493 248.284
2494 248.284
2495 248.284
2496 248.284
2497 248.284
2498 248.284
2499 248.284
2500 248.284
2501 248.284
2502 248.284
2503 248.284
2504 248.284
2505 248.284
2506 248.284
2507 248.284
2508 248.284
2509 248.284
2510 248.284
2511 248.284
2512 248.284
2513 248.284
2514 248.284
2515 248.284
2516 248.284
2517 248.284
2518 248.284
2519 248.284
2520 248.284
2521 248.284
2522 248.284
2523 248.284
2524 248.284
2525 248.284
2526 248.284
2527 248.284
2528 248.284
2529 248.284
2530 248.284
2531 248.284
2532 248.284
2533 248.284
2534 248.284
2535 248.284
2536 248.284
2537 248.284
2538 248.284
2539 248.284
2540 248.284
2541 248.284
2542 248.284
2543 248.284
2544 248.284
2545 248.284
2546 248.284
2547 248.284
2548 248.284
2549 248.284
2550 248.284
2551 231.148
2552 231.148
2553 231.148
2554 231.148
2555 231.148
2556 231.148
2557 231.148
2558 231.148
2559 231.148
2560 231.148
2561 231.148
2562 231.164
2563 231.164
2564 231.164
2565 231.164
2566 231.164
2567 231.164
2568 231.164
2569 231.164
2570 231.164
2571 231.164
2572 231.164
2573 231.164
2574 231.164
2575 231.164
2576 231.164
2577 231.164
2578 231.164
2579 231.164
2580 231.164
2581 231.164
2582 231.164
2583 231.164
2584 231.164
2585 231.164
2586 231.164
2587 231.164
2588 231.164
2589 231.164
2590 231.164
2591 231.164
2592 231.164
2593 231.164
2594 231.164
2595 231.164
2596 231.164
2597 231.164
2598 231.164
2599 231.164
2600 231.164
2601 231.164
2602 231.164
2603 231.164
2604 231.164
2605 231.164
2606 231.164
2607 231.164
2608 231.164
2609 234.934
2610 234.934
2611 234.934
2612 234.934
2613 234.934
2614 234.934
2615 234.934
2616 234.934
2617 234.934
2618 234.934
2619 234.934
2620 234.934
2621 234.934
2622 234.934
2623 234.934
2624 234.934
2625 234.934
2626 234.934
2627 234.934
2628 234.934
2629 234.934
2630 234.934
2631 234.934
2632 234.934
2633 234.934
2634 234.934
2635 234.934
2636 234.934
2637 234.934
2638 234.934
2639 234.934
2640 234.934
2641 234.934
2642 234.934
2643 234.934
2644 234.934
2645 234.934
2646 234.934
2647 234.934
2648 234.934
2649 234.934
2650 234.934
2651 234.934
2652 234.934
2653 234.934
2654 234.934
2655 234.934
2656 234.934
2657 234.934
2658 234.934
2659 234.934
2660 234.934
2661 234.934
2662 234.934
2663 242.792
2664 255.897
2665 255.897
2666 255.897
2667 255.897
2668 255.897
2669 255.897
2670 255.897
2671 255.897
2672 255.897
2673 255.897
2674 255.897
2675 255.897
2676 255.897
2677 255.897
2678 255.897
2679 255.897
2680 255.897
2681 255.897
2682 255.897
2683 255.897
2684 255.897
2685 255.897
2686 255.897
2687 255.897
2688 255.897
2689 255.897
2690 255.897
2691 255.897
2692 255.897
2693 255.897
2694 255.897
2695 255.897
2696 255.897
2697 255.897
2698 255.897
2699 255.897
2700 255.897
2701 255.897
2702 255.897
2703 255.897
2704 255.897
2705 255.897
2706 255.897
2707 255.897
2708 255.897
2709 255.897
2710 255.897
2711 255.897
2712 255.897
2713 255.897
2714 255.897
2715 255.897
2716 255.897
2717 255.897
2718 255.897
2719 255.897
2720 255.897
2721 255.897
2722 255.897
2723 255.897
2724 255.897
2725 255.897
2726 255.897
2727 255.897
2728 255.897
2729 255.897
2730 255.897
2731 255.897
2732 255.897
2733 255.897
2734 255.897
2735 255.897
2736 255.897
2737 255.897
2738 255.897
2739 255.897
2740 255.897
2741 255.897
2742 255.897
2743 255.897
2744 255.897
2745 255.897
2746 255.897
2747 255.897
2748 255.897
2749 255.897
2750 255.897
2751 255.897
2752 255.897
2753 255.897
2754 255.897
2755 255.897
2756 255.897
2757 255.897
2758 255.897
2759 255.897
2760 255.897
2761 255.897
2762 255.897
2763 255.897
2764 255.897
2765 255.897
2766 255.897
2767 255.897
2768 255.897
2769 255.897
2770 255.897
2771 255.897
2772 255.897
2773 255.897
2774 255.897
2775 255.897
2776 255.897
2777 255.897
2778 255.897
2779 255.897
2780 255.897
2781 255.897
2782 255.897
2783 255.897
2784 255.897
2785 255.897
2786 255.897
2787 255.897
2788 255.897
2789 255.897
2790 255.897
2791 255.897
2792 255.897
2793 255.897
2794 255.897
2795 255.897
2796 255.897
2797 255.897
2798 255.897
2799 255.897
2800 262.888
2801 262.888
2802 262.888
2803 262.888
2804 262.888
2805 262.888
2806 271.717
2807 271.717
2808 271.717
2809 261.364
2810 261.364
2811 261.364
2812 261.364
2813 261.364
2814 268.715
2815 268.715
2816 268.715
2817 268.715
2818 268.715
2819 268.715
2820 268.715
2821 268.715
2822 268.715
2823 268.715
2824 268.715
2825 268.715
2826 268.715
2827 268.715
2828 268.715
2829 268.715
2830 268.715
2831 268.715
2832 268.715
2833 268.715
2834 268.715
2835 268.715
2836 268.715
2837 268.715
2838 268.715
2839 268.715
2840 268.715
2841 268.715
2842 268.715
2843 268.715
2844 268.715
2845 268.715
2846 268.715
2847 268.715
2848 268.715
2849 268.715
2850 268.715
2851 268.715
2852 268.715
2853 268.715
2854 268.715
2855 268.715
2856 268.715
2857 268.715
2858 268.715
2859 268.715
2860 268.715
2861 268.715
2862 268.715
2863 268.715
2864 268.715
2865 268.715
2866 268.715
2867 268.715
2868 268.715
2869 264.844
2870 264.844
2871 264.844
2872 264.844
2873 264.844
2874 264.844
2875 264.844
2876 264.844
2877 264.844
2878 264.844
2879 264.844
2880 264.844
2881 264.844
2882 264.844
2883 264.844
2884 264.844
2885 264.844
2886 264.844
2887 264.844
2888 264.844
2889 264.844
2890 264.844
2891 264.844
2892 264.844
2893 264.844
2894 264.844
2895 264.844
2896 264.844
2897 264.844
2898 264.844
2899 264.844
2900 264.844
2901 264.844
2902 264.844
2903 264.844
2904 264.844
2905 264.844
2906 264.844
2907 264.844
2908 264.844
2909 264.844
2910 264.844
2911 264.844
2912 264.844
2913 264.844
2914 264.844
2915 264.844
2916 264.844
2917 264.844
2918 264.844
2919 264.844
2920 264.844
2921 264.844
2922 264.844
2923 264.844
2924 264.844
2925 264.844
2926 264.844
2927 264.844
2928 264.844
2929 264.844
2930 264.844
2931 264.844
2932 264.844
2933 264.844
2934 264.844
2935 264.844
2936 264.844
2937 264.844
2938 264.844
2939 264.844
2940 264.844
2941 264.844
2942 264.844
2943 264.844
2944 267.282
2945 267.282
2946 267.282
2947 267.282
2948 267.282
2949 267.282
2950 267.282
2951 267.282
2952 267.282
2953 267.282
2954 267.282
2955 267.282
2956 267.282
2957 267.282
2958 267.282
2959 271.347
2960 271.347
2961 271.347
2962 271.347
2963 271.347
2964 271.347
2965 271.347
2966 271.347
2967 271.347
2968 271.347
2969 271.347
2970 271.347
2971 271.347
2972 271.347
2973 271.347
2974 271.347
2975 271.347
2976 271.347
2977 271.347
2978 271.347
2979 271.347
2980 271.347
2981 271.347
2982 271.347
2983 271.347
2984 271.347
2985 271.347
2986 271.347
2987 271.347
2988 271.347
2989 271.347
2990 271.347
2991 271.347
2992 271.347
2993 271.347
2994 271.347
2995 271.347
2996 271.347
2997 271.347
2998 271.347
2999 271.347
3000 271.347
3001 271.347
3002 271.347
3003 271.347
3004 271.347
3005 271.347
3006 271.347
3007 271.347
3008 271.347
3009 271.347
3010 271.347
3011 271.347
3012 271.347
3013 271.347
3014 271.347
3015 271.347
3016 271.347
3017 271.347
3018 271.347
3019 271.347
3020 271.347
3021 271.347
3022 271.347
3023 271.347
3024 271.347
3025 271.347
3026 271.347
3027 271.347
3028 271.347
3029 271.347
3030 271.347
3031 271.347
3032 271.347
3033 271.347
3034 271.347
3035 271.347
3036 271.347
3037 271.347
3038 271.347
3039 271.347
3040 271.347
3041 271.347
3042 271.347
3043 271.347
3044 271.347
3045 271.347
3046 271.347
3047 271.347
3048 271.347
3049 271.347
3050 271.347
3051 271.347
3052 271.347
3053 271.347
3054 270.065
3055 270.065
3056 270.065
3057 270.065
3058 270.065
3059 270.065
3060 270.065
3061 270.065
3062 270.065
3063 270.065
3064 270.065
3065 270.065
3066 270.065
3067 270.065
3068 270.065
3069 270.065
3070 270.065
3071 270.065
3072 270.065
3073 270.065
3074 270.065
3075 270.065
3076 270.065
3077 270.065
3078 270.065
3079 270.065
3080 270.065
3081 270.065
3082 270.065
3083 270.065
3084 270.065
3085 270.065
3086 270.065
3087 270.065
3088 269.664
3089 269.664
3090 269.664
3091 269.664
3092 269.664
3093 269.664
3094 269.664
3095 269.664
3096 269.664
3097 269.664
3098 269.664
3099 269.664
3100 269.664
3101 269.664
3102 269.664
3103 269.664
3104 269.664
3105 269.664
3106 269.664
3107 269.664
3108 269.664
3109 269.664
3110 269.664
3111 269.664
3112 269.664
3113 269.664
3114 269.664
3115 269.664
3116 269.664
3117 269.664
3118 269.664
3119 269.664
3120 269.664
3121 269.664
3122 269.664
3123 269.664
3124 269.664
3125 269.664
3126 269.664
3127 269.664
3128 269.664
3129 269.664
3130 269.664
3131 269.664
3132 269.664
3133 269.664
3134 269.664
3135 269.664
3136 269.664
3137 269.664
3138 269.664
3139 269.664
3140 269.664
3141 269.664
3142 269.664
3143 269.664
3144 269.664
3145 269.664
3146 269.664
3147 269.664
3148 269.664
3149 269.664
3150 269.664
3151 269.664
3152 269.664
3153 269.664
3154 269.664
3155 269.664
3156 269.664
3157 269.664
3158 269.664
3159 269.664
3160 269.664
3161 269.664
3162 269.664
3163 269.664
3164 269.664
3165 269.664
3166 269.664
3167 269.664
3168 269.664
3169 269.664
3170 269.664
3171 269.664
3172 269.664
3173 269.664
3174 269.664
3175 269.664
3176 269.664
3177 269.664
3178 269.664
3179 269.664
3180 269.664
3181 269.664
3182 269.664
3183 269.664
3184 269.664
3185 269.664
3186 269.664
3187 269.664
3188 269.664
3189 269.664
3190 269.664
3191 269.664
3192 269.664
3193 269.664
3194 269.664
3195 269.664
3196 269.664
3197 269.664
3198 269.664
3199 269.664
3200 269.664
3201 269.664
3202 269.664
3203 269.664
3204 269.664
3205 269.664
3206 269.664
3207 269.664
3208 269.664
3209 269.664
3210 269.664
3211 269.664
3212 269.664
3213 269.664
3214 269.664
3215 269.664
3216 269.664
3217 269.664
3218 269.664
3219 269.664
3220 269.664
3221 269.664
3222 269.664
3223 269.664
3224 269.664
3225 269.664
3226 269.664
3227 269.664
3228 269.664
3229 269.664
3230 269.664
3231 269.664
3232 269.664
3233 269.664
3234 269.664
3235 269.664
3236 269.664
3237 269.664
3238 269.664
3239 269.664
3240 269.664
3241 269.664
3242 269.664
3243 269.664
3244 269.664
3245 269.664
3246 269.664
3247 269.664
3248 269.664
3249 269.664
3250 269.664
3251 269.664
3252 269.664
3253 269.664
3254 269.664
3255 269.664
3256 269.664
3257 269.664
3258 269.664
3259 269.664
3260 269.664
3261 269.664
3262 269.664
3263 277.910
3264 277.910
3265 277.910
3266 277.910
3267 277.910
3268 277.910
3269 277.910
3270 277.910
3271 277.910
3272 277.910
3273 277.910
3274 277.910
3275 277.910
3276 277.910
3277 277.910
3278 277.910
3279 277.910
3280 277.910
3281 277.910
3282 277.910
3283 277.910
3284 277.910
3285 277.910
3286 277.910
3287 277.910
3288 277.910
3289 277.910
3290 277.910
3291 277.910
3292 277.910
3293 277.910
3294 277.910
3295 277.910
3296 277.910
3297 277.910
3298 277.910
3299 277.910
3300 277.910
3301 277.910
3302 277.910
3303 277.910
3304 277.910
3305 277.910
3306 277.910
3307 277.910
3308 277.910
3309 277.910
3310 277.910
3311 277.910
3312 277.910
3313 277.910
3314 277.910
3315 282.854
3316 282.854
3317 282.854
3318 282.854
3319 282.854
3320 282.854
3321 282.854
3322 282.854
3323 282.854
3324 282.854
3325 282.854
3326 282.854
3327 282.854
3328 282.854
3329 282.854
3330 282.854
3331 282.854
3332 282.854
3333 282.854
3334 282.854
3335 282.854
3336 282.854
3337 282.854
3338 282.854
3339 282.854
3340 282.854
3341 282.854
3342 282.854
3343 282.854
3344 282.854
3345 282.854
3346 282.854
3347 282.854
3348 282.854
3349 282.854
3350 282.854
3351 282.854
3352 282.854
3353 282.854
3354 282.854
3355 282.854
3356 282.854
3357 282.854
3358 282.854
3359 282.854
3360 282.854
3361 282.854
3362 282.854
3363 282.854
3364 282.854
3365 282.854
3366 282.854
3367 282.854
3368 282.854
3369 282.854
3370 282.854
3371 282.854
3372 282.854
3373 282.854
3374 282.854
3375 282.854
3376 282.854
3377 282.854
3378 282.854
3379 282.854
3380 282.854
3381 282.854
3382 282.854
3383 282.854
3384 282.854
3385 282.854
3386 282.854
3387 282.854
3388 282.854
3389 282.854
3390 282.854
3391 282.854
3392 282.854
3393 282.854
3394 282.854
3395 282.854
3396 282.854
3397 282.854
3398 282.854
3399 282.854
3400 282.854
3401 282.854
3402 282.854
3403 282.854
3404 282.854
3405 282.854
3406 282.854
3407 282.854
3408 282.854
3409 282.854
3410 282.854
3411 282.854
3412 282.854
3413 282.854
3414 282.854
3415 282.854
3416 282.854
3417 282.854
3418 282.854
3419 282.854
3420 282.854
3421 282.854
3422 282.854
3423 282.854
3424 282.854
3425 282.854
3426 282.854
3427 282.854
3428 282.854
3429 282.854
3430 282.854
3431 282.854
3432 282.854
3433 282.854
3434 282.854
3435 282.854
3436 282.854
3437 282.854
3438 282.854
3439 282.854
3440 282.854
3441 282.854
3442 282.854
3443 282.854
3444 282.854
3445 282.854
3446 282.854
3447 282.854
3448 282.854
3449 282.854
3450 282.854
3451 282.854
3452 282.854
3453 282.854
3454 282.854
3455 282.854
3456 282.854
3457 282.854
3458 282.854
3459 282.854
3460 282.854
3461 282.854
3462 282.854
3463 282.854
3464 282.854
3465 282.854
3466 282.854
3467 282.854
3468 282.854
3469 282.854
3470 282.854
3471 282.854
3472 282.854
3473 282.854
3474 282.854
3475 282.854
3476 282.854
3477 282.854
3478 282.854
3479 282.854
3480 282.854
3481 282.854
3482 282.854
3483 282.854
3484 282.854
3485 282.854
3486 282.854
3487 282.854
3488 282.854
3489 282.854
3490 282.854
3491 282.854
3492 282.854
3493 282.854
3494 282.854
3495 282.854
3496 282.854
3497 282.854
3498 282.854
3499 282.854
3500 282.854
3501 282.854
3502 282.854
3503 282.854
3504 282.854
3505 282.854
3506 282.854
3507 282.854
3508 282.854
3509 282.854
3510 282.854
3511 282.854
3512 282.854
3513 282.854
3514 282.854
3515 282.854
3516 282.854
3517 282.854
3518 282.854
3519 282.854
3520 282.854
3521 282.854
3522 282.854
3523 282.854
3524 282.854
3525 282.854
3526 282.854
3527 282.854
3528 282.854
3529 282.854
3530 282.854
3531 282.854
3532 282.854
3533 282.854
3534 282.854
3535 282.854
3536 282.854
3537 282.854
3538 282.854
3539 282.854
3540 282.854
3541 282.854
3542 282.854
3543 282.854
3544 282.854
3545 282.854
3546 282.854
3547 282.854
3548 282.854
3549 282.854
3550 282.854
3551 282.854
3552 282.854
3553 282.854
3554 282.854
3555 282.854
3556 282.854
3557 282.854
3558 282.854
3559 282.854
3560 282.854
3561 282.854
3562 282.854
3563 282.854
3564 282.854
3565 282.854
3566 282.854
3567 282.854
3568 282.854
3569 282.854
3570 282.854
3571 282.854
3572 282.854
3573 282.854
3574 282.854
3575 282.854
3576 282.854
3577 282.854
3578 282.854
3579 282.854
3580 282.854
3581 282.854
3582 282.854
3583 282.854
3584 282.854
3585 282.854
3586 282.854
3587 282.854
3588 282.854
3589 282.854
3590 282.854
3591 282.854
3592 282.854
3593 282.854
3594 282.854
3595 282.854
3596 282.854
3597 282.854
3598 282.854
3599 282.854
3600 282.854
3601 282.854
3602 282.854
3603 282.854
3604 282.854
3605 282.854
3606 282.854
3607 282.854
3608 282.854
3609 282.854
3610 282.854
3611 282.854
3612 282.854
3613 282.854
3614 282.854
3615 282.854
3616 282.854
3617 282.854
3618 282.854
3619 282.854
3620 282.854
3621 282.854
3622 282.854
3623 282.854
3624 282.854
3625 282.854
3626 282.854
3627 282.854
3628 282.854
3629 282.854
3630 282.854
3631 282.854
3632 282.854
3633 282.854
3634 282.854
3635 282.854
3636 282.854
3637 282.854
3638 282.854
3639 282.854
3640 282.854
3641 282.854
3642 282.854
3643 282.854
3644 282.854
3645 282.854
3646 282.854
3647 282.854
3648 282.854
3649 282.854
3650 298.896
3651 298.896
3652 298.896
3653 298.896
3654 298.896
3655 298.896
3656 298.896
3657 298.896
3658 298.896
3659 298.896
3660 298.896
3661 298.896
3662 298.896
3663 298.896
3664 298.896
3665 298.896
3666 298.896
3667 298.896
3668 298.896
3669 298.896
3670 298.896
3671 298.896
3672 298.896
3673 298.896
3674 298.896
3675 298.896
3676 298.896
3677 298.896
3678 298.896
3679 298.896
3680 298.896
3681 298.896
3682 298.896
3683 298.896
3684 298.896
3685 298.896
3686 298.896
3687 298.896
3688 298.896
3689 298.896
3690 298.896
3691 298.896
3692 298.896
3693 298.896
3694 298.896
3695 298.896
3696 298.896
3697 298.896
3698 298.896
3699 298.896
3700 298.896
3701 298.896
3702 298.896
3703 298.896
3704 298.896
3705 298.896
3706 298.896
3707 298.896
3708 298.896
3709 298.896
3710 294.827
3711 294.827
3712 294.827
3713 294.827
3714 294.827
3715 294.827
3716 294.827
3717 294.827
3718 294.827
3719 294.827
3720 294.827
3721 294.827
3722 294.827
3723 294.827
3724 294.827
3725 294.827
3726 294.827
3727 294.827
3728 294.827
3729 294.827
3730 294.827
3731 294.827
3732 294.827
3733 294.827
3734 294.827
3735 294.827
3736 294.827
3737 294.827
3738 294.827
3739 294.827
3740 294.827
3741 294.827
3742 294.827
3743 294.827
3744 294.827
3745 294.827
3746 294.827
3747 294.827
3748 294.827
3749 294.827
3750 294.827
3751 294.827
3752 294.827
3753 294.827
3754 294.827
3755 294.827
3756 294.827
3757 294.827
3758 294.827
3759 294.827
3760 294.827
3761 294.827
3762 294.827
3763 294.827
3764 294.827
3765 294.827
3766 294.827
3767 294.827
3768 294.827
3769 294.827
3770 294.827
3771 294.827
3772 294.827
3773 294.827
3774 294.827
3775 294.827
3776 294.827
3777 294.827
3778 294.827
3779 294.827
3780 294.827
3781 294.827
3782 294.827
3783 294.827
3784 294.827
3785 294.827
3786 294.827
3787 294.827
3788 294.827
3789 294.827
3790 294.827
3791 294.827
3792 294.827
3793 294.827
3794 294.827
3795 294.827
3796 294.827
3797 294.827
3798 294.827
3799 294.827
3800 294.827
3801 294.827
3802 294.827
3803 294.827
3804 294.827
3805 294.827
3806 294.827
3807 294.827
3808 294.827
3809 294.827
3810 294.827
3811 305.287
3812 305.287
3813 305.287
3814 305.287
3815 305.287
3816 305.287
3817 305.287
3818 305.287
3819 305.287
3820 305.287
3821 305.287
3822 305.287
3823 305.287
3824 305.287
3825 305.287
3826 305.287
3827 305.287
3828 305.287
3829 305.287
3830 305.287
3831 305.287
3832 305.287
3833 305.287
3834 305.287
3835 305.287
3836 305.287
3837 305.287
3838 305.287
3839 305.287
3840 305.287
3841 305.287
3842 305.287
3843 305.287
3844 305.287
3845 305.287
3846 305.287
3847 305.287
3848 305.287
3849 305.287
3850 305.287
3851 305.287
3852 305.287
3853 305.287
3854 305.287
3855 305.287
3856 305.287
3857 305.287
3858 305.287
3859 305.287
3860 305.287
3861 305.287
3862 305.287
3863 305.287
3864 305.287
3865 305.287
3866 305.287
3867 305.287
3868 305.287
3869 305.287
3870 305.287
3871 305.287
3872 305.287
3873 305.287
3874 305.287
3875 305.287
3876 305.287
3877 305.287
3878 305.287
3879 305.287
3880 305.287
3881 305.287
3882 305.287
3883 305.287
3884 305.287
3885 305.287
3886 305.287
3887 305.287
3888 305.287
3889 305.287
3890 305.287
3891 305.287
3892 305.287
3893 305.287
3894 305.287
3895 305.287
3896 305.287
3897 305.287
3898 305.287
3899 305.287
3900 305.287
3901 305.287
3902 305.287
3903 305.287
3904 305.287
3905 305.287
3906 305.287
3907 305.287
3908 305.287
3909 305.287
3910 305.287
3911 305.287
3912 305.287
3913 305.287
3914 305.287
3915 305.287
3916 305.287
3917 305.287
3918 305.287
3919 305.287
3920 305.287
3921 305.287
3922 305.287
3923 305.287
3924 305.287
3925 305.287
3926 305.287
3927 305.287
3928 305.287
3929 305.287
3930 305.287
3931 305.287
3932 305.287
3933 305.287
3934 305.287
3935 305.287
3936 305.287
3937 305.287
3938 305.287
3939 305.287
3940 305.287
3941 305.287
3942 305.287
3943 305.287
3944 305.287
3945 305.287
3946 305.287
3947 305.287
3948 305.287
3949 305.287
3950 305.287
3951 305.287
3952 305.287
3953 305.287
3954 305.287
3955 305.287
3956 305.287
3957 305.287
3958 305.287
3959 305.287
3960 305.287
3961 305.287
3962 305.287
3963 305.287
3964 305.287
3965 305.287
3966 305.287
3967 305.287
3968 305.287
3969 305.287
3970 305.287
3971 305.287
3972 305.287
3973 305.287
3974 305.287
3975 305.287
3976 305.287
3977 305.287
3978 305.287
3979 305.287
3980 305.287
3981 305.287
3982 305.287
3983 305.287
3984 305.287
3985 305.287
3986 305.287
3987 305.287
3988 305.287
3989 305.287
3990 305.287
3991 305.287
3992 305.287
3993 305.287
3994 305.287
3995 305.287
3996 305.287
3997 305.287
3998 305.287
3999 305.287
4000 305.287
4001 305.287
4002 305.287
4003 305.287
4004 305.287
4005 305.287
4006 305.287
4007 305.287
4008 305.287
4009 305.287
4010 305.287
4011 305.287
4012 305.287
4013 305.287
4014 305.287
4015 305.287
4016 305.287
4017 305.287
4018 305.287
4019 305.287
4020 305.287
4021 305.287
4022 305.287
4023 305.287
4024 305.287
4025 305.287
4026 305.287
4027 305.287
4028 305.287
4029 305.287
4030 305.287
4031 305.287
4032 305.287
4033 305.287
4034 305.287
4035 305.287
4036 305.287
4037 305.287
4038 305.287
4039 305.287
4040 305.287
4041 305.287
4042 305.287
4043 305.287
4044 305.287
4045 305.287
4046 305.287
4047 305.287
4048 305.287
4049 305.287
4050 305.287
4051 305.287
4052 305.287
4053 305.287
4054 305.287
4055 305.287
4056 305.287
4057 305.287
4058 305.287
4059 305.287
4060 305.287
4061 305.287
4062 305.287
4063 305.287
4064 305.287
4065 305.287
4066 305.287
4067 305.287
4068 305.287
4069 305.287
4070 305.287
4071 305.287
4072 305.287
4073 305.287
4074 305.287
4075 305.287
4076 305.287
4077 305.287
4078 305.287
4079 305.287
4080 305.287
4081 305.287
4082 305.287
4083 305.287
4084 305.287
4085 305.287
4086 305.287
4087 305.287
4088 305.287
4089 305.287
4090 305.287
4091 305.287
4092 312.832
4093 312.832
4094 312.832
4095 312.832
4096 312.832
4097 312.832
4098 312.832
4099 312.832
4100 312.832
4101 312.832
4102 312.832
4103 312.832
4104 312.832
4105 312.832
4106 312.832
4107 312.832
4108 312.832
4109 312.832
4110 312.832
4111 312.832
4112 312.832
4113 312.832
4114 312.832
4115 312.832
4116 312.832
4117 312.832
4118 312.832
4119 312.832
4120 312.832
4121 312.832
4122 312.832
4123 312.832
4124 312.832
4125 312.832
4126 312.832
4127 312.832
4128 312.832
4129 312.832
4130 312.832
4131 312.832
4132 312.832
4133 312.832
4134 312.832
4135 312.832
4136 312.832
4137 312.832
4138 312.832
4139 312.832
4140 312.832
4141 312.832
4142 312.832
4143 312.832
4144 312.832
4145 312.832
4146 312.832
4147 312.832
4148 312.832
4149 312.832
4150 312.832
4151 312.832
4152 312.832
4153 312.832
4154 312.832
4155 312.832
4156 312.832
4157 312.832
4158 312.832
4159 312.832
4160 312.832
4161 312.832
4162 312.832
4163 312.832
4164 312.832
4165 312.832
4166 312.832
4167 312.832
4168 312.832
4169 312.832
4170 312.832
4171 312.832
4172 312.832
4173 312.832
4174 312.832
4175 312.832
4176 312.832
4177 312.832
4178 312.832
4179 312.832
4180 312.832
4181 312.832
4182 312.832
4183 312.832
4184 312.832
4185 312.832
4186 312.832
4187 312.832
4188 312.832
4189 312.832
4190 312.832
4191 312.832
4192 312.832
4193 312.832
4194 312.832
4195 312.832
4196 312.832
4197 312.832
4198 312.832
4199 312.832
4200 312.832
4201 312.832
4202 312.832
4203 312.832
4204 312.832
4205 312.832
4206 312.832
4207 312.832
4208 312.832
4209 312.832
4210 312.832
4211 312.832
4212 312.832
4213 312.832
4214 312.832
4215 312.832
4216 312.832
4217 312.832
4218 312.832
4219 312.832
4220 312.832
4221 312.832
4222 312.832
4223 312.832
4224 312.832
4225 312.832
4226 312.832
4227 312.832
4228 312.832
4229 312.832
4230 312.832
4231 312.832
4232 312.832
4233 312.832
4234 312.832
4235 312.832
4236 312.832
4237 312.832
4238 312.832
4239 312.832
4240 312.832
4241 312.832
4242 312.832
4243 312.832
4244 312.832
4245 312.832
4246 312.832
4247 312.832
4248 312.832
4249 312.832
4250 312.832
4251 312.832
4252 312.832
4253 312.832
4254 312.832
4255 312.832
4256 312.832
4257 312.832
4258 312.832
4259 312.832
4260 312.832
4261 312.832
4262 312.832
4263 312.832
4264 312.832
4265 312.832
4266 327.970
4267 327.970
4268 327.970
4269 327.970
4270 327.970
4271 327.970
4272 327.970
4273 327.970
4274 327.970
4275 327.970
4276 327.970
4277 327.970
4278 327.970
4279 327.970
4280 327.970
4281 327.970
4282 327.970
4283 327.970
4284 327.970
4285 327.970
4286 327.970
4287 327.970
4288 327.970
4289 327.970
4290 327.970
4291 327.970
4292 327.970
4293 327.970
4294 327.970
4295 327.970
4296 327.970
4297 327.970
4298 327.970
4299 327.970
4300 327.970
4301 327.970
4302 327.970
4303 327.970
4304 327.970
4305 327.970
4306 327.970
4307 327.970
4308 327.970
4309 327.970
4310 327.970
4311 327.970
4312 327.970
4313 327.970
4314 327.970
4315 327.970
4316 327.970
4317 327.970
4318 327.970
4319 327.970
4320 327.970
4321 327.970
4322 327.970
4323 327.970
4324 327.970
4325 327.970
4326 327.970
4327 327.970
4328 327.970
4329 327.970
4330 327.970
4331 327.970
4332 327.970
4333 327.970
4334 327.970
4335 327.970
4336 327.970
4337 327.970
4338 327.970
4339 327.970
4340 327.970
4341 327.970
4342 327.970
4343 327.970
4344 327.970
4345 327.970
4346 327.970
4347 327.970
4348 327.970
4349 327.970
4350 327.970
4351 327.970
4352 327.970
4353 327.970
4354 327.970
4355 327.970
4356 327.970
4357 327.970
4358 327.970
4359 327.970
4360 327.970
4361 327.970
4362 327.970
4363 327.970
4364 327.970
4365 327.970
4366 327.970
4367 327.970
4368 327.970
4369 327.970
4370 327.970
4371 327.970
4372 327.970
4373 327.970
4374 327.970
4375 327.970
4376 327.970
4377 327.970
4378 327.970
4379 327.970
4380 327.970
4381 327.970
4382 327.970
4383 327.970
4384 327.970
4385 327.970
4386 327.970
4387 327.970
4388 327.970
4389 327.970
4390 327.970
4391 327.970
4392 327.970
4393 327.970
4394 327.970
4395 327.970
4396 327.970
4397 327.970
4398 327.970
4399 327.970
4400 327.970
4401 327.970
4402 327.970
4403 327.970
4404 327.970
4405 327.970
4406 327.970
4407 327.970
4408 327.970
4409 327.970
4410 327.970
4411 327.970
4412 327.970
4413 327.970
4414 327.970
4415 327.970
4416 327.970
4417 327.970
4418 327.970
4419 327.970
4420 327.970
4421 327.970
4422 327.970
4423 327.970
4424 327.970
4425 327.970
4426 327.970
4427 327.970
4428 327.970
4429 327.970
4430 327.970
4431 327.970
4432 327.970
4433 327.970
4434 327.970
4435 327.970
4436 327.970
4437 327.970
4438 327.970
4439 327.970
4440 327.970
4441 327.970
4442 327.970
4443 327.970
4444 327.970
4445 327.970
4446 327.970
4447 327.970
4448 327.970
4449 327.970
4450 327.970
4451 327.970
4452 327.970
4453 327.970
4454 327.970
4455 327.970
4456 327.970
4457 327.970
4458 327.970
4459 327.970
4460 348.377
4461 348.377
4462 348.377
4463 348.377
4464 348.377
4465 348.377
4466 348.377
4467 348.377
4468 348.377
4469 348.377
4470 348.377
4471 348.377
4472 348.377
4473 348.377
4474 348.377
4475 348.377
4476 348.377
4477 348.377
4478 348.377
4479 348.377
4480 348.377
4481 348.377
4482 348.377
4483 348.377
4484 348.377
4485 348.377
4486 348.377
4487 348.377
4488 348.377
4489 348.377
4490 348.377
4491 348.377
4492 348.377
4493 348.377
4494 348.377
4495 348.377
4496 348.377
4497 348.377
4498 348.377
4499 348.377
4500 348.377
4501 348.377
4502 348.377
4503 348.377
4504 348.377
4505 348.377
4506 348.377
4507 348.377
4508 348.377
4509 348.377
4510 348.377
4511 348.377
4512 348.377
4513 348.377
4514 348.377
4515 348.377
4516 348.377
4517 348.377
4518 348.377
4519 348.377
4520 348.377
4521 348.377
4522 348.377
4523 348.377
4524 348.377
4525 348.377
4526 348.377
4527 348.377
4528 348.377
4529 348.377
4530 348.377
4531 348.377
4532 348.377
4533 348.377
4534 348.377
4535 348.377
4536 348.377
4537 348.377
4538 348.377
4539 348.377
4540 348.377
4541 348.377
4542 348.377
4543 348.377
4544 348.377
4545 348.377
4546 348.377
4547 348.377
4548 348.377
4549 348.377
4550 348.377
4551 348.377
4552 348.377
4553 348.377
4554 348.377
4555 348.377
4556 348.377
4557 348.377
4558 348.377
4559 348.377
4560 348.377
4561 348.377
4562 348.377
4563 348.377
4564 348.377
4565 348.377
4566 348.377
4567 348.377
4568 348.377
4569 348.377
4570 348.377
4571 348.377
4572 348.377
4573 348.377
4574 348.377
4575 348.377
4576 348.377
4577 348.377
4578 348.377
4579 348.377
4580 348.377
4581 348.377
4582 348.377
4583 348.377
4584 348.377
4585 348.377
4586 348.377
4587 348.377
4588 348.377
4589 348.377
4590 348.377
4591 348.377
4592 348.377
4593 348.377
4594 348.377
4595 348.377
4596 348.377
4597 348.377
4598 348.377
4599 348.377
4600 348.377
4601 348.377
4602 348.377
4603 348.377
4604 348.377
4605 348.377
4606 348.377
4607 348.377
4608 348.377
4609 348.377
4610 348.377
4611 348.377
4612 348.377
4613 348.377
4614 348.377
4615 348.377
4616 348.377
4617 348.377
4618 348.377
4619 348.377
4620 348.377
4621 348.377
4622 348.377
4623 348.377
4624 348.377
4625 348.377
4626 348.377
4627 348.377
4628 348.377
4629 348.377
4630 348.377
4631 348.377
4632 348.377
4633 348.377
4634 348.377
4635 348.377
4636 348.377
4637 348.377
4638 348.377
4639 348.377
4640 348.377
4641 348.377
4642 348.377
4643 348.377
4644 348.377
4645 348.377
4646 348.377
4647 348.377
4648 348.377
4649 348.377
4650 348.377
4651 348.377
4652 348.377
4653 348.377
4654 348.377
4655 348.377
4656 348.377
4657 348.377
4658 348.377
4659 348.377
4660 348.377
4661 348.377
4662 348.377
4663 348.377
4664 348.377
4665 348.377
4666 348.377
4667 348.377
4668 348.377
4669 348.377
4670 348.377
4671 348.377
4672 348.377
4673 348.377
4674 348.377
4675 348.377
4676 348.377
4677 348.377
4678 348.377
4679 348.377
4680 348.377
4681 348.377
4682 348.377
4683 348.377
4684 348.377
4685 348.377
4686 348.377
4687 348.377
4688 348.377
4689 348.377
4690 348.377
4691 348.377
4692 348.377
4693 348.377
4694 348.377
4695 348.377
4696 348.377
4697 348.377
4698 348.377
4699 348.377
4700 348.377
4701 348.377
4702 348.377
4703 348.377
4704 348.377
4705 348.377
4706 348.377
4707 348.377
4708 348.377
4709 348.377
4710 348.377
4711 348.377
4712 348.377
4713 348.377
4714 348.377
4715 348.377
4716 348.377
4717 348.377
4718 348.377
4719 348.377
4720 348.377
4721 348.377
4722 348.377
4723 348.377
4724 348.377
4725 348.377
4726 348.377
4727 348.377
4728 348.377
4729 348.377
4730 348.377
4731 348.377
4732 348.377
4733 348.377
4734 348.377
4735 348.377
4736 348.377
4737 348.377
4738 348.377
4739 348.377
4740 348.377
4741 348.377
4742 348.377
4743 348.377
4744 348.377
4745 348.377
4746 348.377
4747 348.377
4748 348.377
4749 348.377
4750 348.377
4751 348.377
4752 348.377
4753 348.377
4754 348.377
4755 348.377
4756 348.377
4757 348.377
4758 348.377
4759 348.377
4760 348.377
4761 348.377
4762 348.377
4763 348.377
4764 348.377
4765 348.377
4766 348.377
4767 348.377
4768 348.377
4769 348.377
4770 348.377
4771 348.377
4772 348.377
4773 358.973
4774 358.973
4775 358.973
4776 358.973
4777 358.973
4778 358.973
4779 358.973
4780 358.973
4781 358.973
4782 358.973
4783 358.973
4784 358.973
4785 358.973
4786 358.973
4787 358.973
4788 358.973
4789 358.973
4790 358.973
4791 358.973
4792 358.973
4793 358.973
4794 358.973
4795 358.973
4796 358.973
4797 358.973
4798 358.973
4799 358.973
4800 358.973
4801 358.973
4802 358.973
4803 358.973
4804 358.973
4805 358.973
4806 358.973
4807 358.973
4808 358.973
4809 358.973
4810 358.973
4811 358.973
4812 358.973
4813 358.973
4814 358.973
4815 358.973
4816 358.973
4817 358.973
4818 358.973
4819 358.973
4820 358.973
4821 358.973
4822 358.973
4823 358.973
4824 358.973
4825 358.973
4826 358.973
4827 358.973
4828 358.973
4829 358.973
4830 358.973
4831 358.973
4832 358.973
4833 358.973
4834 358.973
4835 358.973
4836 358.973
4837 358.973
4838 358.973
4839 358.973
4840 358.973
4841 358.973
4842 358.973
4843 358.973
4844 358.973
4845 358.973
4846 358.973
4847 358.973
4848 358.973
4849 358.973
4850 358.973
4851 358.973
4852 358.973
4853 358.973
4854 358.973
4855 358.973
4856 358.973
4857 358.973
4858 358.973
4859 358.973
4860 358.973
4861 358.973
4862 358.973
4863 358.973
4864 358.973
4865 358.973
4866 358.973
4867 358.973
4868 358.973
4869 358.973
4870 358.973
4871 358.973
4872 358.973
4873 358.973
4874 358.973
4875 358.973
4876 358.973
4877 358.973
4878 358.973
4879 358.973
4880 358.973
4881 358.973
4882 358.973
4883 358.973
4884 358.973
4885 358.973
4886 358.973
4887 358.973
4888 358.973
4889 358.973
4890 358.973
4891 358.973
4892 358.973
4893 358.973
4894 358.973
4895 358.973
4896 358.973
4897 358.973
4898 358.973
4899 358.973
4900 358.973
4901 358.973
4902 358.973
4903 358.973
4904 358.973
4905 358.973
4906 358.973
4907 358.973
4908 358.973
4909 358.973
4910 358.973
4911 358.973
4912 358.973
4913 358.973
4914 358.973
4915 358.973
4916 358.973
4917 358.973
4918 358.973
4919 358.973
4920 358.973
4921 358.973
4922 358.973
4923 358.973
4924 358.973
4925 358.973
4926 358.973
4927 358.973
4928 358.973
4929 358.973
4930 358.973
4931 358.973
4932 358.973
4933 358.973
4934 358.973
4935 358.973
4936 358.973
4937 358.973
4938 358.973
4939 358.973
4940 358.973
4941 358.973
4942 358.973
4943 358.973
4944 358.973
4945 358.973
4946 358.973
4947 358.973
4948 358.973
4949 358.973
4950 358.973
4951 358.973
4952 358.973
4953 358.973
4954 358.973
4955 358.973
4956 358.973
4957 358.973
4958 358.973
4959 358.973
4960 358.973
4961 358.973
4962 358.973
4963 358.973
4964 358.973
4965 358.973
4966 358.973
4967 358.973
4968 358.973
4969 358.973
4970 358.973
4971 358.973
4972 358.973
4973 358.973
4974 358.973
4975 358.973
4976 358.973
4977 358.973
4978 358.973
4979 358.973
4980 358.973
4981 358.973
4982 358.973
4983 358.973
4984 358.973
4985 358.973
4986 358.973
4987 358.973
4988 358.973
4989 358.973
4990 358.973
4991 358.973
4992 358.973
4993 358.973
4994 358.973
4995 358.973
4996 358.973
4997 358.973
4998 358.973
4999 358.973
5000 358.973
5001 358.973
5002 358.973
5003 358.973
5004 358.973
5005 358.973
5006 358.973
5007 358.973
5008 358.973
5009 358.973
5010 358.973
5011 377.936
5012 377.936
5013 377.936
5014 377.936
5015 377.936
5016 377.936
5017 377.936
5018 377.936
5019 377.936
5020 377.936
5021 377.936
5022 377.936
5023 377.936
5024 377.936
5025 377.936
5026 377.936
5027 377.936
5028 377.936
5029 377.936
5030 377.936
5031 377.936
5032 377.936
5033 377.936
5034 377.936
5035 377.936
5036 377.936
5037 377.936
5038 377.936
5039 377.936
5040 377.936
5041 377.936
5042 377.936
5043 377.936
5044 377.936
5045 377.936
5046 377.936
5047 377.936
5048 377.936
5049 377.936
5050 377.936
5051 377.936
5052 377.936
5053 377.936
5054 377.936
5055 377.936
5056 377.936
5057 377.936
5058 377.936
5059 377.936
5060 377.936
5061 377.936
5062 377.936
5063 377.936
5064 377.936
5065 377.936
5066 377.936
5067 377.936
5068 377.936
5069 377.936
5070 377.936
5071 377.936
5072 377.936
5073 377.936
5074 377.936
5075 377.936
5076 377.936
5077 377.936
5078 377.936
5079 377.936
5080 377.936
5081 377.936
5082 377.936
5083 377.936
5084 377.936
5085 377.936
5086 377.936
5087 377.936
5088 377.936
5089 377.936
5090 377.936
5091 377.936
5092 377.936
5093 377.936
5094 377.936
5095 377.936
5096 377.936
5097 377.936
5098 377.936
5099 377.936
5100 377.936
5101 377.936
5102 377.936
5103 377.936
5104 377.936
5105 377.936
5106 377.936
5107 377.936
5108 377.936
5109 377.936
5110 377.936
5111 377.936
5112 377.936
5113 377.936
5114 377.936
5115 377.936
5116 377.936
5117 377.936
5118 377.936
5119 377.936
5120 377.936
5121 377.936
5122 377.936
5123 377.936
5124 377.936
5125 377.936
5126 377.936
5127 377.936
5128 377.936
5129 377.936
5130 377.936
5131 377.936
5132 377.936
5133 377.936
5134 377.936
5135 377.936
5136 377.936
5137 377.936
5138 377.936
5139 377.936
5140 377.936
5141 377.936
5142 389.655
5143 389.655
5144 389.655
5145 389.655
5146 389.655
5147 389.655
5148 389.655
5149 389.655
5150 389.655
5151 389.655
5152 389.655
5153 389.655
5154 389.655
5155 389.655
5156 389.655
5157 389.655
5158 389.655
5159 389.655
5160 389.655
5161 389.655
5162 389.655
5163 389.655
5164 389.655
5165 389.655
5166 389.655
5167 389.655
5168 389.655
5169 389.655
5170 389.655
5171 389.655
5172 389.655
5173 389.655
5174 389.655
5175 389.655
5176 389.655
5177 389.655
5178 389.655
5179 389.655
5180 389.655
5181 389.655
5182 389.655
5183 389.655
5184 389.655
5185 389.655
5186 389.655
5187 389.655
5188 389.655
5189 389.655
5190 389.655
5191 389.655
5192 389.655
5193 389.655
5194 389.655
5195 389.655
5196 389.655
5197 389.655
5198 389.655
5199 389.655
5200 389.655
5201 389.655
5202 389.655
5203 389.655
5204 389.655
5205 389.655
5206 389.655
5207 389.655
5208 389.655
5209 389.655
5210 389.655
5211 389.655
5212 389.655
5213 389.655
5214 389.655
5215 389.655
5216 389.655
5217 389.655
5218 389.655
5219 389.655
5220 389.655
5221 389.655
5222 389.655
5223 389.655
5224 389.655
5225 389.655
5226 389.655
5227 389.655
5228 389.655
5229 389.655
5230 389.655
5231 389.655
5232 389.655
5233 389.655
5234 389.655
5235 389.655
5236 389.655
5237 389.655
5238 389.655
5239 389.655
5240 389.655
5241 389.655
5242 389.655
5243 389.655
5244 389.655
5245 389.655
5246 389.655
5247 389.655
5248 389.655
5249 389.655
5250 389.655
5251 389.655
5252 389.655
5253 389.655
5254 389.655
5255 389.655
5256 389.655
5257 389.655
5258 389.655
5259 389.655
5260 389.655
5261 389.655
5262 389.655
5263 389.655
5264 389.655
5265 389.655
5266 389.655
5267 389.655
5268 389.655
5269 389.655
5270 389.655
5271 389.655
5272 389.655
5273 389.655
5274 389.655
5275 389.655
5276 389.655
5277 389.655
5278 389.655
5279 389.655
5280 389.655
5281 389.655
5282 389.655
5283 389.655
5284 389.655
5285 389.655
5286 389.655
5287 389.655
5288 389.655
5289 389.655
5290 389.655
5291 389.655
5292 389.655
5293 389.655
5294 389.655
5295 389.655
5296 389.655
5297 389.655
5298 389.655
5299 389.655
5300 389.655
5301 389.655
5302 389.655
5303 389.655
5304 389.655
5305 389.655
5306 389.655
5307 389.655
5308 389.655
5309 389.655
5310 389.655
5311 389.655
5312 389.655
5313 389.655
5314 389.655
5315 389.655
5316 389.655
5317 389.655
5318 389.655
5319 389.655
5320 389.655
5321 389.655
5322 389.655
5323 389.655
5324 389.655
5325 389.655
5326 389.655
5327 389.655
5328 389.655
5329 389.655
5330 389.655
5331 389.655
5332 389.655
5333 389.655
5334 389.655
5335 389.655
5336 389.655
5337 389.655
5338 389.655
5339 389.655
5340 389.655
5341 389.655
5342 389.655
5343 389.655
5344 389.655
5345 389.655
5346 389.655
5347 389.655
5348 389.655
5349 389.655
5350 389.655
5351 389.655
5352 389.655
5353 389.655
5354 389.655
5355 389.655
5356 389.655
5357 389.655
5358 389.655
5359 389.655
5360 389.655
5361 389.655
5362 389.655
5363 389.655
5364 389.655
5365 389.655
5366 389.655
5367 389.655
5368 389.655
5369 389.655
5370 389.655
5371 389.655
5372 389.655
5373 389.655
5374 389.655
5375 389.655
5376 389.655
5377 389.655
5378 389.655
5379 389.655
5380 389.655
5381 389.655
5382 389.655
5383 389.655
5384 389.655
5385 389.655
5386 389.655
5387 389.655
5388 389.655
5389 389.655
5390 389.655
5391 389.655
5392 389.655
5393 389.655
5394 389.655
5395 389.655
5396 389.655
5397 389.655
5398 389.655
5399 389.655
5400 389.655
5401 389.655
5402 389.655
5403 389.655
5404 389.655
5405 389.655
5406 389.655
5407 389.655
5408 389.655
5409 389.655
5410 389.655
5411 389.655
5412 389.655
5413 389.655
5414 389.655
5415 389.655
5416 389.655
5417 389.655
5418 389.655
5419 389.655
5420 389.655
5421 389.655
5422 389.655
5423 389.655
5424 389.655
5425 389.655
5426 389.655
5427 389.655
5428 389.655
5429 389.655
5430 389.655
5431 389.655
5432 389.655
5433 389.655
5434 389.655
5435 389.655
5436 389.655
5437 389.655
5438 389.655
5439 389.655
5440 389.655
5441 389.655
5442 389.655
5443 389.655
5444 389.655
5445 389.655
5446 389.655
5447 389.655
5448 389.655
5449 389.655
5450 389.655
5451 389.655
5452 389.655
5453 389.655
5454 389.655
5455 389.655
5456 389.655
5457 389.655
5458 389.655
5459 389.655
5460 389.655
5461 389.655
5462 389.655
5463 389.655
5464 389.655
5465 389.655
5466 389.655
5467 389.655
5468 389.655
5469 389.655
5470 389.655
5471 389.655
5472 389.655
5473 389.655
5474 389.655
5475 389.655
5476 389.655
5477 389.655
5478 389.655
5479 389.655
5480 389.655
5481 389.655
5482 389.655
5483 389.655
5484 389.655
5485 389.655
5486 389.655
5487 389.655
5488 389.655
5489 389.655
5490 389.655
5491 389.655
5492 389.655
5493 389.655
5494 389.655
5495 389.655
5496 389.655
5497 389.655
5498 389.655
5499 389.655
5500 389.655
5501 389.655
5502 389.655
5503 389.655
5504 389.655
5505 389.655
5506 389.655
5507 389.655
5508 389.655
5509 389.655
5510 389.655
5511 389.655
5512 389.655
5513 389.655
5514 389.655
5515 389.655
5516 389.655
5517 389.655
5518 389.655
5519 389.655
5520 389.655
5521 389.655
5522 389.655
5523 389.655
5524 389.655
5525 389.655
5526 389.655
5527 389.655
5528 389.655
5529 389.655
5530 389.655
5531 389.655
5532 389.655
5533 389.655
5534 389.655
5535 389.655
5536 389.655
5537 389.655
5538 389.655
5539 389.655
5540 389.655
5541 389.655
5542 389.655
5543 389.655
5544 389.655
5545 389.655
5546 389.655
5547 389.655
5548 389.655
5549 389.655
5550 389.655
5551 389.655
5552 389.655
5553 389.655
5554 389.655
5555 389.655
5556 389.655
5557 389.655
5558 389.655
5559 389.655
5560 389.655
5561 389.655
5562 389.655
5563 389.655
5564 389.655
5565 389.655
5566 389.655
5567 389.655
5568 389.655
5569 389.655
5570 389.655
5571 389.655
5572 389.655
5573 389.655
5574 389.655
5575 389.655
5576 389.655
5577 389.655
5578 389.655
5579 389.655
5580 389.655
5581 389.655
5582 389.655
5583 389.655
5584 389.655
5585 389.655
5586 389.655
5587 389.655
5588 389.655
5589 389.655
5590 389.655
5591 389.655
5592 389.655
5593 389.655
5594 389.655
5595 389.655
5596 389.655
5597 389.655
5598 389.655
5599 389.655
5600 389.655
5601 389.655
5602 389.655
5603 389.655
5604 389.655
5605 389.655
5606 389.655
5607 389.655
5608 389.655
5609 389.655
5610 389.655
5611 389.655
5612 389.655
5613 389.655
5614 389.655
5615 389.655
5616 389.655
5617 389.655
5618 389.655
5619 389.655
5620 389.655
5621 389.655
5622 389.655
5623 389.655
5624 389.655
5625 389.655
5626 389.655
5627 389.655
5628 389.655
5629 389.655
5630 389.655
5631 389.655
5632 389.655
5633 389.655
5634 389.655
5635 389.655
5636 389.655
5637 389.655
5638 389.655
5639 389.655
5640 389.655
5641 389.655
5642 389.655
5643 389.655
5644 389.655
5645 389.655
5646 389.655
5647 389.655
5648 389.655
5649 389.655
5650 389.655
5651 389.655
5652 389.655
5653 389.655
5654 389.655
5655 389.655
5656 389.655
5657 389.655
5658 389.655
5659 389.655
5660 389.655
5661 389.655
5662 389.655
5663 389.655
5664 389.655
5665 389.655
5666 389.655
5667 389.655
5668 389.655
5669 389.655
5670 389.655
5671 389.655
5672 389.655
5673 389.655
5674 389.655
5675 389.655
5676 389.655
5677 389.655
5678 389.655
5679 389.655
5680 389.655
5681 389.655
5682 389.655
5683 389.655
5684 389.655
5685 389.655
5686 389.655
5687 389.655
5688 389.655
5689 389.655
5690 389.655
5691 389.655
5692 389.655
5693 389.655
5694 389.655
5695 389.655
5696 389.655
5697 389.655
5698 389.655
5699 389.655
5700 389.655
5701 389.655
5702 389.655
5703 389.655
5704 389.655
5705 389.655
5706 389.655
5707 389.655
5708 389.655
5709 389.655
5710 389.655
5711 389.655
5712 389.655
5713 389.655
5714 389.655
5715 389.655
5716 389.655
5717 389.655
5718 389.655
5719 389.655
5720 389.655
5721 389.655
5722 389.655
5723 389.655
5724 389.655
5725 389.655
5726 389.655
5727 389.655
5728 404.829
5729 404.829
5730 404.829
5731 404.829
5732 404.829
5733 404.829
5734 404.829
5735 404.829
5736 404.829
5737 404.829
5738 404.829
5739 404.829
5740 404.829
5741 404.829
5742 404.829
5743 404.829
5744 404.829
5745 404.829
5746 404.829
5747 404.829
5748 404.829
5749 404.829
5750 404.829
5751 404.829
5752 404.829
5753 404.829
5754 404.829
5755 404.829
5756 404.829
5757 404.829
5758 404.829
5759 404.829
5760 404.829
5761 404.829
5762 404.829
5763 404.829
5764 404.829
5765 404.829
5766 404.829
5767 404.829
5768 404.829
5769 404.829
5770 404.829
5771 404.829
5772 404.829
5773 404.829
5774 404.829
5775 404.829
5776 404.829
5777 404.829
5778 404.829
5779 404.829
5780 404.829
5781 404.829
5782 404.829
5783 404.829
5784 404.829
5785 404.829
5786 404.829
5787 404.829
5788 404.829
5789 404.829
5790 404.829
5791 404.829
5792 404.829
5793 404.829
5794 404.829
5795 404.829
5796 404.829
5797 404.829
5798 404.829
5799 404.829
5800 404.829
5801 404.829
5802 404.829
5803 404.829
5804 404.829
5805 404.829
5806 404.829
5807 404.829
5808 404.829
5809 404.829
5810 404.829
5811 404.829
5812 404.829
5813 404.829
5814 404.829
5815 404.829
5816 404.829
5817 426.375
5818 426.375
5819 426.375
5820 426.375
5821 426.375
5822 426.375
5823 426.375
5824 426.375
5825 426.375
5826 426.375
5827 426.375
5828 426.375
5829 426.375
5830 426.375
5831 426.375
5832 426.375
5833 426.375
5834 426.375
5835 426.375
5836 426.375
5837 426.375
5838 426.375
5839 426.375
5840 426.375
5841 426.375
5842 426.375
5843 426.375
5844 426.375
5845 426.375
5846 426.375
5847 426.375
5848 426.375
5849 426.375
5850 426.375
5851 426.375
5852 426.375
5853 426.375
5854 426.375
5855 426.375
5856 426.375
5857 426.375
5858 426.375
5859 426.375
5860 426.375
5861 426.375
5862 426.375
5863 426.375
5864 426.375
5865 426.375
5866 426.375
5867 426.375
5868 426.375
5869 426.375
5870 426.375
5871 426.375
5872 426.375
5873 426.375
5874 426.375
5875 426.375
5876 426.375
5877 426.375
5878 426.375
5879 426.375
5880 426.375
5881 426.375
5882 426.375
5883 426.375
5884 426.375
5885 426.375
5886 426.375
5887 426.375
5888 426.375
5889 426.375
5890 426.375
5891 426.375
5892 426.375
5893 426.375
5894 426.375
5895 426.375
5896 426.375
5897 426.375
5898 426.375
5899 426.375
5900 426.375
5901 426.375
5902 426.375
5903 426.375
5904 426.375
5905 426.375
5906 426.375
5907 426.375
5908 426.375
5909 426.375
5910 426.375
5911 426.375
5912 426.375
5913 426.375
5914 426.375
5915 426.375
5916 426.375
5917 426.375
5918 426.375
5919 426.375
5920 426.375
5921 426.375
5922 426.375
5923 426.375
5924 426.375
5925 426.375
5926 426.375
5927 426.375
5928 426.375
5929 426.375
5930 426.375
5931 426.375
5932 426.375
5933 426.375
5934 426.375
5935 426.375
5936 426.375
5937 426.375
5938 426.375
5939 426.375
5940 426.375
5941 426.375
5942 426.375
5943 426.375
5944 426.375
5945 426.375
5946 426.375
5947 426.375
5948 426.375
5949 426.375
5950 426.375
5951 426.375
5952 426.375
5953 426.375
5954 426.375
5955 426.375
5956 426.375
5957 426.375
5958 426.375
5959 426.375
5960 426.375
5961 426.375
5962 426.375
5963 426.375
5964 426.375
5965 426.375
5966 426.375
5967 426.375
5968 426.375
5969 426.375
5970 426.375
5971 426.375
5972 426.375
5973 426.375
5974 426.375
5975 426.375
5976 426.375
5977 426.375
5978 426.375
5979 426.375
5980 426.375
5981 426.375
5982 426.375
5983 426.375
5984 426.375
5985 426.375
5986 426.375
5987 426.375
5988 426.375
5989 426.375
5990 426.375
5991 426.375
5992 426.375
5993 426.375
5994 426.375
5995 426.375
5996 426.375
5997 426.375
5998 426.375
5999 426.375
6000 426.375
6001 426.375
6002 426.375
6003 426.375
6004 426.375
6005 426.375
6006 426.375
6007 426.375
6008 426.375
6009 426.375
6010 426.375
6011 426.375
6012 426.375
6013 426.375
6014 426.375
6015 426.375
6016 426.375
6017 426.375
6018 426.375
6019 426.375
6020 426.375
6021 426.375
6022 426.375
6023 426.375
6024 426.375
6025 426.375
6026 426.375
6027 426.375
6028 426.375
6029 426.375
6030 426.375
6031 426.375
6032 426.375
6033 426.375
6034 426.375
6035 426.375
6036 426.375
6037 426.375
6038 426.375
6039 426.375
6040 426.375
6041 426.375
6042 426.375
6043 426.375
6044 426.375
6045 426.375
6046 426.375
6047 426.375
6048 426.375
6049 426.375
6050 426.375
6051 426.375
6052 426.375
6053 426.375
6054 426.375
6055 426.375
6056 426.375
6057 426.375
6058 426.375
6059 426.375
6060 426.375
6061 426.375
6062 426.375
6063 426.375
6064 426.375
6065 426.375
6066 426.375
6067 426.375
6068 426.375
6069 426.375
6070 426.375
6071 426.375
6072 426.375
6073 426.375
6074 426.375
6075 426.375
6076 426.375
6077 426.375
6078 426.375
6079 426.375
6080 426.375
6081 426.375
6082 426.375
6083 426.375
6084 426.375
6085 426.375
6086 426.375
6087 426.375
6088 426.375
6089 426.375
6090 426.375
6091 426.375
6092 426.375
6093 426.375
6094 426.375
6095 426.375
6096 426.375
6097 426.375
6098 426.375
6099 426.375
6100 426.375
6101 426.375
6102 426.375
6103 426.375
6104 426.375
6105 426.375
6106 426.375
6107 426.375
6108 426.375
6109 426.375
6110 426.375
6111 426.375
6112 426.375
6113 426.375
6114 426.375
6115 426.375
6116 426.375
6117 426.375
6118 426.375
6119 426.375
6120 426.375
6121 426.375
6122 426.375
6123 426.375
6124 426.375
6125 426.375
6126 426.375
6127 426.375
6128 426.375
6129 426.375
6130 426.375
6131 426.375
6132 426.375
6133 426.375
6134 426.375
6135 426.375
6136 426.375
6137 426.375
6138 426.375
6139 426.375
6140 426.375
6141 426.375
6142 426.375
6143 426.375
6144 426.375
6145 426.375
6146 426.375
6147 426.375
6148 426.375
6149 426.375
6150 426.375
6151 426.375
6152 426.375
6153 426.375
6154 426.375
6155 426.375
6156 426.375
6157 426.375
6158 426.375
6159 426.375
6160 426.375
6161 426.375
6162 426.375
6163 426.375
6164 426.375
6165 426.375
6166 426.375
6167 426.375
6168 426.375
6169 426.375
6170 426.375
6171 426.375
6172 426.375
6173 426.375
6174 426.375
6175 426.375
6176 426.375
6177 426.375
6178 426.375
6179 426.375
6180 426.375
6181 426.375
6182 426.375
6183 426.375
6184 426.375
6185 426.375
6186 426.375
6187 426.375
6188 426.375
6189 426.375
6190 426.375
6191 426.375
6192 426.375
6193 426.375
6194 426.375
6195 426.375
6196 426.375
6197 426.375
6198 426.375
6199 426.375
6200 426.375
6201 426.375
6202 426.375
6203 426.375
6204 426.375
6205 426.375
6206 426.375
6207 426.375
6208 426.375
6209 426.375
6210 426.375
6211 426.375
6212 426.375
6213 426.375
6214 426.375
6215 426.375
6216 426.375
6217 426.375
6218 426.375
6219 426.375
6220 426.375
6221 426.375
6222 426.375
6223 426.375
6224 426.375
6225 426.375
6226 426.375
6227 426.375
6228 426.375
6229 426.375
6230 426.375
6231 426.375
6232 426.375
6233 426.375
6234 426.375
6235 426.375
6236 426.375
6237 426.375
6238 426.375
6239 426.375
6240 426.375
6241 426.375
6242 426.375
6243 426.375
6244 426.375
6245 426.375
6246 426.375
6247 426.375
6248 426.375
6249 426.375
6250 426.375
6251 426.375
6252 426.375
6253 426.375
6254 426.375
6255 426.375
6256 426.375
6257 426.375
6258 426.375
6259 426.375
6260 426.375
6261 426.375
6262 426.375
6263 426.375
6264 426.375
6265 426.375
6266 426.375
6267 426.375
6268 426.375
6269 426.375
6270 426.375
6271 426.375
6272 426.375
6273 426.375
6274 426.375
6275 426.375
6276 426.375
6277 426.375
6278 426.375
6279 426.375
6280 426.375
6281 426.375
6282 426.375
6283 426.375
6284 426.375
6285 426.375
6286 426.375
6287 426.375
6288 426.375
6289 426.375
6290 426.375
6291 426.375
6292 426.375
6293 426.375
6294 426.375
6295 426.375
6296 426.375
6297 426.375
6298 426.375
6299 426.375
6300 426.375
6301 426.375
6302 426.375
6303 426.375
6304 426.375
6305 426.375
6306 426.375
6307 439.360
6308 439.360
6309 439.360
6310 439.360
6311 439.360
6312 439.360
6313 439.360
6314 439.360
6315 439.360
6316 439.360
6317 439.360
6318 439.360
6319 439.360
6320 439.360
6321 439.360
6322 439.360
6323 439.360
6324 439.360
6325 439.360
6326 439.360
6327 439.360
6328 439.360
6329 439.360
6330 439.360
6331 439.360
6332 439.360
6333 439.360
6334 439.360
6335 439.360
6336 439.360
6337 439.360
6338 439.360
6339 439.360
6340 439.360
6341 439.360
6342 439.360
6343 439.360
6344 439.360
6345 439.360
6346 439.360
6347 439.360
6348 439.360
6349 439.360
6350 439.360
6351 439.360
6352 439.360
6353 439.360
6354 439.360
6355 439.360
6356 439.360
6357 439.360
6358 439.360
6359 439.360
6360 439.360
6361 439.360
6362 439.360
6363 439.360
6364 439.360
6365 439.360
6366 439.360
6367 439.360
6368 439.360
6369 439.360
6370 439.360
6371 439.360
6372 439.360
6373 439.360
6374 439.360
6375 439.360
6376 439.360
6377 439.360
6378 439.360
6379 439.360
6380 439.360
6381 439.360
6382 439.360
6383 439.360
6384 439.360
6385 439.360
6386 439.360
6387 439.360
6388 439.360
6389 439.360
6390 439.360
6391 439.360
6392 439.360
6393 439.360
6394 439.360
6395 439.360
6396 439.360
6397 439.360
6398 439.360
6399 439.360
6400 439.360
6401 439.360
6402 439.360
6403 439.360
6404 439.360
6405 439.360
6406 439.360
6407 439.360
6408 439.360
6409 439.360
6410 439.360
6411 439.360
6412 439.360
6413 439.360
6414 439.360
6415 439.360
6416 439.360
6417 439.360
6418 439.360
6419 439.360
6420 439.360
6421 439.360
6422 439.360
6423 439.360
6424 439.360
6425 439.360
6426 439.360
6427 439.360
6428 439.360
6429 439.360
6430 439.360
6431 439.360
6432 439.360
6433 439.360
6434 439.360
6435 439.360
6436 439.360
6437 439.360
6438 439.360
6439 439.360
6440 439.360
6441 439.360
6442 439.360
6443 439.360
6444 439.360
6445 439.360
6446 439.360
6447 439.360
6448 439.360
6449 439.360
6450 439.360
6451 439.360
6452 439.360
6453 439.360
6454 439.360
6455 439.360
6456 439.360
6457 439.360
6458 439.360
6459 439.360
6460 439.360
6461 439.360
6462 439.360
6463 439.360
6464 439.360
6465 439.360
6466 439.360
6467 439.360
6468 439.360
6469 439.360
6470 439.360
6471 439.360
6472 439.360
6473 439.360
6474 439.360
6475 439.360
6476 439.360
6477 439.360
6478 439.360
6479 439.360
6480 439.360
6481 439.360
6482 439.360
6483 439.360
6484 439.360
6485 439.360
6486 439.360
6487 439.360
6488 439.360
6489 439.360
6490 439.360
6491 439.360
6492 439.360
6493 439.360
6494 439.360
6495 439.360
6496 439.360
6497 439.360
6498 439.360
6499 439.360
6500 439.360
6501 439.360
6502 439.360
6503 439.360
6504 439.360
6505 439.360
6506 439.360
6507 439.360
6508 439.360
6509 439.360
6510 439.360
6511 439.360
6512 439.360
6513 439.360
6514 439.360
6515 439.360
6516 439.360
6517 439.360
6518 439.360
6519 439.360
6520 439.360
6521 439.360
6522 439.360
6523 439.360
6524 439.360
6525 439.360
6526 439.360
6527 439.360
6528 439.360
6529 439.360
6530 439.360
6531 439.360
6532 439.360
6533 439.360
6534 439.360
6535 439.360
6536 439.360
6537 439.360
6538 439.360
6539 439.360
6540 439.360
6541 439.360
6542 439.360
6543 439.360
6544 439.360
6545 439.360
6546 439.360
6547 439.360
6548 439.360
6549 439.360
6550 439.360
6551 439.360
6552 439.360
6553 439.360
6554 439.360
6555 439.360
6556 439.360
6557 439.360
6558 439.360
6559 439.360
6560 439.360
6561 439.360
6562 439.360
6563 439.360
6564 439.360
6565 439.360
6566 439.360
6567 439.360
6568 439.360
6569 439.360
6570 439.360
6571 439.360
6572 439.360
6573 439.360
6574 439.360
6575 439.360
6576 439.360
6577 439.360
6578 439.360
6579 439.360
6580 439.360
6581 439.360
6582 439.360
6583 439.360
6584 439.360
6585 439.360
6586 439.360
6587 439.360
6588 439.360
6589 439.360
6590 439.360
6591 439.360
6592 439.360
6593 439.360
6594 439.360
6595 439.360
6596 439.360
6597 439.360
6598 439.360
6599 439.360
6600 439.360
6601 439.360
6602 439.360
6603 439.360
6604 439.360
6605 439.360
6606 439.360
6607 439.360
6608 439.360
6609 439.360
6610 439.360
6611 439.360
6612 439.360
6613 439.360
6614 439.360
6615 439.360
6616 439.360
6617 439.360
6618 439.360
6619 439.360
6620 439.360
6621 439.360
6622 439.360
6623 439.360
6624 439.360
6625 439.360
6626 439.360
6627 439.360
6628 439.360
6629 439.360
6630 439.360
6631 439.360
6632 439.360
6633 439.360
6634 439.360
6635 439.360
6636 439.360
6637 439.360
6638 439.360
6639 439.360
6640 439.360
6641 439.360
6642 439.360
6643 439.360
6644 439.360
6645 439.360
6646 439.360
6647 439.360
6648 439.360
6649 439.360
6650 439.360
6651 439.360
6652 439.360
6653 439.360
6654 439.360
6655 439.360
6656 439.360
6657 439.360
6658 439.360
6659 439.360
6660 439.360
6661 439.360
6662 439.360
6663 439.360
6664 439.360
6665 439.360
6666 439.360
6667 439.360
6668 439.360
6669 439.360
6670 439.360
6671 439.360
6672 439.360
6673 439.360
6674 439.360
6675 439.360
6676 439.360
6677 439.360
6678 439.360
6679 439.360
6680 439.360
6681 439.360
6682 439.360
6683 439.360
6684 439.360
6685 439.360
6686 439.360
6687 439.360
6688 439.360
6689 439.360
6690 439.360
6691 439.360
6692 439.360
6693 439.360
6694 439.360
6695 439.360
6696 439.360
6697 439.360
6698 439.360
6699 439.360
6700 439.360
6701 439.360
6702 439.360
6703 439.360
6704 439.360
6705 439.360
6706 439.360
6707 439.360
6708 439.360
6709 439.360
6710 439.360
6711 439.360
6712 439.360
6713 439.360
6714 439.360
6715 439.360
6716 439.360
6717 439.360
6718 439.360
6719 439.360
6720 439.360
6721 439.360
6722 439.360
6723 439.360
6724 439.360
6725 439.360
6726 439.360
6727 439.360
6728 439.360
6729 439.360
6730 439.360
6731 439.360
6732 439.360
6733 439.360
6734 439.360
6735 439.360
6736 439.360
6737 439.360
6738 439.360
6739 439.360
6740 439.360
6741 439.360
6742 439.360
6743 439.360
6744 439.360
6745 439.360
6746 439.360
6747 439.360
6748 439.360
6749 439.360
6750 439.360
6751 439.360
6752 439.360
6753 439.360
6754 439.360
6755 439.360
6756 439.360
6757 439.360
6758 439.360
6759 439.360
6760 439.360
6761 439.360
6762 439.360
6763 439.360
6764 439.360
6765 439.360
6766 439.360
6767 439.360
6768 439.360
6769 439.360
6770 439.360
6771 439.360
6772 439.360
6773 439.360
6774 439.360
6775 439.360
6776 439.360
6777 439.360
6778 439.360
6779 439.360
6780 439.360
6781 439.360
6782 439.360
6783 439.360
6784 439.360
6785 439.360
6786 439.360
6787 439.360
6788 439.360
6789 439.360
6790 439.360
6791 439.360
6792 439.360
6793 439.360
6794 439.360
6795 439.360
6796 439.360
6797 439.360
6798 439.360
6799 439.360
6800 439.360
6801 439.360
6802 439.360
6803 439.360
6804 439.360
6805 439.360
6806 439.360
6807 439.360
6808 439.360
6809 439.360
6810 439.360
6811 439.360
6812 439.360
6813 439.360
6814 439.360
6815 439.360
6816 439.360
6817 439.360
6818 439.360
6819 439.360
6820 439.360
6821 439.360
6822 439.360
6823 439.360
6824 439.360
6825 439.360
6826 439.360
6827 439.360
6828 439.360
6829 439.360
6830 439.360
6831 439.360
6832 439.360
6833 439.360
6834 439.360
6835 439.360
6836 439.360
6837 439.360
6838 439.360
6839 439.360
6840 439.360
6841 439.360
6842 439.360
6843 439.360
6844 439.360
6845 439.360
6846 439.360
6847 439.360
6848 439.360
6849 439.360
6850 439.360
6851 439.360
6852 439.360
6853 439.360
6854 439.360
6855 439.360
6856 439.360
6857 439.360
6858 439.360
6859 439.360
6860 439.360
6861 439.360
6862 439.360
6863 439.360
6864 439.360
6865 439.360
6866 439.360
6867 439.360
6868 439.360
6869 439.360
6870 439.360
6871 460.963
6872 460.963
6873 460.963
6874 460.963
6875 460.963
6876 460.963
6877 460.963
6878 460.963
6879 460.963
6880 460.963
6881 460.963
6882 460.963
6883 460.963
6884 460.963
6885 460.963
6886 460.963
6887 460.963
6888 460.963
6889 460.963
6890 460.963
6891 460.963
6892 460.963
6893 460.963
6894 460.963
6895 460.963
6896 460.963
6897 460.963
6898 460.963
6899 460.963
6900 460.963
6901 460.963
6902 460.963
6903 460.963
6904 460.963
6905 460.963
6906 460.963
6907 460.963
6908 460.963
6909 460.963
6910 460.963
6911 460.963
6912 460.963
6913 460.963
6914 460.963
6915 460.963
6916 460.963
6917 460.963
6918 460.963
6919 460.963
6920 460.963
6921 460.963
6922 460.963
6923 460.963
6924 460.963
6925 460.963
6926 460.963
6927 460.963
6928 460.963
6929 460.963
6930 460.963
6931 460.963
6932 460.963
6933 460.963
6934 460.963
6935 460.963
6936 460.963
6937 460.963
6938 460.963
6939 460.963
6940 460.963
6941 460.963
6942 460.963
6943 460.963
6944 460.963
6945 460.963
6946 460.963
6947 460.963
6948 460.963
6949 460.963
6950 460.963
6951 460.963
6952 460.963
6953 460.963
6954 460.963
6955 460.963
6956 460.963
6957 460.963
6958 460.963
6959 460.963
6960 460.963
6961 460.963
6962 460.963
6963 460.963
6964 460.963
6965 460.963
6966 460.963
6967 460.963
6968 460.963
6969 460.963
6970 460.963
6971 460.963
6972 460.963
6973 460.963
6974 460.963
6975 460.963
6976 460.963
6977 460.963
6978 460.963
6979 460.963
6980 460.963
6981 460.963
6982 460.963
6983 460.963
6984 460.963
6985 460.963
6986 460.963
6987 460.963
6988 460.963
6989 460.963
6990 460.963
6991 460.963
6992 460.963
6993 460.963
6994 460.963
6995 460.963
6996 460.963
6997 460.963
6998 460.963
6999 460.963
7000 460.963
7001 460.963
7002 460.963
7003 460.963
7004 460.963
7005 460.963
7006 460.963
7007 460.963
7008 460.963
7009 460.963
7010 460.963
7011 460.963
7012 467.240
7013 467.240
7014 467.240
7015 467.240
7016 467.240
7017 467.240
7018 467.240
7019 467.240
7020 467.240
7021 467.240
7022 467.240
7023 467.240
7024 467.240
7025 467.240
7026 467.240
7027 467.240
7028 467.240
7029 467.240
7030 467.240
7031 467.240
7032 467.240
7033 467.240
7034 467.240
7035 467.240
7036 467.240
7037 467.240
7038 467.240
7039 467.240
7040 467.240
7041 467.240
7042 467.240
7043 467.240
7044 467.240
7045 467.240
7046 467.240
7047 467.240
7048 467.240
7049 467.240
7050 467.240
7051 467.240
7052 467.240
7053 467.240
7054 467.240
7055 467.240
7056 467.240
7057 467.240
7058 467.240
7059 467.240
7060 467.240
7061 467.240
7062 467.240
7063 467.240
7064 467.240
7065 467.240
7066 467.240
7067 467.240
7068 467.240
7069 467.240
7070 467.240
7071 467.240
7072 467.240
7073 467.240
7074 467.240
7075 467.240
7076 467.240
7077 467.240
7078 467.240
7079 467.240
7080 467.240
7081 467.240
7082 467.240
7083 467.240
7084 467.240
7085 467.240
7086 467.240
7087 467.240
7088 467.240
7089 467.240
7090 467.240
7091 467.240
7092 467.240
7093 467.240
7094 467.240
7095 467.240
7096 467.240
7097 467.240
7098 467.240
7099 467.240
7100 467.240
7101 467.240
7102 467.240
7103 467.240
7104 467.240
7105 467.240
7106 467.240
7107 467.240
7108 467.240
7109 467.240
7110 467.240
7111 467.240
7112 467.240
7113 467.240
7114 467.240
7115 467.240
7116 467.240
7117 467.240
7118 467.240
7119 467.240
7120 467.240
7121 467.240
7122 467.240
7123 467.240
7124 467.240
7125 467.240
7126 467.240
7127 467.240
7128 467.240
7129 467.240
7130 467.240
7131 467.240
7132 467.240
7133 467.240
7134 467.240
7135 467.240
7136 467.240
7137 467.240
7138 467.240
7139 467.240
7140 467.240
7141 467.240
7142 467.240
7143 467.240
7144 467.240
7145 467.240
7146 467.240
7147 467.240
7148 467.240
7149 467.240
7150 467.240
7151 467.240
7152 467.240
7153 467.240
7154 467.240
7155 467.240
7156 467.240
7157 467.240
7158 467.240
7159 467.240
7160 467.240
7161 467.240
7162 467.240
7163 467.240
7164 467.240
7165 467.240
7166 467.240
7167 467.240
7168 467.240
7169 467.240
7170 467.240
7171 467.240
7172 467.240
7173 467.240
7174 467.240
7175 467.240
7176 439.619
7177 439.619
7178 439.619
7179 439.619
7180 439.619
7181 439.619
7182 439.619
7183 439.619
7184 439.619
7185 439.619
7186 439.619
7187 439.619
7188 439.619
7189 439.619
7190 439.619
7191 439.619
7192 439.619
7193 439.619
7194 439.619
7195 439.619
7196 439.619
7197 439.619
7198 439.619
7199 439.619
7200 439.619
7201 439.619
7202 439.619
7203 439.619
7204 439.619
7205 439.619
7206 439.619
7207 439.619
7208 439.619
7209 439.619
7210 439.619
7211 439.619
7212 439.619
7213 439.619
7214 439.619
7215 439.619
7216 439.619
7217 439.619
7218 439.619
7219 439.619
7220 439.619
7221 439.619
7222 439.619
7223 439.619
7224 439.619
7225 439.619
7226 439.619
7227 439.619
7228 439.619
7229 439.619
7230 439.619
7231 439.619
7232 439.619
7233 439.619
7234 439.619
7235 439.619
7236 439.619
7237 439.619
7238 439.619
7239 439.619
7240 439.619
7241 439.619
7242 439.619
7243 439.619
7244 439.619
7245 439.619
7246 439.619
7247 439.619
7248 439.619
7249 439.619
7250 439.619
7251 439.619
7252 439.619
7253 439.619
7254 439.619
7255 439.619
7256 439.619
7257 439.619
7258 439.619
7259 439.619
7260 439.619
7261 439.619
7262 439.619
7263 439.619
7264 439.619
7265 439.619
7266 439.619
7267 439.619
7268 439.619
7269 439.619
7270 439.619
7271 439.619
7272 439.619
7273 439.619
7274 439.619
7275 439.619
7276 439.619
7277 439.619
7278 439.619
7279 439.619
7280 439.619
7281 439.619
7282 439.619
7283 439.619
7284 439.619
7285 439.619
7286 439.619
7287 439.619
7288 439.619
7289 439.619
7290 439.619
7291 439.619
7292 439.619
7293 439.619
7294 439.619
7295 439.619
7296 439.619
7297 439.619
7298 439.619
7299 439.619
7300 439.619
7301 439.619
7302 439.619
7303 439.619
7304 439.619
7305 439.619
7306 439.619
7307 439.619
7308 439.619
7309 439.619
7310 439.619
7311 439.619
7312 439.619
7313 439.619
7314 439.619
7315 439.619
7316 439.619
7317 439.619
7318 439.619
7319 439.619
7320 439.619
7321 439.619
7322 439.619
7323 439.619
7324 439.619
7325 439.619
7326 439.619
7327 439.619
7328 439.619
7329 439.619
7330 439.619
7331 439.619
7332 439.619
7333 439.619
7334 439.619
7335 439.619
7336 439.619
7337 439.619
7338 439.619
7339 439.619
7340 439.619
7341 439.619
7342 439.619
7343 439.619
7344 439.619
7345 439.619
7346 439.619
7347 439.619
7348 439.619
7349 439.619
7350 439.619
7351 439.619
7352 439.619
7353 439.619
7354 439.619
7355 439.619
7356 439.619
7357 439.619
7358 439.619
7359 439.619
7360 439.619
7361 439.619
7362 439.619
7363 439.619
7364 439.619
7365 439.619
7366 439.619
7367 439.619
7368 439.619
7369 439.619
7370 439.619
7371 439.619
7372 439.619
7373 439.619
7374 439.619
7375 439.619
7376 439.619
7377 439.619
7378 439.619
7379 439.619
7380 439.619
7381 439.619
7382 439.619
7383 439.619
7384 439.619
7385 439.619
7386 439.619
7387 439.619
7388 439.619
7389 439.619
7390 439.619
7391 439.619
7392 439.619
7393 439.619
7394 439.619
7395 439.619
7396 439.619
7397 439.619
7398 439.619
7399 439.619
7400 439.619
7401 439.619
7402 439.619
7403 439.619
7404 439.619
7405 439.619
7406 439.619
7407 439.619
7408 439.619
7409 439.619
7410 439.619
7411 439.619
7412 439.619
7413 439.619
7414 439.619
7415 439.619
7416 439.619
7417 439.619
7418 439.619
7419 439.619
7420 439.619
7421 439.619
7422 439.619
7423 439.619
7424 439.619
7425 439.619
7426 439.619
7427 439.619
7428 439.619
7429 439.619
7430 439.619
7431 439.619
7432 439.619
7433 439.619
7434 439.619
7435 439.619
7436 439.619
7437 439.619
7438 439.619
7439 439.619
7440 439.619
7441 439.619
7442 439.619
7443 439.619
7444 439.619
7445 439.619
7446 439.619
7447 439.619
7448 439.619
7449 439.619
7450 439.619
7451 439.619
7452 439.619
7453 439.619
7454 439.619
7455 439.619
7456 439.619
7457 439.619
7458 439.619
7459 439.619
7460 439.619
7461 439.619
7462 439.619
7463 439.619
7464 439.619
7465 439.619
7466 439.619
7467 439.619
7468 439.619
7469 439.619
7470 439.619
7471 439.619
7472 439.619
7473 439.619
7474 439.619
7475 439.619
7476 439.619
7477 439.619
7478 439.619
7479 439.619
7480 439.619
7481 439.619
7482 439.619
7483 439.619
7484 439.619
7485 439.619
7486 439.619
7487 439.619
7488 439.619
7489 439.619
7490 439.619
7491 439.619
7492 439.619
7493 439.619
7494 439.619
7495 439.619
7496 439.619
7497 439.619
7498 439.619
7499 439.619
7500 439.619
7501 439.619
7502 439.619
7503 439.619
7504 439.619
7505 439.619
7506 439.619
7507 439.619
7508 439.619
7509 439.619
7510 439.619
7511 439.619
7512 439.619
7513 439.619
7514 439.619
7515 439.619
7516 439.619
7517 439.619
7518 439.619
7519 439.619
7520 439.619
7521 439.619
7522 439.619
7523 439.619
7524 439.619
7525 439.619
7526 439.619
7527 439.619
7528 439.619
7529 439.619
7530 439.619
7531 439.619
7532 439.619
7533 439.619
7534 439.619
7535 439.619
7536 439.619
7537 439.619
7538 439.619
7539 439.619
7540 439.619
7541 439.619
7542 439.619
7543 439.619
7544 439.619
7545 439.619
7546 439.619
7547 439.619
7548 439.619
7549 439.619
7550 439.619
7551 439.619
7552 439.619
7553 439.619
7554 439.619
7555 439.619
7556 439.619
7557 439.619
7558 439.619
7559 439.619
7560 439.619
7561 439.619
7562 439.619
7563 439.619
7564 439.619
7565 439.619
7566 439.619
7567 439.619
7568 439.619
7569 439.619
7570 439.619
7571 439.619
7572 439.619
7573 439.619
7574 439.619
7575 439.619
7576 439.619
7577 439.619
7578 439.619
7579 439.619
7580 439.619
7581 439.619
7582 439.619
7583 439.619
7584 439.619
7585 439.619
7586 439.619
7587 439.619
7588 439.619
7589 439.619
7590 439.619
7591 439.619
7592 439.619
7593 439.619
7594 439.619
7595 439.619
7596 439.619
7597 439.619
7598 439.619
7599 439.619
7600 439.619
7601 439.619
7602 439.619
7603 439.619
7604 439.619
7605 439.619
7606 439.619
7607 439.619
7608 439.619
7609 439.619
7610 439.619
7611 439.619
7612 439.619
7613 439.619
7614 439.619
7615 439.619
7616 439.619
7617 439.619
7618 439.619
7619 439.619
7620 439.619
7621 439.619
7622 439.619
7623 439.619
7624 439.619
7625 439.619
7626 439.619
7627 439.619
7628 439.619
7629 439.619
7630 439.619
7631 439.619
7632 439.619
7633 439.619
7634 439.619
7635 439.619
7636 439.619
7637 439.619
7638 439.619
7639 439.619
7640 439.619
7641 439.619
7642 439.619
7643 439.619
7644 439.619
7645 439.619
7646 439.619
7647 439.619
7648 439.619
7649 439.619
7650 439.619
7651 439.619
7652 439.619
7653 439.619
7654 439.619
7655 439.619
7656 439.619
7657 439.619
7658 439.619
7659 439.619
7660 439.619
7661 439.619
7662 439.619
7663 439.619
7664 439.619
7665 439.619
7666 439.619
7667 439.619
7668 439.619
7669 439.619
7670 439.619
7671 439.619
7672 439.619
7673 439.619
7674 439.619
7675 439.619
7676 439.619
7677 439.619
7678 439.619
7679 439.619
7680 439.619
7681 439.619
7682 439.619
7683 439.619
7684 439.619
7685 439.619
7686 439.619
7687 439.619
7688 439.619
7689 439.619
7690 439.619
7691 439.619
7692 439.619
7693 439.619
7694 439.619
7695 439.619
7696 439.619
7697 439.619
7698 439.619
7699 439.619
7700 439.619
7701 439.619
7702 439.619
7703 439.619
7704 439.619
7705 439.619
7706 439.619
7707 439.619
7708 439.619
7709 439.619
7710 439.619
7711 439.619
7712 439.619
7713 439.619
7714 439.619
7715 439.619
7716 439.619
7717 439.619
7718 439.619
7719 439.619
7720 439.619
7721 439.619
7722 439.619
7723 439.619
7724 439.619
7725 439.619
7726 439.619
7727 439.619
7728 439.619
7729 439.619
7730 439.619
7731 439.619
7732 439.619
7733 439.619
7734 439.619
7735 439.619
7736 439.619
7737 439.619
7738 439.619
7739 439.619
7740 439.619
7741 439.619
7742 439.619
7743 439.619
7744 439.619
7745 439.619
7746 439.619
7747 439.619
7748 439.619
7749 439.619
7750 439.619
7751 439.619
7752 439.619
7753 439.619
7754 439.619
7755 439.619
7756 439.619
7757 439.619
7758 439.619
