1 25.325
2 26.828
3 27.047
4 27.047
5 27.047
6 27.037
7 27.273
8 27.273
9 27.273
10 27.371
11 27.662
12 27.648
13 27.874
14 28.039
15 28.162
16 28.162
17 28.162
18 28.162
19 28.457
20 28.632
21 28.760
22 28.760
23 28.982
24 28.982
25 28.982
26 29.231
27 29.231
28 29.316
29 29.316
30 29.316
31 29.387
32 29.663
33 29.871
34 29.871
35 29.911
36 29.911
37 29.911
38 29.911
39 30.004
40 30.004
41 30.004
42 30.167
43 30.167
44 30.407
45 30.283
46 30.283
47 30.283
48 30.258
49 30.460
50 30.554
51 30.823
52 30.823
53 30.767
54 30.767
55 30.767
56 30.570
57 30.570
58 30.725
59 30.725
60 31.002
61 31.002
62 31.002
63 31.002
64 30.902
65 30.902
66 30.902
67 31.127
68 31.127
69 31.127
70 31.433
71 31.680
72 31.680
73 31.772
74 31.772
75 31.950
76 31.950
77 32.514
78 32.729
79 32.729
80 32.928
81 32.928
82 32.928
83 33.002
84 33.002
85 33.203
86 33.203
87 33.203
88 33.451
89 33.678
90 34.028
91 34.463
92 34.463
93 34.472
94 34.678
95 34.678
96 34.940
97 34.940
98 34.940
99 35.223
100 35.223
101 35.223
102 35.223
103 35.223
104 35.223
105 35.223
106 35.223
107 35.223
108 35.223
109 35.396
110 35.593
111 35.593
112 35.593
113 35.921
114 35.732
115 35.607
116 35.974
117 36.197
118 36.197
119 36.197
120 36.385
121 36.385
122 36.385
123 36.385
124 36.614
125 36.635
126 36.635
127 36.635
128 36.673
129 36.673
130 36.673
131 36.673
132 36.673
133 36.673
134 36.909
135 37.288
136 37.432
137 37.432
138 37.432
139 37.476
140 37.932
141 37.932
142 37.932
143 37.932
144 37.857
145 37.857
146 37.857
147 37.857
148 37.978
149 37.978
150 37.978
151 38.025
152 38.025
153 38.025
154 38.025
155 38.025
156 38.025
157 38.025
158 38.025
159 38.025
160 37.943
161 37.943
162 37.997
163 37.997
164 37.997
165 37.997
166 37.997
167 38.284
168 38.284
169 38.672
170 38.672
171 38.672
172 38.416
173 38.422
174 38.422
175 38.925
176 38.925
177 38.925
178 38.925
179 39.031
180 39.347
181 39.347
182 39.488
183 39.512
184 39.905
185 39.905
186 39.905
187 39.905
188 39.905
189 40.105
190 40.105
191 39.748
192 39.748
193 39.633
194 39.633
195 39.879
196 39.879
197 39.879
198 39.879
199 39.879
200 40.092
201 40.092
202 40.092
203 40.471
204 40.471
205 41.477
206 41.877
207 41.877
208 41.877
209 41.877
210 41.877
211 41.877
212 41.877
213 41.875
214 41.875
215 42.109
216 42.109
217 42.109
218 42.109
219 42.109
220 42.109
221 42.652
222 43.316
223 43.316
224 43.316
225 43.316
226 43.316
227 43.316
228 43.316
229 43.316
230 43.316
231 43.316
232 43.316
233 43.316
234 43.316
235 43.316
236 43.644
237 43.644
238 43.918
239 43.918
240 43.918
241 43.704
242 43.620
243 43.620
244 43.620
245 43.620
246 43.620
247 43.620
248 43.620
249 44.157
250 44.568
251 45.056
252 45.056
253 45.027
254 45.027
255 45.027
256 45.027
257 45.027
258 45.027
259 45.027
260 45.027
261 45.027
262 45.283
263 45.283
264 45.283
265 45.582
266 44.860
267 44.860
268 44.964
269 44.964
270 44.964
271 44.964
272 44.964
273 44.964
274 45.283
275 45.283
276 45.113
277 46.233
278 46.233
279 46.165
280 46.699
281 46.699
282 46.699
283 46.699
284 47.063
285 47.063
286 47.063
287 47.063
288 47.063
289 47.063
290 47.063
291 47.063
292 47.063
293 47.063
294 47.063
295 47.063
296 47.063
297 47.063
298 47.314
299 47.314
300 47.818
301 47.818
302 47.818
303 47.818
304 48.346
305 48.346
306 48.346
307 48.346
308 48.346
309 48.346
310 48.346
311 48.346
312 48.575
313 48.170
314 48.170
315 48.170
316 48.170
317 48.033
318 47.623
319 47.841
320 47.841
321 47.611
322 47.611
323 47.611
324 47.611
325 47.611
326 47.611
327 47.611
328 47.611
329 47.611
330 47.611
331 47.611
332 47.611
333 47.611
334 47.611
335 47.611
336 47.611
337 47.611
338 47.611
339 47.611
340 47.611
341 47.611
342 47.611
343 47.611
344 47.707
345 47.707
346 47.707
347 47.707
348 47.707
349 47.707
350 47.563
351 47.563
352 47.563
353 48.435
354 48.435
355 48.435
356 48.435
357 48.435
358 48.663
359 49.013
360 49.013
361 49.013
362 49.013
363 49.415
364 49.415
365 49.415
366 49.415
367 49.415
368 49.415
369 49.415
370 49.415
371 49.415
372 49.415
373 49.415
374 49.490
375 49.662
376 49.990
377 49.990
378 49.990
379 50.358
380 50.868
381 50.868
382 50.868
383 50.868
384 51.056
385 51.056
386 51.574
387 51.574
388 51.574
389 51.574
390 51.574
391 51.574
392 51.574
393 51.574
394 51.574
395 51.574
396 51.574
397 51.574
398 51.574
399 51.835
400 51.835
401 52.016
402 52.016
403 52.016
404 52.016
405 52.016
406 52.016
407 52.016
408 52.016
409 52.016
410 52.016
411 52.016
412 52.016
413 52.016
414 52.016
415 52.470
416 52.470
417 52.987
418 52.987
419 53.796
420 54.919
421 54.919
422 54.919
423 54.919
424 54.919
425 54.919
426 54.919
427 54.919
428 54.919
429 54.919
430 54.919
431 54.919
432 54.919
433 54.919
434 54.919
435 54.919
436 54.919
437 55.856
438 55.856
439 55.856
440 55.856
441 55.856
442 55.856
443 55.529
444 55.529
445 55.529
446 55.529
447 55.529
448 55.529
449 55.529
450 55.529
451 55.702
452 55.702
453 55.702
454 55.702
455 56.028
456 56.028
457 56.028
458 56.028
459 57.310
460 57.310
461 57.310
462 57.310
463 57.310
464 57.310
465 57.310
466 57.310
467 57.310
468 57.310
469 57.310
470 57.310
471 57.310
472 57.310
473 57.310
474 57.310
475 57.310
476 57.310
477 57.310
478 57.310
479 57.310
480 57.310
481 57.310
482 57.310
483 57.310
484 57.310
485 57.310
486 57.310
487 57.310
488 58.258
489 58.258
490 58.258
491 58.258
492 58.258
493 58.258
494 58.592
495 58.592
496 58.592
497 58.592
498 58.592
499 58.592
500 58.592
501 58.592
502 60.086
503 60.707
504 60.707
505 60.707
506 60.707
507 60.707
508 60.707
509 60.707
510 60.707
511 60.707
512 60.707
513 60.707
514 61.112
515 61.596
516 61.596
517 61.596
518 61.596
519 61.596
520 61.596
521 61.596
522 61.596
523 61.596
524 61.596
525 61.596
526 61.596
527 61.596
528 61.596
529 61.596
530 61.596
531 61.596
532 61.596
533 61.596
534 61.596
535 61.596
536 61.596
537 61.596
538 61.596
539 61.596
540 61.596
541 61.596
542 61.596
543 61.596
544 61.596
545 61.596
546 61.596
547 61.596
548 61.596
549 61.596
550 61.503
551 61.503
552 61.503
553 61.503
554 61.503
555 61.503
556 61.503
557 61.503
558 61.503
559 61.503
560 61.503
561 61.503
562 61.503
563 61.503
564 61.503
565 61.503
566 61.503
567 61.503
568 61.503
569 61.503
570 61.503
571 61.503
572 61.503
573 62.796
574 62.796
575 62.796
576 62.796
577 62.796
578 62.862
579 62.862
580 63.426
581 63.426
582 63.426
583 63.426
584 62.395
585 62.395
586 62.395
587 62.395
588 62.395
589 62.395
590 62.395
591 62.395
592 62.395
593 62.395
594 62.395
595 62.395
596 62.395
597 62.395
598 62.395
599 62.395
600 62.395
601 62.395
602 62.395
603 61.912
604 61.912
605 61.912
606 61.912
607 63.086
608 63.086
609 63.086
610 63.086
611 63.086
612 63.086
613 63.086
614 63.086
615 63.086
616 63.086
617 63.086
618 63.086
619 63.209
620 63.209
621 63.209
622 63.209
623 63.209
624 63.209
625 63.209
626 63.209
627 63.209
628 63.209
629 63.209
630 63.209
631 63.209
632 63.209
633 63.209
634 63.209
635 63.209
636 63.209
637 63.209
638 63.209
639 63.209
640 63.209
641 63.209
642 63.209
643 63.209
644 63.209
645 63.209
646 63.209
647 63.209
648 63.209
649 63.209
650 63.209
651 63.209
652 63.209
653 63.209
654 63.209
655 63.209
656 63.209
657 63.209
658 63.209
659 63.209
660 63.209
661 63.209
662 63.209
663 63.209
664 63.209
665 63.209
666 63.209
667 63.209
668 63.209
669 63.209
670 63.209
671 63.209
672 62.808
673 62.808
674 62.808
675 62.808
676 62.808
677 62.808
678 62.808
679 62.808
680 62.808
681 62.808
682 62.808
683 62.808
684 62.808
685 62.808
686 62.808
687 62.808
688 62.808
689 62.808
690 62.808
691 62.808
692 62.808
693 62.808
694 62.808
695 62.808
696 62.808
697 62.808
698 62.808
699 62.808
700 63.012
701 63.012
702 63.012
703 63.012
704 63.012
705 63.012
706 63.012
707 63.012
708 63.548
709 63.548
710 64.154
711 64.154
712 64.154
713 64.154
714 64.154
715 64.154
716 64.154
717 64.154
718 64.154
719 64.061
720 64.061
721 64.061
722 65.031
723 65.031
724 65.031
725 65.031
726 65.031
727 65.031
728 64.352
729 64.352
730 64.352
731 64.352
732 64.352
733 64.352
734 64.352
735 64.352
736 64.352
737 64.352
738 64.352
739 64.352
740 64.262
741 64.262
742 64.262
743 64.262
744 64.262
745 64.262
746 64.262
747 64.262
748 64.262
749 65.289
750 65.289
751 65.289
752 65.289
753 65.289
754 65.289
755 65.289
756 65.289
757 65.289
758 65.289
759 65.289
760 66.288
761 66.288
762 66.288
763 66.288
764 66.288
765 66.288
766 66.288
767 66.288
768 66.288
769 66.288
770 66.288
771 66.288
772 66.288
773 66.288
774 66.288
775 66.288
776 66.288
777 66.288
778 66.288
779 66.288
780 66.288
781 66.288
782 66.288
783 66.288
784 66.288
785 66.288
786 66.288
787 66.288
788 66.288
789 66.786
790 66.786
791 66.786
792 66.786
793 66.786
794 66.786
795 66.786
796 66.786
797 66.786
798 66.786
799 67.870
800 67.870
801 69.039
802 69.039
803 69.039
804 69.039
805 70.636
806 70.636
807 70.636
808 70.636
809 70.636
810 70.636
811 70.636
812 70.636
813 70.636
814 70.636
815 70.636
816 70.636
817 70.636
818 70.000
819 70.000
820 70.000
821 70.000
822 70.000
823 70.000
824 70.000
825 70.000
826 70.000
827 70.000
828 70.000
829 70.000
830 70.000
831 70.000
832 70.000
833 70.000
834 70.000
835 70.000
836 70.000
837 70.000
838 70.000
839 70.000
840 70.000
841 70.000
842 70.000
843 70.000
844 70.000
845 70.000
846 70.000
847 70.000
848 70.000
849 70.507
850 70.507
851 70.507
852 70.507
853 70.507
854 70.507
855 70.507
856 70.507
857 70.507
858 70.507
859 70.507
860 70.507
861 70.507
862 70.507
863 70.507
864 70.507
865 70.507
866 70.507
867 70.507
868 70.507
869 70.507
870 70.507
871 70.507
872 71.513
873 71.513
874 71.513
875 71.513
876 71.513
877 71.513
878 71.513
879 71.513
880 71.513
881 71.513
882 71.513
883 71.513
884 71.513
885 71.513
886 71.513
887 71.513
888 71.513
889 71.513
890 71.513
891 71.513
892 71.513
893 71.513
894 71.513
895 71.513
896 71.513
897 71.513
898 71.513
899 71.513
900 71.513
901 71.513
902 71.513
903 71.513
904 71.513
905 71.513
906 71.513
907 71.513
908 71.513
909 71.318
910 71.318
911 71.318
912 71.318
913 71.318
914 71.318
915 71.318
916 71.318
917 71.318
918 71.318
919 71.318
920 71.318
921 71.318
922 71.318
923 71.318
924 71.881
925 71.881
926 71.881
927 71.881
928 71.881
929 71.881
930 71.542
931 71.542
932 71.542
933 71.542
934 71.542
935 71.542
936 71.542
937 71.542
938 71.542
939 71.542
940 71.542
941 71.542
942 71.542
943 71.542
944 71.542
945 71.542
946 71.542
947 71.542
948 71.542
949 71.542
950 71.542
951 71.542
952 71.542
953 71.542
954 71.542
955 71.619
956 71.619
957 71.619
958 71.619
959 71.619
960 71.619
961 71.619
962 71.619
963 71.619
964 71.619
965 71.619
966 71.619
967 71.619
968 71.619
969 71.619
970 71.619
971 71.619
972 71.619
973 71.619
974 71.619
975 71.619
976 71.619
977 71.619
978 71.619
979 71.619
980 71.619
981 71.619
982 71.619
983 71.619
984 71.619
985 73.006
986 73.006
987 73.006
988 73.006
989 73.006
990 73.006
991 73.006
992 72.241
993 72.241
994 72.241
995 72.241
996 72.241
997 72.241
998 72.241
999 72.241
1000 72.241
1001 72.241
1002 72.241
1003 72.241
1004 72.241
1005 72.241
1006 72.241
1007 72.241
1008 72.241
1009 72.241
1010 72.241
1011 72.241
1012 72.241
1013 72.092
1014 72.092
1015 72.305
1016 72.305
1017 72.305
1018 72.305
1019 72.305
1020 72.305
1021 71.101
1022 71.101
1023 71.101
1024 71.101
1025 71.101
1026 71.101
1027 71.101
1028 71.101
1029 71.101
1030 71.101
1031 72.560
1032 72.560
1033 72.560
1034 72.560
1035 72.560
1036 72.560
1037 72.560
1038 72.560
1039 72.560
1040 72.560
1041 72.560
1042 72.560
1043 72.560
1044 72.560
1045 72.560
1046 72.560
1047 72.560
1048 72.560
1049 72.560
1050 72.560
1051 72.560
1052 72.560
1053 72.560
1054 72.560
1055 72.560
1056 72.560
1057 72.560
1058 72.560
1059 72.560
1060 72.560
1061 72.560
1062 72.560
1063 72.560
1064 72.560
1065 72.560
1066 72.560
1067 72.560
1068 72.560
1069 72.560
1070 72.560
1071 72.560
1072 72.560
1073 72.560
1074 72.560
1075 72.560
1076 73.067
1077 73.067
1078 73.067
1079 73.067
1080 73.067
1081 73.067
1082 73.067
1083 73.067
1084 73.067
1085 73.067
1086 73.067
1087 73.067
1088 73.067
1089 73.067
1090 73.067
1091 75.028
1092 75.028
1093 76.468
1094 76.468
1095 76.468
1096 76.468
1097 76.468
1098 76.468
1099 76.468
1100 76.468
1101 76.468
1102 76.468
1103 76.468
1104 76.468
1105 76.468
1106 76.468
1107 76.468
1108 76.468
1109 76.468
1110 76.468
1111 76.468
1112 76.468
1113 76.468
1114 76.468
1115 76.468
1116 78.018
1117 78.018
1118 78.018
1119 78.018
1120 78.018
1121 78.018
1122 78.018
1123 79.542
1124 79.542
1125 79.542
1126 79.542
1127 79.542
1128 79.542
1129 79.542
1130 79.542
1131 79.542
1132 79.542
1133 79.542
1134 79.542
1135 79.542
1136 79.542
1137 79.542
1138 79.542
1139 79.542
1140 79.542
1141 79.542
1142 79.542
1143 79.542
1144 79.542
1145 79.542
1146 79.542
1147 79.542
1148 79.542
1149 79.542
1150 79.542
1151 79.542
1152 79.542
1153 79.542
1154 79.542
1155 79.542
1156 80.013
1157 80.013
1158 80.013
1159 80.013
1160 80.013
1161 80.013
1162 80.013
1163 80.013
1164 80.013
1165 80.013
1166 80.590
1167 80.590
1168 80.590
1169 80.590
1170 80.590
1171 80.590
1172 80.590
1173 80.590
1174 80.590
1175 80.590
1176 80.590
1177 80.590
1178 80.590
1179 80.590
1180 80.590
1181 80.590
1182 80.590
1183 80.590
1184 80.590
1185 80.590
1186 80.590
1187 80.590
1188 80.590
1189 80.590
1190 80.590
1191 80.590
1192 80.590
1193 80.590
1194 80.590
1195 80.590
1196 80.590
1197 80.590
1198 80.590
1199 80.590
1200 80.590
1201 80.590
1202 80.775
1203 80.775
1204 80.775
1205 80.775
1206 80.775
1207 80.775
1208 80.775
1209 80.775
1210 80.775
1211 80.775
1212 80.775
1213 80.775
1214 80.775
1215 80.775
1216 80.775
1217 80.775
1218 80.775
1219 80.775
1220 82.859
1221 82.859
1222 82.859
1223 82.859
1224 82.859
1225 82.859
1226 82.859
1227 82.859
1228 82.859
1229 82.859
1230 82.859
1231 82.859
1232 82.859
1233 82.859
1234 82.859
1235 82.859
1236 82.859
1237 85.264
1238 85.264
1239 85.264
1240 85.264
1241 85.264
1242 85.264
1243 85.264
1244 85.264
1245 85.264
1246 85.264
1247 85.264
1248 85.264
1249 85.264
1250 85.264
1251 85.264
1252 85.264
1253 85.264
1254 85.264
1255 83.626
1256 83.626
1257 83.626
1258 83.626
1259 83.626
1260 83.626
1261 83.626
1262 85.394
1263 85.394
1264 85.394
1265 85.394
1266 85.394
1267 85.394
1268 85.394
1269 85.394
1270 85.394
1271 85.394
1272 85.394
1273 85.394
1274 85.394
1275 85.394
1276 85.394
1277 85.394
1278 85.394
1279 85.394
1280 85.394
1281 85.394
1282 85.394
1283 85.394
1284 85.394
1285 85.394
1286 85.394
1287 85.394
1288 85.394
1289 85.394
1290 85.394
1291 85.394
1292 85.394
1293 85.394
1294 85.394
1295 85.394
1296 85.394
1297 85.394
1298 85.394
1299 85.394
1300 85.394
1301 85.394
1302 85.394
1303 85.394
1304 85.394
1305 87.859
1306 87.859
1307 87.859
1308 87.859
1309 87.859
1310 87.859
1311 87.859
1312 90.115
1313 90.115
1314 90.115
1315 90.115
1316 90.115
1317 90.115
1318 90.115
1319 90.115
1320 90.115
1321 90.115
1322 90.115
1323 90.115
1324 90.115
1325 90.115
1326 90.115
1327 90.115
1328 90.115
1329 90.115
1330 90.115
1331 90.115
1332 90.115
1333 90.115
1334 90.115
1335 90.115
1336 90.115
1337 90.115
1338 90.115
1339 90.115
1340 90.115
1341 90.115
1342 90.115
1343 90.115
1344 90.115
1345 90.115
1346 90.115
1347 90.115
1348 90.115
1349 90.115
1350 90.115
1351 90.115
1352 90.115
1353 90.115
1354 90.115
1355 90.115
1356 90.115
1357 90.115
1358 90.115
1359 90.115
1360 90.115
1361 90.115
1362 90.115
1363 90.115
1364 90.115
1365 90.115
1366 90.115
1367 90.115
1368 90.115
1369 90.115
1370 90.115
1371 90.115
1372 90.115
1373 90.115
1374 90.115
1375 90.115
1376 90.115
1377 90.115
1378 90.115
1379 90.115
1380 90.115
1381 90.115
1382 90.115
1383 90.115
1384 90.115
1385 90.115
1386 90.115
1387 90.115
1388 90.115
1389 90.115
1390 90.115
1391 90.115
1392 90.115
1393 90.115
1394 90.115
1395 90.115
1396 90.115
1397 90.115
1398 90.115
1399 90.115
1400 90.115
1401 90.115
1402 90.115
1403 90.115
1404 90.115
1405 90.115
1406 90.115
1407 90.115
1408 90.115
1409 90.115
1410 90.115
1411 90.115
1412 90.115
1413 92.882
1414 92.882
1415 92.882
1416 92.882
1417 92.882
1418 92.882
1419 92.882
1420 92.882
1421 92.882
1422 92.882
1423 92.882
1424 92.882
1425 92.882
1426 92.882
1427 92.882
1428 92.882
1429 92.882
1430 92.882
1431 92.882
1432 92.882
1433 92.882
1434 92.882
1435 92.882
1436 92.882
1437 95.393
1438 95.393
1439 95.393
1440 97.892
1441 97.892
1442 97.892
1443 97.892
1444 97.892
1445 97.892
1446 97.892
1447 97.892
1448 97.892
1449 97.892
1450 97.892
1451 99.764
1452 99.764
1453 99.764
1454 99.764
1455 99.764
1456 99.764
1457 99.764
1458 99.764
1459 99.764
1460 99.764
1461 99.764
1462 99.764
1463 99.764
1464 99.764
1465 99.764
1466 99.764
1467 99.764
1468 99.764
1469 99.764
1470 99.764
1471 99.764
1472 99.764
1473 99.764
1474 99.764
1475 99.764
1476 99.764
1477 99.764
1478 99.764
1479 99.764
1480 99.764
1481 99.764
1482 99.764
1483 99.764
1484 99.764
1485 99.764
1486 99.764
1487 99.764
1488 99.764
1489 99.764
1490 99.764
1491 99.764
1492 99.764
1493 99.764
1494 99.764
1495 99.764
1496 99.764
1497 99.764
1498 99.764
1499 99.764
1500 99.764
1501 99.764
1502 99.764
1503 99.764
1504 99.764
1505 99.764
1506 99.764
1507 102.438
1508 102.438
1509 102.438
1510 102.438
1511 102.438
1512 102.438
1513 102.438
1514 102.438
1515 102.438
1516 102.438
1517 102.438
1518 102.438
1519 102.438
1520 105.912
1521 105.912
1522 105.912
1523 105.912
1524 105.912
1525 105.912
1526 105.912
1527 105.912
1528 105.912
1529 105.912
1530 105.912
1531 105.912
1532 105.912
1533 105.912
1534 105.912
1535 105.912
1536 105.912
1537 105.912
1538 105.912
1539 105.912
1540 105.912
1541 105.912
1542 105.912
1543 105.912
1544 105.912
1545 105.912
1546 105.912
1547 105.912
1548 105.912
1549 105.912
1550 105.912
1551 105.912
1552 105.912
1553 105.912
1554 105.912
1555 105.912
1556 105.912
1557 105.912
1558 105.912
1559 105.912
1560 105.912
1561 105.912
1562 105.912
1563 105.912
1564 105.912
1565 105.912
1566 105.912
1567 105.912
1568 105.912
1569 105.912
1570 105.912
1571 105.912
1572 105.912
1573 105.912
1574 105.912
1575 105.912
1576 105.912
1577 105.912
1578 105.912
1579 109.146
1580 109.146
1581 109.146
1582 109.146
1583 109.146
1584 112.652
1585 112.652
1586 112.652
1587 112.652
1588 112.652
1589 112.652
1590 112.652
1591 112.652
1592 112.652
1593 112.652
1594 112.652
1595 112.652
1596 112.652
1597 112.652
1598 112.652
1599 112.652
1600 112.652
1601 112.652
1602 112.652
1603 112.652
1604 112.652
1605 112.652
1606 112.652
1607 112.652
1608 112.652
1609 112.652
1610 112.652
1611 112.652
1612 112.652
1613 112.652
1614 112.652
1615 112.652
1616 112.652
1617 112.652
1618 112.652
1619 112.652
1620 112.652
1621 112.652
1622 112.652
1623 112.652
1624 112.652
1625 112.652
1626 112.652
1627 112.652
1628 112.652
1629 112.652
1630 112.652
1631 112.652
1632 112.652
1633 112.652
1634 112.652
1635 112.652
1636 115.053
1637 115.053
1638 115.053
1639 115.053
1640 115.053
1641 115.053
1642 115.053
1643 115.053
1644 115.053
1645 115.053
1646 115.053
1647 115.053
1648 115.053
1649 115.053
1650 115.053
1651 115.053
1652 115.053
1653 115.053
1654 115.053
1655 115.053
1656 115.053
1657 115.053
1658 115.053
1659 115.053
1660 115.053
1661 115.053
1662 115.053
1663 115.053
1664 115.053
1665 115.053
1666 115.053
1667 115.053
1668 115.968
1669 115.968
1670 120.212
1671 120.212
1672 120.212
1673 120.212
1674 120.212
1675 120.212
1676 124.434
1677 124.434
1678 124.434
1679 124.434
1680 124.434
1681 124.434
1682 124.434
1683 124.434
1684 124.434
1685 124.434
1686 124.434
1687 124.434
1688 124.434
1689 124.434
1690 124.434
1691 124.434
1692 124.434
1693 124.434
1694 124.434
1695 124.434
1696 124.434
1697 124.434
1698 124.434
1699 124.434
1700 124.434
1701 124.434
1702 124.434
1703 124.434
1704 124.434
1705 124.434
1706 124.434
1707 124.434
1708 124.434
1709 124.434
1710 124.434
1711 124.434
1712 124.434
1713 124.434
1714 124.434
1715 124.434
1716 124.434
1717 124.434
1718 124.434
1719 124.434
1720 124.434
1721 124.434
1722 124.434
1723 124.434
1724 124.434
1725 124.434
1726 124.434
1727 124.434
1728 124.434
1729 124.434
1730 124.434
1731 124.434
1732 124.434
1733 124.434
1734 124.434
1735 124.434
1736 124.434
1737 124.434
1738 124.434
1739 124.434
1740 124.434
1741 124.434
1742 124.434
1743 124.434
1744 124.434
1745 124.434
1746 124.434
1747 124.434
1748 124.434
1749 124.434
1750 124.434
1751 124.434
1752 124.434
1753 124.434
1754 124.434
1755 124.434
1756 124.434
1757 124.434
1758 124.434
1759 124.434
1760 124.434
1761 124.434
1762 124.434
1763 124.434
1764 124.434
1765 124.434
1766 124.434
1767 124.434
1768 124.434
1769 124.434
1770 124.434
1771 124.434
1772 124.434
1773 124.434
1774 124.434
1775 124.434
1776 124.434
1777 124.434
1778 124.434
1779 124.434
1780 124.434
1781 124.434
1782 124.434
1783 124.434
1784 124.434
1785 124.434
1786 124.434
1787 124.434
1788 124.434
1789 124.434
1790 124.434
1791 124.434
1792 124.434
1793 124.434
1794 124.434
1795 124.434
1796 124.434
1797 124.434
1798 128.814
1799 128.814
1800 128.814
1801 128.814
1802 128.814
1803 128.814
1804 128.814
1805 128.814
1806 128.814
1807 128.814
1808 128.814
1809 128.814
1810 128.814
1811 128.533
1812 128.533
1813 128.533
1814 128.533
1815 128.533
1816 128.533
1817 128.533
1818 128.533
1819 128.533
1820 128.533
1821 128.533
1822 128.533
1823 128.533
1824 128.533
1825 128.533
1826 128.533
1827 128.533
1828 128.533
1829 128.533
1830 128.533
1831 128.533
1832 128.533
1833 128.533
1834 128.533
1835 128.533
1836 128.533
1837 128.533
1838 128.533
1839 128.533
1840 128.533
1841 128.533
1842 128.533
1843 128.533
1844 128.533
1845 128.533
1846 128.533
1847 128.533
1848 128.533
1849 128.533
1850 128.533
1851 128.533
1852 128.533
1853 128.533
1854 128.533
1855 128.533
1856 128.533
1857 128.533
1858 128.533
1859 128.533
1860 128.533
1861 128.533
1862 128.533
1863 128.533
1864 128.533
1865 128.533
1866 128.533
1867 128.533
1868 128.533
1869 128.674
1870 128.674
1871 128.674
1872 128.674
1873 128.674
1874 129.912
1875 129.912
1876 129.912
1877 129.912
1878 129.912
1879 129.912
1880 129.912
1881 129.912
1882 129.912
1883 129.912
1884 129.912
1885 129.912
1886 129.912
1887 129.912
1888 129.912
1889 129.912
1890 129.912
1891 129.912
1892 129.912
1893 129.912
1894 129.912
1895 129.912
1896 129.912
1897 129.912
1898 129.912
1899 129.912
1900 129.912
1901 129.912
1902 129.912
1903 129.912
1904 129.912
1905 129.912
1906 129.912
1907 129.912
1908 129.912
1909 129.912
1910 129.912
1911 129.912
1912 129.912
1913 129.912
1914 129.912
1915 129.912
1916 129.912
1917 129.912
1918 129.912
1919 129.912
1920 129.912
1921 129.912
1922 129.912
1923 129.912
1924 129.912
1925 129.912
1926 129.912
1927 129.912
1928 129.912
1929 129.912
1930 129.912
1931 129.912
1932 129.912
1933 129.912
1934 129.912
1935 129.912
1936 129.912
1937 129.912
1938 129.912
1939 129.912
1940 129.912
1941 129.912
1942 129.912
1943 129.912
1944 129.912
1945 129.912
1946 129.912
1947 129.912
1948 129.912
1949 129.912
1950 129.912
1951 129.912
1952 129.912
1953 129.912
1954 129.912
1955 129.912
1956 129.912
1957 129.912
1958 129.912
1959 129.912
1960 129.912
1961 129.912
1962 129.912
1963 129.912
1964 129.912
1965 129.912
1966 129.912
1967 129.912
1968 129.912
1969 129.912
1970 129.912
1971 129.912
1972 129.912
1973 129.912
1974 129.912
1975 129.912
1976 129.912
1977 129.912
1978 129.912
1979 129.912
1980 129.912
1981 129.912
1982 129.912
1983 129.912
1984 129.912
1985 129.912
1986 129.912
1987 129.912
1988 129.912
1989 129.912
1990 129.912
1991 129.912
1992 129.912
1993 129.912
1994 129.912
1995 129.912
1996 129.912
1997 129.912
1998 129.912
1999 129.912
2000 129.912
2001 129.912
2002 129.912
2003 129.912
2004 129.912
2005 129.912
2006 129.912
2007 129.912
2008 129.912
2009 129.912
2010 129.912
2011 129.912
2012 129.912
2013 129.912
2014 129.912
2015 129.912
2016 129.912
2017 129.912
2018 129.912
2019 129.912
2020 129.912
2021 129.912
2022 131.464
2023 131.464
2024 131.464
2025 131.464
2026 131.464
2027 131.464
2028 131.464
2029 131.464
2030 131.464
2031 131.464
2032 131.464
2033 131.464
2034 131.464
2035 131.464
2036 131.464
2037 131.464
2038 131.464
2039 131.464
2040 131.464
2041 131.464
2042 131.464
2043 131.464
2044 131.464
2045 131.464
2046 131.464
2047 131.464
2048 131.464
2049 131.464
2050 131.464
2051 131.464
2052 131.464
2053 131.464
2054 131.464
2055 131.464
2056 131.464
2057 131.464
2058 131.464
2059 131.464
2060 131.464
2061 131.464
2062 131.464
2063 131.464
2064 131.464
2065 131.464
2066 131.464
2067 131.464
2068 131.464
2069 131.464
2070 131.464
2071 131.464
2072 131.464
2073 131.464
2074 131.464
2075 131.464
2076 131.464
2077 131.464
2078 131.464
2079 131.464
2080 131.464
2081 131.464
2082 131.464
2083 131.464
2084 131.464
2085 131.464
2086 131.464
2087 131.464
2088 131.464
2089 131.464
2090 131.464
2091 131.464
2092 131.464
2093 131.464
2094 131.464
2095 131.464
2096 131.464
2097 131.464
2098 131.464
2099 131.464
2100 131.464
2101 131.464
2102 131.464
2103 131.464
2104 131.464
2105 131.464
2106 131.464
2107 131.464
2108 131.464
2109 131.464
2110 131.464
2111 133.635
2112 133.635
2113 133.635
2114 133.635
2115 133.635
2116 133.635
2117 133.635
2118 133.635
2119 133.635
2120 133.635
2121 133.635
2122 133.635
2123 133.635
2124 133.635
2125 133.635
2126 133.635
2127 133.635
2128 133.635
2129 133.635
2130 133.635
2131 133.635
2132 133.635
2133 133.635
2134 133.635
2135 133.635
2136 133.635
2137 133.635
2138 133.635
2139 133.635
2140 133.635
2141 133.635
2142 133.635
2143 133.635
2144 133.635
2145 133.635
2146 132.278
2147 132.278
2148 132.278
2149 132.278
2150 132.278
2151 132.278
2152 132.278
2153 132.278
2154 132.278
2155 132.278
2156 132.278
2157 132.278
2158 132.278
2159 132.278
2160 132.278
2161 132.278
2162 132.278
2163 132.278
2164 132.278
2165 132.278
2166 132.278
2167 132.278
2168 132.278
2169 132.278
2170 132.278
2171 132.278
2172 132.278
2173 132.278
2174 132.278
2175 132.278
2176 132.278
2177 132.278
2178 132.278
2179 132.278
2180 132.278
2181 132.278
2182 134.448
2183 134.448
2184 134.448
2185 134.448
2186 134.448
2187 134.448
2188 134.448
2189 134.448
2190 134.448
2191 134.448
2192 134.448
2193 134.448
2194 134.448
2195 134.448
2196 134.448
2197 134.448
2198 134.448
2199 134.448
2200 134.448
2201 134.448
2202 134.448
2203 134.448
2204 134.448
2205 134.448
2206 134.448
2207 134.448
2208 134.448
2209 134.448
2210 134.448
2211 134.448
2212 134.448
2213 134.448
2214 134.448
2215 134.448
2216 134.448
2217 134.448
2218 134.448
2219 134.448
2220 134.448
2221 134.448
2222 134.448
2223 134.448
2224 134.448
2225 134.448
2226 134.448
2227 134.448
2228 134.448
2229 134.448
2230 134.448
2231 134.448
2232 134.448
2233 134.448
2234 134.448
2235 134.448
2236 134.448
2237 134.448
2238 134.448
2239 134.448
2240 134.448
2241 134.448
2242 134.448
2243 134.448
2244 134.448
2245 134.448
2246 134.448
2247 134.448
2248 134.448
2249 134.448
2250 134.448
2251 134.448
2252 134.448
2253 134.448
2254 134.448
2255 134.448
2256 134.448
2257 134.448
2258 134.448
2259 134.448
2260 134.448
2261 134.448
2262 134.448
2263 134.448
2264 134.448
2265 134.448
2266 134.448
2267 134.448
2268 134.448
2269 134.448
2270 134.448
2271 134.448
2272 134.448
2273 134.448
2274 134.448
2275 134.448
2276 134.448
2277 134.448
2278 134.448
2279 134.448
2280 134.448
2281 134.448
2282 134.448
2283 134.448
2284 134.448
2285 134.448
2286 134.448
2287 134.448
2288 134.448
2289 134.448
2290 134.448
2291 134.448
2292 134.448
2293 134.448
2294 134.448
2295 134.448
2296 134.448
2297 134.448
2298 134.448
2299 134.448
2300 134.448
2301 134.448
2302 134.448
2303 134.448
2304 134.448
2305 134.448
2306 134.448
2307 134.448
2308 134.448
2309 134.448
2310 134.448
2311 134.448
2312 134.448
2313 134.448
2314 134.448
2315 134.448
2316 134.448
2317 134.448
2318 134.448
2319 139.875
2320 139.875
2321 139.875
2322 139.875
2323 139.875
2324 139.875
2325 139.875
2326 139.875
2327 139.875
2328 139.875
2329 139.875
2330 139.875
2331 139.875
2332 139.875
2333 139.875
2334 139.875
2335 139.875
2336 139.875
2337 139.875
2338 139.875
2339 139.875
2340 139.875
2341 139.875
2342 139.875
2343 139.875
2344 139.875
2345 139.875
2346 139.875
2347 139.875
2348 139.875
2349 139.875
2350 139.875
2351 139.875
2352 139.875
2353 139.875
2354 139.875
2355 139.875
2356 139.875
2357 139.875
2358 139.875
2359 139.875
2360 139.875
2361 139.875
2362 139.875
2363 139.875
2364 139.875
2365 139.875
2366 139.875
2367 139.875
2368 139.875
2369 139.875
2370 139.875
2371 139.875
2372 139.875
2373 139.875
2374 139.875
2375 139.875
2376 139.875
2377 139.875
2378 139.875
2379 139.875
2380 139.875
2381 139.875
2382 139.875
2383 139.875
2384 139.875
2385 139.875
2386 139.875
2387 139.875
2388 139.875
2389 139.875
2390 139.875
2391 139.875
2392 139.875
2393 139.875
2394 139.875
2395 139.875
2396 139.875
2397 139.875
2398 139.875
2399 139.875
2400 139.875
2401 139.875
2402 139.875
2403 139.875
2404 139.875
2405 139.875
2406 139.875
2407 139.875
2408 139.875
2409 139.875
2410 139.875
2411 139.875
2412 139.875
2413 139.875
2414 139.875
2415 139.875
2416 139.875
2417 139.875
2418 139.875
2419 139.875
2420 139.875
2421 139.875
2422 139.875
2423 139.875
2424 139.875
2425 139.875
2426 139.875
2427 139.875
2428 139.875
2429 139.875
2430 139.875
2431 139.875
2432 139.875
2433 139.875
2434 139.875
2435 139.875
2436 139.875
2437 139.875
2438 139.875
2439 139.875
2440 139.875
2441 139.875
2442 139.875
2443 139.875
2444 139.875
2445 139.875
2446 139.875
2447 139.875
2448 139.875
2449 139.875
2450 139.875
2451 144.100
2452 144.100
2453 144.100
2454 144.100
2455 144.100
2456 144.100
2457 144.100
2458 144.100
2459 144.100
2460 144.100
2461 144.100
2462 144.100
2463 144.100
2464 144.100
2465 144.100
2466 144.573
2467 144.573
2468 144.573
2469 144.573
2470 144.573
2471 144.573
2472 144.573
2473 144.573
2474 144.573
2475 144.573
2476 144.573
2477 144.573
2478 144.573
2479 144.573
2480 144.573
2481 144.573
2482 144.573
2483 144.573
2484 144.573
2485 144.573
2486 144.573
2487 144.573
2488 144.573
2489 144.573
2490 144.573
2491 144.573
2492 144.573
2493 144.573
2494 144.573
2495 144.573
2496 144.573
2497 144.573
2498 144.573
2499 144.573
2500 144.573
2501 144.573
2502 144.573
2503 144.573
2504 144.573
2505 144.573
2506 144.573
2507 144.573
2508 144.573
2509 144.573
2510 144.573
2511 144.573
2512 144.573
2513 144.573
2514 144.573
2515 144.573
2516 144.573
2517 144.573
2518 144.573
2519 144.573
2520 144.573
2521 144.573
2522 144.573
2523 144.573
2524 144.573
2525 144.573
2526 144.573
2527 144.573
2528 144.573
2529 144.573
2530 144.573
2531 144.573
2532 144.573
2533 144.573
2534 144.573
2535 144.573
2536 144.573
2537 144.573
2538 144.573
2539 144.573
2540 144.573
2541 144.573
2542 144.573
2543 144.573
2544 144.573
2545 144.573
2546 144.573
2547 144.573
2548 144.573
2549 144.573
2550 144.573
2551 130.875
2552 130.875
2553 130.875
2554 130.875
2555 130.875
2556 130.875
2557 130.875
2558 130.875
2559 130.875
2560 130.875
2561 130.875
2562 130.886
2563 130.886
2564 130.886
2565 130.886
2566 130.886
2567 130.886
2568 130.886
2569 130.886
2570 130.886
2571 130.886
2572 130.886
2573 130.886
2574 130.886
2575 130.886
2576 130.886
2577 130.886
2578 130.886
2579 130.886
2580 130.886
2581 130.886
2582 130.886
2583 130.886
2584 130.886
2585 130.886
2586 130.886
2587 130.886
2588 130.886
2589 130.886
2590 130.886
2591 130.886
2592 130.886
2593 130.886
2594 130.886
2595 130.886
2596 130.886
2597 130.886
2598 130.886
2599 130.886
2600 130.886
2601 130.886
2602 130.886
2603 130.886
2604 130.886
2605 130.886
2606 130.886
2607 130.886
2608 130.886
2609 133.243
2610 133.243
2611 133.243
2612 133.243
2613 133.243
2614 133.243
2615 133.243
2616 133.243
2617 133.243
2618 133.243
2619 133.243
2620 133.243
2621 133.243
2622 133.243
2623 133.243
2624 133.243
2625 133.243
2626 133.243
2627 133.243
2628 133.243
2629 133.243
2630 133.243
2631 133.243
2632 133.243
2633 133.243
2634 133.243
2635 133.243
2636 133.243
2637 133.243
2638 133.243
2639 133.243
2640 133.243
2641 133.243
2642 133.243
2643 133.243
2644 133.243
2645 133.243
2646 133.243
2647 133.243
2648 133.243
2649 133.243
2650 133.243
2651 133.243
2652 133.243
2653 133.243
2654 133.243
2655 133.243
2656 133.243
2657 133.243
2658 133.243
2659 133.243
2660 133.243
2661 133.243
2662 133.243
2663 138.131
2664 146.549
2665 146.549
2666 146.549
2667 146.549
2668 146.549
2669 146.549
2670 146.549
2671 146.549
2672 146.549
2673 146.549
2674 146.549
2675 146.549
2676 146.549
2677 146.549
2678 146.549
2679 146.549
2680 146.549
2681 146.549
2682 146.549
2683 146.549
2684 146.549
2685 146.549
2686 146.549
2687 146.549
2688 146.549
2689 146.549
2690 146.549
2691 146.549
2692 146.549
2693 146.549
2694 146.549
2695 146.549
2696 146.549
2697 146.549
2698 146.549
2699 146.549
2700 146.549
2701 146.549
2702 146.549
2703 146.549
2704 146.549
2705 146.549
2706 146.549
2707 146.549
2708 146.549
2709 146.549
2710 146.549
2711 146.549
2712 146.549
2713 146.549
2714 146.549
2715 146.549
2716 146.549
2717 146.549
2718 146.549
2719 146.549
2720 146.549
2721 146.549
2722 146.549
2723 146.549
2724 146.549
2725 146.549
2726 146.549
2727 146.549
2728 146.549
2729 146.549
2730 146.549
2731 146.549
2732 146.549
2733 146.549
2734 146.549
2735 146.549
2736 146.549
2737 146.549
2738 146.549
2739 146.549
2740 146.549
2741 146.549
2742 146.549
2743 146.549
2744 146.549
2745 146.549
2746 146.549
2747 146.549
2748 146.549
2749 146.549
2750 146.549
2751 146.549
2752 146.549
2753 146.549
2754 146.549
2755 146.549
2756 146.549
2757 146.549
2758 146.549
2759 146.549
2760 146.549
2761 146.549
2762 146.549
2763 146.549
2764 146.549
2765 146.549
2766 146.549
2767 146.549
2768 146.549
2769 146.549
2770 146.549
2771 146.549
2772 146.549
2773 146.549
2774 146.549
2775 146.549
2776 146.549
2777 146.549
2778 146.549
2779 146.549
2780 146.549
2781 146.549
2782 146.549
2783 146.549
2784 146.549
2785 146.549
2786 146.549
2787 146.549
2788 146.549
2789 146.549
2790 146.549
2791 146.549
2792 146.549
2793 146.549
2794 146.549
2795 146.549
2796 146.549
2797 146.549
2798 146.549
2799 146.549
2800 151.361
2801 151.361
2802 151.361
2803 151.361
2804 151.361
2805 151.361
2806 157.513
2807 157.513
2808 157.513
2809 147.972
2810 147.972
2811 147.972
2812 147.972
2813 147.972
2814 151.105
2815 151.105
2816 151.105
2817 151.105
2818 151.105
2819 151.105
2820 151.105
2821 151.105
2822 151.105
2823 151.105
2824 151.105
2825 151.105
2826 151.105
2827 151.105
2828 151.105
2829 151.105
2830 151.105
2831 151.105
2832 151.105
2833 151.105
2834 151.105
2835 151.105
2836 151.105
2837 151.105
2838 151.105
2839 151.105
2840 151.105
2841 151.105
2842 151.105
2843 151.105
2844 151.105
2845 151.105
2846 151.105
2847 151.105
2848 151.105
2849 151.105
2850 151.105
2851 151.105
2852 151.105
2853 151.105
2854 151.105
2855 151.105
2856 151.105
2857 151.105
2858 151.105
2859 151.105
2860 151.105
2861 151.105
2862 151.105
2863 151.105
2864 151.105
2865 151.105
2866 151.105
2867 151.105
2868 151.105
2869 148.101
2870 148.101
2871 148.101
2872 148.101
2873 148.101
2874 148.101
2875 148.101
2876 148.101
2877 148.101
2878 148.101
2879 148.101
2880 148.101
2881 148.101
2882 148.101
2883 148.101
2884 148.101
2885 148.101
2886 148.101
2887 148.101
2888 148.101
2889 148.101
2890 148.101
2891 148.101
2892 148.101
2893 148.101
2894 148.101
2895 148.101
2896 148.101
2897 148.101
2898 148.101
2899 148.101
2900 148.101
2901 148.101
2902 148.101
2903 148.101
2904 148.101
2905 148.101
2906 148.101
2907 148.101
2908 148.101
2909 148.101
2910 148.101
2911 148.101
2912 148.101
2913 148.101
2914 148.101
2915 148.101
2916 148.101
2917 148.101
2918 148.101
2919 148.101
2920 148.101
2921 148.101
2922 148.101
2923 148.101
2924 148.101
2925 148.101
2926 148.101
2927 148.101
2928 148.101
2929 148.101
2930 148.101
2931 148.101
2932 148.101
2933 148.101
2934 148.101
2935 148.101
2936 148.101
2937 148.101
2938 148.101
2939 148.101
2940 148.101
2941 148.101
2942 148.101
2943 148.101
2944 145.882
2945 145.882
2946 145.882
2947 145.882
2948 145.882
2949 145.882
2950 145.882
2951 145.882
2952 145.882
2953 145.882
2954 145.882
2955 145.882
2956 145.882
2957 145.882
2958 145.882
2959 148.618
2960 148.618
2961 148.618
2962 148.618
2963 148.618
2964 148.618
2965 148.618
2966 148.618
2967 148.618
2968 148.618
2969 148.618
2970 148.618
2971 148.618
2972 148.618
2973 148.618
2974 148.618
2975 148.618
2976 148.618
2977 148.618
2978 148.618
2979 148.618
2980 148.618
2981 148.618
2982 148.618
2983 148.618
2984 148.618
2985 148.618
2986 148.618
2987 148.618
2988 148.618
2989 148.618
2990 148.618
2991 148.618
2992 148.618
2993 148.618
2994 148.618
2995 148.618
2996 148.618
2997 148.618
2998 148.618
2999 148.618
3000 148.618
3001 148.618
3002 148.618
3003 148.618
3004 148.618
3005 148.618
3006 148.618
3007 148.618
3008 148.618
3009 148.618
3010 148.618
3011 148.618
3012 148.618
3013 148.618
3014 148.618
3015 148.618
3016 148.618
3017 148.618
3018 148.618
3019 148.618
3020 148.618
3021 148.618
3022 148.618
3023 148.618
3024 148.618
3025 148.618
3026 148.618
3027 148.618
3028 148.618
3029 148.618
3030 148.618
3031 148.618
3032 148.618
3033 148.618
3034 148.618
3035 148.618
3036 148.618
3037 148.618
3038 148.618
3039 148.618
3040 148.618
3041 148.618
3042 148.618
3043 148.618
3044 148.618
3045 148.618
3046 148.618
3047 148.618
3048 148.618
3049 148.618
3050 148.618
3051 148.618
3052 148.618
3053 148.618
3054 148.228
3055 148.228
3056 148.228
3057 148.228
3058 148.228
3059 148.228
3060 148.228
3061 148.228
3062 148.228
3063 148.228
3064 148.228
3065 148.228
3066 148.228
3067 148.228
3068 148.228
3069 148.228
3070 148.228
3071 148.228
3072 148.228
3073 148.228
3074 148.228
3075 148.228
3076 148.228
3077 148.228
3078 148.228
3079 148.228
3080 148.228
3081 148.228
3082 148.228
3083 148.228
3084 148.228
3085 148.228
3086 148.228
3087 148.228
3088 146.304
3089 146.304
3090 146.304
3091 146.304
3092 146.304
3093 146.304
3094 146.304
3095 146.304
3096 146.304
3097 146.304
3098 146.304
3099 146.304
3100 146.304
3101 146.304
3102 146.304
3103 146.304
3104 146.304
3105 146.304
3106 146.304
3107 146.304
3108 146.304
3109 146.304
3110 146.304
3111 146.304
3112 146.304
3113 146.304
3114 146.304
3115 146.304
3116 146.304
3117 146.304
3118 146.304
3119 146.304
3120 146.304
3121 146.304
3122 146.304
3123 146.304
3124 146.304
3125 146.304
3126 146.304
3127 146.304
3128 146.304
3129 146.304
3130 146.304
3131 146.304
3132 146.304
3133 146.304
3134 146.304
3135 146.304
3136 146.304
3137 146.304
3138 146.304
3139 146.304
3140 146.304
3141 146.304
3142 146.304
3143 146.304
3144 146.304
3145 146.304
3146 146.304
3147 146.304
3148 146.304
3149 146.304
3150 146.304
3151 146.304
3152 146.304
3153 146.304
3154 146.304
3155 146.304
3156 146.304
3157 146.304
3158 146.304
3159 146.304
3160 146.304
3161 146.304
3162 146.304
3163 146.304
3164 146.304
3165 146.304
3166 146.304
3167 146.304
3168 146.304
3169 146.304
3170 146.304
3171 146.304
3172 146.304
3173 146.304
3174 146.304
3175 146.304
3176 146.304
3177 146.304
3178 146.304
3179 146.304
3180 146.304
3181 146.304
3182 146.304
3183 146.304
3184 146.304
3185 146.304
3186 146.304
3187 146.304
3188 146.304
3189 146.304
3190 146.304
3191 146.304
3192 146.304
3193 146.304
3194 146.304
3195 146.304
3196 146.304
3197 146.304
3198 146.304
3199 146.304
3200 146.304
3201 146.304
3202 146.304
3203 146.304
3204 146.304
3205 146.304
3206 146.304
3207 146.304
3208 146.304
3209 146.304
3210 146.304
3211 146.304
3212 146.304
3213 146.304
3214 146.304
3215 146.304
3216 146.304
3217 146.304
3218 146.304
3219 146.304
3220 146.304
3221 146.304
3222 146.304
3223 146.304
3224 146.304
3225 146.304
3226 146.304
3227 146.304
3228 146.304
3229 146.304
3230 146.304
3231 146.304
3232 146.304
3233 146.304
3234 146.304
3235 146.304
3236 146.304
3237 146.304
3238 146.304
3239 146.304
3240 146.304
3241 146.304
3242 146.304
3243 146.304
3244 146.304
3245 146.304
3246 146.304
3247 146.304
3248 146.304
3249 146.304
3250 146.304
3251 146.304
3252 146.304
3253 146.304
3254 146.304
3255 146.304
3256 146.304
3257 146.304
3258 146.304
3259 146.304
3260 146.304
3261 146.304
3262 146.304
3263 151.349
3264 151.349
3265 151.349
3266 151.349
3267 151.349
3268 151.349
3269 151.349
3270 151.349
3271 151.349
3272 151.349
3273 151.349
3274 151.349
3275 151.349
3276 151.349
3277 151.349
3278 151.349
3279 151.349
3280 151.349
3281 151.349
3282 151.349
3283 151.349
3284 151.349
3285 151.349
3286 151.349
3287 151.349
3288 151.349
3289 151.349
3290 151.349
3291 151.349
3292 151.349
3293 151.349
3294 151.349
3295 151.349
3296 151.349
3297 151.349
3298 151.349
3299 151.349
3300 151.349
3301 151.349
3302 151.349
3303 151.349
3304 151.349
3305 151.349
3306 151.349
3307 151.349
3308 151.349
3309 151.349
3310 151.349
3311 151.349
3312 151.349
3313 151.349
3314 151.349
3315 154.219
3316 154.219
3317 154.219
3318 154.219
3319 154.219
3320 154.219
3321 154.219
3322 154.219
3323 154.219
3324 154.219
3325 154.219
3326 154.219
3327 154.219
3328 154.219
3329 154.219
3330 154.219
3331 154.219
3332 154.219
3333 154.219
3334 154.219
3335 154.219
3336 154.219
3337 154.219
3338 154.219
3339 154.219
3340 154.219
3341 154.219
3342 154.219
3343 154.219
3344 154.219
3345 154.219
3346 154.219
3347 154.219
3348 154.219
3349 154.219
3350 154.219
3351 154.219
3352 154.219
3353 154.219
3354 154.219
3355 154.219
3356 154.219
3357 154.219
3358 154.219
3359 154.219
3360 154.219
3361 154.219
3362 154.219
3363 154.219
3364 154.219
3365 154.219
3366 154.219
3367 154.219
3368 154.219
3369 154.219
3370 154.219
3371 154.219
3372 154.219
3373 154.219
3374 154.219
3375 154.219
3376 154.219
3377 154.219
3378 154.219
3379 154.219
3380 154.219
3381 154.219
3382 154.219
3383 154.219
3384 154.219
3385 154.219
3386 154.219
3387 154.219
3388 154.219
3389 154.219
3390 154.219
3391 154.219
3392 154.219
3393 154.219
3394 154.219
3395 154.219
3396 154.219
3397 154.219
3398 154.219
3399 154.219
3400 154.219
3401 154.219
3402 154.219
3403 154.219
3404 154.219
3405 154.219
3406 154.219
3407 154.219
3408 154.219
3409 154.219
3410 154.219
3411 154.219
3412 154.219
3413 154.219
3414 154.219
3415 154.219
3416 154.219
3417 154.219
3418 154.219
3419 154.219
3420 154.219
3421 154.219
3422 154.219
3423 154.219
3424 154.219
3425 154.219
3426 154.219
3427 154.219
3428 154.219
3429 154.219
3430 154.219
3431 154.219
3432 154.219
3433 154.219
3434 154.219
3435 154.219
3436 154.219
3437 154.219
3438 154.219
3439 154.219
3440 154.219
3441 154.219
3442 154.219
3443 154.219
3444 154.219
3445 154.219
3446 154.219
3447 154.219
3448 154.219
3449 154.219
3450 154.219
3451 154.219
3452 154.219
3453 154.219
3454 154.219
3455 154.219
3456 154.219
3457 154.219
3458 154.219
3459 154.219
3460 154.219
3461 154.219
3462 154.219
3463 154.219
3464 154.219
3465 154.219
3466 154.219
3467 154.219
3468 154.219
3469 154.219
3470 154.219
3471 154.219
3472 154.219
3473 154.219
3474 154.219
3475 154.219
3476 154.219
3477 154.219
3478 154.219
3479 154.219
3480 154.219
3481 154.219
3482 154.219
3483 154.219
3484 154.219
3485 154.219
3486 154.219
3487 154.219
3488 154.219
3489 154.219
3490 154.219
3491 154.219
3492 154.219
3493 154.219
3494 154.219
3495 154.219
3496 154.219
3497 154.219
3498 154.219
3499 154.219
3500 154.219
3501 154.219
3502 154.219
3503 154.219
3504 154.219
3505 154.219
3506 154.219
3507 154.219
3508 154.219
3509 154.219
3510 154.219
3511 154.219
3512 154.219
3513 154.219
3514 154.219
3515 154.219
3516 154.219
3517 154.219
3518 154.219
3519 154.219
3520 154.219
3521 154.219
3522 154.219
3523 154.219
3524 154.219
3525 154.219
3526 154.219
3527 154.219
3528 154.219
3529 154.219
3530 154.219
3531 154.219
3532 154.219
3533 154.219
3534 154.219
3535 154.219
3536 154.219
3537 154.219
3538 154.219
3539 154.219
3540 154.219
3541 154.219
3542 154.219
3543 154.219
3544 154.219
3545 154.219
3546 154.219
3547 154.219
3548 154.219
3549 154.219
3550 154.219
3551 154.219
3552 154.219
3553 154.219
3554 154.219
3555 154.219
3556 154.219
3557 154.219
3558 154.219
3559 154.219
3560 154.219
3561 154.219
3562 154.219
3563 154.219
3564 154.219
3565 154.219
3566 154.219
3567 154.219
3568 154.219
3569 154.219
3570 154.219
3571 154.219
3572 154.219
3573 154.219
3574 154.219
3575 154.219
3576 154.219
3577 154.219
3578 154.219
3579 154.219
3580 154.219
3581 154.219
3582 154.219
3583 154.219
3584 154.219
3585 154.219
3586 154.219
3587 154.219
3588 154.219
3589 154.219
3590 154.219
3591 154.219
3592 154.219
3593 154.219
3594 154.219
3595 154.219
3596 154.219
3597 154.219
3598 154.219
3599 154.219
3600 154.219
3601 154.219
3602 154.219
3603 154.219
3604 154.219
3605 154.219
3606 154.219
3607 154.219
3608 154.219
3609 154.219
3610 154.219
3611 154.219
3612 154.219
3613 154.219
3614 154.219
3615 154.219
3616 154.219
3617 154.219
3618 154.219
3619 154.219
3620 154.219
3621 154.219
3622 154.219
3623 154.219
3624 154.219
3625 154.219
3626 154.219
3627 154.219
3628 154.219
3629 154.219
3630 154.219
3631 154.219
3632 154.219
3633 154.219
3634 154.219
3635 154.219
3636 154.219
3637 154.219
3638 154.219
3639 154.219
3640 154.219
3641 154.219
3642 154.219
3643 154.219
3644 154.219
3645 154.219
3646 154.219
3647 154.219
3648 154.219
3649 154.219
3650 166.130
3651 166.130
3652 166.130
3653 166.130
3654 166.130
3655 166.130
3656 166.130
3657 166.130
3658 166.130
3659 166.130
3660 166.130
3661 166.130
3662 166.130
3663 166.130
3664 166.130
3665 166.130
3666 166.130
3667 166.130
3668 166.130
3669 166.130
3670 166.130
3671 166.130
3672 166.130
3673 166.130
3674 166.130
3675 166.130
3676 166.130
3677 166.130
3678 166.130
3679 166.130
3680 166.130
3681 166.130
3682 166.130
3683 166.130
3684 166.130
3685 166.130
3686 166.130
3687 166.130
3688 166.130
3689 166.130
3690 166.130
3691 166.130
3692 166.130
3693 166.130
3694 166.130
3695 166.130
3696 166.130
3697 166.130
3698 166.130
3699 166.130
3700 166.130
3701 166.130
3702 166.130
3703 166.130
3704 166.130
3705 166.130
3706 166.130
3707 166.130
3708 166.130
3709 166.130
3710 163.713
3711 163.713
3712 163.713
3713 163.713
3714 163.713
3715 163.713
3716 163.713
3717 163.713
3718 163.713
3719 163.713
3720 163.713
3721 163.713
3722 163.713
3723 163.713
3724 163.713
3725 163.713
3726 163.713
3727 163.713
3728 163.713
3729 163.713
3730 163.713
3731 163.713
3732 163.713
3733 163.713
3734 163.713
3735 163.713
3736 163.713
3737 163.713
3738 163.713
3739 163.713
3740 163.713
3741 163.713
3742 163.713
3743 163.713
3744 163.713
3745 163.713
3746 163.713
3747 163.713
3748 163.713
3749 163.713
3750 163.713
3751 163.713
3752 163.713
3753 163.713
3754 163.713
3755 163.713
3756 163.713
3757 163.713
3758 163.713
3759 163.713
3760 163.713
3761 163.713
3762 163.713
3763 163.713
3764 163.713
3765 163.713
3766 163.713
3767 163.713
3768 163.713
3769 163.713
3770 163.713
3771 163.713
3772 163.713
3773 163.713
3774 163.713
3775 163.713
3776 163.713
3777 163.713
3778 163.713
3779 163.713
3780 163.713
3781 163.713
3782 163.713
3783 163.713
3784 163.713
3785 163.713
3786 163.713
3787 163.713
3788 163.713
3789 163.713
3790 163.713
3791 163.713
3792 163.713
3793 163.713
3794 163.713
3795 163.713
3796 163.713
3797 163.713
3798 163.713
3799 163.713
3800 163.713
3801 163.713
3802 163.713
3803 163.713
3804 163.713
3805 163.713
3806 163.713
3807 163.713
3808 163.713
3809 163.713
3810 163.713
3811 172.295
3812 172.295
3813 172.295
3814 172.295
3815 172.295
3816 172.295
3817 172.295
3818 172.295
3819 172.295
3820 172.295
3821 172.295
3822 172.295
3823 172.295
3824 172.295
3825 172.295
3826 172.295
3827 172.295
3828 172.295
3829 172.295
3830 172.295
3831 172.295
3832 172.295
3833 172.295
3834 172.295
3835 172.295
3836 172.295
3837 172.295
3838 172.295
3839 172.295
3840 172.295
3841 172.295
3842 172.295
3843 172.295
3844 172.295
3845 172.295
3846 172.295
3847 172.295
3848 172.295
3849 172.295
3850 172.295
3851 172.295
3852 172.295
3853 172.295
3854 172.295
3855 172.295
3856 172.295
3857 172.295
3858 172.295
3859 172.295
3860 172.295
3861 172.295
3862 172.295
3863 172.295
3864 172.295
3865 172.295
3866 172.295
3867 172.295
3868 172.295
3869 172.295
3870 172.295
3871 172.295
3872 172.295
3873 172.295
3874 172.295
3875 172.295
3876 172.295
3877 172.295
3878 172.295
3879 172.295
3880 172.295
3881 172.295
3882 172.295
3883 172.295
3884 172.295
3885 172.295
3886 172.295
3887 172.295
3888 172.295
3889 172.295
3890 172.295
3891 172.295
3892 172.295
3893 172.295
3894 172.295
3895 172.295
3896 172.295
3897 172.295
3898 172.295
3899 172.295
3900 172.295
3901 172.295
3902 172.295
3903 172.295
3904 172.295
3905 172.295
3906 172.295
3907 172.295
3908 172.295
3909 172.295
3910 172.295
3911 172.295
3912 172.295
3913 172.295
3914 172.295
3915 172.295
3916 172.295
3917 172.295
3918 172.295
3919 172.295
3920 172.295
3921 172.295
3922 172.295
3923 172.295
3924 172.295
3925 172.295
3926 172.295
3927 172.295
3928 172.295
3929 172.295
3930 172.295
3931 172.295
3932 172.295
3933 172.295
3934 172.295
3935 172.295
3936 172.295
3937 172.295
3938 172.295
3939 172.295
3940 172.295
3941 172.295
3942 172.295
3943 172.295
3944 172.295
3945 172.295
3946 172.295
3947 172.295
3948 172.295
3949 172.295
3950 172.295
3951 172.295
3952 172.295
3953 172.295
3954 172.295
3955 172.295
3956 172.295
3957 172.295
3958 172.295
3959 172.295
3960 172.295
3961 172.295
3962 172.295
3963 172.295
3964 172.295
3965 172.295
3966 172.295
3967 172.295
3968 172.295
3969 172.295
3970 172.295
3971 172.295
3972 172.295
3973 172.295
3974 172.295
3975 172.295
3976 172.295
3977 172.295
3978 172.295
3979 172.295
3980 172.295
3981 172.295
3982 172.295
3983 172.295
3984 172.295
3985 172.295
3986 172.295
3987 172.295
3988 172.295
3989 172.295
3990 172.295
3991 172.295
3992 172.295
3993 172.295
3994 172.295
3995 172.295
3996 172.295
3997 172.295
3998 172.295
3999 172.295
4000 172.295
4001 172.295
4002 172.295
4003 172.295
4004 172.295
4005 172.295
4006 172.295
4007 172.295
4008 172.295
4009 172.295
4010 172.295
4011 172.295
4012 172.295
4013 172.295
4014 172.295
4015 172.295
4016 172.295
4017 172.295
4018 172.295
4019 172.295
4020 172.295
4021 172.295
4022 172.295
4023 172.295
4024 172.295
4025 172.295
4026 172.295
4027 172.295
4028 172.295
4029 172.295
4030 172.295
4031 172.295
4032 172.295
4033 172.295
4034 172.295
4035 172.295
4036 172.295
4037 172.295
4038 172.295
4039 172.295
4040 172.295
4041 172.295
4042 172.295
4043 172.295
4044 172.295
4045 172.295
4046 172.295
4047 172.295
4048 172.295
4049 172.295
4050 172.295
4051 172.295
4052 172.295
4053 172.295
4054 172.295
4055 172.295
4056 172.295
4057 172.295
4058 172.295
4059 172.295
4060 172.295
4061 172.295
4062 172.295
4063 172.295
4064 172.295
4065 172.295
4066 172.295
4067 172.295
4068 172.295
4069 172.295
4070 172.295
4071 172.295
4072 172.295
4073 172.295
4074 172.295
4075 172.295
4076 172.295
4077 172.295
4078 172.295
4079 172.295
4080 172.295
4081 172.295
4082 172.295
4083 172.295
4084 172.295
4085 172.295
4086 172.295
4087 172.295
4088 172.295
4089 172.295
4090 172.295
4091 172.295
4092 178.711
4093 178.711
4094 178.711
4095 178.711
4096 178.711
4097 178.711
4098 178.711
4099 178.711
4100 178.711
4101 178.711
4102 178.711
4103 178.711
4104 178.711
4105 178.711
4106 178.711
4107 178.711
4108 178.711
4109 178.711
4110 178.711
4111 178.711
4112 178.711
4113 178.711
4114 178.711
4115 178.711
4116 178.711
4117 178.711
4118 178.711
4119 178.711
4120 178.711
4121 178.711
4122 178.711
4123 178.711
4124 178.711
4125 178.711
4126 178.711
4127 178.711
4128 178.711
4129 178.711
4130 178.711
4131 178.711
4132 178.711
4133 178.711
4134 178.711
4135 178.711
4136 178.711
4137 178.711
4138 178.711
4139 178.711
4140 178.711
4141 178.711
4142 178.711
4143 178.711
4144 178.711
4145 178.711
4146 178.711
4147 178.711
4148 178.711
4149 178.711
4150 178.711
4151 178.711
4152 178.711
4153 178.711
4154 178.711
4155 178.711
4156 178.711
4157 178.711
4158 178.711
4159 178.711
4160 178.711
4161 178.711
4162 178.711
4163 178.711
4164 178.711
4165 178.711
4166 178.711
4167 178.711
4168 178.711
4169 178.711
4170 178.711
4171 178.711
4172 178.711
4173 178.711
4174 178.711
4175 178.711
4176 178.711
4177 178.711
4178 178.711
4179 178.711
4180 178.711
4181 178.711
4182 178.711
4183 178.711
4184 178.711
4185 178.711
4186 178.711
4187 178.711
4188 178.711
4189 178.711
4190 178.711
4191 178.711
4192 178.711
4193 178.711
4194 178.711
4195 178.711
4196 178.711
4197 178.711
4198 178.711
4199 178.711
4200 178.711
4201 178.711
4202 178.711
4203 178.711
4204 178.711
4205 178.711
4206 178.711
4207 178.711
4208 178.711
4209 178.711
4210 178.711
4211 178.711
4212 178.711
4213 178.711
4214 178.711
4215 178.711
4216 178.711
4217 178.711
4218 178.711
4219 178.711
4220 178.711
4221 178.711
4222 178.711
4223 178.711
4224 178.711
4225 178.711
4226 178.711
4227 178.711
4228 178.711
4229 178.711
4230 178.711
4231 178.711
4232 178.711
4233 178.711
4234 178.711
4235 178.711
4236 178.711
4237 178.711
4238 178.711
4239 178.711
4240 178.711
4241 178.711
4242 178.711
4243 178.711
4244 178.711
4245 178.711
4246 178.711
4247 178.711
4248 178.711
4249 178.711
4250 178.711
4251 178.711
4252 178.711
4253 178.711
4254 178.711
4255 178.711
4256 178.711
4257 178.711
4258 178.711
4259 178.711
4260 178.711
4261 178.711
4262 178.711
4263 178.711
4264 178.711
4265 178.711
4266 190.118
4267 190.118
4268 190.118
4269 190.118
4270 190.118
4271 190.118
4272 190.118
4273 190.118
4274 190.118
4275 190.118
4276 190.118
4277 190.118
4278 190.118
4279 190.118
4280 190.118
4281 190.118
4282 190.118
4283 190.118
4284 190.118
4285 190.118
4286 190.118
4287 190.118
4288 190.118
4289 190.118
4290 190.118
4291 190.118
4292 190.118
4293 190.118
4294 190.118
4295 190.118
4296 190.118
4297 190.118
4298 190.118
4299 190.118
4300 190.118
4301 190.118
4302 190.118
4303 190.118
4304 190.118
4305 190.118
4306 190.118
4307 190.118
4308 190.118
4309 190.118
4310 190.118
4311 190.118
4312 190.118
4313 190.118
4314 190.118
4315 190.118
4316 190.118
4317 190.118
4318 190.118
4319 190.118
4320 190.118
4321 190.118
4322 190.118
4323 190.118
4324 190.118
4325 190.118
4326 190.118
4327 190.118
4328 190.118
4329 190.118
4330 190.118
4331 190.118
4332 190.118
4333 190.118
4334 190.118
4335 190.118
4336 190.118
4337 190.118
4338 190.118
4339 190.118
4340 190.118
4341 190.118
4342 190.118
4343 190.118
4344 190.118
4345 190.118
4346 190.118
4347 190.118
4348 190.118
4349 190.118
4350 190.118
4351 190.118
4352 190.118
4353 190.118
4354 190.118
4355 190.118
4356 190.118
4357 190.118
4358 190.118
4359 190.118
4360 190.118
4361 190.118
4362 190.118
4363 190.118
4364 190.118
4365 190.118
4366 190.118
4367 190.118
4368 190.118
4369 190.118
4370 190.118
4371 190.118
4372 190.118
4373 190.118
4374 190.118
4375 190.118
4376 190.118
4377 190.118
4378 190.118
4379 190.118
4380 190.118
4381 190.118
4382 190.118
4383 190.118
4384 190.118
4385 190.118
4386 190.118
4387 190.118
4388 190.118
4389 190.118
4390 190.118
4391 190.118
4392 190.118
4393 190.118
4394 190.118
4395 190.118
4396 190.118
4397 190.118
4398 190.118
4399 190.118
4400 190.118
4401 190.118
4402 190.118
4403 190.118
4404 190.118
4405 190.118
4406 190.118
4407 190.118
4408 190.118
4409 190.118
4410 190.118
4411 190.118
4412 190.118
4413 190.118
4414 190.118
4415 190.118
4416 190.118
4417 190.118
4418 190.118
4419 190.118
4420 190.118
4421 190.118
4422 190.118
4423 190.118
4424 190.118
4425 190.118
4426 190.118
4427 190.118
4428 190.118
4429 190.118
4430 190.118
4431 190.118
4432 190.118
4433 190.118
4434 190.118
4435 190.118
4436 190.118
4437 190.118
4438 190.118
4439 190.118
4440 190.118
4441 190.118
4442 190.118
4443 190.118
4444 190.118
4445 190.118
4446 190.118
4447 190.118
4448 190.118
4449 190.118
4450 190.118
4451 190.118
4452 190.118
4453 190.118
4454 190.118
4455 190.118
4456 190.118
4457 190.118
4458 190.118
4459 190.118
4460 191.772
4461 191.772
4462 191.772
4463 191.772
4464 191.772
4465 191.772
4466 191.772
4467 191.772
4468 191.772
4469 191.772
4470 191.772
4471 191.772
4472 191.772
4473 191.772
4474 191.772
4475 191.772
4476 191.772
4477 191.772
4478 191.772
4479 191.772
4480 191.772
4481 191.772
4482 191.772
4483 191.772
4484 191.772
4485 191.772
4486 191.772
4487 191.772
4488 191.772
4489 191.772
4490 191.772
4491 191.772
4492 191.772
4493 191.772
4494 191.772
4495 191.772
4496 191.772
4497 191.772
4498 191.772
4499 191.772
4500 191.772
4501 191.772
4502 191.772
4503 191.772
4504 191.772
4505 191.772
4506 191.772
4507 191.772
4508 191.772
4509 191.772
4510 191.772
4511 191.772
4512 191.772
4513 191.772
4514 191.772
4515 191.772
4516 191.772
4517 191.772
4518 191.772
4519 191.772
4520 191.772
4521 191.772
4522 191.772
4523 191.772
4524 191.772
4525 191.772
4526 191.772
4527 191.772
4528 191.772
4529 191.772
4530 191.772
4531 191.772
4532 191.772
4533 191.772
4534 191.772
4535 191.772
4536 191.772
4537 191.772
4538 191.772
4539 191.772
4540 191.772
4541 191.772
4542 191.772
4543 191.772
4544 191.772
4545 191.772
4546 191.772
4547 191.772
4548 191.772
4549 191.772
4550 191.772
4551 191.772
4552 191.772
4553 191.772
4554 191.772
4555 191.772
4556 191.772
4557 191.772
4558 191.772
4559 191.772
4560 191.772
4561 191.772
4562 191.772
4563 191.772
4564 191.772
4565 191.772
4566 191.772
4567 191.772
4568 191.772
4569 191.772
4570 191.772
4571 191.772
4572 191.772
4573 191.772
4574 191.772
4575 191.772
4576 191.772
4577 191.772
4578 191.772
4579 191.772
4580 191.772
4581 191.772
4582 191.772
4583 191.772
4584 191.772
4585 191.772
4586 191.772
4587 191.772
4588 191.772
4589 191.772
4590 191.772
4591 191.772
4592 191.772
4593 191.772
4594 191.772
4595 191.772
4596 191.772
4597 191.772
4598 191.772
4599 191.772
4600 191.772
4601 191.772
4602 191.772
4603 191.772
4604 191.772
4605 191.772
4606 191.772
4607 191.772
4608 191.772
4609 191.772
4610 191.772
4611 191.772
4612 191.772
4613 191.772
4614 191.772
4615 191.772
4616 191.772
4617 191.772
4618 191.772
4619 191.772
4620 191.772
4621 191.772
4622 191.772
4623 191.772
4624 191.772
4625 191.772
4626 191.772
4627 191.772
4628 191.772
4629 191.772
4630 191.772
4631 191.772
4632 191.772
4633 191.772
4634 191.772
4635 191.772
4636 191.772
4637 191.772
4638 191.772
4639 191.772
4640 191.772
4641 191.772
4642 191.772
4643 191.772
4644 191.772
4645 191.772
4646 191.772
4647 191.772
4648 191.772
4649 191.772
4650 191.772
4651 191.772
4652 191.772
4653 191.772
4654 191.772
4655 191.772
4656 191.772
4657 191.772
4658 191.772
4659 191.772
4660 191.772
4661 191.772
4662 191.772
4663 191.772
4664 191.772
4665 191.772
4666 191.772
4667 191.772
4668 191.772
4669 191.772
4670 191.772
4671 191.772
4672 191.772
4673 191.772
4674 191.772
4675 191.772
4676 191.772
4677 191.772
4678 191.772
4679 191.772
4680 191.772
4681 191.772
4682 191.772
4683 191.772
4684 191.772
4685 191.772
4686 191.772
4687 191.772
4688 191.772
4689 191.772
4690 191.772
4691 191.772
4692 191.772
4693 191.772
4694 191.772
4695 191.772
4696 191.772
4697 191.772
4698 191.772
4699 191.772
4700 191.772
4701 191.772
4702 191.772
4703 191.772
4704 191.772
4705 191.772
4706 191.772
4707 191.772
4708 191.772
4709 191.772
4710 191.772
4711 191.772
4712 191.772
4713 191.772
4714 191.772
4715 191.772
4716 191.772
4717 191.772
4718 191.772
4719 191.772
4720 191.772
4721 191.772
4722 191.772
4723 191.772
4724 191.772
4725 191.772
4726 191.772
4727 191.772
4728 191.772
4729 191.772
4730 191.772
4731 191.772
4732 191.772
4733 191.772
4734 191.772
4735 191.772
4736 191.772
4737 191.772
4738 191.772
4739 191.772
4740 191.772
4741 191.772
4742 191.772
4743 191.772
4744 191.772
4745 191.772
4746 191.772
4747 191.772
4748 191.772
4749 191.772
4750 191.772
4751 191.772
4752 191.772
4753 191.772
4754 191.772
4755 191.772
4756 191.772
4757 191.772
4758 191.772
4759 191.772
4760 191.772
4761 191.772
4762 191.772
4763 191.772
4764 191.772
4765 191.772
4766 191.772
4767 191.772
4768 191.772
4769 191.772
4770 191.772
4771 191.772
4772 191.772
4773 197.235
4774 197.235
4775 197.235
4776 197.235
4777 197.235
4778 197.235
4779 197.235
4780 197.235
4781 197.235
4782 197.235
4783 197.235
4784 197.235
4785 197.235
4786 197.235
4787 197.235
4788 197.235
4789 197.235
4790 197.235
4791 197.235
4792 197.235
4793 197.235
4794 197.235
4795 197.235
4796 197.235
4797 197.235
4798 197.235
4799 197.235
4800 197.235
4801 197.235
4802 197.235
4803 197.235
4804 197.235
4805 197.235
4806 197.235
4807 197.235
4808 197.235
4809 197.235
4810 197.235
4811 197.235
4812 197.235
4813 197.235
4814 197.235
4815 197.235
4816 197.235
4817 197.235
4818 197.235
4819 197.235
4820 197.235
4821 197.235
4822 197.235
4823 197.235
4824 197.235
4825 197.235
4826 197.235
4827 197.235
4828 197.235
4829 197.235
4830 197.235
4831 197.235
4832 197.235
4833 197.235
4834 197.235
4835 197.235
4836 197.235
4837 197.235
4838 197.235
4839 197.235
4840 197.235
4841 197.235
4842 197.235
4843 197.235
4844 197.235
4845 197.235
4846 197.235
4847 197.235
4848 197.235
4849 197.235
4850 197.235
4851 197.235
4852 197.235
4853 197.235
4854 197.235
4855 197.235
4856 197.235
4857 197.235
4858 197.235
4859 197.235
4860 197.235
4861 197.235
4862 197.235
4863 197.235
4864 197.235
4865 197.235
4866 197.235
4867 197.235
4868 197.235
4869 197.235
4870 197.235
4871 197.235
4872 197.235
4873 197.235
4874 197.235
4875 197.235
4876 197.235
4877 197.235
4878 197.235
4879 197.235
4880 197.235
4881 197.235
4882 197.235
4883 197.235
4884 197.235
4885 197.235
4886 197.235
4887 197.235
4888 197.235
4889 197.235
4890 197.235
4891 197.235
4892 197.235
4893 197.235
4894 197.235
4895 197.235
4896 197.235
4897 197.235
4898 197.235
4899 197.235
4900 197.235
4901 197.235
4902 197.235
4903 197.235
4904 197.235
4905 197.235
4906 197.235
4907 197.235
4908 197.235
4909 197.235
4910 197.235
4911 197.235
4912 197.235
4913 197.235
4914 197.235
4915 197.235
4916 197.235
4917 197.235
4918 197.235
4919 197.235
4920 197.235
4921 197.235
4922 197.235
4923 197.235
4924 197.235
4925 197.235
4926 197.235
4927 197.235
4928 197.235
4929 197.235
4930 197.235
4931 197.235
4932 197.235
4933 197.235
4934 197.235
4935 197.235
4936 197.235
4937 197.235
4938 197.235
4939 197.235
4940 197.235
4941 197.235
4942 197.235
4943 197.235
4944 197.235
4945 197.235
4946 197.235
4947 197.235
4948 197.235
4949 197.235
4950 197.235
4951 197.235
4952 197.235
4953 197.235
4954 197.235
4955 197.235
4956 197.235
4957 197.235
4958 197.235
4959 197.235
4960 197.235
4961 197.235
4962 197.235
4963 197.235
4964 197.235
4965 197.235
4966 197.235
4967 197.235
4968 197.235
4969 197.235
4970 197.235
4971 197.235
4972 197.235
4973 197.235
4974 197.235
4975 197.235
4976 197.235
4977 197.235
4978 197.235
4979 197.235
4980 197.235
4981 197.235
4982 197.235
4983 197.235
4984 197.235
4985 197.235
4986 197.235
4987 197.235
4988 197.235
4989 197.235
4990 197.235
4991 197.235
4992 197.235
4993 197.235
4994 197.235
4995 197.235
4996 197.235
4997 197.235
4998 197.235
4999 197.235
5000 197.235
5001 197.235
5002 197.235
5003 197.235
5004 197.235
5005 197.235
5006 197.235
5007 197.235
5008 197.235
5009 197.235
5010 197.235
5011 205.973
5012 205.973
5013 205.973
5014 205.973
5015 205.973
5016 205.973
5017 205.973
5018 205.973
5019 205.973
5020 205.973
5021 205.973
5022 205.973
5023 205.973
5024 205.973
5025 205.973
5026 205.973
5027 205.973
5028 205.973
5029 205.973
5030 205.973
5031 205.973
5032 205.973
5033 205.973
5034 205.973
5035 205.973
5036 205.973
5037 205.973
5038 205.973
5039 205.973
5040 205.973
5041 205.973
5042 205.973
5043 205.973
5044 205.973
5045 205.973
5046 205.973
5047 205.973
5048 205.973
5049 205.973
5050 205.973
5051 205.973
5052 205.973
5053 205.973
5054 205.973
5055 205.973
5056 205.973
5057 205.973
5058 205.973
5059 205.973
5060 205.973
5061 205.973
5062 205.973
5063 205.973
5064 205.973
5065 205.973
5066 205.973
5067 205.973
5068 205.973
5069 205.973
5070 205.973
5071 205.973
5072 205.973
5073 205.973
5074 205.973
5075 205.973
5076 205.973
5077 205.973
5078 205.973
5079 205.973
5080 205.973
5081 205.973
5082 205.973
5083 205.973
5084 205.973
5085 205.973
5086 205.973
5087 205.973
5088 205.973
5089 205.973
5090 205.973
5091 205.973
5092 205.973
5093 205.973
5094 205.973
5095 205.973
5096 205.973
5097 205.973
5098 205.973
5099 205.973
5100 205.973
5101 205.973
5102 205.973
5103 205.973
5104 205.973
5105 205.973
5106 205.973
5107 205.973
5108 205.973
5109 205.973
5110 205.973
5111 205.973
5112 205.973
5113 205.973
5114 205.973
5115 205.973
5116 205.973
5117 205.973
5118 205.973
5119 205.973
5120 205.973
5121 205.973
5122 205.973
5123 205.973
5124 205.973
5125 205.973
5126 205.973
5127 205.973
5128 205.973
5129 205.973
5130 205.973
5131 205.973
5132 205.973
5133 205.973
5134 205.973
5135 205.973
5136 205.973
5137 205.973
5138 205.973
5139 205.973
5140 205.973
5141 205.973
