1 35.785
2 38.083
3 38.435
4 38.435
5 38.435
6 38.483
7 38.897
8 38.897
9 38.897
10 39.065
11 39.592
12 39.623
13 39.877
14 40.163
15 40.277
16 40.277
17 40.277
18 40.277
19 40.749
20 41.067
21 41.286
22 41.286
23 41.663
24 41.663
25 41.663
26 42.034
27 42.034
28 42.109
29 42.109
30 42.109
31 42.236
32 42.716
33 43.035
34 43.035
35 43.249
36 43.249
37 43.249
38 43.249
39 43.424
40 43.424
41 43.424
42 43.701
43 43.701
44 44.084
45 43.954
46 43.954
47 43.954
48 44.132
49 44.485
50 44.718
51 45.240
52 45.240
53 45.124
54 45.124
55 45.124
56 44.989
57 44.989
58 45.254
59 45.254
60 45.543
61 45.543
62 45.543
63 45.543
64 45.324
65 45.324
66 45.324
67 45.704
68 45.704
69 45.704
70 45.670
71 45.968
72 45.968
73 46.157
74 46.157
75 46.437
76 46.437
77 47.505
78 47.668
79 47.668
80 48.072
81 48.072
82 48.072
83 48.175
84 48.175
85 48.534
86 48.534
87 48.534
88 49.095
89 49.474
90 50.101
91 50.557
92 50.669
93 50.870
94 51.245
95 51.245
96 51.691
97 51.691
98 51.691
99 52.181
100 52.181
101 52.181
102 52.181
103 52.181
104 52.181
105 52.181
106 52.181
107 52.181
108 52.181
109 52.513
110 52.819
111 52.819
112 52.819
113 53.526
114 53.348
115 53.170
116 53.753
117 54.299
118 54.299
119 54.299
120 54.639
121 54.639
122 54.639
123 54.639
124 55.060
125 55.163
126 55.163
127 55.163
128 55.365
129 55.365
130 55.365
131 55.365
132 55.365
133 55.365
134 55.849
135 56.624
136 56.891
137 56.891
138 56.891
139 57.108
140 57.759
141 57.759
142 57.759
143 57.759
144 57.232
145 57.232
146 57.232
147 57.232
148 57.466
149 57.466
150 57.466
151 57.556
152 57.556
153 57.556
154 57.556
155 57.556
156 57.556
157 57.556
158 57.556
159 57.556
160 57.469
161 57.469
162 57.579
163 57.579
164 57.579
165 57.579
166 57.579
167 58.104
168 58.104
169 58.677
170 58.677
171 58.677
172 58.347
173 58.407
174 58.407
175 59.202
176 59.202
177 59.202
178 59.202
179 59.407
180 60.034
181 60.034
182 60.319
183 60.426
184 61.124
185 61.124
186 61.124
187 61.124
188 61.124
189 61.521
190 61.521
191 60.965
192 60.965
193 60.866
194 60.866
195 61.352
196 61.352
197 61.352
198 61.352
199 61.352
200 61.780
201 61.780
202 61.780
203 62.502
204 62.502
205 63.780
206 64.458
207 64.458
208 64.458
209 64.458
210 64.458
211 64.458
212 64.458
213 64.194
214 64.194
215 64.662
216 64.662
217 64.662
218 64.662
219 64.662
220 64.662
221 65.424
222 66.636
223 66.636
224 66.636
225 66.636
226 66.636
227 66.636
228 66.636
229 66.636
230 66.636
231 66.636
232 66.636
233 66.636
234 66.636
235 66.636
236 67.201
237 67.201
238 67.750
239 67.750
240 67.750
241 67.577
242 67.479
243 67.479
244 67.479
245 67.479
246 67.479
247 67.479
248 67.479
249 68.095
250 68.850
251 70.145
252 70.145
253 70.215
254 70.215
255 70.215
256 70.215
257 70.215
258 70.215
259 70.215
260 70.215
261 70.215
262 70.628
263 70.628
264 70.628
265 70.790
266 70.032
267 70.032
268 70.542
269 70.542
270 70.542
271 70.542
272 70.542
273 70.542
274 71.044
275 71.044
276 70.903
277 72.496
278 72.496
279 72.505
280 73.492
281 73.492
282 73.492
283 73.492
284 74.125
285 74.125
286 74.125
287 74.125
288 74.125
289 74.125
290 74.125
291 74.125
292 74.125
293 74.125
294 74.125
295 74.125
296 74.125
297 74.125
298 74.549
299 74.549
300 74.177
301 74.177
302 74.177
303 74.177
304 75.216
305 75.216
306 75.216
307 75.216
308 75.216
309 75.216
310 75.216
311 75.216
312 75.627
313 75.231
314 75.231
315 75.231
316 75.231
317 75.167
318 74.755
319 75.150
320 75.150
321 73.843
322 73.843
323 73.843
324 73.843
325 73.843
326 73.843
327 73.843
328 73.843
329 73.843
330 73.843
331 73.843
332 73.843
333 73.843
334 73.843
335 73.843
336 73.843
337 73.843
338 73.843
339 73.843
340 73.843
341 73.843
342 73.843
343 73.843
344 74.192
345 74.192
346 74.192
347 74.192
348 74.192
349 74.192
350 74.454
351 74.454
352 74.454
353 75.797
354 75.797
355 75.797
356 75.797
357 75.797
358 76.387
359 77.040
360 77.040
361 77.040
362 77.040
363 76.367
364 76.367
365 76.367
366 76.367
367 76.367
368 76.367
369 76.367
370 76.367
371 76.367
372 76.367
373 76.367
374 76.571
375 77.025
376 77.945
377 77.945
378 77.945
379 78.616
380 79.531
381 79.531
382 79.531
383 79.531
384 80.029
385 80.029
386 80.950
387 80.950
388 80.950
389 80.950
390 80.950
391 80.950
392 80.950
393 80.950
394 80.950
395 80.950
396 80.950
397 80.950
398 80.950
399 81.380
400 81.380
401 81.714
402 81.714
403 81.714
404 81.714
405 81.714
406 81.714
407 81.714
408 81.714
409 81.714
410 81.714
411 81.714
412 81.714
413 81.714
414 81.714
415 82.943
416 82.943
417 83.385
418 83.385
419 84.780
420 86.663
421 86.663
422 86.663
423 86.663
424 86.663
425 86.663
426 86.663
427 86.663
428 86.663
429 86.663
430 86.663
431 86.663
432 86.663
433 86.663
434 86.663
435 86.663
436 86.663
437 87.837
438 87.837
439 87.837
440 87.837
441 87.837
442 87.837
443 87.554
444 87.554
445 87.554
446 87.554
447 87.554
448 87.554
449 87.554
450 87.554
451 87.863
452 87.863
453 87.863
454 87.863
455 88.414
456 88.414
457 88.414
458 88.414
459 90.053
460 90.053
461 90.053
462 90.053
463 90.053
464 90.053
465 90.053
466 90.053
467 90.053
468 90.053
469 90.053
470 90.053
471 90.053
472 90.053
473 90.053
474 90.053
475 90.053
476 90.053
477 90.053
478 90.053
479 90.053
480 90.053
481 90.053
482 90.053
483 90.053
484 90.053
485 90.053
486 90.053
487 90.053
488 91.404
489 91.404
490 91.404
491 91.404
492 91.404
493 91.404
494 91.972
495 91.972
496 91.972
497 91.972
498 91.972
499 91.972
500 91.972
501 91.972
502 92.222
503 93.241
504 93.241
505 93.241
506 93.241
507 93.241
508 93.241
509 93.241
510 93.241
511 93.241
512 93.241
513 93.241
514 93.907
515 94.118
516 94.118
517 94.118
518 94.118
519 94.118
520 94.118
521 94.118
522 94.118
523 94.118
524 94.118
525 94.118
526 94.118
527 94.118
528 94.118
529 94.118
530 94.118
531 94.118
532 94.118
533 94.118
534 94.118
535 94.118
536 94.118
537 94.118
538 94.118
539 94.118
540 94.118
541 94.118
542 94.118
543 94.118
544 94.118
545 94.118
546 94.118
547 94.118
548 94.118
549 94.118
550 94.375
551 94.375
552 94.375
553 94.375
554 94.375
555 94.375
556 94.375
557 94.375
558 94.375
559 94.375
560 94.375
561 94.375
562 94.375
563 94.375
564 94.375
565 94.375
566 94.375
567 94.375
568 94.375
569 94.375
570 94.375
571 94.375
572 94.375
573 96.973
574 96.973
575 96.973
576 96.973
577 96.973
578 97.644
579 97.644
580 98.627
581 98.627
582 98.627
583 98.627
584 96.288
585 96.288
586 96.288
587 96.288
588 96.288
589 96.288
590 96.288
591 96.288
592 96.288
593 96.288
594 96.288
595 96.288
596 96.288
597 96.288
598 96.288
599 96.288
600 96.288
601 96.288
602 96.288
603 93.747
604 93.747
605 93.747
606 93.747
607 94.679
608 94.679
609 94.679
610 94.679
611 94.679
612 94.679
613 94.679
614 94.679
615 94.679
616 94.679
617 94.679
618 94.679
619 95.047
620 95.047
621 95.047
622 95.047
623 95.047
624 95.047
625 95.047
626 95.047
627 95.047
628 95.047
629 95.047
630 95.047
631 95.047
632 95.047
633 95.047
634 95.047
635 95.047
636 95.047
637 95.047
638 95.047
639 95.047
640 95.047
641 95.047
642 95.047
643 95.047
644 95.047
645 95.047
646 95.047
647 95.047
648 95.047
649 95.047
650 95.047
651 95.047
652 95.047
653 95.047
654 95.047
655 95.047
656 95.047
657 95.047
658 95.047
659 95.047
660 95.047
661 95.047
662 95.047
663 95.047
664 95.047
665 95.047
666 95.047
667 95.047
668 95.047
669 95.047
670 95.047
671 95.047
672 94.537
673 94.537
674 94.537
675 94.537
676 94.537
677 94.537
678 94.537
679 94.537
680 94.537
681 94.537
682 94.537
683 94.537
684 94.537
685 94.537
686 94.537
687 94.537
688 94.537
689 94.537
690 94.537
691 94.537
692 94.537
693 94.537
694 94.537
695 94.537
696 94.537
697 94.537
698 94.537
699 94.537
700 95.008
701 95.008
702 95.008
703 95.008
704 95.008
705 95.008
706 95.008
707 95.008
708 96.683
709 96.683
710 97.565
711 97.565
712 97.565
713 97.565
714 97.565
715 97.565
716 97.565
717 97.565
718 97.565
719 97.352
720 97.352
721 97.352
722 98.509
723 98.509
724 98.509
725 98.509
726 98.509
727 98.509
728 97.637
729 97.637
730 97.637
731 97.637
732 97.637
733 97.637
734 97.637
735 97.637
736 97.637
737 97.637
738 97.637
739 97.637
740 98.305
741 98.305
742 98.305
743 98.305
744 98.305
745 98.305
746 98.305
747 98.305
748 98.305
749 99.945
750 99.945
751 99.945
752 99.945
753 99.945
754 99.945
755 99.945
756 99.945
757 99.945
758 99.945
759 99.945
760 101.419
761 101.419
762 101.419
763 101.419
764 101.419
765 101.419
766 101.419
767 101.419
768 101.419
769 101.419
770 101.419
771 101.419
772 101.419
773 101.419
774 101.419
775 101.419
776 101.419
777 101.419
778 101.419
779 101.419
780 101.419
781 101.419
782 101.419
783 101.419
784 101.419
785 101.419
786 101.419
787 101.419
788 101.419
789 102.243
790 102.243
791 102.243
792 102.243
793 102.243
794 102.243
795 102.243
796 102.243
797 102.243
798 102.243
799 103.938
800 103.938
801 106.086
802 106.086
803 106.086
804 106.086
805 108.470
806 108.470
807 108.470
808 108.470
809 108.470
810 108.470
811 108.470
812 108.470
813 108.470
814 108.470
815 108.470
816 108.470
817 108.470
818 107.783
819 107.783
820 107.783
821 107.783
822 107.783
823 107.783
824 107.783
825 107.783
826 107.783
827 107.783
828 107.783
829 107.783
830 107.783
831 107.783
832 107.783
833 107.783
834 107.783
835 107.783
836 107.783
837 107.783
838 107.783
839 107.783
840 107.783
841 107.783
842 107.783
843 107.783
844 107.783
845 107.783
846 107.783
847 107.783
848 107.783
849 108.905
850 108.905
851 108.905
852 108.905
853 108.905
854 108.905
855 108.905
856 108.905
857 108.905
858 108.905
859 108.905
860 108.905
861 108.905
862 108.905
863 108.905
864 108.905
865 108.905
866 108.905
867 108.905
868 108.905
869 108.905
870 108.905
871 108.905
872 107.205
873 107.205
874 107.205
875 107.205
876 107.205
877 107.205
878 107.205
879 107.205
880 107.205
881 107.205
882 107.205
883 107.205
884 107.205
885 107.205
886 107.205
887 107.205
888 107.205
889 107.205
890 107.205
891 107.205
892 107.205
893 107.205
894 107.205
895 107.205
896 107.205
897 107.205
898 107.205
899 107.205
900 107.205
901 107.205
902 107.205
903 107.205
904 107.205
905 107.205
906 107.205
907 107.205
908 107.205
909 107.172
910 107.172
911 107.172
912 107.172
913 107.172
914 107.172
915 107.172
916 107.172
917 107.172
918 107.172
919 107.172
920 107.172
921 107.172
922 107.172
923 107.172
924 107.488
925 107.488
926 107.488
927 107.488
928 107.488
929 107.488
930 106.012
931 106.012
932 106.012
933 106.012
934 106.012
935 106.012
936 106.012
937 106.012
938 106.012
939 106.012
940 106.012
941 106.012
942 106.012
943 106.012
944 106.012
945 106.012
946 106.012
947 106.012
948 106.012
949 106.012
950 106.012
951 106.012
952 106.012
953 106.012
954 106.012
955 106.206
956 106.206
957 106.206
958 106.206
959 106.206
960 106.206
961 106.206
962 106.206
963 106.206
964 106.206
965 106.206
966 106.206
967 106.206
968 106.206
969 106.206
970 106.206
971 106.206
972 106.206
973 106.206
974 106.206
975 106.206
976 106.206
977 106.206
978 106.206
979 106.206
980 106.206
981 106.206
982 106.206
983 106.206
984 106.206
985 108.122
986 108.122
987 108.122
988 108.122
989 108.122
990 108.122
991 108.122
992 107.134
993 107.134
994 107.134
995 107.134
996 107.134
997 107.134
998 107.134
999 107.134
1000 107.134
1001 107.134
1002 107.134
1003 107.134
1004 107.134
1005 107.134
1006 107.134
1007 107.134
1008 107.134
1009 107.134
1010 107.134
1011 107.134
1012 107.134
1013 107.167
1014 107.167
1015 107.988
1016 107.988
1017 107.988
1018 107.988
1019 107.988
1020 107.988
1021 107.901
1022 107.901
1023 107.901
1024 107.901
1025 107.901
1026 107.901
1027 107.901
1028 107.901
1029 107.901
1030 107.901
1031 110.082
1032 110.082
1033 110.082
1034 110.082
1035 110.082
1036 110.082
1037 110.082
1038 110.082
1039 110.082
1040 110.082
1041 110.082
1042 110.082
1043 110.082
1044 110.082
1045 110.082
1046 110.082
1047 110.082
1048 110.082
1049 110.082
1050 110.082
1051 110.082
1052 110.082
1053 110.082
1054 110.082
1055 110.082
1056 110.082
1057 110.082
1058 110.082
1059 110.082
1060 110.082
1061 110.082
1062 110.082
1063 110.082
1064 110.082
1065 110.082
1066 110.082
1067 110.082
1068 110.082
1069 110.082
1070 110.082
1071 110.082
1072 110.082
1073 110.082
1074 110.082
1075 110.082
1076 111.027
1077 111.027
1078 111.027
1079 111.027
1080 111.027
1081 111.027
1082 111.027
1083 111.027
1084 111.027
1085 111.027
1086 111.027
1087 111.027
1088 111.027
1089 111.027
1090 111.027
1091 113.182
1092 113.182
1093 115.412
1094 115.412
1095 115.412
1096 115.412
1097 115.412
1098 115.412
1099 115.412
1100 115.412
1101 115.412
1102 115.412
1103 115.412
1104 115.412
1105 115.412
1106 115.412
1107 115.412
1108 115.412
1109 115.412
1110 115.412
1111 115.412
1112 115.412
1113 115.412
1114 115.412
1115 115.412
1116 117.780
1117 117.780
1118 117.780
1119 117.780
1120 117.780
1121 117.780
1122 117.780
1123 120.119
1124 120.119
1125 120.119
1126 120.119
1127 120.119
1128 120.119
1129 120.119
1130 120.119
1131 120.119
1132 120.119
1133 120.119
1134 120.119
1135 120.119
1136 120.119
1137 120.119
1138 120.119
1139 120.119
1140 120.119
1141 120.119
1142 120.119
1143 120.119
1144 120.119
1145 120.119
1146 120.119
1147 120.119
1148 120.119
1149 120.119
1150 120.119
1151 120.119
1152 120.119
1153 120.119
1154 120.119
1155 120.119
1156 120.957
1157 120.957
1158 120.957
1159 120.957
1160 120.957
1161 120.957
1162 120.957
1163 120.957
1164 120.957
1165 120.957
1166 122.888
1167 122.888
1168 122.888
1169 122.888
1170 122.888
1171 122.888
1172 122.888
1173 122.888
1174 122.888
1175 122.888
1176 122.888
1177 122.888
1178 122.888
1179 122.888
1180 122.888
1181 122.888
1182 122.888
1183 122.888
1184 122.888
1185 122.888
1186 122.888
1187 122.888
1188 122.888
1189 122.888
1190 122.888
1191 122.888
1192 122.888
1193 122.888
1194 122.888
1195 122.888
1196 122.888
1197 122.888
1198 122.888
1199 122.888
1200 122.888
1201 122.888
1202 122.533
1203 122.533
1204 122.533
1205 122.533
1206 122.533
1207 122.533
1208 122.533
1209 122.533
1210 122.533
1211 122.533
1212 122.533
1213 122.533
1214 122.533
1215 122.533
1216 122.533
1217 122.533
1218 122.533
1219 122.533
1220 125.477
1221 125.477
1222 125.477
1223 125.477
1224 125.477
1225 125.477
1226 125.477
1227 125.477
1228 125.477
1229 125.477
1230 125.477
1231 125.477
1232 125.477
1233 125.477
1234 125.477
1235 125.477
1236 125.477
1237 128.925
1238 128.925
1239 128.925
1240 128.925
1241 128.925
1242 128.925
1243 128.925
1244 128.925
1245 128.925
1246 128.925
1247 128.925
1248 128.925
1249 128.925
1250 128.925
1251 128.925
1252 128.925
1253 128.925
1254 128.925
1255 127.580
1256 127.580
1257 127.580
1258 127.580
1259 127.580
1260 127.580
1261 127.580
1262 130.327
1263 130.327
1264 130.327
1265 130.327
1266 130.327
1267 130.327
1268 130.327
1269 130.327
1270 130.327
1271 130.327
1272 130.327
1273 130.327
1274 130.327
1275 130.327
1276 130.327
1277 130.327
1278 130.327
1279 130.327
1280 130.327
1281 130.327
1282 130.327
1283 130.327
1284 130.327
1285 130.327
1286 130.327
1287 130.327
1288 130.327
1289 130.327
1290 130.327
1291 130.327
1292 130.327
1293 130.327
1294 130.327
1295 130.327
1296 130.327
1297 130.327
1298 130.327
1299 130.327
1300 130.327
1301 130.327
1302 130.327
1303 130.327
1304 130.327
1305 133.828
1306 133.828
1307 133.828
1308 133.828
1309 133.828
1310 133.828
1311 133.828
1312 137.161
1313 137.161
1314 137.161
1315 137.161
1316 137.161
1317 137.161
1318 137.161
1319 137.161
1320 137.161
1321 137.161
1322 137.161
1323 137.161
1324 137.161
1325 137.161
1326 137.161
1327 137.161
1328 137.161
1329 137.161
1330 137.161
1331 137.161
1332 137.161
1333 137.161
1334 137.161
1335 137.161
1336 137.161
1337 137.161
1338 137.161
1339 137.161
1340 137.161
1341 137.161
1342 137.161
1343 137.161
1344 137.161
1345 137.161
1346 137.161
1347 137.161
1348 137.161
1349 137.161
1350 137.161
1351 137.161
1352 137.161
1353 137.161
1354 137.161
1355 137.161
1356 137.161
1357 137.161
1358 137.161
1359 137.161
1360 137.161
1361 137.161
1362 137.161
1363 137.161
1364 137.161
1365 137.161
1366 137.161
1367 137.161
1368 137.161
1369 137.161
1370 137.161
1371 137.161
1372 137.161
1373 137.161
1374 137.161
1375 137.161
1376 137.161
1377 137.161
1378 137.161
1379 137.161
1380 137.161
1381 137.161
1382 137.161
1383 137.161
1384 137.161
1385 137.161
1386 137.161
1387 137.161
1388 137.161
1389 137.161
1390 137.161
1391 137.161
1392 137.161
1393 137.161
1394 137.161
1395 137.161
1396 137.161
1397 137.161
1398 137.161
1399 137.161
1400 137.161
1401 137.161
1402 137.161
1403 137.161
1404 137.161
1405 137.161
1406 137.161
1407 137.161
1408 137.161
1409 137.161
1410 137.161
1411 137.161
1412 137.161
1413 142.454
1414 142.454
1415 142.454
1416 142.454
1417 142.454
1418 142.454
1419 142.454
1420 142.454
1421 142.454
1422 142.454
1423 142.454
1424 142.454
1425 142.454
1426 142.454
1427 142.454
1428 142.454
1429 142.454
1430 142.454
1431 142.454
1432 142.454
1433 142.454
1434 142.454
1435 142.454
1436 142.454
1437 144.499
1438 144.499
1439 144.499
1440 148.107
1441 148.107
1442 148.107
1443 148.107
1444 148.107
1445 148.107
1446 148.107
1447 148.107
1448 148.107
1449 148.107
1450 148.107
1451 150.904
1452 150.904
1453 150.904
1454 150.904
1455 150.904
1456 150.904
1457 150.904
1458 150.904
1459 150.904
1460 150.904
1461 150.904
1462 150.904
1463 150.904
1464 150.904
1465 150.904
1466 150.904
1467 150.904
1468 150.904
1469 150.904
1470 150.904
1471 150.904
1472 150.904
1473 150.904
1474 150.904
1475 150.904
1476 150.904
1477 150.904
1478 150.904
1479 150.904
1480 150.904
1481 150.904
1482 150.904
1483 150.904
1484 150.904
1485 150.904
1486 150.904
1487 150.904
1488 150.904
1489 150.904
1490 150.904
1491 150.904
1492 150.904
1493 150.904
1494 150.904
1495 150.904
1496 150.904
1497 150.904
1498 150.904
1499 150.904
1500 150.904
1501 150.904
1502 150.904
1503 150.904
1504 150.904
1505 150.904
1506 150.904
1507 154.769
1508 154.769
1509 154.769
1510 154.769
1511 154.769
1512 154.769
1513 154.769
1514 154.769
1515 154.769
1516 154.769
1517 154.769
1518 154.769
1519 154.769
1520 159.703
1521 159.703
1522 159.703
1523 159.703
1524 159.703
1525 159.703
1526 159.703
1527 159.703
1528 159.703
1529 159.703
1530 159.703
1531 159.703
1532 159.703
1533 159.703
1534 159.703
1535 159.703
1536 159.703
1537 159.703
1538 159.703
1539 159.703
1540 159.703
1541 159.703
1542 159.703
1543 159.703
1544 159.703
1545 159.703
1546 159.703
1547 159.703
1548 159.703
1549 159.703
1550 159.703
1551 159.703
1552 159.703
1553 159.703
1554 159.703
1555 159.703
1556 159.703
1557 159.703
1558 159.703
1559 159.703
1560 159.703
1561 159.703
1562 159.703
1563 159.703
1564 159.703
1565 159.703
1566 159.703
1567 159.703
1568 159.703
1569 159.703
1570 159.703
1571 159.703
1572 159.703
1573 159.703
1574 159.703
1575 159.703
1576 159.703
1577 159.703
1578 159.703
1579 164.565
1580 164.565
1581 164.565
1582 164.565
1583 164.565
1584 169.519
1585 169.519
1586 169.519
1587 169.519
1588 169.519
1589 169.519
1590 169.519
1591 169.519
1592 169.519
1593 169.519
1594 169.519
1595 169.519
1596 169.519
1597 169.519
1598 169.519
1599 169.519
1600 169.519
1601 169.519
1602 169.519
1603 169.519
1604 169.519
1605 169.519
1606 169.519
1607 169.519
1608 169.519
1609 169.519
1610 169.519
1611 169.519
1612 169.519
1613 169.519
1614 169.519
1615 169.519
1616 169.519
1617 169.519
1618 169.519
1619 169.519
1620 169.519
1621 169.519
1622 169.519
1623 169.519
1624 169.519
1625 169.519
1626 169.519
1627 169.519
1628 169.519
1629 169.519
1630 169.519
1631 169.519
1632 169.519
1633 169.519
1634 169.519
1635 169.519
1636 173.094
1637 173.094
1638 173.094
1639 173.094
1640 173.094
1641 173.094
1642 173.094
1643 173.094
1644 173.094
1645 173.094
1646 173.094
1647 173.094
1648 173.094
1649 173.094
1650 173.094
1651 173.094
1652 173.094
1653 173.094
1654 173.094
1655 173.094
1656 173.094
1657 173.094
1658 173.094
1659 173.094
1660 173.094
1661 173.094
1662 173.094
1663 173.094
1664 173.094
1665 173.094
1666 173.094
1667 173.094
1668 174.504
1669 174.504
1670 180.257
1671 180.257
1672 180.257
1673 180.257
1674 180.257
1675 180.257
1676 186.425
1677 186.425
1678 186.425
1679 186.425
1680 186.425
1681 186.425
1682 186.425
1683 186.425
1684 186.425
1685 186.425
1686 186.425
1687 186.425
1688 186.425
1689 186.425
1690 186.425
1691 186.425
1692 186.425
1693 186.425
1694 186.425
1695 186.425
1696 186.425
1697 186.425
1698 186.425
1699 186.425
1700 186.425
1701 186.425
1702 186.425
1703 186.425
1704 186.425
1705 186.425
1706 186.425
1707 186.425
1708 186.425
1709 186.425
1710 186.425
1711 186.425
1712 186.425
1713 186.425
1714 186.425
1715 186.425
1716 186.425
1717 186.425
1718 186.425
1719 186.425
1720 186.425
1721 186.425
1722 186.425
1723 186.425
1724 186.425
1725 186.425
1726 186.425
1727 186.425
1728 186.425
1729 186.425
1730 186.425
1731 186.425
1732 186.425
1733 186.425
1734 186.425
1735 186.425
1736 186.425
1737 186.425
1738 186.425
1739 186.425
1740 186.425
1741 186.425
1742 186.425
1743 186.425
1744 186.425
1745 186.425
1746 186.425
1747 186.425
1748 186.425
1749 186.425
1750 186.425
1751 186.425
1752 186.425
1753 186.425
1754 186.425
1755 186.425
1756 186.425
1757 186.425
1758 186.425
1759 186.425
1760 186.425
1761 186.425
1762 186.425
1763 186.425
1764 186.425
1765 186.425
1766 186.425
1767 186.425
1768 186.425
1769 186.425
1770 186.425
1771 186.425
1772 186.425
1773 186.425
1774 186.425
1775 186.425
1776 186.425
1777 186.425
1778 186.425
1779 186.425
1780 186.425
1781 186.425
1782 186.425
1783 186.425
1784 186.425
1785 186.425
1786 186.425
1787 186.425
1788 186.425
1789 186.425
1790 186.425
1791 186.425
1792 186.425
1793 186.425
1794 186.425
1795 186.425
1796 186.425
1797 186.425
1798 192.669
1799 192.669
1800 192.669
1801 192.669
1802 192.669
1803 192.669
1804 192.669
1805 192.669
1806 192.669
1807 192.669
1808 192.669
1809 192.669
1810 192.669
1811 190.279
1812 190.279
1813 190.279
1814 190.279
1815 190.279
1816 190.279
1817 190.279
1818 190.279
1819 190.279
1820 190.279
1821 190.279
1822 190.279
1823 190.279
1824 190.279
1825 190.279
1826 190.279
1827 190.279
1828 190.279
1829 190.279
1830 190.279
1831 190.279
1832 190.279
1833 190.279
1834 190.279
1835 190.279
1836 190.279
1837 190.279
1838 190.279
1839 190.279
1840 190.279
1841 190.279
1842 190.279
1843 190.279
1844 190.279
1845 190.279
1846 190.279
1847 190.279
1848 190.279
1849 190.279
1850 190.279
1851 190.279
1852 190.279
1853 190.279
1854 190.279
1855 190.279
1856 190.279
1857 190.279
1858 190.279
1859 190.279
1860 190.279
1861 190.279
1862 190.279
1863 190.279
1864 190.279
1865 190.279
1866 190.279
1867 190.279
1868 190.279
1869 190.397
1870 190.397
1871 190.397
1872 190.397
1873 190.397
1874 192.214
1875 192.214
1876 192.214
1877 192.214
1878 192.214
1879 192.214
1880 192.214
1881 192.214
1882 192.214
1883 192.214
1884 192.214
1885 192.214
1886 192.214
1887 192.214
1888 192.214
1889 192.214
1890 192.214
1891 192.214
1892 192.214
1893 192.214
1894 192.214
1895 192.214
1896 192.214
1897 192.214
1898 192.214
1899 192.214
1900 192.214
1901 192.214
1902 192.214
1903 192.214
1904 192.214
1905 192.214
1906 192.214
1907 192.214
1908 192.214
1909 192.214
1910 192.214
1911 192.214
1912 192.214
1913 192.214
1914 192.214
1915 192.214
1916 192.214
1917 192.214
1918 192.214
1919 192.214
1920 192.214
1921 192.214
1922 192.214
1923 192.214
1924 192.214
1925 192.214
1926 192.214
1927 192.214
1928 192.214
1929 192.214
1930 192.214
1931 192.214
1932 192.214
1933 192.214
1934 192.214
1935 192.214
1936 192.214
1937 192.214
1938 192.214
1939 192.214
1940 192.214
1941 192.214
1942 192.214
1943 192.214
1944 192.214
1945 192.214
1946 192.214
1947 192.214
1948 192.214
1949 192.214
1950 192.214
1951 192.214
1952 192.214
1953 192.214
1954 192.214
1955 192.214
1956 192.214
1957 192.214
1958 192.214
1959 192.214
1960 192.214
1961 192.214
1962 192.214
1963 192.214
1964 192.214
1965 192.214
1966 192.214
1967 192.214
1968 192.214
1969 192.214
1970 192.214
1971 192.214
1972 192.214
1973 192.214
1974 192.214
1975 192.214
1976 192.214
1977 192.214
1978 192.214
1979 192.214
1980 192.214
1981 192.214
1982 192.214
1983 192.214
1984 192.214
1985 192.214
1986 192.214
1987 192.214
1988 192.214
1989 192.214
1990 192.214
1991 192.214
1992 192.214
1993 192.214
1994 192.214
1995 192.214
1996 192.214
1997 192.214
1998 192.214
1999 192.214
2000 192.214
2001 192.214
2002 192.214
2003 192.214
2004 192.214
2005 192.214
2006 192.214
2007 192.214
2008 192.214
2009 192.214
2010 192.214
2011 192.214
2012 192.214
2013 192.214
2014 192.214
2015 192.214
2016 192.214
2017 192.214
2018 192.214
2019 192.214
2020 192.214
2021 192.214
2022 199.564
2023 199.564
2024 199.564
2025 199.564
2026 199.564
2027 199.564
2028 199.564
2029 199.564
2030 199.564
2031 199.564
2032 199.564
2033 199.564
2034 199.564
2035 199.564
2036 199.564
2037 199.564
2038 199.564
2039 199.564
2040 199.564
2041 199.564
2042 199.564
2043 199.564
2044 199.564
2045 199.564
2046 199.564
2047 199.564
2048 199.564
2049 199.564
2050 199.564
2051 199.564
2052 199.564
2053 199.564
2054 199.564
2055 199.564
2056 199.564
2057 199.564
2058 199.564
2059 199.564
2060 199.564
2061 199.564
2062 199.564
2063 199.564
2064 199.564
2065 199.564
2066 199.564
2067 199.564
2068 199.564
2069 199.564
2070 199.564
2071 199.564
2072 199.564
2073 199.564
2074 199.564
2075 199.564
2076 199.564
2077 199.564
2078 199.564
2079 199.564
2080 199.564
2081 199.564
2082 199.564
2083 199.564
2084 199.564
2085 199.564
2086 199.564
2087 199.564
2088 199.564
2089 199.564
2090 199.564
2091 199.564
2092 199.564
2093 199.564
2094 199.564
2095 199.564
2096 199.564
2097 199.564
2098 199.564
2099 199.564
2100 199.564
2101 199.564
2102 199.564
2103 199.564
2104 199.564
2105 199.564
2106 199.564
2107 199.564
2108 199.564
2109 199.564
2110 199.564
2111 203.189
2112 203.189
2113 203.189
2114 203.189
2115 203.189
2116 203.189
2117 203.189
2118 203.189
2119 203.189
2120 203.189
2121 203.189
2122 203.189
2123 203.189
2124 203.189
2125 203.189
2126 203.189
2127 203.189
2128 203.189
2129 203.189
2130 203.189
2131 203.189
2132 203.189
2133 203.189
2134 203.189
2135 203.189
2136 203.189
2137 203.189
2138 203.189
2139 203.189
2140 203.189
2141 203.189
2142 203.189
2143 203.189
2144 203.189
2145 203.189
2146 201.908
2147 201.908
2148 201.908
2149 201.908
2150 201.908
2151 201.908
2152 201.908
2153 201.908
2154 201.908
2155 201.908
2156 201.908
2157 201.908
2158 201.908
2159 201.908
2160 201.908
2161 201.908
2162 201.908
2163 201.908
2164 201.908
2165 201.908
2166 201.908
2167 201.908
2168 201.908
2169 201.908
2170 201.908
2171 201.908
2172 201.908
2173 201.908
2174 201.908
2175 201.908
2176 201.908
2177 201.908
2178 201.908
2179 201.908
2180 201.908
2181 201.908
2182 204.094
2183 204.094
2184 204.094
2185 204.094
2186 204.094
2187 204.094
2188 204.094
2189 204.094
2190 204.094
2191 204.094
2192 204.094
2193 204.094
2194 204.094
2195 204.094
2196 204.094
2197 204.094
2198 204.094
2199 204.094
2200 204.094
2201 204.094
2202 204.094
2203 204.094
2204 204.094
2205 204.094
2206 204.094
2207 204.094
2208 204.094
2209 204.094
2210 204.094
2211 204.094
2212 204.094
2213 204.094
2214 204.094
2215 204.094
2216 204.094
2217 204.094
2218 204.094
2219 204.094
2220 204.094
2221 204.094
2222 204.094
2223 204.094
2224 204.094
2225 204.094
2226 204.094
2227 204.094
2228 204.094
2229 204.094
2230 204.094
2231 204.094
2232 204.094
2233 204.094
2234 204.094
2235 204.094
2236 204.094
2237 204.094
2238 204.094
2239 204.094
2240 204.094
2241 204.094
2242 204.094
2243 204.094
2244 204.094
2245 204.094
2246 204.094
2247 204.094
2248 204.094
2249 204.094
2250 204.094
2251 204.094
2252 204.094
2253 204.094
2254 204.094
2255 204.094
2256 204.094
2257 204.094
2258 204.094
2259 204.094
2260 204.094
2261 204.094
2262 204.094
2263 204.094
2264 204.094
2265 204.094
2266 204.094
2267 204.094
2268 204.094
2269 204.094
2270 204.094
2271 204.094
2272 204.094
2273 204.094
2274 204.094
2275 204.094
2276 204.094
2277 204.094
2278 204.094
2279 204.094
2280 204.094
2281 204.094
2282 204.094
2283 204.094
2284 204.094
2285 204.094
2286 204.094
2287 204.094
2288 204.094
2289 204.094
2290 204.094
2291 204.094
2292 204.094
2293 204.094
2294 204.094
2295 204.094
2296 204.094
2297 204.094
2298 204.094
2299 204.094
2300 204.094
2301 204.094
2302 204.094
2303 204.094
2304 204.094
2305 204.094
2306 204.094
2307 204.094
2308 204.094
2309 204.094
2310 204.094
2311 204.094
2312 204.094
2313 204.094
2314 204.094
2315 204.094
2316 204.094
2317 204.094
2318 204.094
2319 211.889
2320 211.889
2321 211.889
2322 211.889
2323 211.889
2324 211.889
2325 211.889
2326 211.889
2327 211.889
2328 211.889
2329 211.889
2330 211.889
2331 211.889
2332 211.889
2333 211.889
2334 211.889
2335 211.889
2336 211.889
2337 211.889
2338 211.889
2339 211.889
2340 211.889
2341 211.889
2342 211.889
2343 211.889
2344 211.889
2345 211.889
2346 211.889
2347 211.889
2348 211.889
2349 211.889
2350 211.889
2351 211.889
2352 211.889
2353 211.889
2354 211.889
2355 211.889
2356 211.889
2357 211.889
2358 211.889
2359 211.889
2360 211.889
2361 211.889
2362 211.889
2363 211.889
2364 211.889
2365 211.889
2366 211.889
2367 211.889
2368 211.889
2369 211.889
2370 211.889
2371 211.889
2372 211.889
2373 211.889
2374 211.889
2375 211.889
2376 211.889
2377 211.889
2378 211.889
2379 211.889
2380 211.889
2381 211.889
2382 211.889
2383 211.889
2384 211.889
2385 211.889
2386 211.889
2387 211.889
2388 211.889
2389 211.889
2390 211.889
2391 211.889
2392 211.889
2393 211.889
2394 211.889
2395 211.889
2396 211.889
2397 211.889
2398 211.889
2399 211.889
2400 211.889
2401 211.889
2402 211.889
2403 211.889
2404 211.889
2405 211.889
2406 211.889
2407 211.889
2408 211.889
2409 211.889
2410 211.889
2411 211.889
2412 211.889
2413 211.889
2414 211.889
2415 211.889
2416 211.889
2417 211.889
2418 211.889
2419 211.889
2420 211.889
2421 211.889
2422 211.889
2423 211.889
2424 211.889
2425 211.889
2426 211.889
2427 211.889
2428 211.889
2429 211.889
2430 211.889
2431 211.889
2432 211.889
2433 211.889
2434 211.889
2435 211.889
2436 211.889
2437 211.889
2438 211.889
2439 211.889
2440 211.889
2441 211.889
2442 211.889
2443 211.889
2444 211.889
2445 211.889
2446 211.889
2447 211.889
2448 211.889
2449 211.889
2450 211.889
2451 217.586
2452 217.586
2453 217.586
2454 217.586
2455 217.586
2456 217.586
2457 217.586
2458 217.586
2459 217.586
2460 217.586
2461 217.586
2462 217.586
2463 217.586
2464 217.586
2465 217.586
2466 218.246
2467 218.246
2468 218.246
2469 218.246
2470 218.246
2471 218.246
2472 218.246
2473 218.246
2474 218.246
2475 218.246
2476 218.246
2477 218.246
2478 218.246
2479 218.246
2480 218.246
2481 218.246
2482 218.246
2483 218.246
2484 218.246
2485 218.246
2486 218.246
2487 218.246
2488 218.246
2489 218.246
2490 218.246
2491 218.246
2492 218.246
2493 218.246
2494 218.246
2495 218.246
2496 218.246
2497 218.246
2498 218.246
2499 218.246
2500 218.246
2501 218.246
2502 218.246
2503 218.246
2504 218.246
2505 218.246
2506 218.246
2507 218.246
2508 218.246
2509 218.246
2510 218.246
2511 218.246
2512 218.246
2513 218.246
2514 218.246
2515 218.246
2516 218.246
2517 218.246
2518 218.246
2519 218.246
2520 218.246
2521 218.246
2522 218.246
2523 218.246
2524 218.246
2525 218.246
2526 218.246
2527 218.246
2528 218.246
2529 218.246
2530 218.246
2531 218.246
2532 218.246
2533 218.246
2534 218.246
2535 218.246
2536 218.246
2537 218.246
2538 218.246
2539 218.246
2540 218.246
2541 218.246
2542 218.246
2543 218.246
2544 218.246
2545 218.246
2546 218.246
2547 218.246
2548 218.246
2549 218.246
2550 218.246
2551 201.884
2552 201.884
2553 201.884
2554 201.884
2555 201.884
2556 201.884
2557 201.884
2558 201.884
2559 201.884
2560 201.884
2561 201.884
2562 202.203
2563 202.203
2564 202.203
2565 202.203
2566 202.203
2567 202.203
2568 202.203
2569 202.203
2570 202.203
2571 202.203
2572 202.203
2573 202.203
2574 202.203
2575 202.203
2576 202.203
2577 202.203
2578 202.203
2579 202.203
2580 202.203
2581 202.203
2582 202.203
2583 202.203
2584 202.203
2585 202.203
2586 202.203
2587 202.203
2588 202.203
2589 202.203
2590 202.203
2591 202.203
2592 202.203
2593 202.203
2594 202.203
2595 202.203
2596 202.203
2597 202.203
2598 202.203
2599 202.203
2600 202.203
2601 202.203
2602 202.203
2603 202.203
2604 202.203
2605 202.203
2606 202.203
2607 202.203
2608 202.203
2609 206.098
2610 206.098
2611 206.098
2612 206.098
2613 206.098
2614 206.098
2615 206.098
2616 206.098
2617 206.098
2618 206.098
2619 206.098
2620 206.098
2621 206.098
2622 206.098
2623 206.098
2624 206.098
2625 206.098
2626 206.098
2627 206.098
2628 206.098
2629 206.098
2630 206.098
2631 206.098
2632 206.098
2633 206.098
2634 206.098
2635 206.098
2636 206.098
2637 206.098
2638 206.098
2639 206.098
2640 206.098
2641 206.098
2642 206.098
2643 206.098
2644 206.098
2645 206.098
2646 206.098
2647 206.098
2648 206.098
2649 206.098
2650 206.098
2651 206.098
2652 206.098
2653 206.098
2654 206.098
2655 206.098
2656 206.098
2657 206.098
2658 206.098
2659 206.098
2660 206.098
2661 206.098
2662 206.098
2663 213.287
2664 226.090
2665 226.090
2666 226.090
2667 226.090
2668 226.090
2669 226.090
2670 226.090
2671 226.090
2672 226.090
2673 226.090
2674 226.090
2675 226.090
2676 226.090
2677 226.090
2678 226.090
2679 226.090
2680 226.090
2681 226.090
2682 226.090
2683 226.090
2684 226.090
2685 226.090
2686 226.090
2687 226.090
2688 226.090
2689 226.090
2690 226.090
2691 226.090
2692 226.090
2693 226.090
2694 226.090
2695 226.090
2696 226.090
2697 226.090
2698 226.090
2699 226.090
2700 226.090
2701 226.090
2702 226.090
2703 226.090
2704 226.090
2705 226.090
2706 226.090
2707 226.090
2708 226.090
2709 226.090
2710 226.090
2711 226.090
2712 226.090
2713 226.090
2714 226.090
2715 226.090
2716 226.090
2717 226.090
2718 226.090
2719 226.090
2720 226.090
2721 226.090
2722 226.090
2723 226.090
2724 226.090
2725 226.090
2726 226.090
2727 226.090
2728 226.090
2729 226.090
2730 226.090
2731 226.090
2732 226.090
2733 226.090
2734 226.090
2735 226.090
2736 226.090
2737 226.090
2738 226.090
2739 226.090
2740 226.090
2741 226.090
2742 226.090
2743 226.090
2744 226.090
2745 226.090
2746 226.090
2747 226.090
2748 226.090
2749 226.090
2750 226.090
2751 226.090
2752 226.090
2753 226.090
2754 226.090
2755 226.090
2756 226.090
2757 226.090
2758 226.090
2759 226.090
2760 226.090
2761 226.090
2762 226.090
2763 226.090
2764 226.090
2765 226.090
2766 226.090
2767 226.090
2768 226.090
2769 226.090
2770 226.090
2771 226.090
2772 226.090
2773 226.090
2774 226.090
2775 226.090
2776 226.090
2777 226.090
2778 226.090
2779 226.090
2780 226.090
2781 226.090
2782 226.090
2783 226.090
2784 226.090
2785 226.090
2786 226.090
2787 226.090
2788 226.090
2789 226.090
2790 226.090
2791 226.090
2792 226.090
2793 226.090
2794 226.090
2795 226.090
2796 226.090
2797 226.090
2798 226.090
2799 226.090
2800 233.095
2801 233.095
2802 233.095
2803 233.095
2804 233.095
2805 233.095
2806 241.548
2807 241.548
2808 241.548
2809 230.301
2810 230.301
2811 230.301
2812 230.301
2813 230.301
2814 233.484
2815 233.484
2816 233.484
2817 233.484
2818 233.484
2819 233.484
2820 233.484
2821 233.484
2822 233.484
2823 233.484
2824 233.484
2825 233.484
2826 233.484
2827 233.484
2828 233.484
2829 233.484
2830 233.484
2831 233.484
2832 233.484
2833 233.484
2834 233.484
2835 233.484
2836 233.484
2837 233.484
2838 233.484
2839 233.484
2840 233.484
2841 233.484
2842 233.484
2843 233.484
2844 233.484
2845 233.484
2846 233.484
2847 233.484
2848 233.484
2849 233.484
2850 233.484
2851 233.484
2852 233.484
2853 233.484
2854 233.484
2855 233.484
2856 233.484
2857 233.484
2858 233.484
2859 233.484
2860 233.484
2861 233.484
2862 233.484
2863 233.484
2864 233.484
2865 233.484
2866 233.484
2867 233.484
2868 233.484
2869 230.619
2870 230.619
2871 230.619
2872 230.619
2873 230.619
2874 230.619
2875 230.619
2876 230.619
2877 230.619
2878 230.619
2879 230.619
2880 230.619
2881 230.619
2882 230.619
2883 230.619
2884 230.619
2885 230.619
2886 230.619
2887 230.619
2888 230.619
2889 230.619
2890 230.619
2891 230.619
2892 230.619
2893 230.619
2894 230.619
2895 230.619
2896 230.619
2897 230.619
2898 230.619
2899 230.619
2900 230.619
2901 230.619
2902 230.619
2903 230.619
2904 230.619
2905 230.619
2906 230.619
2907 230.619
2908 230.619
2909 230.619
2910 230.619
2911 230.619
2912 230.619
2913 230.619
2914 230.619
2915 230.619
2916 230.619
2917 230.619
2918 230.619
2919 230.619
2920 230.619
2921 230.619
2922 230.619
2923 230.619
2924 230.619
2925 230.619
2926 230.619
2927 230.619
2928 230.619
2929 230.619
2930 230.619
2931 230.619
2932 230.619
2933 230.619
2934 230.619
2935 230.619
2936 230.619
2937 230.619
2938 230.619
2939 230.619
2940 230.619
2941 230.619
2942 230.619
2943 230.619
2944 223.549
2945 223.549
2946 223.549
2947 223.549
2948 223.549
2949 223.549
2950 223.549
2951 223.549
2952 223.549
2953 223.549
2954 223.549
2955 223.549
2956 223.549
2957 223.549
2958 223.549
2959 228.164
2960 228.164
2961 228.164
2962 228.164
2963 228.164
2964 228.164
2965 228.164
2966 228.164
2967 228.164
2968 228.164
2969 228.164
2970 228.164
2971 228.164
2972 228.164
2973 228.164
2974 228.164
2975 228.164
2976 228.164
2977 228.164
2978 228.164
2979 228.164
2980 228.164
2981 228.164
2982 228.164
2983 228.164
2984 228.164
2985 228.164
2986 228.164
2987 228.164
2988 228.164
2989 228.164
2990 228.164
2991 228.164
2992 228.164
2993 228.164
2994 228.164
2995 228.164
2996 228.164
2997 228.164
2998 228.164
2999 228.164
3000 228.164
3001 228.164
3002 228.164
3003 228.164
3004 228.164
3005 228.164
3006 228.164
3007 228.164
3008 228.164
3009 228.164
3010 228.164
3011 228.164
3012 228.164
3013 228.164
3014 228.164
3015 228.164
3016 228.164
3017 228.164
3018 228.164
3019 228.164
3020 228.164
3021 228.164
3022 228.164
3023 228.164
3024 228.164
3025 228.164
3026 228.164
3027 228.164
3028 228.164
3029 228.164
3030 228.164
3031 228.164
3032 228.164
3033 228.164
3034 228.164
3035 228.164
3036 228.164
3037 228.164
3038 228.164
3039 228.164
3040 228.164
3041 228.164
3042 228.164
3043 228.164
3044 228.164
3045 228.164
3046 228.164
3047 228.164
3048 228.164
3049 228.164
3050 228.164
3051 228.164
3052 228.164
3053 228.164
3054 227.924
3055 227.924
3056 227.924
3057 227.924
3058 227.924
3059 227.924
3060 227.924
3061 227.924
3062 227.924
3063 227.924
3064 227.924
3065 227.924
3066 227.924
3067 227.924
3068 227.924
3069 227.924
3070 227.924
3071 227.924
3072 227.924
3073 227.924
3074 227.924
3075 227.924
3076 227.924
3077 227.924
3078 227.924
3079 227.924
3080 227.924
3081 227.924
3082 227.924
3083 227.924
3084 227.924
3085 227.924
3086 227.924
3087 227.924
3088 227.179
3089 227.179
3090 227.179
3091 227.179
3092 227.179
3093 227.179
3094 227.179
3095 227.179
3096 227.179
3097 227.179
3098 227.179
3099 227.179
3100 227.179
3101 227.179
3102 227.179
3103 227.179
3104 227.179
3105 227.179
3106 227.179
3107 227.179
3108 227.179
3109 227.179
3110 227.179
3111 227.179
3112 227.179
3113 227.179
3114 227.179
3115 227.179
3116 227.179
3117 227.179
3118 227.179
3119 227.179
3120 227.179
3121 227.179
3122 227.179
3123 227.179
3124 227.179
3125 227.179
3126 227.179
3127 227.179
3128 227.179
3129 227.179
3130 227.179
3131 227.179
3132 227.179
3133 227.179
3134 227.179
3135 227.179
3136 227.179
3137 227.179
3138 227.179
3139 227.179
3140 227.179
3141 227.179
3142 227.179
3143 227.179
3144 227.179
3145 227.179
3146 227.179
3147 227.179
3148 227.179
3149 227.179
3150 227.179
3151 227.179
3152 227.179
3153 227.179
3154 227.179
3155 227.179
3156 227.179
3157 227.179
3158 227.179
3159 227.179
3160 227.179
3161 227.179
3162 227.179
3163 227.179
3164 227.179
3165 227.179
3166 227.179
3167 227.179
3168 227.179
3169 227.179
3170 227.179
3171 227.179
3172 227.179
3173 227.179
3174 227.179
3175 227.179
3176 227.179
3177 227.179
3178 227.179
3179 227.179
3180 227.179
3181 227.179
3182 227.179
3183 227.179
3184 227.179
3185 227.179
3186 227.179
3187 227.179
3188 227.179
3189 227.179
3190 227.179
3191 227.179
3192 227.179
3193 227.179
3194 227.179
3195 227.179
3196 227.179
3197 227.179
3198 227.179
3199 227.179
3200 227.179
3201 227.179
3202 227.179
3203 227.179
3204 227.179
3205 227.179
3206 227.179
3207 227.179
3208 227.179
3209 227.179
3210 227.179
3211 227.179
3212 227.179
3213 227.179
3214 227.179
3215 227.179
3216 227.179
3217 227.179
3218 227.179
3219 227.179
3220 227.179
3221 227.179
3222 227.179
3223 227.179
3224 227.179
3225 227.179
3226 227.179
3227 227.179
3228 227.179
3229 227.179
3230 227.179
3231 227.179
3232 227.179
3233 227.179
3234 227.179
3235 227.179
3236 227.179
3237 227.179
3238 227.179
3239 227.179
3240 227.179
3241 227.179
3242 227.179
3243 227.179
3244 227.179
3245 227.179
3246 227.179
3247 227.179
3248 227.179
3249 227.179
3250 227.179
3251 227.179
3252 227.179
3253 227.179
3254 227.179
3255 227.179
3256 227.179
3257 227.179
3258 227.179
3259 227.179
3260 227.179
3261 227.179
3262 227.179
3263 233.893
3264 233.893
3265 233.893
3266 233.893
3267 233.893
3268 233.893
3269 233.893
3270 233.893
3271 233.893
3272 233.893
3273 233.893
3274 233.893
3275 233.893
3276 233.893
3277 233.893
3278 233.893
3279 233.893
3280 233.893
3281 233.893
3282 233.893
3283 233.893
3284 233.893
3285 233.893
3286 233.893
3287 233.893
3288 233.893
3289 233.893
3290 233.893
3291 233.893
3292 233.893
3293 233.893
3294 233.893
3295 233.893
3296 233.893
3297 233.893
3298 233.893
3299 233.893
3300 233.893
3301 233.893
3302 233.893
3303 233.893
3304 233.893
3305 233.893
3306 233.893
3307 233.893
3308 233.893
3309 233.893
3310 233.893
3311 233.893
3312 233.893
3313 233.893
3314 233.893
3315 237.820
3316 237.820
3317 237.820
3318 237.820
3319 237.820
3320 237.820
3321 237.820
3322 237.820
3323 237.820
3324 237.820
3325 237.820
3326 237.820
3327 237.820
3328 237.820
3329 237.820
3330 237.820
3331 237.820
3332 237.820
3333 237.820
3334 237.820
3335 237.820
3336 237.820
3337 237.820
3338 237.820
3339 237.820
3340 237.820
3341 237.820
3342 237.820
3343 237.820
3344 237.820
3345 237.820
3346 237.820
3347 237.820
3348 237.820
3349 237.820
3350 237.820
3351 237.820
3352 237.820
3353 237.820
3354 237.820
3355 237.820
3356 237.820
3357 237.820
3358 237.820
3359 237.820
3360 237.820
3361 237.820
3362 237.820
3363 237.820
3364 237.820
3365 237.820
3366 237.820
3367 237.820
3368 237.820
3369 237.820
3370 237.820
3371 237.820
3372 237.820
3373 237.820
3374 237.820
3375 237.820
3376 237.820
3377 237.820
3378 237.820
3379 237.820
3380 237.820
3381 237.820
3382 237.820
3383 237.820
3384 237.820
3385 237.820
3386 237.820
3387 237.820
3388 237.820
3389 237.820
3390 237.820
3391 237.820
3392 237.820
3393 237.820
3394 237.820
3395 237.820
3396 237.820
3397 237.820
3398 237.820
3399 237.820
3400 237.820
3401 237.820
3402 237.820
3403 237.820
3404 237.820
3405 237.820
3406 237.820
3407 237.820
3408 237.820
3409 237.820
3410 237.820
3411 237.820
3412 237.820
3413 237.820
3414 237.820
3415 237.820
3416 237.820
3417 237.820
3418 237.820
3419 237.820
3420 237.820
3421 237.820
3422 237.820
3423 237.820
3424 237.820
3425 237.820
3426 237.820
3427 237.820
3428 237.820
3429 237.820
3430 237.820
3431 237.820
3432 237.820
3433 237.820
3434 237.820
3435 237.820
3436 237.820
3437 237.820
3438 237.820
3439 237.820
3440 237.820
3441 237.820
3442 237.820
3443 237.820
3444 237.820
3445 237.820
3446 237.820
3447 237.820
3448 237.820
3449 237.820
3450 237.820
3451 237.820
3452 237.820
3453 237.820
3454 237.820
3455 237.820
3456 237.820
3457 237.820
3458 237.820
3459 237.820
3460 237.820
3461 237.820
3462 237.820
3463 237.820
3464 237.820
3465 237.820
3466 237.820
3467 237.820
3468 237.820
3469 237.820
3470 237.820
3471 237.820
3472 237.820
3473 237.820
3474 237.820
3475 237.820
3476 237.820
3477 237.820
3478 237.820
3479 237.820
3480 237.820
3481 237.820
3482 237.820
3483 237.820
3484 237.820
3485 237.820
3486 237.820
3487 237.820
3488 237.820
3489 237.820
3490 237.820
3491 237.820
3492 237.820
3493 237.820
3494 237.820
3495 237.820
3496 237.820
3497 237.820
3498 237.820
3499 237.820
3500 237.820
3501 237.820
3502 237.820
3503 237.820
3504 237.820
3505 237.820
3506 237.820
3507 237.820
3508 237.820
3509 237.820
3510 237.820
3511 237.820
3512 237.820
3513 237.820
3514 237.820
3515 237.820
3516 237.820
3517 237.820
3518 237.820
3519 237.820
3520 237.820
3521 237.820
3522 237.820
3523 237.820
3524 237.820
3525 237.820
3526 237.820
3527 237.820
3528 237.820
3529 237.820
3530 237.820
3531 237.820
3532 237.820
3533 237.820
3534 237.820
3535 237.820
3536 237.820
3537 237.820
3538 237.820
3539 237.820
3540 237.820
3541 237.820
3542 237.820
3543 237.820
3544 237.820
3545 237.820
3546 237.820
3547 237.820
3548 237.820
3549 237.820
3550 237.820
3551 237.820
3552 237.820
3553 237.820
3554 237.820
3555 237.820
3556 237.820
3557 237.820
3558 237.820
3559 237.820
3560 237.820
3561 237.820
3562 237.820
3563 237.820
3564 237.820
3565 237.820
3566 237.820
3567 237.820
3568 237.820
3569 237.820
3570 237.820
3571 237.820
3572 237.820
3573 237.820
3574 237.820
3575 237.820
3576 237.820
3577 237.820
3578 237.820
3579 237.820
3580 237.820
3581 237.820
3582 237.820
3583 237.820
3584 237.820
3585 237.820
3586 237.820
3587 237.820
3588 237.820
3589 237.820
3590 237.820
3591 237.820
3592 237.820
3593 237.820
3594 237.820
3595 237.820
3596 237.820
3597 237.820
3598 237.820
3599 237.820
3600 237.820
3601 237.820
3602 237.820
3603 237.820
3604 237.820
3605 237.820
3606 237.820
3607 237.820
3608 237.820
3609 237.820
3610 237.820
3611 237.820
3612 237.820
3613 237.820
3614 237.820
3615 237.820
3616 237.820
3617 237.820
3618 237.820
3619 237.820
3620 237.820
3621 237.820
3622 237.820
3623 237.820
3624 237.820
3625 237.820
3626 237.820
3627 237.820
3628 237.820
3629 237.820
3630 237.820
3631 237.820
3632 237.820
3633 237.820
3634 237.820
3635 237.820
3636 237.820
3637 237.820
3638 237.820
3639 237.820
3640 237.820
3641 237.820
3642 237.820
3643 237.820
3644 237.820
3645 237.820
3646 237.820
3647 237.820
3648 237.820
3649 237.820
3650 253.134
3651 253.134
3652 253.134
3653 253.134
3654 253.134
3655 253.134
3656 253.134
3657 253.134
3658 253.134
3659 253.134
3660 253.134
3661 253.134
3662 253.134
3663 253.134
3664 253.134
3665 253.134
3666 253.134
3667 253.134
3668 253.134
3669 253.134
3670 253.134
3671 253.134
3672 253.134
3673 253.134
3674 253.134
3675 253.134
3676 253.134
3677 253.134
3678 253.134
3679 253.134
3680 253.134
3681 253.134
3682 253.134
3683 253.134
3684 253.134
3685 253.134
3686 253.134
3687 253.134
3688 253.134
3689 253.134
3690 253.134
3691 253.134
3692 253.134
3693 253.134
3694 253.134
3695 253.134
3696 253.134
3697 253.134
3698 253.134
3699 253.134
3700 253.134
3701 253.134
3702 253.134
3703 253.134
3704 253.134
3705 253.134
3706 253.134
3707 253.134
3708 253.134
3709 253.134
3710 250.382
3711 250.382
3712 250.382
3713 250.382
3714 250.382
3715 250.382
3716 250.382
3717 250.382
3718 250.382
3719 250.382
3720 250.382
3721 250.382
3722 250.382
3723 250.382
3724 250.382
3725 250.382
3726 250.382
3727 250.382
3728 250.382
3729 250.382
3730 250.382
3731 250.382
3732 250.382
3733 250.382
3734 250.382
3735 250.382
3736 250.382
3737 250.382
3738 250.382
3739 250.382
3740 250.382
3741 250.382
3742 250.382
3743 250.382
3744 250.382
3745 250.382
3746 250.382
3747 250.382
3748 250.382
3749 250.382
3750 250.382
3751 250.382
3752 250.382
3753 250.382
3754 250.382
3755 250.382
3756 250.382
3757 250.382
3758 250.382
3759 250.382
3760 250.382
3761 250.382
3762 250.382
3763 250.382
3764 250.382
3765 250.382
3766 250.382
3767 250.382
3768 250.382
3769 250.382
3770 250.382
3771 250.382
3772 250.382
3773 250.382
3774 250.382
3775 250.382
3776 250.382
3777 250.382
3778 250.382
3779 250.382
3780 250.382
3781 250.382
3782 250.382
3783 250.382
3784 250.382
3785 250.382
3786 250.382
3787 250.382
3788 250.382
3789 250.382
3790 250.382
3791 250.382
3792 250.382
3793 250.382
3794 250.382
3795 250.382
3796 250.382
3797 250.382
3798 250.382
3799 250.382
3800 250.382
3801 250.382
3802 250.382
3803 250.382
3804 250.382
3805 250.382
3806 250.382
3807 250.382
3808 250.382
3809 250.382
3810 250.382
3811 267.519
3812 267.519
3813 267.519
3814 267.519
3815 267.519
3816 267.519
3817 267.519
3818 267.519
3819 267.519
3820 267.519
3821 267.519
3822 267.519
3823 267.519
3824 267.519
3825 267.519
3826 267.519
3827 267.519
3828 267.519
3829 267.519
3830 267.519
3831 267.519
3832 267.519
3833 267.519
3834 267.519
3835 267.519
3836 267.519
3837 267.519
3838 267.519
3839 267.519
3840 267.519
3841 267.519
3842 267.519
3843 267.519
3844 267.519
3845 267.519
3846 267.519
3847 267.519
3848 267.519
3849 267.519
3850 267.519
3851 267.519
3852 267.519
3853 267.519
3854 267.519
3855 267.519
3856 267.519
3857 267.519
3858 267.519
3859 267.519
3860 267.519
3861 267.519
3862 267.519
3863 267.519
3864 267.519
3865 267.519
3866 267.519
3867 267.519
3868 267.519
3869 267.519
3870 267.519
3871 267.519
3872 267.519
3873 267.519
3874 267.519
3875 267.519
3876 267.519
3877 267.519
3878 267.519
3879 267.519
3880 267.519
3881 267.519
3882 267.519
3883 267.519
3884 267.519
3885 267.519
3886 267.519
3887 267.519
3888 267.519
3889 267.519
3890 267.519
3891 267.519
3892 267.519
3893 267.519
3894 267.519
3895 267.519
3896 267.519
3897 267.519
3898 267.519
3899 267.519
3900 267.519
3901 267.519
3902 267.519
3903 267.519
3904 267.519
3905 267.519
3906 267.519
3907 267.519
3908 267.519
3909 267.519
3910 267.519
3911 267.519
3912 267.519
3913 267.519
3914 267.519
3915 267.519
3916 267.519
3917 267.519
3918 267.519
3919 267.519
3920 267.519
3921 267.519
3922 267.519
3923 267.519
3924 267.519
3925 267.519
3926 267.519
3927 267.519
3928 267.519
3929 267.519
3930 267.519
3931 267.519
3932 267.519
3933 267.519
3934 267.519
3935 267.519
3936 267.519
3937 267.519
3938 267.519
3939 267.519
3940 267.519
3941 267.519
3942 267.519
3943 267.519
3944 267.519
3945 267.519
3946 267.519
3947 267.519
3948 267.519
3949 267.519
3950 267.519
3951 267.519
3952 267.519
3953 267.519
3954 267.519
3955 267.519
3956 267.519
3957 267.519
3958 267.519
3959 267.519
3960 267.519
3961 267.519
3962 267.519
3963 267.519
3964 267.519
3965 267.519
3966 267.519
3967 267.519
3968 267.519
3969 267.519
3970 267.519
3971 267.519
3972 267.519
3973 267.519
3974 267.519
3975 267.519
3976 267.519
3977 267.519
3978 267.519
3979 267.519
3980 267.519
3981 267.519
3982 267.519
3983 267.519
3984 267.519
3985 267.519
3986 267.519
3987 267.519
3988 267.519
3989 267.519
3990 267.519
3991 267.519
3992 267.519
3993 267.519
3994 267.519
3995 267.519
3996 267.519
3997 267.519
3998 267.519
3999 267.519
4000 267.519
4001 267.519
4002 267.519
4003 267.519
4004 267.519
4005 267.519
4006 267.519
4007 267.519
4008 267.519
4009 267.519
4010 267.519
4011 267.519
4012 267.519
4013 267.519
4014 267.519
4015 267.519
4016 267.519
4017 267.519
4018 267.519
4019 267.519
4020 267.519
4021 267.519
4022 267.519
4023 267.519
4024 267.519
4025 267.519
4026 267.519
4027 267.519
4028 267.519
4029 267.519
4030 267.519
4031 267.519
4032 267.519
4033 267.519
4034 267.519
4035 267.519
4036 267.519
4037 267.519
4038 267.519
4039 267.519
4040 267.519
4041 267.519
4042 267.519
4043 267.519
4044 267.519
4045 267.519
4046 267.519
4047 267.519
4048 267.519
4049 267.519
4050 267.519
4051 267.519
4052 267.519
4053 267.519
4054 267.519
4055 267.519
4056 267.519
4057 267.519
4058 267.519
4059 267.519
4060 267.519
4061 267.519
4062 267.519
4063 267.519
4064 267.519
4065 267.519
4066 267.519
4067 267.519
4068 267.519
4069 267.519
4070 267.519
4071 267.519
4072 267.519
4073 267.519
4074 267.519
4075 267.519
4076 267.519
4077 267.519
4078 267.519
4079 267.519
4080 267.519
4081 267.519
4082 267.519
4083 267.519
4084 267.519
4085 267.519
4086 267.519
4087 267.519
4088 267.519
4089 267.519
4090 267.519
4091 267.519
4092 275.667
4093 275.667
4094 275.667
4095 275.667
4096 275.667
4097 275.667
4098 275.667
4099 275.667
4100 275.667
4101 275.667
4102 275.667
4103 275.667
4104 275.667
4105 275.667
4106 275.667
4107 275.667
4108 275.667
4109 275.667
4110 275.667
4111 275.667
4112 275.667
4113 275.667
4114 275.667
4115 275.667
4116 275.667
4117 275.667
4118 275.667
4119 275.667
4120 275.667
4121 275.667
4122 275.667
4123 275.667
4124 275.667
4125 275.667
4126 275.667
4127 275.667
4128 275.667
4129 275.667
4130 275.667
4131 275.667
4132 275.667
4133 275.667
4134 275.667
4135 275.667
4136 275.667
4137 275.667
4138 275.667
4139 275.667
4140 275.667
4141 275.667
4142 275.667
4143 275.667
4144 275.667
4145 275.667
4146 275.667
4147 275.667
4148 275.667
4149 275.667
4150 275.667
4151 275.667
4152 275.667
4153 275.667
4154 275.667
4155 275.667
4156 275.667
4157 275.667
4158 275.667
4159 275.667
4160 275.667
4161 275.667
4162 275.667
4163 275.667
4164 275.667
4165 275.667
4166 275.667
4167 275.667
4168 275.667
4169 275.667
4170 275.667
4171 275.667
4172 275.667
4173 275.667
4174 275.667
4175 275.667
4176 275.667
4177 275.667
4178 275.667
4179 275.667
4180 275.667
4181 275.667
4182 275.667
4183 275.667
4184 275.667
4185 275.667
4186 275.667
4187 275.667
4188 275.667
4189 275.667
4190 275.667
4191 275.667
4192 275.667
4193 275.667
4194 275.667
4195 275.667
4196 275.667
4197 275.667
4198 275.667
4199 275.667
4200 275.667
4201 275.667
4202 275.667
4203 275.667
4204 275.667
4205 275.667
4206 275.667
4207 275.667
4208 275.667
4209 275.667
4210 275.667
4211 275.667
4212 275.667
4213 275.667
4214 275.667
4215 275.667
4216 275.667
4217 275.667
4218 275.667
4219 275.667
4220 275.667
4221 275.667
4222 275.667
4223 275.667
4224 275.667
4225 275.667
4226 275.667
4227 275.667
4228 275.667
4229 275.667
4230 275.667
4231 275.667
4232 275.667
4233 275.667
4234 275.667
4235 275.667
4236 275.667
4237 275.667
4238 275.667
4239 275.667
4240 275.667
4241 275.667
4242 275.667
4243 275.667
4244 275.667
4245 275.667
4246 275.667
4247 275.667
4248 275.667
4249 275.667
4250 275.667
4251 275.667
4252 275.667
4253 275.667
4254 275.667
4255 275.667
4256 275.667
4257 275.667
4258 275.667
4259 275.667
4260 275.667
4261 275.667
4262 275.667
4263 275.667
4264 275.667
4265 275.667
4266 289.906
4267 289.906
4268 289.906
4269 289.906
4270 289.906
4271 289.906
4272 289.906
4273 289.906
4274 289.906
4275 289.906
4276 289.906
4277 289.906
4278 289.906
4279 289.906
4280 289.906
4281 289.906
4282 289.906
4283 289.906
4284 289.906
4285 289.906
4286 289.906
4287 289.906
4288 289.906
4289 289.906
4290 289.906
4291 289.906
4292 289.906
4293 289.906
4294 289.906
4295 289.906
4296 289.906
4297 289.906
4298 289.906
4299 289.906
4300 289.906
4301 289.906
4302 289.906
4303 289.906
4304 289.906
4305 289.906
4306 289.906
4307 289.906
4308 289.906
4309 289.906
4310 289.906
4311 289.906
4312 289.906
4313 289.906
4314 289.906
4315 289.906
4316 289.906
4317 289.906
4318 289.906
4319 289.906
4320 289.906
4321 289.906
4322 289.906
4323 289.906
4324 289.906
4325 289.906
4326 289.906
4327 289.906
4328 289.906
4329 289.906
4330 289.906
4331 289.906
4332 289.906
4333 289.906
4334 289.906
4335 289.906
4336 289.906
4337 289.906
4338 289.906
4339 289.906
4340 289.906
4341 289.906
4342 289.906
4343 289.906
4344 289.906
4345 289.906
4346 289.906
4347 289.906
4348 289.906
4349 289.906
4350 289.906
4351 289.906
4352 289.906
4353 289.906
4354 289.906
4355 289.906
4356 289.906
4357 289.906
4358 289.906
4359 289.906
4360 289.906
4361 289.906
4362 289.906
4363 289.906
4364 289.906
4365 289.906
4366 289.906
4367 289.906
4368 289.906
4369 289.906
4370 289.906
4371 289.906
4372 289.906
4373 289.906
4374 289.906
4375 289.906
4376 289.906
4377 289.906
4378 289.906
4379 289.906
4380 289.906
4381 289.906
4382 289.906
4383 289.906
4384 289.906
4385 289.906
4386 289.906
4387 289.906
4388 289.906
4389 289.906
4390 289.906
4391 289.906
4392 289.906
4393 289.906
4394 289.906
4395 289.906
4396 289.906
4397 289.906
4398 289.906
4399 289.906
4400 289.906
4401 289.906
4402 289.906
4403 289.906
4404 289.906
4405 289.906
4406 289.906
4407 289.906
4408 289.906
4409 289.906
4410 289.906
4411 289.906
4412 289.906
4413 289.906
4414 289.906
4415 289.906
4416 289.906
4417 289.906
4418 289.906
4419 289.906
4420 289.906
4421 289.906
4422 289.906
4423 289.906
4424 289.906
4425 289.906
4426 289.906
4427 289.906
4428 289.906
4429 289.906
4430 289.906
4431 289.906
4432 289.906
4433 289.906
4434 289.906
4435 289.906
4436 289.906
4437 289.906
4438 289.906
4439 289.906
4440 289.906
4441 289.906
4442 289.906
4443 289.906
4444 289.906
4445 289.906
4446 289.906
4447 289.906
4448 289.906
4449 289.906
4450 289.906
4451 289.906
4452 289.906
4453 289.906
4454 289.906
4455 289.906
4456 289.906
4457 289.906
4458 289.906
4459 289.906
4460 280.805
4461 280.805
4462 280.805
4463 280.805
4464 280.805
4465 280.805
4466 280.805
4467 280.805
4468 280.805
4469 280.805
4470 280.805
4471 280.805
4472 280.805
4473 280.805
4474 280.805
4475 280.805
4476 280.805
4477 280.805
4478 280.805
4479 280.805
4480 280.805
4481 280.805
4482 280.805
4483 280.805
4484 280.805
4485 280.805
4486 280.805
4487 280.805
4488 280.805
4489 280.805
4490 280.805
4491 280.805
4492 280.805
4493 280.805
4494 280.805
4495 280.805
4496 280.805
4497 280.805
4498 280.805
4499 280.805
4500 280.805
4501 280.805
4502 280.805
4503 280.805
4504 280.805
4505 280.805
4506 280.805
4507 280.805
4508 280.805
4509 280.805
4510 280.805
4511 280.805
4512 280.805
4513 280.805
4514 280.805
4515 280.805
4516 280.805
4517 280.805
4518 280.805
4519 280.805
4520 280.805
4521 280.805
4522 280.805
4523 280.805
4524 280.805
4525 280.805
4526 280.805
4527 280.805
4528 280.805
4529 280.805
4530 280.805
4531 280.805
4532 280.805
4533 280.805
4534 280.805
4535 280.805
4536 280.805
4537 280.805
4538 280.805
4539 280.805
4540 280.805
4541 280.805
4542 280.805
4543 280.805
4544 280.805
4545 280.805
4546 280.805
4547 280.805
4548 280.805
4549 280.805
4550 280.805
4551 280.805
4552 280.805
4553 280.805
4554 280.805
4555 280.805
4556 280.805
4557 280.805
4558 280.805
4559 280.805
4560 280.805
4561 280.805
4562 280.805
4563 280.805
4564 280.805
4565 280.805
4566 280.805
4567 280.805
4568 280.805
4569 280.805
4570 280.805
4571 280.805
4572 280.805
4573 280.805
4574 280.805
4575 280.805
4576 280.805
4577 280.805
4578 280.805
4579 280.805
4580 280.805
4581 280.805
4582 280.805
4583 280.805
4584 280.805
4585 280.805
4586 280.805
4587 280.805
4588 280.805
4589 280.805
4590 280.805
4591 280.805
4592 280.805
4593 280.805
4594 280.805
4595 280.805
4596 280.805
4597 280.805
4598 280.805
4599 280.805
4600 280.805
4601 280.805
4602 280.805
4603 280.805
4604 280.805
4605 280.805
4606 280.805
4607 280.805
4608 280.805
4609 280.805
4610 280.805
4611 280.805
4612 280.805
4613 280.805
4614 280.805
4615 280.805
4616 280.805
4617 280.805
4618 280.805
4619 280.805
4620 280.805
4621 280.805
4622 280.805
4623 280.805
4624 280.805
4625 280.805
4626 280.805
4627 280.805
4628 280.805
4629 280.805
4630 280.805
4631 280.805
4632 280.805
4633 280.805
4634 280.805
4635 280.805
4636 280.805
4637 280.805
4638 280.805
4639 280.805
4640 280.805
4641 280.805
4642 280.805
4643 280.805
4644 280.805
4645 280.805
4646 280.805
4647 280.805
4648 280.805
4649 280.805
4650 280.805
4651 280.805
4652 280.805
4653 280.805
4654 280.805
4655 280.805
4656 280.805
4657 280.805
4658 280.805
4659 280.805
4660 280.805
4661 280.805
4662 280.805
4663 280.805
4664 280.805
4665 280.805
4666 280.805
4667 280.805
4668 280.805
4669 280.805
4670 280.805
4671 280.805
4672 280.805
4673 280.805
4674 280.805
4675 280.805
4676 280.805
4677 280.805
4678 280.805
4679 280.805
4680 280.805
4681 280.805
4682 280.805
4683 280.805
4684 280.805
4685 280.805
4686 280.805
4687 280.805
4688 280.805
4689 280.805
4690 280.805
4691 280.805
4692 280.805
4693 280.805
4694 280.805
4695 280.805
4696 280.805
4697 280.805
4698 280.805
4699 280.805
4700 280.805
4701 280.805
4702 280.805
4703 280.805
4704 280.805
4705 280.805
4706 280.805
4707 280.805
4708 280.805
4709 280.805
4710 280.805
4711 280.805
4712 280.805
4713 280.805
4714 280.805
4715 280.805
4716 280.805
4717 280.805
4718 280.805
4719 280.805
4720 280.805
4721 280.805
4722 280.805
4723 280.805
4724 280.805
4725 280.805
4726 280.805
4727 280.805
4728 280.805
4729 280.805
4730 280.805
4731 280.805
4732 280.805
4733 280.805
4734 280.805
4735 280.805
4736 280.805
4737 280.805
4738 280.805
4739 280.805
4740 280.805
4741 280.805
4742 280.805
4743 280.805
4744 280.805
4745 280.805
4746 280.805
4747 280.805
4748 280.805
4749 280.805
4750 280.805
4751 280.805
4752 280.805
4753 280.805
4754 280.805
4755 280.805
4756 280.805
4757 280.805
4758 280.805
4759 280.805
4760 280.805
4761 280.805
4762 280.805
4763 280.805
4764 280.805
4765 280.805
4766 280.805
4767 280.805
4768 280.805
4769 280.805
4770 280.805
4771 280.805
4772 280.805
4773 288.286
4774 288.286
4775 288.286
4776 288.286
4777 288.286
4778 288.286
4779 288.286
4780 288.286
4781 288.286
4782 288.286
4783 288.286
4784 288.286
4785 288.286
4786 288.286
4787 288.286
4788 288.286
4789 288.286
4790 288.286
4791 288.286
4792 288.286
4793 288.286
4794 288.286
4795 288.286
4796 288.286
4797 288.286
4798 288.286
4799 288.286
4800 288.286
4801 288.286
4802 288.286
4803 288.286
4804 288.286
4805 288.286
4806 288.286
4807 288.286
4808 288.286
4809 288.286
4810 288.286
4811 288.286
4812 288.286
4813 288.286
4814 288.286
4815 288.286
4816 288.286
4817 288.286
4818 288.286
4819 288.286
4820 288.286
4821 288.286
4822 288.286
4823 288.286
4824 288.286
4825 288.286
4826 288.286
4827 288.286
4828 288.286
4829 288.286
4830 288.286
4831 288.286
4832 288.286
4833 288.286
4834 288.286
4835 288.286
4836 288.286
4837 288.286
4838 288.286
4839 288.286
4840 288.286
4841 288.286
4842 288.286
4843 288.286
4844 288.286
4845 288.286
4846 288.286
4847 288.286
4848 288.286
4849 288.286
4850 288.286
4851 288.286
4852 288.286
4853 288.286
4854 288.286
4855 288.286
4856 288.286
4857 288.286
4858 288.286
4859 288.286
4860 288.286
4861 288.286
4862 288.286
4863 288.286
4864 288.286
4865 288.286
4866 288.286
4867 288.286
4868 288.286
4869 288.286
4870 288.286
4871 288.286
4872 288.286
4873 288.286
4874 288.286
4875 288.286
4876 288.286
4877 288.286
4878 288.286
4879 288.286
4880 288.286
4881 288.286
4882 288.286
4883 288.286
4884 288.286
4885 288.286
4886 288.286
4887 288.286
4888 288.286
4889 288.286
4890 288.286
4891 288.286
4892 288.286
4893 288.286
4894 288.286
4895 288.286
4896 288.286
4897 288.286
4898 288.286
4899 288.286
4900 288.286
4901 288.286
4902 288.286
4903 288.286
4904 288.286
4905 288.286
4906 288.286
4907 288.286
4908 288.286
4909 288.286
4910 288.286
4911 288.286
4912 288.286
4913 288.286
4914 288.286
4915 288.286
4916 288.286
4917 288.286
4918 288.286
4919 288.286
4920 288.286
4921 288.286
4922 288.286
4923 288.286
4924 288.286
4925 288.286
4926 288.286
4927 288.286
4928 288.286
4929 288.286
4930 288.286
4931 288.286
4932 288.286
4933 288.286
4934 288.286
4935 288.286
4936 288.286
4937 288.286
4938 288.286
4939 288.286
4940 288.286
4941 288.286
4942 288.286
4943 288.286
4944 288.286
4945 288.286
4946 288.286
4947 288.286
4948 288.286
4949 288.286
4950 288.286
4951 288.286
4952 288.286
4953 288.286
4954 288.286
4955 288.286
4956 288.286
4957 288.286
4958 288.286
4959 288.286
4960 288.286
4961 288.286
4962 288.286
4963 288.286
4964 288.286
4965 288.286
4966 288.286
4967 288.286
4968 288.286
4969 288.286
4970 288.286
4971 288.286
4972 288.286
4973 288.286
4974 288.286
4975 288.286
4976 288.286
4977 288.286
4978 288.286
4979 288.286
4980 288.286
4981 288.286
4982 288.286
4983 288.286
4984 288.286
4985 288.286
4986 288.286
4987 288.286
4988 288.286
4989 288.286
4990 288.286
4991 288.286
4992 288.286
4993 288.286
4994 288.286
4995 288.286
4996 288.286
4997 288.286
4998 288.286
4999 288.286
5000 288.286
5001 288.286
5002 288.286
5003 288.286
5004 288.286
5005 288.286
5006 288.286
5007 288.286
5008 288.286
5009 288.286
5010 288.286
5011 297.867
5012 297.867
5013 297.867
5014 297.867
5015 297.867
5016 297.867
5017 297.867
5018 297.867
5019 297.867
5020 297.867
5021 297.867
5022 297.867
5023 297.867
5024 297.867
5025 297.867
5026 297.867
5027 297.867
5028 297.867
5029 297.867
5030 297.867
5031 297.867
5032 297.867
5033 297.867
5034 297.867
5035 297.867
5036 297.867
5037 297.867
5038 297.867
5039 297.867
5040 297.867
5041 297.867
5042 297.867
5043 297.867
5044 297.867
5045 297.867
5046 297.867
5047 297.867
5048 297.867
5049 297.867
5050 297.867
5051 297.867
5052 297.867
5053 297.867
5054 297.867
5055 297.867
5056 297.867
5057 297.867
5058 297.867
5059 297.867
5060 297.867
5061 297.867
5062 297.867
5063 297.867
5064 297.867
5065 297.867
5066 297.867
5067 297.867
5068 297.867
5069 297.867
5070 297.867
5071 297.867
5072 297.867
5073 297.867
5074 297.867
5075 297.867
5076 297.867
5077 297.867
5078 297.867
5079 297.867
5080 297.867
5081 297.867
5082 297.867
5083 297.867
5084 297.867
5085 297.867
5086 297.867
5087 297.867
5088 297.867
5089 297.867
5090 297.867
5091 297.867
5092 297.867
5093 297.867
5094 297.867
5095 297.867
5096 297.867
5097 297.867
5098 297.867
5099 297.867
5100 297.867
5101 297.867
5102 297.867
5103 297.867
5104 297.867
5105 297.867
5106 297.867
5107 297.867
5108 297.867
5109 297.867
5110 297.867
5111 297.867
5112 297.867
5113 297.867
5114 297.867
5115 297.867
5116 297.867
5117 297.867
5118 297.867
5119 297.867
5120 297.867
5121 297.867
5122 297.867
5123 297.867
5124 297.867
5125 297.867
5126 297.867
5127 297.867
5128 297.867
5129 297.867
5130 297.867
5131 297.867
5132 297.867
5133 297.867
5134 297.867
5135 297.867
5136 297.867
5137 297.867
5138 297.867
5139 297.867
5140 297.867
5141 297.867
5142 309.064
5143 309.064
5144 309.064
5145 309.064
5146 309.064
5147 309.064
5148 309.064
5149 309.064
5150 309.064
5151 309.064
5152 309.064
5153 309.064
5154 309.064
5155 309.064
5156 309.064
5157 309.064
5158 309.064
5159 309.064
5160 309.064
5161 309.064
5162 309.064
5163 309.064
5164 309.064
5165 309.064
5166 309.064
5167 309.064
5168 309.064
5169 309.064
5170 309.064
5171 309.064
5172 309.064
5173 309.064
5174 309.064
5175 309.064
5176 309.064
5177 309.064
5178 309.064
5179 309.064
5180 309.064
5181 309.064
5182 309.064
5183 309.064
5184 309.064
5185 309.064
5186 309.064
5187 309.064
5188 309.064
5189 309.064
5190 309.064
5191 309.064
5192 309.064
5193 309.064
5194 309.064
5195 309.064
5196 309.064
5197 309.064
5198 309.064
5199 309.064
5200 309.064
5201 309.064
5202 309.064
5203 309.064
5204 309.064
5205 309.064
5206 309.064
5207 309.064
5208 309.064
5209 309.064
5210 309.064
5211 309.064
5212 309.064
5213 309.064
5214 309.064
5215 309.064
5216 309.064
5217 309.064
5218 309.064
5219 309.064
5220 309.064
5221 309.064
5222 309.064
5223 309.064
5224 309.064
5225 309.064
5226 309.064
5227 309.064
5228 309.064
5229 309.064
5230 309.064
5231 309.064
5232 309.064
5233 309.064
5234 309.064
5235 309.064
5236 309.064
5237 309.064
5238 309.064
5239 309.064
5240 309.064
5241 309.064
5242 309.064
5243 309.064
5244 309.064
5245 309.064
5246 309.064
5247 309.064
5248 309.064
5249 309.064
5250 309.064
5251 309.064
5252 309.064
5253 309.064
5254 309.064
5255 309.064
5256 309.064
5257 309.064
5258 309.064
5259 309.064
5260 309.064
5261 309.064
5262 309.064
5263 309.064
5264 309.064
5265 309.064
5266 309.064
5267 309.064
5268 309.064
5269 309.064
5270 309.064
5271 309.064
5272 309.064
5273 309.064
5274 309.064
5275 309.064
5276 309.064
5277 309.064
5278 309.064
5279 309.064
5280 309.064
5281 309.064
5282 309.064
5283 309.064
5284 309.064
5285 309.064
5286 309.064
5287 309.064
5288 309.064
5289 309.064
5290 309.064
5291 309.064
5292 309.064
5293 309.064
5294 309.064
5295 309.064
5296 309.064
5297 309.064
5298 309.064
5299 309.064
5300 309.064
5301 309.064
5302 309.064
5303 309.064
5304 309.064
5305 309.064
5306 309.064
5307 309.064
5308 309.064
5309 309.064
5310 309.064
5311 309.064
5312 309.064
5313 309.064
5314 309.064
5315 309.064
5316 309.064
5317 309.064
5318 309.064
5319 309.064
5320 309.064
5321 309.064
5322 309.064
5323 309.064
5324 309.064
5325 309.064
5326 309.064
5327 309.064
5328 309.064
5329 309.064
5330 309.064
5331 309.064
5332 309.064
5333 309.064
5334 309.064
5335 309.064
5336 309.064
5337 309.064
5338 309.064
5339 309.064
5340 309.064
5341 309.064
5342 309.064
5343 309.064
5344 309.064
5345 309.064
5346 309.064
5347 309.064
5348 309.064
5349 309.064
5350 309.064
5351 309.064
5352 309.064
5353 309.064
5354 309.064
5355 309.064
5356 309.064
5357 309.064
5358 309.064
5359 309.064
5360 309.064
5361 309.064
5362 309.064
5363 309.064
5364 309.064
5365 309.064
5366 309.064
5367 309.064
5368 309.064
5369 309.064
5370 309.064
5371 309.064
5372 309.064
5373 309.064
5374 309.064
5375 309.064
5376 309.064
5377 309.064
5378 309.064
5379 309.064
5380 309.064
5381 309.064
5382 309.064
5383 309.064
5384 309.064
5385 309.064
5386 309.064
5387 309.064
5388 309.064
5389 309.064
5390 309.064
5391 309.064
5392 309.064
5393 309.064
5394 309.064
5395 309.064
5396 309.064
5397 309.064
5398 309.064
5399 309.064
5400 309.064
5401 309.064
5402 309.064
5403 309.064
5404 309.064
5405 309.064
5406 309.064
5407 309.064
5408 309.064
5409 309.064
5410 309.064
5411 309.064
5412 309.064
5413 309.064
5414 309.064
5415 309.064
5416 309.064
5417 309.064
5418 309.064
5419 309.064
5420 309.064
5421 309.064
5422 309.064
5423 309.064
5424 309.064
5425 309.064
5426 309.064
5427 309.064
5428 309.064
5429 309.064
5430 309.064
5431 309.064
5432 309.064
5433 309.064
5434 309.064
5435 309.064
5436 309.064
5437 309.064
5438 309.064
5439 309.064
5440 309.064
5441 309.064
5442 309.064
5443 309.064
5444 309.064
5445 309.064
5446 309.064
5447 309.064
5448 309.064
5449 309.064
5450 309.064
5451 309.064
5452 309.064
5453 309.064
5454 309.064
5455 309.064
5456 309.064
5457 309.064
5458 309.064
5459 309.064
5460 309.064
5461 309.064
5462 309.064
5463 309.064
5464 309.064
5465 309.064
5466 309.064
5467 309.064
5468 309.064
5469 309.064
5470 309.064
5471 309.064
5472 309.064
5473 309.064
5474 309.064
5475 309.064
5476 309.064
5477 309.064
5478 309.064
5479 309.064
5480 309.064
5481 309.064
5482 309.064
5483 309.064
5484 309.064
5485 309.064
5486 309.064
5487 309.064
5488 309.064
5489 309.064
5490 309.064
5491 309.064
5492 309.064
5493 309.064
5494 309.064
5495 309.064
5496 309.064
5497 309.064
5498 309.064
5499 309.064
5500 309.064
5501 309.064
5502 309.064
5503 309.064
5504 309.064
5505 309.064
5506 309.064
5507 309.064
5508 309.064
5509 309.064
5510 309.064
5511 309.064
5512 309.064
5513 309.064
5514 309.064
5515 309.064
5516 309.064
5517 309.064
5518 309.064
5519 309.064
5520 309.064
5521 309.064
5522 309.064
5523 309.064
5524 309.064
5525 309.064
5526 309.064
5527 309.064
5528 309.064
5529 309.064
5530 309.064
5531 309.064
5532 309.064
5533 309.064
5534 309.064
5535 309.064
5536 309.064
5537 309.064
5538 309.064
5539 309.064
5540 309.064
5541 309.064
5542 309.064
5543 309.064
5544 309.064
5545 309.064
5546 309.064
5547 309.064
5548 309.064
5549 309.064
5550 309.064
5551 309.064
5552 309.064
5553 309.064
5554 309.064
5555 309.064
5556 309.064
5557 309.064
5558 309.064
5559 309.064
5560 309.064
5561 309.064
5562 309.064
5563 309.064
5564 309.064
5565 309.064
5566 309.064
5567 309.064
5568 309.064
5569 309.064
5570 309.064
5571 309.064
5572 309.064
5573 309.064
5574 309.064
5575 309.064
5576 309.064
5577 309.064
5578 309.064
5579 309.064
5580 309.064
5581 309.064
5582 309.064
5583 309.064
5584 309.064
5585 309.064
5586 309.064
5587 309.064
5588 309.064
5589 309.064
5590 309.064
5591 309.064
5592 309.064
5593 309.064
5594 309.064
5595 309.064
5596 309.064
5597 309.064
5598 309.064
5599 309.064
5600 309.064
5601 309.064
5602 309.064
5603 309.064
5604 309.064
5605 309.064
5606 309.064
5607 309.064
5608 309.064
5609 309.064
5610 309.064
5611 309.064
5612 309.064
5613 309.064
5614 309.064
5615 309.064
5616 309.064
5617 309.064
5618 309.064
5619 309.064
5620 309.064
5621 309.064
5622 309.064
5623 309.064
5624 309.064
5625 309.064
5626 309.064
5627 309.064
5628 309.064
5629 309.064
5630 309.064
5631 309.064
5632 309.064
5633 309.064
5634 309.064
5635 309.064
5636 309.064
5637 309.064
5638 309.064
5639 309.064
5640 309.064
5641 309.064
5642 309.064
5643 309.064
5644 309.064
5645 309.064
5646 309.064
5647 309.064
5648 309.064
5649 309.064
5650 309.064
5651 309.064
5652 309.064
5653 309.064
5654 309.064
5655 309.064
5656 309.064
5657 309.064
5658 309.064
5659 309.064
5660 309.064
5661 309.064
5662 309.064
5663 309.064
5664 309.064
5665 309.064
5666 309.064
5667 309.064
5668 309.064
5669 309.064
5670 309.064
5671 309.064
5672 309.064
5673 309.064
5674 309.064
5675 309.064
5676 309.064
5677 309.064
5678 309.064
5679 309.064
5680 309.064
5681 309.064
5682 309.064
5683 309.064
5684 309.064
5685 309.064
5686 309.064
5687 309.064
5688 309.064
5689 309.064
5690 309.064
5691 309.064
5692 309.064
5693 309.064
5694 309.064
5695 309.064
5696 309.064
5697 309.064
5698 309.064
5699 309.064
5700 309.064
5701 309.064
5702 309.064
5703 309.064
5704 309.064
5705 309.064
5706 309.064
5707 309.064
5708 309.064
5709 309.064
5710 309.064
5711 309.064
5712 309.064
5713 309.064
5714 309.064
5715 309.064
5716 309.064
5717 309.064
5718 309.064
5719 309.064
5720 309.064
5721 309.064
5722 309.064
5723 309.064
5724 309.064
5725 309.064
5726 309.064
5727 309.064
5728 324.536
5729 324.536
5730 324.536
5731 324.536
5732 324.536
5733 324.536
5734 324.536
5735 324.536
5736 324.536
5737 324.536
5738 324.536
5739 324.536
5740 324.536
5741 324.536
5742 324.536
5743 324.536
5744 324.536
5745 324.536
5746 324.536
5747 324.536
5748 324.536
5749 324.536
5750 324.536
5751 324.536
5752 324.536
5753 324.536
5754 324.536
5755 324.536
5756 324.536
5757 324.536
5758 324.536
5759 324.536
5760 324.536
5761 324.536
5762 324.536
5763 324.536
5764 324.536
5765 324.536
5766 324.536
5767 324.536
5768 324.536
5769 324.536
5770 324.536
5771 324.536
5772 324.536
5773 324.536
5774 324.536
5775 324.536
5776 324.536
5777 324.536
5778 324.536
5779 324.536
5780 324.536
5781 324.536
5782 324.536
5783 324.536
5784 324.536
5785 324.536
5786 324.536
5787 324.536
5788 324.536
5789 324.536
5790 324.536
5791 324.536
5792 324.536
5793 324.536
5794 324.536
5795 324.536
5796 324.536
5797 324.536
5798 324.536
5799 324.536
5800 324.536
5801 324.536
5802 324.536
5803 324.536
5804 324.536
5805 324.536
5806 324.536
5807 324.536
5808 324.536
5809 324.536
5810 324.536
5811 324.536
5812 324.536
5813 324.536
5814 324.536
5815 324.536
5816 324.536
5817 345.094
5818 345.094
5819 345.094
5820 345.094
5821 345.094
5822 345.094
5823 345.094
5824 345.094
5825 345.094
5826 345.094
5827 345.094
5828 345.094
5829 345.094
5830 345.094
5831 345.094
5832 345.094
5833 345.094
5834 345.094
5835 345.094
5836 345.094
5837 345.094
5838 345.094
5839 345.094
5840 345.094
5841 345.094
5842 345.094
5843 345.094
5844 345.094
5845 345.094
5846 345.094
5847 345.094
5848 345.094
5849 345.094
5850 345.094
5851 345.094
5852 345.094
5853 345.094
5854 345.094
5855 345.094
5856 345.094
5857 345.094
5858 345.094
5859 345.094
5860 345.094
5861 345.094
5862 345.094
5863 345.094
5864 345.094
5865 345.094
5866 345.094
5867 345.094
5868 345.094
5869 345.094
5870 345.094
5871 345.094
5872 345.094
5873 345.094
5874 345.094
5875 345.094
5876 345.094
5877 345.094
5878 345.094
5879 345.094
5880 345.094
5881 345.094
5882 345.094
5883 345.094
5884 345.094
5885 345.094
5886 345.094
5887 345.094
5888 345.094
5889 345.094
5890 345.094
5891 345.094
5892 345.094
5893 345.094
5894 345.094
5895 345.094
5896 345.094
5897 345.094
5898 345.094
5899 345.094
5900 345.094
5901 345.094
5902 345.094
5903 345.094
5904 345.094
5905 345.094
5906 345.094
5907 345.094
5908 345.094
5909 345.094
5910 345.094
5911 345.094
5912 345.094
5913 345.094
5914 345.094
5915 345.094
5916 345.094
5917 345.094
5918 345.094
5919 345.094
5920 345.094
5921 345.094
5922 345.094
5923 345.094
5924 345.094
5925 345.094
5926 345.094
5927 345.094
5928 345.094
5929 345.094
5930 345.094
5931 345.094
5932 345.094
5933 345.094
5934 345.094
5935 345.094
5936 345.094
5937 345.094
5938 345.094
5939 345.094
5940 345.094
5941 345.094
5942 345.094
5943 345.094
5944 345.094
5945 345.094
5946 345.094
5947 345.094
5948 345.094
5949 345.094
5950 345.094
5951 345.094
5952 345.094
5953 345.094
5954 345.094
5955 345.094
5956 345.094
5957 345.094
5958 345.094
5959 345.094
5960 345.094
5961 345.094
5962 345.094
5963 345.094
5964 345.094
5965 345.094
5966 345.094
5967 345.094
5968 345.094
5969 345.094
5970 345.094
5971 345.094
5972 345.094
5973 345.094
5974 345.094
5975 345.094
5976 345.094
5977 345.094
5978 345.094
5979 345.094
5980 345.094
5981 345.094
5982 345.094
5983 345.094
5984 345.094
5985 345.094
5986 345.094
5987 345.094
5988 345.094
5989 345.094
5990 345.094
5991 345.094
5992 345.094
5993 345.094
5994 345.094
5995 345.094
5996 345.094
5997 345.094
5998 345.094
5999 345.094
6000 345.094
6001 345.094
6002 345.094
6003 345.094
6004 345.094
6005 345.094
6006 345.094
6007 345.094
6008 345.094
6009 345.094
6010 345.094
6011 345.094
6012 345.094
6013 345.094
6014 345.094
6015 345.094
6016 345.094
6017 345.094
6018 345.094
6019 345.094
6020 345.094
6021 345.094
6022 345.094
6023 345.094
6024 345.094
6025 345.094
6026 345.094
6027 345.094
6028 345.094
6029 345.094
6030 345.094
6031 345.094
6032 345.094
6033 345.094
6034 345.094
6035 345.094
6036 345.094
6037 345.094
6038 345.094
6039 345.094
6040 345.094
6041 345.094
6042 345.094
6043 345.094
6044 345.094
6045 345.094
6046 345.094
6047 345.094
6048 345.094
6049 345.094
6050 345.094
6051 345.094
6052 345.094
6053 345.094
6054 345.094
6055 345.094
6056 345.094
6057 345.094
6058 345.094
6059 345.094
6060 345.094
6061 345.094
6062 345.094
6063 345.094
6064 345.094
6065 345.094
6066 345.094
6067 345.094
6068 345.094
6069 345.094
6070 345.094
6071 345.094
6072 345.094
6073 345.094
6074 345.094
6075 345.094
6076 345.094
6077 345.094
6078 345.094
6079 345.094
6080 345.094
6081 345.094
6082 345.094
6083 345.094
6084 345.094
6085 345.094
6086 345.094
6087 345.094
6088 345.094
6089 345.094
6090 345.094
6091 345.094
6092 345.094
6093 345.094
6094 345.094
6095 345.094
6096 345.094
6097 345.094
6098 345.094
6099 345.094
6100 345.094
6101 345.094
6102 345.094
6103 345.094
6104 345.094
6105 345.094
6106 345.094
6107 345.094
6108 345.094
6109 345.094
6110 345.094
6111 345.094
6112 345.094
6113 345.094
6114 345.094
6115 345.094
6116 345.094
6117 345.094
6118 345.094
6119 345.094
6120 345.094
6121 345.094
6122 345.094
6123 345.094
6124 345.094
6125 345.094
6126 345.094
6127 345.094
6128 345.094
6129 345.094
6130 345.094
6131 345.094
6132 345.094
6133 345.094
6134 345.094
6135 345.094
6136 345.094
6137 345.094
6138 345.094
6139 345.094
6140 345.094
6141 345.094
6142 345.094
6143 345.094
6144 345.094
6145 345.094
6146 345.094
6147 345.094
6148 345.094
6149 345.094
6150 345.094
6151 345.094
6152 345.094
6153 345.094
6154 345.094
6155 345.094
6156 345.094
6157 345.094
6158 345.094
6159 345.094
6160 345.094
6161 345.094
6162 345.094
6163 345.094
6164 345.094
6165 345.094
6166 345.094
6167 345.094
6168 345.094
6169 345.094
6170 345.094
6171 345.094
6172 345.094
6173 345.094
6174 345.094
6175 345.094
6176 345.094
6177 345.094
6178 345.094
6179 345.094
6180 345.094
6181 345.094
6182 345.094
6183 345.094
6184 345.094
6185 345.094
6186 345.094
6187 345.094
6188 345.094
6189 345.094
6190 345.094
6191 345.094
6192 345.094
6193 345.094
6194 345.094
6195 345.094
6196 345.094
6197 345.094
6198 345.094
6199 345.094
6200 345.094
6201 345.094
6202 345.094
6203 345.094
6204 345.094
6205 345.094
6206 345.094
6207 345.094
6208 345.094
6209 345.094
6210 345.094
6211 345.094
6212 345.094
6213 345.094
6214 345.094
6215 345.094
6216 345.094
6217 345.094
6218 345.094
6219 345.094
6220 345.094
6221 345.094
6222 345.094
6223 345.094
6224 345.094
6225 345.094
6226 345.094
6227 345.094
6228 345.094
6229 345.094
6230 345.094
6231 345.094
6232 345.094
6233 345.094
6234 345.094
6235 345.094
6236 345.094
6237 345.094
6238 345.094
6239 345.094
6240 345.094
6241 345.094
6242 345.094
6243 345.094
6244 345.094
6245 345.094
6246 345.094
6247 345.094
6248 345.094
6249 345.094
6250 345.094
6251 345.094
6252 345.094
6253 345.094
6254 345.094
6255 345.094
6256 345.094
6257 345.094
6258 345.094
6259 345.094
6260 345.094
6261 345.094
6262 345.094
6263 345.094
6264 345.094
6265 345.094
6266 345.094
6267 345.094
6268 345.094
6269 345.094
6270 345.094
6271 345.094
6272 345.094
6273 345.094
6274 345.094
6275 345.094
6276 345.094
6277 345.094
6278 345.094
6279 345.094
6280 345.094
6281 345.094
6282 345.094
6283 345.094
6284 345.094
6285 345.094
6286 345.094
6287 345.094
6288 345.094
6289 345.094
6290 345.094
6291 345.094
6292 345.094
6293 345.094
6294 345.094
6295 345.094
6296 345.094
6297 345.094
6298 345.094
6299 345.094
6300 345.094
6301 345.094
6302 345.094
6303 345.094
6304 345.094
6305 345.094
6306 345.094
6307 350.484
6308 350.484
6309 350.484
6310 350.484
6311 350.484
6312 350.484
6313 350.484
6314 350.484
6315 350.484
6316 350.484
6317 350.484
6318 350.484
6319 350.484
6320 350.484
6321 350.484
6322 350.484
6323 350.484
6324 350.484
6325 350.484
6326 350.484
6327 350.484
6328 350.484
6329 350.484
6330 350.484
6331 350.484
6332 350.484
6333 350.484
6334 350.484
6335 350.484
6336 350.484
6337 350.484
6338 350.484
6339 350.484
6340 350.484
6341 350.484
6342 350.484
6343 350.484
6344 350.484
6345 350.484
6346 350.484
6347 350.484
6348 350.484
6349 350.484
6350 350.484
6351 350.484
6352 350.484
6353 350.484
6354 350.484
6355 350.484
6356 350.484
6357 350.484
6358 350.484
6359 350.484
6360 350.484
6361 350.484
6362 350.484
6363 350.484
6364 350.484
6365 350.484
6366 350.484
6367 350.484
6368 350.484
6369 350.484
6370 350.484
6371 350.484
6372 350.484
6373 350.484
6374 350.484
6375 350.484
6376 350.484
6377 350.484
6378 350.484
6379 350.484
6380 350.484
6381 350.484
6382 350.484
6383 350.484
6384 350.484
6385 350.484
6386 350.484
6387 350.484
6388 350.484
6389 350.484
6390 350.484
6391 350.484
6392 350.484
6393 350.484
6394 350.484
6395 350.484
6396 350.484
6397 350.484
6398 350.484
6399 350.484
6400 350.484
6401 350.484
6402 350.484
6403 350.484
6404 350.484
6405 350.484
6406 350.484
6407 350.484
6408 350.484
6409 350.484
6410 350.484
6411 350.484
6412 350.484
6413 350.484
6414 350.484
6415 350.484
6416 350.484
6417 350.484
6418 350.484
6419 350.484
6420 350.484
6421 350.484
6422 350.484
6423 350.484
6424 350.484
6425 350.484
6426 350.484
6427 350.484
6428 350.484
6429 350.484
6430 350.484
6431 350.484
6432 350.484
6433 350.484
6434 350.484
6435 350.484
6436 350.484
6437 350.484
6438 350.484
6439 350.484
6440 350.484
6441 350.484
6442 350.484
6443 350.484
6444 350.484
6445 350.484
6446 350.484
6447 350.484
6448 350.484
6449 350.484
6450 350.484
6451 350.484
6452 350.484
6453 350.484
6454 350.484
6455 350.484
6456 350.484
6457 350.484
6458 350.484
6459 350.484
6460 350.484
6461 350.484
6462 350.484
6463 350.484
6464 350.484
6465 350.484
6466 350.484
6467 350.484
6468 350.484
6469 350.484
6470 350.484
6471 350.484
6472 350.484
6473 350.484
6474 350.484
6475 350.484
6476 350.484
6477 350.484
6478 350.484
6479 350.484
6480 350.484
6481 350.484
6482 350.484
6483 350.484
6484 350.484
6485 350.484
6486 350.484
6487 350.484
6488 350.484
6489 350.484
6490 350.484
6491 350.484
6492 350.484
6493 350.484
6494 350.484
6495 350.484
6496 350.484
6497 350.484
6498 350.484
6499 350.484
6500 350.484
6501 350.484
6502 350.484
6503 350.484
6504 350.484
6505 350.484
6506 350.484
6507 350.484
6508 350.484
6509 350.484
6510 350.484
6511 350.484
6512 350.484
6513 350.484
6514 350.484
6515 350.484
6516 350.484
6517 350.484
6518 350.484
6519 350.484
6520 350.484
6521 350.484
6522 350.484
6523 350.484
6524 350.484
6525 350.484
6526 350.484
6527 350.484
6528 350.484
6529 350.484
6530 350.484
6531 350.484
6532 350.484
6533 350.484
6534 350.484
6535 350.484
6536 350.484
6537 350.484
6538 350.484
6539 350.484
6540 350.484
6541 350.484
6542 350.484
6543 350.484
6544 350.484
6545 350.484
6546 350.484
6547 350.484
6548 350.484
6549 350.484
6550 350.484
6551 350.484
6552 350.484
6553 350.484
6554 350.484
6555 350.484
6556 350.484
6557 350.484
6558 350.484
6559 350.484
6560 350.484
6561 350.484
6562 350.484
6563 350.484
6564 350.484
6565 350.484
6566 350.484
6567 350.484
6568 350.484
6569 350.484
6570 350.484
6571 350.484
6572 350.484
6573 350.484
6574 350.484
6575 350.484
6576 350.484
6577 350.484
6578 350.484
6579 350.484
6580 350.484
6581 350.484
6582 350.484
6583 350.484
6584 350.484
6585 350.484
6586 350.484
6587 350.484
6588 350.484
6589 350.484
6590 350.484
6591 350.484
6592 350.484
6593 350.484
6594 350.484
6595 350.484
6596 350.484
6597 350.484
6598 350.484
6599 350.484
6600 350.484
6601 350.484
6602 350.484
6603 350.484
6604 350.484
6605 350.484
6606 350.484
6607 350.484
6608 350.484
6609 350.484
6610 350.484
6611 350.484
6612 350.484
6613 350.484
6614 350.484
6615 350.484
6616 350.484
6617 350.484
6618 350.484
6619 350.484
6620 350.484
6621 350.484
6622 350.484
6623 350.484
6624 350.484
6625 350.484
6626 350.484
6627 350.484
6628 350.484
6629 350.484
6630 350.484
6631 350.484
6632 350.484
6633 350.484
6634 350.484
6635 350.484
6636 350.484
6637 350.484
6638 350.484
6639 350.484
6640 350.484
6641 350.484
6642 350.484
6643 350.484
6644 350.484
6645 350.484
6646 350.484
6647 350.484
6648 350.484
6649 350.484
6650 350.484
6651 350.484
6652 350.484
6653 350.484
6654 350.484
6655 350.484
6656 350.484
6657 350.484
6658 350.484
6659 350.484
6660 350.484
6661 350.484
6662 350.484
6663 350.484
6664 350.484
6665 350.484
6666 350.484
6667 350.484
6668 350.484
6669 350.484
6670 350.484
6671 350.484
6672 350.484
6673 350.484
6674 350.484
6675 350.484
6676 350.484
6677 350.484
6678 350.484
6679 350.484
6680 350.484
6681 350.484
6682 350.484
6683 350.484
6684 350.484
6685 350.484
6686 350.484
6687 350.484
6688 350.484
6689 350.484
6690 350.484
6691 350.484
6692 350.484
6693 350.484
6694 350.484
6695 350.484
6696 350.484
6697 350.484
6698 350.484
6699 350.484
6700 350.484
6701 350.484
6702 350.484
6703 350.484
6704 350.484
6705 350.484
6706 350.484
6707 350.484
6708 350.484
6709 350.484
6710 350.484
6711 350.484
6712 350.484
6713 350.484
6714 350.484
6715 350.484
6716 350.484
6717 350.484
6718 350.484
6719 350.484
6720 350.484
6721 350.484
6722 350.484
6723 350.484
6724 350.484
6725 350.484
6726 350.484
6727 350.484
6728 350.484
6729 350.484
6730 350.484
6731 350.484
6732 350.484
6733 350.484
6734 350.484
6735 350.484
6736 350.484
6737 350.484
6738 350.484
6739 350.484
6740 350.484
6741 350.484
6742 350.484
6743 350.484
6744 350.484
6745 350.484
6746 350.484
6747 350.484
6748 350.484
6749 350.484
6750 350.484
6751 350.484
6752 350.484
6753 350.484
6754 350.484
6755 350.484
6756 350.484
6757 350.484
6758 350.484
6759 350.484
6760 350.484
6761 350.484
6762 350.484
6763 350.484
6764 350.484
6765 350.484
6766 350.484
6767 350.484
6768 350.484
6769 350.484
6770 350.484
6771 350.484
6772 350.484
6773 350.484
6774 350.484
6775 350.484
6776 350.484
6777 350.484
6778 350.484
6779 350.484
6780 350.484
6781 350.484
6782 350.484
6783 350.484
6784 350.484
6785 350.484
6786 350.484
6787 350.484
6788 350.484
6789 350.484
6790 350.484
6791 350.484
6792 350.484
6793 350.484
6794 350.484
6795 350.484
6796 350.484
6797 350.484
6798 350.484
6799 350.484
6800 350.484
6801 350.484
6802 350.484
6803 350.484
6804 350.484
6805 350.484
6806 350.484
6807 350.484
6808 350.484
6809 350.484
6810 350.484
6811 350.484
6812 350.484
6813 350.484
6814 350.484
6815 350.484
6816 350.484
6817 350.484
6818 350.484
6819 350.484
6820 350.484
6821 350.484
6822 350.484
6823 350.484
6824 350.484
6825 350.484
6826 350.484
6827 350.484
6828 350.484
6829 350.484
6830 350.484
6831 350.484
6832 350.484
6833 350.484
6834 350.484
6835 350.484
6836 350.484
6837 350.484
6838 350.484
6839 350.484
6840 350.484
6841 350.484
6842 350.484
6843 350.484
6844 350.484
6845 350.484
6846 350.484
6847 350.484
6848 350.484
6849 350.484
6850 350.484
6851 350.484
6852 350.484
6853 350.484
6854 350.484
6855 350.484
6856 350.484
6857 350.484
6858 350.484
6859 350.484
6860 350.484
6861 350.484
6862 350.484
6863 350.484
6864 350.484
6865 350.484
6866 350.484
6867 350.484
6868 350.484
6869 350.484
6870 350.484
6871 370.185
6872 370.185
6873 370.185
6874 370.185
6875 370.185
6876 370.185
6877 370.185
6878 370.185
6879 370.185
6880 370.185
6881 370.185
6882 370.185
6883 370.185
6884 370.185
6885 370.185
6886 370.185
6887 370.185
6888 370.185
6889 370.185
6890 370.185
6891 370.185
6892 370.185
6893 370.185
6894 370.185
6895 370.185
6896 370.185
6897 370.185
6898 370.185
6899 370.185
6900 370.185
6901 370.185
6902 370.185
6903 370.185
6904 370.185
6905 370.185
6906 370.185
6907 370.185
6908 370.185
6909 370.185
6910 370.185
6911 370.185
6912 370.185
6913 370.185
6914 370.185
6915 370.185
6916 370.185
6917 370.185
6918 370.185
6919 370.185
6920 370.185
6921 370.185
6922 370.185
6923 370.185
6924 370.185
6925 370.185
6926 370.185
6927 370.185
6928 370.185
6929 370.185
6930 370.185
6931 370.185
6932 370.185
6933 370.185
6934 370.185
6935 370.185
6936 370.185
6937 370.185
6938 370.185
6939 370.185
6940 370.185
6941 370.185
6942 370.185
6943 370.185
6944 370.185
6945 370.185
6946 370.185
6947 370.185
6948 370.185
6949 370.185
6950 370.185
6951 370.185
6952 370.185
6953 370.185
6954 370.185
6955 370.185
6956 370.185
6957 370.185
6958 370.185
6959 370.185
6960 370.185
6961 370.185
6962 370.185
6963 370.185
6964 370.185
6965 370.185
6966 370.185
6967 370.185
6968 370.185
6969 370.185
6970 370.185
6971 370.185
6972 370.185
6973 370.185
6974 370.185
6975 370.185
6976 370.185
6977 370.185
6978 370.185
6979 370.185
6980 370.185
6981 370.185
6982 370.185
6983 370.185
6984 370.185
6985 370.185
6986 370.185
6987 370.185
6988 370.185
6989 370.185
6990 370.185
6991 370.185
6992 370.185
6993 370.185
6994 370.185
6995 370.185
6996 370.185
6997 370.185
6998 370.185
6999 370.185
7000 370.185
7001 370.185
7002 370.185
7003 370.185
7004 370.185
7005 370.185
7006 370.185
7007 370.185
7008 370.185
7009 370.185
7010 370.185
7011 370.185
7012 373.591
7013 373.591
7014 373.591
7015 373.591
7016 373.591
7017 373.591
7018 373.591
7019 373.591
7020 373.591
7021 373.591
7022 373.591
7023 373.591
7024 373.591
7025 373.591
7026 373.591
7027 373.591
7028 373.591
7029 373.591
7030 373.591
7031 373.591
7032 373.591
7033 373.591
7034 373.591
7035 373.591
7036 373.591
7037 373.591
7038 373.591
7039 373.591
7040 373.591
7041 373.591
7042 373.591
7043 373.591
7044 373.591
7045 373.591
7046 373.591
7047 373.591
7048 373.591
7049 373.591
7050 373.591
7051 373.591
7052 373.591
7053 373.591
7054 373.591
7055 373.591
7056 373.591
7057 373.591
7058 373.591
7059 373.591
7060 373.591
7061 373.591
7062 373.591
7063 373.591
7064 373.591
7065 373.591
7066 373.591
7067 373.591
7068 373.591
7069 373.591
7070 373.591
7071 373.591
7072 373.591
7073 373.591
7074 373.591
7075 373.591
7076 373.591
7077 373.591
7078 373.591
7079 373.591
7080 373.591
7081 373.591
7082 373.591
7083 373.591
7084 373.591
7085 373.591
7086 373.591
7087 373.591
7088 373.591
7089 373.591
7090 373.591
7091 373.591
7092 373.591
7093 373.591
7094 373.591
7095 373.591
7096 373.591
7097 373.591
7098 373.591
7099 373.591
7100 373.591
7101 373.591
7102 373.591
7103 373.591
7104 373.591
7105 373.591
7106 373.591
7107 373.591
7108 373.591
7109 373.591
7110 373.591
7111 373.591
7112 373.591
7113 373.591
7114 373.591
7115 373.591
7116 373.591
7117 373.591
7118 373.591
7119 373.591
7120 373.591
7121 373.591
7122 373.591
7123 373.591
7124 373.591
7125 373.591
7126 373.591
7127 373.591
7128 373.591
7129 373.591
7130 373.591
7131 373.591
7132 373.591
7133 373.591
7134 373.591
7135 373.591
7136 373.591
7137 373.591
7138 373.591
7139 373.591
7140 373.591
7141 373.591
7142 373.591
7143 373.591
7144 373.591
7145 373.591
7146 373.591
7147 373.591
7148 373.591
7149 373.591
7150 373.591
7151 373.591
7152 373.591
7153 373.591
7154 373.591
7155 373.591
7156 373.591
7157 373.591
7158 373.591
7159 373.591
7160 373.591
7161 373.591
7162 373.591
7163 373.591
7164 373.591
7165 373.591
7166 373.591
7167 373.591
7168 373.591
7169 373.591
7170 373.591
7171 373.591
7172 373.591
7173 373.591
7174 373.591
7175 373.591
