1 13.934
2 14.634
3 14.731
4 14.731
5 14.731
6 14.693
7 14.890
8 14.890
9 14.890
10 14.925
11 15.027
12 15.075
13 15.211
14 15.281
15 15.398
16 15.398
17 15.398
18 15.398
19 15.653
20 15.762
21 15.821
22 15.821
23 15.923
24 15.923
25 15.923
26 16.024
27 16.024
28 16.002
29 16.002
30 16.002
31 16.065
32 16.172
33 16.266
34 16.266
35 16.355
36 16.355
37 16.355
38 16.355
39 16.392
40 16.392
41 16.392
42 16.472
43 16.472
44 16.574
45 16.460
46 16.460
47 16.460
48 16.532
49 16.625
50 16.660
51 16.721
52 16.721
53 16.614
54 16.614
55 16.614
56 16.491
57 16.491
58 16.560
59 16.560
60 16.582
61 16.582
62 16.582
63 16.582
64 16.616
65 16.616
66 16.616
67 16.767
68 16.767
69 16.767
70 16.732
71 16.897
72 16.897
73 16.902
74 16.902
75 17.005
76 17.005
77 17.300
78 17.322
79 17.322
80 17.428
81 17.428
82 17.428
83 17.463
84 17.463
85 17.540
86 17.540
87 17.540
88 17.670
89 17.782
90 17.981
91 18.216
92 18.330
93 18.435
94 18.513
95 18.513
96 18.684
97 18.684
98 18.684
99 18.822
100 18.822
101 18.822
102 18.822
103 18.822
104 18.822
105 18.822
106 18.822
107 18.822
108 18.822
109 18.867
110 18.967
111 18.967
112 18.967
113 19.283
114 19.336
115 19.241
116 19.484
117 19.597
118 19.597
119 19.597
120 19.687
121 19.687
122 19.687
123 19.687
124 19.850
125 19.824
126 19.824
127 19.824
128 19.670
129 19.670
130 19.670
131 19.670
132 19.670
133 19.670
134 19.786
135 19.949
136 20.016
137 20.016
138 20.016
139 20.091
140 20.342
141 20.342
142 20.342
143 20.342
144 20.377
145 20.377
146 20.377
147 20.377
148 20.417
149 20.417
150 20.417
151 20.427
152 20.427
153 20.427
154 20.427
155 20.427
156 20.427
157 20.427
158 20.427
159 20.427
160 20.374
161 20.374
162 20.413
163 20.413
164 20.413
165 20.413
166 20.413
167 20.518
168 20.518
169 20.696
170 20.696
171 20.696
172 20.302
173 20.268
174 20.268
175 20.561
176 20.561
177 20.561
178 20.561
179 20.585
180 20.779
181 20.779
182 20.782
183 20.789
184 20.975
185 20.975
186 20.975
187 20.975
188 20.975
189 21.048
190 21.048
191 20.978
192 20.978
193 20.883
194 20.883
195 20.988
196 20.988
197 20.988
198 20.988
199 20.988
200 21.103
201 21.103
202 21.103
203 21.291
204 21.291
205 21.544
206 21.694
207 21.694
208 21.694
209 21.694
210 21.694
211 21.694
212 21.694
213 21.725
214 21.725
215 21.823
216 21.823
217 21.823
218 21.823
219 21.823
220 21.823
221 22.150
222 22.566
223 22.566
224 22.566
225 22.566
226 22.566
227 22.566
228 22.566
229 22.566
230 22.566
231 22.566
232 22.566
233 22.566
234 22.566
235 22.566
236 22.711
237 22.711
238 22.871
239 22.871
240 22.871
241 22.712
242 22.667
243 22.667
244 22.667
245 22.667
246 22.667
247 22.667
248 22.667
249 22.989
250 23.214
251 23.450
252 23.450
253 23.446
254 23.446
255 23.446
256 23.446
257 23.446
258 23.446
259 23.446
260 23.446
261 23.446
262 23.598
263 23.598
264 23.598
265 23.780
266 23.359
267 23.359
268 23.501
269 23.501
270 23.501
271 23.501
272 23.501
273 23.501
274 23.627
275 23.627
276 23.503
277 24.169
278 24.169
279 24.111
280 24.296
281 24.296
282 24.296
283 24.296
284 24.461
285 24.461
286 24.461
287 24.461
288 24.461
289 24.461
290 24.461
291 24.461
292 24.461
293 24.461
294 24.461
295 24.461
296 24.461
297 24.461
298 24.614
299 24.614
300 24.910
301 24.910
302 24.910
303 24.910
304 25.242
305 25.242
306 25.242
307 25.242
308 25.242
309 25.242
310 25.242
311 25.242
312 25.303
313 25.039
314 25.039
315 25.039
316 25.039
317 24.905
318 24.635
319 24.773
320 24.773
321 24.533
322 24.533
323 24.533
324 24.533
325 24.533
326 24.533
327 24.533
328 24.533
329 24.533
330 24.533
331 24.533
332 24.533
333 24.533
334 24.533
335 24.533
336 24.533
337 24.533
338 24.533
339 24.533
340 24.533
341 24.533
342 24.533
343 24.533
344 24.569
345 24.569
346 24.569
347 24.569
348 24.569
349 24.569
350 24.752
351 24.752
352 24.752
353 25.201
354 25.201
355 25.201
356 25.201
357 25.201
358 25.482
359 25.650
360 25.650
361 25.650
362 25.650
363 25.706
364 25.706
365 25.706
366 25.706
367 25.706
368 25.706
369 25.706
370 25.706
371 25.706
372 25.706
373 25.706
374 25.744
375 25.799
376 25.889
377 25.889
378 25.889
379 26.070
380 26.292
381 26.292
382 26.292
383 26.292
384 26.355
385 26.355
386 26.678
387 26.678
388 26.678
389 26.678
390 26.678
391 26.678
392 26.678
393 26.678
394 26.678
395 26.678
396 26.678
397 26.678
398 26.678
399 26.855
400 26.855
401 26.938
402 26.938
403 26.938
404 26.938
405 26.938
406 26.938
407 26.938
408 26.938
409 26.938
410 26.938
411 26.938
412 26.938
413 26.938
414 26.938
415 27.310
416 27.310
417 27.614
418 27.614
419 28.056
420 28.607
421 28.607
422 28.607
423 28.607
424 28.607
425 28.607
426 28.607
427 28.607
428 28.607
429 28.607
430 28.607
431 28.607
432 28.607
433 28.607
434 28.607
435 28.607
436 28.607
437 29.201
438 29.201
439 29.201
440 29.201
441 29.201
442 29.201
443 28.945
444 28.945
445 28.945
446 28.945
447 28.945
448 28.945
449 28.945
450 28.945
451 29.294
452 29.294
453 29.294
454 29.294
455 29.438
456 29.438
457 29.438
458 29.438
459 30.109
460 30.109
461 30.109
462 30.109
463 30.109
464 30.109
465 30.109
466 30.109
467 30.109
468 30.109
469 30.109
470 30.109
471 30.109
472 30.109
473 30.109
474 30.109
475 30.109
476 30.109
477 30.109
478 30.109
479 30.109
480 30.109
481 30.109
482 30.109
483 30.109
484 30.109
485 30.109
486 30.109
487 30.109
488 30.461
489 30.461
490 30.461
491 30.461
492 30.461
493 30.461
494 30.593
495 30.593
496 30.593
497 30.593
498 30.593
499 30.593
500 30.593
501 30.593
502 30.593
503 30.855
504 30.855
505 30.855
506 30.855
507 30.855
508 30.855
509 30.855
510 30.855
511 30.855
512 30.855
513 30.855
514 31.143
515 31.237
516 31.237
517 31.237
518 31.237
519 31.237
520 31.237
521 31.237
522 31.237
523 31.237
524 31.237
525 31.237
526 31.237
527 31.237
528 31.237
529 31.237
530 31.237
531 31.237
532 31.237
533 31.237
534 31.237
535 31.237
536 31.237
537 31.237
538 31.237
539 31.237
540 31.237
541 31.237
542 31.237
543 31.237
544 31.237
545 31.237
546 31.237
547 31.237
548 31.237
549 31.237
550 31.201
551 31.201
552 31.201
553 31.201
554 31.201
555 31.201
556 31.201
557 31.201
558 31.201
559 31.201
560 31.201
561 31.201
562 31.201
563 31.201
564 31.201
565 31.201
566 31.201
567 31.201
568 31.201
569 31.201
570 31.201
571 31.201
572 31.201
573 31.903
574 31.903
575 31.903
576 31.903
577 31.903
578 31.967
579 31.967
580 32.342
581 32.342
582 32.342
583 32.342
584 31.969
585 31.969
586 31.969
587 31.969
588 31.969
589 31.969
590 31.969
591 31.969
592 31.969
593 31.969
594 31.969
595 31.969
596 31.969
597 31.969
598 31.969
599 31.969
600 31.969
601 31.969
602 31.969
603 31.244
604 31.244
605 31.244
606 31.244
607 30.978
608 30.978
609 30.978
610 30.978
611 30.978
612 30.978
613 30.978
614 30.978
615 30.978
616 30.978
617 30.978
618 30.978
619 30.934
620 30.934
621 30.934
622 30.934
623 30.934
624 30.934
625 30.934
626 30.934
627 30.934
628 30.934
629 30.934
630 30.934
631 30.934
632 30.934
633 30.934
634 30.934
635 30.934
636 30.934
637 30.934
638 30.934
639 30.934
640 30.934
641 30.934
642 30.934
643 30.934
644 30.934
645 30.934
646 30.934
647 30.934
648 30.934
649 30.934
650 30.934
651 30.934
652 30.934
653 30.934
654 30.934
655 30.934
656 30.934
657 30.934
658 30.934
659 30.934
660 30.934
661 30.934
662 30.934
663 30.934
664 30.934
665 30.934
666 30.934
667 30.934
668 30.934
669 30.934
670 30.934
671 30.934
672 30.698
673 30.698
674 30.698
675 30.698
676 30.698
677 30.698
678 30.698
679 30.698
680 30.698
681 30.698
682 30.698
683 30.698
684 30.698
685 30.698
686 30.698
687 30.698
688 30.698
689 30.698
690 30.698
691 30.698
692 30.698
693 30.698
694 30.698
695 30.698
696 30.698
697 30.698
698 30.698
699 30.698
700 30.804
701 30.804
702 30.804
703 30.804
704 30.804
705 30.804
706 30.804
707 30.804
708 30.706
709 30.706
710 31.015
711 31.015
712 31.015
713 31.015
714 31.015
715 31.015
716 31.015
717 31.015
718 31.015
719 30.615
720 30.615
721 30.615
722 31.185
723 31.185
724 31.185
725 31.185
726 31.185
727 31.185
728 30.812
729 30.812
730 30.812
731 30.812
732 30.812
733 30.812
734 30.812
735 30.812
736 30.812
737 30.812
738 30.812
739 30.812
740 31.053
741 31.053
742 31.053
743 31.053
744 31.053
745 31.053
746 31.053
747 31.053
748 31.053
749 31.679
750 31.679
751 31.679
752 31.679
753 31.679
754 31.679
755 31.679
756 31.679
757 31.679
758 31.679
759 31.679
760 32.171
761 32.171
762 32.171
763 32.171
764 32.171
765 32.171
766 32.171
767 32.171
768 32.171
769 32.171
770 32.171
771 32.171
772 32.171
773 32.171
774 32.171
775 32.171
776 32.171
777 32.171
778 32.171
779 32.171
780 32.171
781 32.171
782 32.171
783 32.171
784 32.171
785 32.171
786 32.171
787 32.171
788 32.171
789 32.337
790 32.337
791 32.337
792 32.337
793 32.337
794 32.337
795 32.337
796 32.337
797 32.337
798 32.337
799 32.974
800 32.974
801 33.455
802 33.455
803 33.455
804 33.455
805 34.378
806 34.378
807 34.378
808 34.378
809 34.378
810 34.378
811 34.378
812 34.378
813 34.378
814 34.378
815 34.378
816 34.378
817 34.378
818 33.924
819 33.924
820 33.924
821 33.924
822 33.924
823 33.924
824 33.924
825 33.924
826 33.924
827 33.924
828 33.924
829 33.924
830 33.924
831 33.924
832 33.924
833 33.924
834 33.924
835 33.924
836 33.924
837 33.924
838 33.924
839 33.924
840 33.924
841 33.924
842 33.924
843 33.924
844 33.924
845 33.924
846 33.924
847 33.924
848 33.924
849 33.993
850 33.993
851 33.993
852 33.993
853 33.993
854 33.993
855 33.993
856 33.993
857 33.993
858 33.993
859 33.993
860 33.993
861 33.993
862 33.993
863 33.993
864 33.993
865 33.993
866 33.993
867 33.993
868 33.993
869 33.993
870 33.993
871 33.993
872 34.569
873 34.569
874 34.569
875 34.569
876 34.569
877 34.569
878 34.569
879 34.569
880 34.569
881 34.569
882 34.569
883 34.569
884 34.569
885 34.569
886 34.569
887 34.569
888 34.569
889 34.569
890 34.569
891 34.569
892 34.569
893 34.569
894 34.569
895 34.569
896 34.569
897 34.569
898 34.569
899 34.569
900 34.569
901 34.569
902 34.569
903 34.569
904 34.569
905 34.569
906 34.569
907 34.569
908 34.569
909 34.299
910 34.299
911 34.299
912 34.299
913 34.299
914 34.299
915 34.299
916 34.299
917 34.299
918 34.299
919 34.299
920 34.299
921 34.299
922 34.299
923 34.299
924 34.177
925 34.177
926 34.177
927 34.177
928 34.177
929 34.177
930 34.598
931 34.598
932 34.598
933 34.598
934 34.598
935 34.598
936 34.598
937 34.598
938 34.598
939 34.598
940 34.598
941 34.598
942 34.598
943 34.598
944 34.598
945 34.598
946 34.598
947 34.598
948 34.598
949 34.598
950 34.598
951 34.598
952 34.598
953 34.598
954 34.598
955 34.633
956 34.633
957 34.633
958 34.633
959 34.633
960 34.633
961 34.633
962 34.633
963 34.633
964 34.633
965 34.633
966 34.633
967 34.633
968 34.633
969 34.633
970 34.633
971 34.633
972 34.633
973 34.633
974 34.633
975 34.633
976 34.633
977 34.633
978 34.633
979 34.633
980 34.633
981 34.633
982 34.633
983 34.633
984 34.633
985 35.451
986 35.451
987 35.451
988 35.451
989 35.451
990 35.451
991 35.451
992 34.997
993 34.997
994 34.997
995 34.997
996 34.997
997 34.997
998 34.997
999 34.997
1000 34.997
1001 34.997
1002 34.997
1003 34.997
1004 34.997
1005 34.997
1006 34.997
1007 34.997
1008 34.997
1009 34.997
1010 34.997
1011 34.997
1012 34.997
1013 34.950
1014 34.950
1015 35.170
1016 35.170
1017 35.170
1018 35.170
1019 35.170
1020 35.170
1021 35.138
1022 35.138
1023 35.138
1024 35.138
1025 35.138
1026 35.138
1027 35.138
1028 35.138
1029 35.138
1030 35.138
1031 35.965
1032 35.965
1033 35.965
1034 35.965
1035 35.965
1036 35.965
1037 35.965
1038 35.965
1039 35.965
1040 35.965
1041 35.965
1042 35.965
1043 35.965
1044 35.965
1045 35.965
1046 35.965
1047 35.965
1048 35.965
1049 35.965
1050 35.965
1051 35.965
1052 35.965
1053 35.965
1054 35.965
1055 35.965
1056 35.965
1057 35.965
1058 35.965
1059 35.965
1060 35.965
1061 35.965
1062 35.965
1063 35.965
1064 35.965
1065 35.965
1066 35.965
1067 35.965
1068 35.965
1069 35.965
1070 35.965
1071 35.965
1072 35.965
1073 35.965
1074 35.965
1075 35.965
1076 36.244
1077 36.244
1078 36.244
1079 36.244
1080 36.244
1081 36.244
1082 36.244
1083 36.244
1084 36.244
1085 36.244
1086 36.244
1087 36.244
1088 36.244
1089 36.244
1090 36.244
1091 34.963
1092 34.963
1093 35.822
1094 35.822
1095 35.822
1096 35.822
1097 35.822
1098 35.822
1099 35.822
1100 35.822
1101 35.822
1102 35.822
1103 35.822
1104 35.822
1105 35.822
1106 35.822
1107 35.822
1108 35.822
1109 35.822
1110 35.822
1111 35.822
1112 35.822
1113 35.822
1114 35.822
1115 35.822
1116 36.802
1117 36.802
1118 36.802
1119 36.802
1120 36.802
1121 36.802
1122 36.802
1123 37.771
1124 37.771
1125 37.771
1126 37.771
1127 37.771
1128 37.771
1129 37.771
1130 37.771
1131 37.771
1132 37.771
1133 37.771
1134 37.771
1135 37.771
1136 37.771
1137 37.771
1138 37.771
1139 37.771
1140 37.771
1141 37.771
1142 37.771
1143 37.771
1144 37.771
1145 37.771
1146 37.771
1147 37.771
1148 37.771
1149 37.771
1150 37.771
1151 37.771
1152 37.771
1153 37.771
1154 37.771
1155 37.771
1156 37.978
1157 37.978
1158 37.978
1159 37.978
1160 37.978
1161 37.978
1162 37.978
1163 37.978
1164 37.978
1165 37.978
1166 38.091
1167 38.091
1168 38.091
1169 38.091
1170 38.091
1171 38.091
1172 38.091
1173 38.091
1174 38.091
1175 38.091
1176 38.091
1177 38.091
1178 38.091
1179 38.091
1180 38.091
1181 38.091
1182 38.091
1183 38.091
1184 38.091
1185 38.091
1186 38.091
1187 38.091
1188 38.091
1189 38.091
1190 38.091
1191 38.091
1192 38.091
1193 38.091
1194 38.091
1195 38.091
1196 38.091
1197 38.091
1198 38.091
1199 38.091
1200 38.091
1201 38.091
1202 38.202
1203 38.202
1204 38.202
1205 38.202
1206 38.202
1207 38.202
1208 38.202
1209 38.202
1210 38.202
1211 38.202
1212 38.202
1213 38.202
1214 38.202
1215 38.202
1216 38.202
1217 38.202
1218 38.202
1219 38.202
1220 39.307
1221 39.307
1222 39.307
1223 39.307
1224 39.307
1225 39.307
1226 39.307
1227 39.307
1228 39.307
1229 39.307
1230 39.307
1231 39.307
1232 39.307
1233 39.307
1234 39.307
1235 39.307
1236 39.307
1237 40.478
1238 40.478
1239 40.478
1240 40.478
1241 40.478
1242 40.478
1243 40.478
1244 40.478
1245 40.478
1246 40.478
1247 40.478
1248 40.478
1249 40.478
1250 40.478
1251 40.478
1252 40.478
1253 40.478
1254 40.478
1255 39.181
1256 39.181
1257 39.181
1258 39.181
1259 39.181
1260 39.181
1261 39.181
1262 40.261
1263 40.261
1264 40.261
1265 40.261
1266 40.261
1267 40.261
1268 40.261
1269 40.261
1270 40.261
1271 40.261
1272 40.261
1273 40.261
1274 40.261
1275 40.261
1276 40.261
1277 40.261
1278 40.261
1279 40.261
1280 40.261
1281 40.261
1282 40.261
1283 40.261
1284 40.261
1285 40.261
1286 40.261
1287 40.261
1288 40.261
1289 40.261
1290 40.261
1291 40.261
1292 40.261
1293 40.261
1294 40.261
1295 40.261
1296 40.261
1297 40.261
1298 40.261
1299 40.261
1300 40.261
1301 40.261
1302 40.261
1303 40.261
1304 40.261
1305 41.788
1306 41.788
1307 41.788
1308 41.788
1309 41.788
1310 41.788
1311 41.788
1312 43.168
1313 43.168
1314 43.168
1315 43.168
1316 43.168
1317 43.168
1318 43.168
1319 43.168
1320 43.168
1321 43.168
1322 43.168
1323 43.168
1324 43.168
1325 43.168
1326 43.168
1327 43.168
1328 43.168
1329 43.168
1330 43.168
1331 43.168
1332 43.168
1333 43.168
1334 43.168
1335 43.168
1336 43.168
1337 43.168
1338 43.168
1339 43.168
1340 43.168
1341 43.168
1342 43.168
1343 43.168
1344 43.168
1345 43.168
1346 43.168
1347 43.168
1348 43.168
1349 43.168
1350 43.168
1351 43.168
1352 43.168
1353 43.168
1354 43.168
1355 43.168
1356 43.168
1357 43.168
1358 43.168
1359 43.168
1360 43.168
1361 43.168
1362 43.168
1363 43.168
1364 43.168
1365 43.168
1366 43.168
1367 43.168
1368 43.168
1369 43.168
1370 43.168
1371 43.168
1372 43.168
1373 43.168
1374 43.168
1375 43.168
1376 43.168
1377 43.168
1378 43.168
1379 43.168
1380 43.168
1381 43.168
1382 43.168
1383 43.168
1384 43.168
1385 43.168
1386 43.168
1387 43.168
1388 43.168
1389 43.168
1390 43.168
1391 43.168
1392 43.168
1393 43.168
1394 43.168
1395 43.168
1396 43.168
1397 43.168
1398 43.168
1399 43.168
1400 43.168
1401 43.168
1402 43.168
1403 43.168
1404 43.168
1405 43.168
1406 43.168
1407 43.168
1408 43.168
1409 43.168
1410 43.168
1411 43.168
1412 43.168
1413 44.406
1414 44.406
1415 44.406
1416 44.406
1417 44.406
1418 44.406
1419 44.406
1420 44.406
1421 44.406
1422 44.406
1423 44.406
1424 44.406
1425 44.406
1426 44.406
1427 44.406
1428 44.406
1429 44.406
1430 44.406
1431 44.406
1432 44.406
1433 44.406
1434 44.406
1435 44.406
1436 44.406
1437 45.891
1438 45.891
1439 45.891
1440 47.391
1441 47.391
1442 47.391
1443 47.391
1444 47.391
1445 47.391
1446 47.391
1447 47.391
1448 47.391
1449 47.391
1450 47.391
1451 48.354
1452 48.354
1453 48.354
1454 48.354
1455 48.354
1456 48.354
1457 48.354
1458 48.354
1459 48.354
1460 48.354
1461 48.354
1462 48.354
1463 48.354
1464 48.354
1465 48.354
1466 48.354
1467 48.354
1468 48.354
1469 48.354
1470 48.354
1471 48.354
1472 48.354
1473 48.354
1474 48.354
1475 48.354
1476 48.354
1477 48.354
1478 48.354
1479 48.354
1480 48.354
1481 48.354
1482 48.354
1483 48.354
1484 48.354
1485 48.354
1486 48.354
1487 48.354
1488 48.354
1489 48.354
1490 48.354
1491 48.354
1492 48.354
1493 48.354
1494 48.354
1495 48.354
1496 48.354
1497 48.354
1498 48.354
1499 48.354
1500 48.354
1501 48.354
1502 48.354
1503 48.354
1504 48.354
1505 48.354
1506 48.354
1507 50.084
1508 50.084
1509 50.084
1510 50.084
1511 50.084
1512 50.084
1513 50.084
1514 50.084
1515 50.084
1516 50.084
1517 50.084
1518 50.084
1519 50.084
1520 52.087
1521 52.087
1522 52.087
1523 52.087
1524 52.087
1525 52.087
1526 52.087
1527 52.087
1528 52.087
1529 52.087
1530 52.087
1531 52.087
1532 52.087
1533 52.087
1534 52.087
1535 52.087
1536 52.087
1537 52.087
1538 52.087
1539 52.087
1540 52.087
1541 52.087
1542 52.087
1543 52.087
1544 52.087
1545 52.087
1546 52.087
1547 52.087
1548 52.087
1549 52.087
1550 52.087
1551 52.087
1552 52.087
1553 52.087
1554 52.087
1555 52.087
1556 52.087
1557 52.087
1558 52.087
1559 52.087
1560 52.087
1561 52.087
1562 52.087
1563 52.087
1564 52.087
1565 52.087
1566 52.087
1567 52.087
1568 52.087
1569 52.087
1570 52.087
1571 52.087
1572 52.087
1573 52.087
1574 52.087
1575 52.087
1576 52.087
1577 52.087
1578 52.087
1579 54.358
1580 54.358
1581 54.358
1582 54.358
1583 54.358
1584 56.755
1585 56.755
1586 56.755
1587 56.755
1588 56.755
1589 56.755
1590 56.755
1591 56.755
1592 56.755
1593 56.755
1594 56.755
1595 56.755
1596 56.755
1597 56.755
1598 56.755
1599 56.755
1600 56.755
1601 56.755
1602 56.755
1603 56.755
1604 56.755
1605 56.755
1606 56.755
1607 56.755
1608 56.755
1609 56.755
1610 56.755
1611 56.755
1612 56.755
1613 56.755
1614 56.755
1615 56.755
1616 56.755
1617 56.755
1618 56.755
1619 56.755
1620 56.755
1621 56.755
1622 56.755
1623 56.755
1624 56.755
1625 56.755
1626 56.755
1627 56.755
1628 56.755
1629 56.755
1630 56.755
1631 56.755
1632 56.755
1633 56.755
1634 56.755
1635 56.755
1636 58.122
1637 58.122
1638 58.122
1639 58.122
1640 58.122
1641 58.122
1642 58.122
1643 58.122
1644 58.122
1645 58.122
1646 58.122
1647 58.122
1648 58.122
1649 58.122
1650 58.122
1651 58.122
1652 58.122
1653 58.122
1654 58.122
1655 58.122
1656 58.122
1657 58.122
1658 58.122
1659 58.122
1660 58.122
1661 58.122
1662 58.122
1663 58.122
1664 58.122
1665 58.122
1666 58.122
1667 58.122
1668 59.033
1669 59.033
1670 61.269
1671 61.269
1672 61.269
1673 61.269
1674 61.269
1675 61.269
1676 64.294
1677 64.294
1678 64.294
1679 64.294
1680 64.294
1681 64.294
1682 64.294
1683 64.294
1684 64.294
1685 64.294
1686 64.294
1687 64.294
1688 64.294
1689 64.294
1690 64.294
1691 64.294
1692 64.294
1693 64.294
1694 64.294
1695 64.294
1696 64.294
1697 64.294
1698 64.294
1699 64.294
1700 64.294
1701 64.294
1702 64.294
1703 64.294
1704 64.294
1705 64.294
1706 64.294
1707 64.294
1708 64.294
1709 64.294
1710 64.294
1711 64.294
1712 64.294
1713 64.294
1714 64.294
1715 64.294
1716 64.294
1717 64.294
1718 64.294
1719 64.294
1720 64.294
1721 64.294
1722 64.294
1723 64.294
1724 64.294
1725 64.294
1726 64.294
1727 64.294
1728 64.294
1729 64.294
1730 64.294
1731 64.294
1732 64.294
1733 64.294
1734 64.294
1735 64.294
1736 64.294
1737 64.294
1738 64.294
1739 64.294
1740 64.294
1741 64.294
1742 64.294
1743 64.294
1744 64.294
1745 64.294
1746 64.294
1747 64.294
1748 64.294
1749 64.294
1750 64.294
1751 64.294
1752 64.294
1753 64.294
1754 64.294
1755 64.294
1756 64.294
1757 64.294
1758 64.294
1759 64.294
1760 64.294
1761 64.294
1762 64.294
1763 64.294
1764 64.294
1765 64.294
1766 64.294
1767 64.294
1768 64.294
1769 64.294
1770 64.294
1771 64.294
1772 64.294
1773 64.294
1774 64.294
1775 64.294
1776 64.294
1777 64.294
1778 64.294
1779 64.294
1780 64.294
1781 64.294
1782 64.294
1783 64.294
1784 64.294
1785 64.294
1786 64.294
1787 64.294
1788 64.294
1789 64.294
1790 64.294
1791 64.294
1792 64.294
1793 64.294
1794 64.294
1795 64.294
1796 64.294
1797 64.294
1798 67.627
1799 67.627
1800 67.627
1801 67.627
1802 67.627
1803 67.627
1804 67.627
1805 67.627
1806 67.627
1807 67.627
1808 67.627
1809 67.627
1810 67.627
1811 66.251
1812 66.251
1813 66.251
1814 66.251
1815 66.251
1816 66.251
1817 66.251
1818 66.251
1819 66.251
1820 66.251
1821 66.251
1822 66.251
1823 66.251
1824 66.251
1825 66.251
1826 66.251
1827 66.251
1828 66.251
1829 66.251
1830 66.251
1831 66.251
1832 66.251
1833 66.251
1834 66.251
1835 66.251
1836 66.251
1837 66.251
1838 66.251
1839 66.251
1840 66.251
1841 66.251
1842 66.251
1843 66.251
1844 66.251
1845 66.251
1846 66.251
1847 66.251
1848 66.251
1849 66.251
1850 66.251
1851 66.251
1852 66.251
1853 66.251
1854 66.251
1855 66.251
1856 66.251
1857 66.251
1858 66.251
1859 66.251
1860 66.251
1861 66.251
1862 66.251
1863 66.251
1864 66.251
1865 66.251
1866 66.251
1867 66.251
1868 66.251
1869 66.380
1870 66.380
1871 66.380
1872 66.380
1873 66.380
1874 67.479
1875 67.479
1876 67.479
1877 67.479
1878 67.479
1879 67.479
1880 67.479
1881 67.479
1882 67.479
1883 67.479
1884 67.479
1885 67.479
1886 67.479
1887 67.479
1888 67.479
1889 67.479
1890 67.479
1891 67.479
1892 67.479
1893 67.479
1894 67.479
1895 67.479
1896 67.479
1897 67.479
1898 67.479
1899 67.479
1900 67.479
1901 67.479
1902 67.479
1903 67.479
1904 67.479
1905 67.479
1906 67.479
1907 67.479
1908 67.479
1909 67.479
1910 67.479
1911 67.479
1912 67.479
1913 67.479
1914 67.479
1915 67.479
1916 67.479
1917 67.479
1918 67.479
1919 67.479
1920 67.479
1921 67.479
1922 67.479
1923 67.479
1924 67.479
1925 67.479
1926 67.479
1927 67.479
1928 67.479
1929 67.479
1930 67.479
1931 67.479
1932 67.479
1933 67.479
1934 67.479
1935 67.479
1936 67.479
1937 67.479
1938 67.479
1939 67.479
1940 67.479
1941 67.479
1942 67.479
1943 67.479
1944 67.479
1945 67.479
1946 67.479
1947 67.479
1948 67.479
1949 67.479
1950 67.479
1951 67.479
1952 67.479
1953 67.479
1954 67.479
1955 67.479
1956 67.479
1957 67.479
1958 67.479
1959 67.479
1960 67.479
1961 67.479
1962 67.479
1963 67.479
1964 67.479
1965 67.479
1966 67.479
1967 67.479
1968 67.479
1969 67.479
1970 67.479
1971 67.479
1972 67.479
1973 67.479
1974 67.479
1975 67.479
1976 67.479
1977 67.479
1978 67.479
1979 67.479
1980 67.479
1981 67.479
1982 67.479
1983 67.479
1984 67.479
1985 67.479
1986 67.479
1987 67.479
1988 67.479
1989 67.479
1990 67.479
1991 67.479
1992 67.479
1993 67.479
1994 67.479
1995 67.479
1996 67.479
1997 67.479
1998 67.479
1999 67.479
2000 67.479
2001 67.479
2002 67.479
2003 67.479
2004 67.479
2005 67.479
2006 67.479
2007 67.479
2008 67.479
2009 67.479
2010 67.479
2011 67.479
2012 67.479
2013 67.479
2014 67.479
2015 67.479
2016 67.479
2017 67.479
2018 67.479
2019 67.479
2020 67.479
2021 67.479
2022 70.421
2023 70.421
2024 70.421
2025 70.421
2026 70.421
2027 70.421
2028 70.421
2029 70.421
2030 70.421
2031 70.421
2032 70.421
2033 70.421
2034 70.421
2035 70.421
2036 70.421
2037 70.421
2038 70.421
2039 70.421
2040 70.421
2041 70.421
2042 70.421
2043 70.421
2044 70.421
2045 70.421
2046 70.421
2047 70.421
2048 70.421
2049 70.421
2050 70.421
2051 70.421
2052 70.421
2053 70.421
2054 70.421
2055 70.421
2056 70.421
2057 70.421
2058 70.421
2059 70.421
2060 70.421
2061 70.421
2062 70.421
2063 70.421
2064 70.421
2065 70.421
2066 70.421
2067 70.421
2068 70.421
2069 70.421
2070 70.421
2071 70.421
2072 70.421
2073 70.421
2074 70.421
2075 70.421
2076 70.421
2077 70.421
2078 70.421
2079 70.421
2080 70.421
2081 70.421
2082 70.421
2083 70.421
2084 70.421
2085 70.421
2086 70.421
2087 70.421
2088 70.421
2089 70.421
2090 70.421
2091 70.421
2092 70.421
2093 70.421
2094 70.421
2095 70.421
2096 70.421
2097 70.421
2098 70.421
2099 70.421
2100 70.421
2101 70.421
2102 70.421
2103 70.421
2104 70.421
2105 70.421
2106 70.421
2107 70.421
2108 70.421
2109 70.421
2110 70.421
2111 71.921
2112 71.921
2113 71.921
2114 71.921
2115 71.921
2116 71.921
2117 71.921
2118 71.921
2119 71.921
2120 71.921
2121 71.921
2122 71.921
2123 71.921
2124 71.921
2125 71.921
2126 71.921
2127 71.921
2128 71.921
2129 71.921
2130 71.921
2131 71.921
2132 71.921
2133 71.921
2134 71.921
2135 71.921
2136 71.921
2137 71.921
2138 71.921
2139 71.921
2140 71.921
2141 71.921
2142 71.921
2143 71.921
2144 71.921
2145 71.921
2146 71.616
2147 71.616
2148 71.616
2149 71.616
2150 71.616
2151 71.616
2152 71.616
2153 71.616
2154 71.616
2155 71.616
2156 71.616
2157 71.616
2158 71.616
2159 71.616
2160 71.616
2161 71.616
2162 71.616
2163 71.616
2164 71.616
2165 71.616
2166 71.616
2167 71.616
2168 71.616
2169 71.616
2170 71.616
2171 71.616
2172 71.616
2173 71.616
2174 71.616
2175 71.616
2176 71.616
2177 71.616
2178 71.616
2179 71.616
2180 71.616
2181 71.616
2182 73.287
2183 73.287
2184 73.287
2185 73.287
2186 73.287
2187 73.287
2188 73.287
2189 73.287
2190 73.287
2191 73.287
2192 73.287
2193 73.287
2194 73.287
2195 73.287
2196 73.287
2197 73.287
2198 73.287
2199 73.287
2200 73.287
2201 73.287
2202 73.287
2203 73.287
2204 73.287
2205 73.287
2206 73.287
2207 73.287
2208 73.287
2209 73.287
2210 73.287
2211 73.287
2212 73.287
2213 73.287
2214 73.287
2215 73.287
2216 73.287
2217 73.287
2218 73.287
2219 73.287
2220 73.287
2221 73.287
2222 73.287
2223 73.287
2224 73.287
2225 73.287
2226 73.287
2227 73.287
2228 73.287
2229 73.287
2230 73.287
2231 73.287
2232 73.287
2233 73.287
2234 73.287
2235 73.287
2236 73.287
2237 73.287
2238 73.287
2239 73.287
2240 73.287
2241 73.287
2242 73.287
2243 73.287
2244 73.287
2245 73.287
2246 73.287
2247 73.287
2248 73.287
2249 73.287
2250 73.287
2251 73.287
2252 73.287
2253 73.287
2254 73.287
2255 73.287
2256 73.287
2257 73.287
2258 73.287
2259 73.287
2260 73.287
2261 73.287
2262 73.287
2263 73.287
2264 73.287
2265 73.287
2266 73.287
2267 73.287
2268 73.287
2269 73.287
2270 73.287
2271 73.287
2272 73.287
2273 73.287
2274 73.287
2275 73.287
2276 73.287
2277 73.287
2278 73.287
2279 73.287
2280 73.287
2281 73.287
2282 73.287
2283 73.287
2284 73.287
2285 73.287
2286 73.287
2287 73.287
2288 73.287
2289 73.287
2290 73.287
2291 73.287
2292 73.287
2293 73.287
2294 73.287
2295 73.287
2296 73.287
2297 73.287
2298 73.287
2299 73.287
2300 73.287
2301 73.287
2302 73.287
2303 73.287
2304 73.287
2305 73.287
2306 73.287
2307 73.287
2308 73.287
2309 73.287
2310 73.287
2311 73.287
2312 73.287
2313 73.287
2314 73.287
2315 73.287
2316 73.287
2317 73.287
2318 73.287
2319 77.452
2320 77.452
2321 77.452
2322 77.452
2323 77.452
2324 77.452
2325 77.452
2326 77.452
2327 77.452
2328 77.452
2329 77.452
2330 77.452
2331 77.452
2332 77.452
2333 77.452
2334 77.452
2335 77.452
2336 77.452
2337 77.452
2338 77.452
2339 77.452
2340 77.452
2341 77.452
2342 77.452
2343 77.452
2344 77.452
2345 77.452
2346 77.452
2347 77.452
2348 77.452
2349 77.452
2350 77.452
2351 77.452
2352 77.452
2353 77.452
2354 77.452
2355 77.452
2356 77.452
2357 77.452
2358 77.452
2359 77.452
2360 77.452
2361 77.452
2362 77.452
2363 77.452
2364 77.452
2365 77.452
2366 77.452
2367 77.452
2368 77.452
2369 77.452
2370 77.452
2371 77.452
2372 77.452
2373 77.452
2374 77.452
2375 77.452
2376 77.452
2377 77.452
2378 77.452
2379 77.452
2380 77.452
2381 77.452
2382 77.452
2383 77.452
2384 77.452
2385 77.452
2386 77.452
2387 77.452
2388 77.452
2389 77.452
2390 77.452
2391 77.452
2392 77.452
2393 77.452
2394 77.452
2395 77.452
2396 77.452
2397 77.452
2398 77.452
2399 77.452
2400 77.452
2401 77.452
2402 77.452
2403 77.452
2404 77.452
2405 77.452
2406 77.452
2407 77.452
2408 77.452
2409 77.452
2410 77.452
2411 77.452
2412 77.452
2413 77.452
2414 77.452
2415 77.452
2416 77.452
2417 77.452
2418 77.452
2419 77.452
2420 77.452
2421 77.452
2422 77.452
2423 77.452
2424 77.452
2425 77.452
2426 77.452
2427 77.452
2428 77.452
2429 77.452
2430 77.452
2431 77.452
2432 77.452
2433 77.452
2434 77.452
2435 77.452
2436 77.452
2437 77.452
2438 77.452
2439 77.452
2440 77.452
2441 77.452
2442 77.452
2443 77.452
2444 77.452
2445 77.452
2446 77.452
2447 77.452
2448 77.452
2449 77.452
2450 77.452
2451 81.076
2452 81.076
2453 81.076
2454 81.076
2455 81.076
2456 81.076
2457 81.076
2458 81.076
2459 81.076
2460 81.076
2461 81.076
2462 81.076
2463 81.076
2464 81.076
2465 81.076
2466 81.766
2467 81.766
2468 81.766
2469 81.766
2470 81.766
2471 81.766
2472 81.766
2473 81.766
2474 81.766
2475 81.766
2476 81.766
2477 81.766
2478 81.766
2479 81.766
2480 81.766
2481 81.766
2482 81.766
2483 81.766
2484 81.766
2485 81.766
2486 81.766
2487 81.766
2488 81.766
2489 81.766
2490 81.766
2491 81.766
2492 81.766
2493 81.766
2494 81.766
2495 81.766
2496 81.766
2497 81.766
2498 81.766
2499 81.766
2500 81.766
2501 81.766
2502 81.766
2503 81.766
2504 81.766
2505 81.766
2506 81.766
2507 81.766
2508 81.766
2509 81.766
2510 81.766
2511 81.766
2512 81.766
2513 81.766
2514 81.766
2515 81.766
2516 81.766
2517 81.766
2518 81.766
2519 81.766
2520 81.766
2521 81.766
2522 81.766
2523 81.766
2524 81.766
2525 81.766
2526 81.766
2527 81.766
2528 81.766
2529 81.766
2530 81.766
2531 81.766
2532 81.766
2533 81.766
2534 81.766
2535 81.766
2536 81.766
2537 81.766
2538 81.766
2539 81.766
2540 81.766
2541 81.766
2542 81.766
2543 81.766
2544 81.766
2545 81.766
2546 81.766
2547 81.766
2548 81.766
2549 81.766
2550 81.766
2551 70.381
2552 70.381
2553 70.381
2554 70.381
2555 70.381
2556 70.381
2557 70.381
2558 70.381
2559 70.381
2560 70.381
2561 70.381
2562 70.734
2563 70.734
2564 70.734
2565 70.734
2566 70.734
2567 70.734
2568 70.734
2569 70.734
2570 70.734
2571 70.734
2572 70.734
2573 70.734
2574 70.734
2575 70.734
2576 70.734
2577 70.734
2578 70.734
2579 70.734
2580 70.734
2581 70.734
2582 70.734
2583 70.734
2584 70.734
2585 70.734
2586 70.734
2587 70.734
2588 70.734
2589 70.734
2590 70.734
2591 70.734
2592 70.734
2593 70.734
2594 70.734
2595 70.734
2596 70.734
2597 70.734
2598 70.734
2599 70.734
2600 70.734
2601 70.734
2602 70.734
2603 70.734
2604 70.734
2605 70.734
2606 70.734
2607 70.734
2608 70.734
2609 72.419
2610 72.419
2611 72.419
2612 72.419
2613 72.419
2614 72.419
2615 72.419
2616 72.419
2617 72.419
2618 72.419
2619 72.419
2620 72.419
2621 72.419
2622 72.419
2623 72.419
2624 72.419
2625 72.419
2626 72.419
2627 72.419
2628 72.419
2629 72.419
2630 72.419
2631 72.419
2632 72.419
2633 72.419
2634 72.419
2635 72.419
2636 72.419
2637 72.419
2638 72.419
2639 72.419
2640 72.419
2641 72.419
2642 72.419
2643 72.419
2644 72.419
2645 72.419
2646 72.419
2647 72.419
2648 72.419
2649 72.419
2650 72.419
2651 72.419
2652 72.419
2653 72.419
2654 72.419
2655 72.419
2656 72.419
2657 72.419
2658 72.419
2659 72.419
2660 72.419
2661 72.419
2662 72.419
2663 76.481
2664 76.481
2665 76.481
2666 76.481
2667 76.481
2668 76.481
2669 76.481
2670 76.481
2671 76.481
2672 76.481
2673 76.481
2674 76.481
2675 76.481
2676 76.481
2677 76.481
2678 76.481
2679 76.481
2680 76.481
2681 76.481
2682 76.481
2683 76.481
2684 76.481
2685 76.481
2686 76.481
2687 76.481
2688 76.481
2689 76.481
2690 76.481
2691 76.481
2692 76.481
2693 76.481
2694 76.481
2695 76.481
2696 76.481
2697 76.481
2698 76.481
2699 76.481
2700 76.481
2701 76.481
2702 76.481
2703 76.481
2704 76.481
2705 76.481
2706 76.481
2707 76.481
2708 76.481
2709 76.481
2710 76.481
2711 76.481
2712 76.481
2713 76.481
2714 76.481
2715 76.481
2716 76.481
2717 76.481
2718 76.481
2719 76.481
2720 76.481
2721 76.481
2722 76.481
2723 76.481
2724 76.481
2725 76.481
2726 76.481
2727 76.481
2728 76.481
2729 76.481
2730 76.481
2731 76.481
2732 76.481
2733 76.481
2734 76.481
2735 76.481
2736 76.481
2737 76.481
2738 76.481
2739 76.481
2740 76.481
2741 76.481
2742 76.481
2743 76.481
2744 76.481
2745 76.481
2746 76.481
2747 76.481
2748 76.481
2749 76.481
2750 76.481
2751 76.481
2752 76.481
2753 76.481
2754 76.481
2755 76.481
2756 76.481
2757 76.481
2758 76.481
2759 76.481
2760 76.481
2761 76.481
2762 76.481
2763 76.481
2764 76.481
2765 76.481
2766 76.481
2767 76.481
2768 76.481
2769 76.481
2770 76.481
2771 76.481
2772 76.481
2773 76.481
2774 76.481
2775 76.481
2776 76.481
2777 76.481
2778 76.481
2779 76.481
2780 76.481
2781 76.481
2782 76.481
2783 76.481
2784 76.481
2785 76.481
2786 76.481
2787 76.481
2788 76.481
2789 76.481
2790 76.481
2791 76.481
2792 76.481
2793 76.481
2794 76.481
2795 76.481
2796 76.481
2797 76.481
2798 76.481
2799 76.481
2800 80.715
2801 80.715
2802 80.715
2803 80.715
2804 80.715
2805 80.715
2806 85.832
2807 85.832
2808 85.832
2809 83.268
2810 83.268
2811 83.268
2812 83.268
2813 83.268
2814 86.379
2815 86.379
2816 86.379
2817 86.379
2818 86.379
2819 86.379
2820 86.379
2821 86.379
2822 86.379
2823 86.379
2824 86.379
2825 86.379
2826 86.379
2827 86.379
2828 86.379
2829 86.379
2830 86.379
2831 86.379
2832 86.379
2833 86.379
2834 86.379
2835 86.379
2836 86.379
2837 86.379
2838 86.379
2839 86.379
2840 86.379
2841 86.379
2842 86.379
2843 86.379
2844 86.379
2845 86.379
2846 86.379
2847 86.379
2848 86.379
2849 86.379
2850 86.379
2851 86.379
2852 86.379
2853 86.379
2854 86.379
2855 86.379
2856 86.379
2857 86.379
2858 86.379
2859 86.379
2860 86.379
2861 86.379
2862 86.379
2863 86.379
2864 86.379
2865 86.379
2866 86.379
2867 86.379
2868 86.379
2869 84.627
2870 84.627
2871 84.627
2872 84.627
2873 84.627
2874 84.627
2875 84.627
2876 84.627
2877 84.627
2878 84.627
2879 84.627
2880 84.627
2881 84.627
2882 84.627
2883 84.627
2884 84.627
2885 84.627
2886 84.627
2887 84.627
2888 84.627
2889 84.627
2890 84.627
2891 84.627
2892 84.627
2893 84.627
2894 84.627
2895 84.627
2896 84.627
2897 84.627
2898 84.627
2899 84.627
2900 84.627
2901 84.627
2902 84.627
2903 84.627
2904 84.627
2905 84.627
2906 84.627
2907 84.627
2908 84.627
2909 84.627
2910 84.627
2911 84.627
2912 84.627
2913 84.627
2914 84.627
2915 84.627
2916 84.627
2917 84.627
2918 84.627
2919 84.627
2920 84.627
2921 84.627
2922 84.627
2923 84.627
2924 84.627
2925 84.627
2926 84.627
2927 84.627
2928 84.627
2929 84.627
2930 84.627
2931 84.627
2932 84.627
2933 84.627
2934 84.627
2935 84.627
2936 84.627
2937 84.627
2938 84.627
2939 84.627
2940 84.627
2941 84.627
2942 84.627
2943 84.627
2944 81.244
2945 81.244
2946 81.244
2947 81.244
2948 81.244
2949 81.244
2950 81.244
2951 81.244
2952 81.244
2953 81.244
2954 81.244
2955 81.244
2956 81.244
2957 81.244
2958 81.244
2959 84.517
2960 84.517
2961 84.517
2962 84.517
2963 84.517
2964 84.517
2965 84.517
2966 84.517
2967 84.517
2968 84.517
2969 84.517
2970 84.517
2971 84.517
2972 84.517
2973 84.517
2974 84.517
2975 84.517
2976 84.517
2977 84.517
2978 84.517
2979 84.517
2980 84.517
2981 84.517
2982 84.517
2983 84.517
2984 84.517
2985 84.517
2986 84.517
2987 84.517
2988 84.517
2989 84.517
2990 84.517
2991 84.517
2992 84.517
2993 84.517
2994 84.517
2995 84.517
2996 84.517
2997 84.517
2998 84.517
2999 84.517
3000 84.517
3001 84.517
3002 84.517
3003 84.517
3004 84.517
3005 84.517
3006 84.517
3007 84.517
3008 84.517
3009 84.517
3010 84.517
3011 84.517
3012 84.517
3013 84.517
3014 84.517
3015 84.517
3016 84.517
3017 84.517
3018 84.517
3019 84.517
3020 84.517
3021 84.517
3022 84.517
3023 84.517
3024 84.517
3025 84.517
3026 84.517
3027 84.517
3028 84.517
3029 84.517
3030 84.517
3031 84.517
3032 84.517
3033 84.517
3034 84.517
3035 84.517
3036 84.517
3037 84.517
3038 84.517
3039 84.517
3040 84.517
3041 84.517
3042 84.517
3043 84.517
3044 84.517
3045 84.517
3046 84.517
3047 84.517
3048 84.517
3049 84.517
3050 84.517
3051 84.517
3052 84.517
3053 84.517
