1 7.984
2 8.363
3 8.431
4 8.431
5 8.431
6 8.388
7 8.410
8 8.410
9 8.410
10 8.493
11 8.528
12 8.557
13 8.558
14 8.599
15 8.671
16 8.671
17 8.671
18 8.671
19 8.807
20 8.877
21 8.915
22 8.915
23 9.001
24 9.001
25 9.001
26 9.070
27 9.070
28 9.152
29 9.152
30 9.152
31 9.187
32 9.256
33 9.298
34 9.298
35 9.417
36 9.417
37 9.417
38 9.417
39 9.426
40 9.426
41 9.426
42 9.474
43 9.474
44 9.536
45 9.431
46 9.431
47 9.431
48 9.463
49 9.531
50 9.622
51 9.660
52 9.660
53 9.668
54 9.668
55 9.668
56 9.546
57 9.546
58 9.588
59 9.588
60 9.697
61 9.697
62 9.697
63 9.697
64 9.675
65 9.675
66 9.675
67 9.764
68 9.764
69 9.764
70 9.668
71 9.774
72 9.774
73 9.748
74 9.748
75 9.819
76 9.819
77 10.041
78 10.167
79 10.167
80 10.242
81 10.242
82 10.242
83 10.253
84 10.253
85 10.300
86 10.300
87 10.300
88 10.407
89 10.494
90 10.578
91 10.758
92 10.788
93 10.772
94 10.822
95 10.822
96 10.945
97 10.945
98 10.945
99 11.069
100 11.069
101 11.069
102 11.069
103 11.069
104 11.069
105 11.069
106 11.069
107 11.069
108 11.069
109 11.062
110 11.153
111 11.153
112 11.153
113 11.378
114 11.325
115 11.295
116 11.437
117 11.566
118 11.566
119 11.566
120 11.633
121 11.633
122 11.633
123 11.633
124 11.740
125 11.726
126 11.726
127 11.726
128 11.705
129 11.705
130 11.705
131 11.705
132 11.705
133 11.705
134 11.791
135 11.935
136 11.968
137 11.968
138 11.968
139 11.977
140 12.178
141 12.178
142 12.178
143 12.178
144 12.076
145 12.076
146 12.076
147 12.076
148 12.121
149 12.121
150 12.121
151 12.137
152 12.137
153 12.137
154 12.137
155 12.137
156 12.137
157 12.137
158 12.137
159 12.137
160 12.133
161 12.133
162 12.166
163 12.166
164 12.166
165 12.166
166 12.166
167 12.236
168 12.236
169 12.346
170 12.346
171 12.346
172 12.251
173 12.245
174 12.245
175 12.245
176 12.245
177 12.245
178 12.245
179 12.274
180 12.401
181 12.401
182 12.490
183 12.519
184 12.634
185 12.634
186 12.634
187 12.634
188 12.634
189 12.681
190 12.681
191 12.584
192 12.584
193 12.493
194 12.493
195 12.575
196 12.575
197 12.575
198 12.575
199 12.575
200 12.498
201 12.498
202 12.498
203 12.610
204 12.610
205 13.016
206 13.070
207 13.070
208 13.070
209 13.070
210 13.070
211 13.070
212 13.070
213 12.932
214 12.932
215 13.029
216 13.029
217 13.029
218 13.029
219 13.029
220 13.029
221 13.029
222 13.315
223 13.315
224 13.315
225 13.315
226 13.315
227 13.315
228 13.315
229 13.315
230 13.315
231 13.315
232 13.315
233 13.315
234 13.315
235 13.315
236 13.445
237 13.445
238 13.626
239 13.626
240 13.626
241 13.518
242 13.498
243 13.498
244 13.498
245 13.498
246 13.498
247 13.498
248 13.498
249 13.678
250 13.875
251 14.004
252 14.004
253 14.038
254 14.038
255 14.038
256 14.038
257 14.038
258 14.038
259 14.038
260 14.038
261 14.038
262 14.182
263 14.182
264 14.182
265 14.331
266 13.990
267 13.990
268 13.807
269 13.807
270 13.807
271 13.807
272 13.807
273 13.807
274 13.881
275 13.881
276 13.804
277 14.406
278 14.406
279 14.377
280 14.627
281 14.627
282 14.627
283 14.627
284 14.761
285 14.761
286 14.761
287 14.761
288 14.761
289 14.761
290 14.761
291 14.761
292 14.761
293 14.761
294 14.761
295 14.761
296 14.761
297 14.761
298 14.918
299 14.918
300 14.576
301 14.576
302 14.576
303 14.576
304 14.775
305 14.775
306 14.775
307 14.775
308 14.775
309 14.775
310 14.775
311 14.775
312 14.800
313 14.595
314 14.595
315 14.595
316 14.595
317 14.522
318 14.325
319 14.450
320 14.450
321 14.522
322 14.522
323 14.522
324 14.522
325 14.522
326 14.522
327 14.522
328 14.522
329 14.522
330 14.522
331 14.522
332 14.522
333 14.522
334 14.522
335 14.522
336 14.522
337 14.522
338 14.522
339 14.522
340 14.522
341 14.522
342 14.522
343 14.522
344 14.362
345 14.362
346 14.362
347 14.362
348 14.362
349 14.362
350 14.412
351 14.412
352 14.412
353 14.753
354 14.753
355 14.753
356 14.753
357 14.753
358 14.921
359 15.087
360 15.087
361 15.087
362 15.087
363 15.155
364 15.155
365 15.155
366 15.155
367 15.155
368 15.155
369 15.155
370 15.155
371 15.155
372 15.155
373 15.155
374 15.225
375 15.236
376 15.263
377 15.263
378 15.263
379 15.440
380 15.774
381 15.774
382 15.774
383 15.774
384 15.996
385 15.996
386 16.196
387 16.196
388 16.196
389 16.196
390 16.196
391 16.196
392 16.196
393 16.196
394 16.196
395 16.196
396 16.196
397 16.196
398 16.196
399 16.376
400 16.376
401 16.483
402 16.483
403 16.483
404 16.483
405 16.483
406 16.483
407 16.483
408 16.483
409 16.483
410 16.483
411 16.483
412 16.483
413 16.483
414 16.483
415 16.859
416 16.859
417 17.039
418 17.039
419 17.401
420 18.014
421 18.014
422 18.014
423 18.014
424 18.014
425 18.014
426 18.014
427 18.014
428 18.014
429 18.014
430 18.014
431 18.014
432 18.014
433 18.014
434 18.014
435 18.014
436 18.014
437 18.014
438 18.014
439 18.014
440 18.014
441 18.014
442 18.014
443 17.782
444 17.782
445 17.782
446 17.782
447 17.782
448 17.782
449 17.782
450 17.782
451 18.087
452 18.087
453 18.087
454 18.087
455 18.286
456 18.286
457 18.286
458 18.286
459 18.851
460 18.851
461 18.851
462 18.851
463 18.851
464 18.851
465 18.851
466 18.851
467 18.851
468 18.851
469 18.851
470 18.851
471 18.851
472 18.851
473 18.851
474 18.851
475 18.851
476 18.851
477 18.851
478 18.851
479 18.851
480 18.851
481 18.851
482 18.851
483 18.851
484 18.851
485 18.851
486 18.851
487 18.851
488 19.281
489 19.281
490 19.281
491 19.281
492 19.281
493 19.281
494 19.473
495 19.473
496 19.473
497 19.473
498 19.473
499 19.473
500 19.473
501 19.473
502 19.473
503 19.682
504 19.682
505 19.682
506 19.682
507 19.682
508 19.682
509 19.682
510 19.682
511 19.682
512 19.682
513 19.682
514 20.093
515 20.898
516 20.898
517 20.898
518 20.898
519 20.898
520 20.898
521 20.898
522 20.898
523 20.898
524 20.898
525 20.898
526 20.898
527 20.898
528 20.898
529 20.898
530 20.898
531 20.898
532 20.898
533 20.898
534 20.898
535 20.898
536 20.898
537 20.898
538 20.898
539 20.898
540 20.898
541 20.898
542 20.898
543 20.898
544 20.898
545 20.898
546 20.898
547 20.898
548 20.898
549 20.898
550 21.032
551 21.032
552 21.032
553 21.032
554 21.032
555 21.032
556 21.032
557 21.032
558 21.032
559 21.032
560 21.032
561 21.032
562 21.032
563 21.032
564 21.032
565 21.032
566 21.032
567 21.032
568 21.032
569 21.032
570 21.032
571 21.032
572 21.032
573 21.450
574 21.450
575 21.450
576 21.450
577 21.450
578 21.454
579 21.454
580 22.001
581 22.001
582 22.001
583 22.001
584 21.799
585 21.799
586 21.799
587 21.799
588 21.799
589 21.799
590 21.799
591 21.799
592 21.799
593 21.799
594 21.799
595 21.799
596 21.799
597 21.799
598 21.799
599 21.799
600 21.799
601 21.799
602 21.799
603 21.817
604 21.817
605 21.817
606 21.817
607 22.205
608 22.205
609 22.205
610 22.205
611 22.205
612 22.205
613 22.205
614 22.205
615 22.205
616 22.205
617 22.205
618 22.205
619 22.214
620 22.214
621 22.214
622 22.214
623 22.214
624 22.214
625 22.214
626 22.214
627 22.214
628 22.214
629 22.214
630 22.214
631 22.214
632 22.214
633 22.214
634 22.214
635 22.214
636 22.214
637 22.214
638 22.214
639 22.214
640 22.214
641 22.214
642 22.214
643 22.214
644 22.214
645 22.214
646 22.214
647 22.214
648 22.214
649 22.214
650 22.214
651 22.214
652 22.214
653 22.214
654 22.214
655 22.214
656 22.214
657 22.214
658 22.214
659 22.214
660 22.214
661 22.214
662 22.214
663 22.214
664 22.214
665 22.214
666 22.214
667 22.214
668 22.214
669 22.214
670 22.214
671 22.214
672 22.182
673 22.182
674 22.182
675 22.182
676 22.182
677 22.182
678 22.182
679 22.182
680 22.182
681 22.182
682 22.182
683 22.182
684 22.182
685 22.182
686 22.182
687 22.182
688 22.182
689 22.182
690 22.182
691 22.182
692 22.182
693 22.182
694 22.182
695 22.182
696 22.182
697 22.182
698 22.182
699 22.182
700 22.588
701 22.588
702 22.588
703 22.588
704 22.588
705 22.588
706 22.588
707 22.588
708 22.964
709 22.964
710 23.681
711 23.681
712 23.681
713 23.681
714 23.681
715 23.681
716 23.681
717 23.681
718 23.681
719 24.460
720 24.460
721 24.460
722 25.482
723 25.482
724 25.482
725 25.482
726 25.482
727 25.482
728 25.265
729 25.265
730 25.265
731 25.265
732 25.265
733 25.265
734 25.265
735 25.265
736 25.265
737 25.265
738 25.265
739 25.265
740 25.454
741 25.454
742 25.454
743 25.454
744 25.454
745 25.454
746 25.454
747 25.454
748 25.454
749 26.598
750 26.598
751 26.598
752 26.598
753 26.598
754 26.598
755 26.598
756 26.598
757 26.598
758 26.598
759 26.598
760 27.657
761 27.657
762 27.657
763 27.657
764 27.657
765 27.657
766 27.657
767 27.657
768 27.657
769 27.657
770 27.657
771 27.657
772 27.657
773 27.657
774 27.657
775 27.657
776 27.657
777 27.657
778 27.657
779 27.657
780 27.657
781 27.657
782 27.657
783 27.657
784 27.657
785 27.657
786 27.657
787 27.657
788 27.657
789 28.145
790 28.145
791 28.145
792 28.145
793 28.145
794 28.145
795 28.145
796 28.145
797 28.145
798 28.145
799 29.519
800 29.519
801 30.607
802 30.607
803 30.607
804 30.607
805 30.607
806 30.607
807 30.607
808 30.607
809 30.607
810 30.607
811 30.607
812 30.607
813 30.607
814 30.607
815 30.607
816 30.607
817 30.607
818 30.064
819 30.064
820 30.064
821 30.064
822 30.064
823 30.064
824 30.064
825 30.064
826 30.064
827 30.064
828 30.064
829 30.064
830 30.064
831 30.064
832 30.064
833 30.064
834 30.064
835 30.064
836 30.064
837 30.064
838 30.064
839 30.064
840 30.064
841 30.064
842 30.064
843 30.064
844 30.064
845 30.064
846 30.064
847 30.064
848 30.064
849 30.747
850 30.747
851 30.747
852 30.747
853 30.747
854 30.747
855 30.747
856 30.747
857 30.747
858 30.747
859 30.747
860 30.747
861 30.747
862 30.747
863 30.747
864 30.747
865 30.747
866 30.747
867 30.747
868 30.747
869 30.747
870 30.747
871 30.747
872 30.747
873 30.747
874 30.747
875 30.747
876 30.747
877 30.747
878 30.747
879 30.747
880 30.747
881 30.747
882 30.747
883 30.747
884 30.747
885 30.747
886 30.747
887 30.747
888 30.747
889 30.747
890 30.747
891 30.747
892 30.747
893 30.747
894 30.747
895 30.747
896 30.747
897 30.747
898 30.747
899 30.747
900 30.747
901 30.747
902 30.747
903 30.747
904 30.747
905 30.747
906 30.747
907 30.747
908 30.747
909 30.813
910 30.813
911 30.813
912 30.813
913 30.813
914 30.813
915 30.813
916 30.813
917 30.813
918 30.813
919 30.813
920 30.813
921 30.813
922 30.813
923 30.813
924 31.611
925 31.611
926 31.611
927 31.611
928 31.611
929 31.611
930 30.780
931 30.780
932 30.780
933 30.780
934 30.780
935 30.780
936 30.780
937 30.780
938 30.780
939 30.780
940 30.780
941 30.780
942 30.780
943 30.780
944 30.780
945 30.780
946 30.780
947 30.780
948 30.780
949 30.780
950 30.780
951 30.780
952 30.780
953 30.780
954 30.780
955 31.415
956 31.415
957 31.415
958 31.415
959 31.415
960 31.415
961 31.415
962 31.415
963 31.415
964 31.415
965 31.415
966 31.415
967 31.415
968 31.415
969 31.415
970 31.415
971 31.415
972 31.415
973 31.415
974 31.415
975 31.415
976 31.415
977 31.415
978 31.415
979 31.415
980 31.415
981 31.415
982 31.415
983 31.415
984 31.415
985 33.343
986 33.343
987 33.343
988 33.343
989 33.343
990 33.343
991 33.343
992 33.404
993 33.404
994 33.404
995 33.404
996 33.404
997 33.404
998 33.404
999 33.404
1000 33.404
1001 33.404
1002 33.404
1003 33.404
1004 33.404
1005 33.404
1006 33.404
1007 33.404
1008 33.404
1009 33.404
1010 33.404
1011 33.404
1012 33.404
1013 34.070
1014 34.070
1015 34.987
1016 34.987
1017 34.987
1018 34.987
1019 34.987
1020 34.987
1021 34.987
1022 34.987
1023 34.987
1024 34.987
1025 34.987
1026 34.987
1027 34.987
1028 34.987
1029 34.987
1030 34.987
1031 34.987
1032 34.987
1033 34.987
1034 34.987
1035 34.987
1036 34.987
1037 34.987
1038 34.987
1039 34.987
1040 34.987
1041 34.987
1042 34.987
1043 34.987
1044 34.987
1045 34.987
1046 34.987
1047 34.987
1048 34.987
1049 34.987
1050 34.987
1051 34.987
1052 34.987
1053 34.987
1054 34.987
1055 34.987
1056 34.987
1057 34.987
1058 34.987
1059 34.987
1060 34.987
1061 34.987
1062 34.987
1063 34.987
1064 34.987
1065 34.987
1066 34.987
1067 34.987
1068 34.987
1069 34.987
1070 34.987
1071 34.987
1072 34.987
1073 34.987
1074 34.987
1075 34.987
1076 36.206
1077 36.206
1078 36.206
1079 36.206
1080 36.206
1081 36.206
1082 36.206
1083 36.206
1084 36.206
1085 36.206
1086 36.206
1087 36.206
1088 36.206
1089 36.206
1090 36.206
1091 36.206
1092 36.206
1093 38.786
1094 38.786
1095 38.786
1096 38.786
1097 38.786
1098 38.786
1099 38.786
1100 38.786
1101 38.786
1102 38.786
1103 38.786
1104 38.786
1105 38.786
1106 38.786
1107 38.786
1108 38.786
1109 38.786
1110 38.786
1111 38.786
1112 38.786
1113 38.786
1114 38.786
1115 38.786
1116 38.786
1117 38.786
1118 38.786
1119 38.786
1120 38.786
1121 38.786
1122 38.786
1123 41.685
1124 41.685
1125 41.685
1126 41.685
1127 41.685
1128 41.685
1129 41.685
1130 41.685
1131 41.685
1132 41.685
1133 41.685
1134 41.685
1135 41.685
1136 41.685
1137 41.685
1138 41.685
1139 41.685
1140 41.685
1141 41.685
1142 41.685
1143 41.685
1144 41.685
1145 41.685
1146 41.685
1147 41.685
1148 41.685
1149 41.685
1150 41.685
1151 41.685
1152 41.685
1153 41.685
1154 41.685
1155 41.685
1156 43.516
1157 43.516
1158 43.516
1159 43.516
1160 43.516
1161 43.516
1162 43.516
1163 43.516
1164 43.516
1165 43.516
1166 43.516
1167 43.516
1168 43.516
1169 43.516
1170 43.516
1171 43.516
1172 43.516
1173 43.516
1174 43.516
1175 43.516
1176 43.516
1177 43.516
1178 43.516
1179 43.516
1180 43.516
1181 43.516
1182 43.516
1183 43.516
1184 43.516
1185 43.516
1186 43.516
1187 43.516
1188 43.516
1189 43.516
1190 43.516
1191 43.516
1192 43.516
1193 43.516
1194 43.516
1195 43.516
1196 43.516
1197 43.516
1198 43.516
1199 43.516
1200 43.516
1201 43.516
1202 44.538
1203 44.538
1204 44.538
1205 44.538
1206 44.538
1207 44.538
1208 44.538
1209 44.538
1210 44.538
1211 44.538
1212 44.538
1213 44.538
1214 44.538
1215 44.538
1216 44.538
1217 44.538
1218 44.538
1219 44.538
1220 44.538
1221 44.538
1222 44.538
1223 44.538
1224 44.538
1225 44.538
1226 44.538
1227 44.538
1228 44.538
1229 44.538
1230 44.538
1231 44.538
1232 44.538
1233 44.538
1234 44.538
1235 44.538
1236 44.538
1237 44.538
1238 44.538
1239 44.538
1240 44.538
1241 44.538
1242 44.538
1243 44.538
1244 44.538
1245 44.538
1246 44.538
1247 44.538
1248 44.538
1249 44.538
1250 44.538
1251 44.538
1252 44.538
1253 44.538
1254 44.538
1255 43.671
1256 43.671
1257 43.671
1258 43.671
1259 43.671
1260 43.671
1261 43.671
1262 47.263
1263 47.263
1264 47.263
1265 47.263
1266 47.263
1267 47.263
1268 47.263
1269 47.263
1270 47.263
1271 47.263
1272 47.263
1273 47.263
1274 47.263
1275 47.263
1276 47.263
1277 47.263
1278 47.263
1279 47.263
1280 47.263
1281 47.263
1282 47.263
1283 47.263
1284 47.263
1285 47.263
1286 47.263
1287 47.263
1288 47.263
1289 47.263
1290 47.263
1291 47.263
1292 47.263
1293 47.263
1294 47.263
1295 47.263
1296 47.263
1297 47.263
1298 47.263
1299 47.263
1300 47.263
1301 47.263
1302 47.263
1303 47.263
1304 47.263
1305 47.263
1306 47.263
1307 47.263
1308 47.263
1309 47.263
1310 47.263
1311 47.263
1312 47.263
1313 47.263
1314 47.263
1315 47.263
1316 47.263
1317 47.263
1318 47.263
1319 47.263
1320 47.263
1321 47.263
1322 47.263
1323 47.263
1324 47.263
1325 47.263
1326 47.263
1327 47.263
1328 47.263
1329 47.263
1330 47.263
1331 47.263
1332 47.263
1333 47.263
1334 47.263
1335 47.263
1336 47.263
1337 47.263
1338 47.263
1339 47.263
1340 47.263
1341 47.263
1342 47.263
1343 47.263
1344 47.263
1345 47.263
1346 47.263
1347 47.263
1348 47.263
1349 47.263
1350 47.263
1351 47.263
1352 47.263
1353 47.263
1354 47.263
1355 47.263
1356 47.263
1357 47.263
1358 47.263
1359 47.263
1360 47.263
1361 47.263
1362 47.263
1363 47.263
1364 47.263
1365 47.263
1366 47.263
1367 47.263
1368 47.263
1369 47.263
1370 47.263
1371 47.263
1372 47.263
1373 47.263
1374 47.263
1375 47.263
1376 47.263
1377 47.263
1378 47.263
1379 47.263
1380 47.263
1381 47.263
1382 47.263
1383 47.263
1384 47.263
1385 47.263
1386 47.263
1387 47.263
1388 47.263
1389 47.263
1390 47.263
1391 47.263
1392 47.263
1393 47.263
1394 47.263
1395 47.263
1396 47.263
1397 47.263
1398 47.263
1399 47.263
1400 47.263
1401 47.263
1402 47.263
1403 47.263
1404 47.263
1405 47.263
1406 47.263
1407 47.263
1408 47.263
1409 47.263
1410 47.263
1411 47.263
1412 47.263
1413 47.263
1414 47.263
1415 47.263
1416 47.263
1417 47.263
1418 47.263
1419 47.263
1420 47.263
1421 47.263
1422 47.263
1423 47.263
1424 47.263
1425 47.263
1426 47.263
1427 47.263
1428 47.263
1429 47.263
1430 47.263
1431 47.263
1432 47.263
1433 47.263
1434 47.263
1435 47.263
1436 47.263
1437 47.263
1438 47.263
1439 47.263
1440 47.263
1441 47.263
1442 47.263
1443 47.263
1444 47.263
1445 47.263
1446 47.263
1447 47.263
1448 47.263
1449 47.263
1450 47.263
1451 50.134
1452 50.134
1453 50.134
1454 50.134
1455 50.134
1456 50.134
1457 50.134
1458 50.134
1459 50.134
1460 50.134
1461 50.134
1462 50.134
1463 50.134
1464 50.134
1465 50.134
1466 50.134
1467 50.134
1468 50.134
1469 50.134
1470 50.134
1471 50.134
1472 50.134
1473 50.134
1474 50.134
1475 50.134
1476 50.134
1477 50.134
1478 50.134
1479 50.134
1480 50.134
1481 50.134
1482 50.134
1483 50.134
1484 50.134
1485 50.134
1486 50.134
1487 50.134
1488 50.134
1489 50.134
1490 50.134
1491 50.134
1492 50.134
1493 50.134
1494 50.134
1495 50.134
1496 50.134
1497 50.134
1498 50.134
1499 50.134
1500 50.134
1501 50.134
1502 50.134
1503 50.134
1504 50.134
1505 50.134
1506 50.134
1507 50.134
1508 50.134
1509 50.134
1510 50.134
1511 50.134
1512 50.134
1513 50.134
1514 50.134
1515 50.134
1516 50.134
1517 50.134
1518 50.134
1519 50.134
1520 50.134
1521 50.134
1522 50.134
1523 50.134
1524 50.134
1525 50.134
1526 50.134
1527 50.134
1528 50.134
1529 50.134
1530 50.134
1531 50.134
1532 50.134
1533 50.134
1534 50.134
1535 50.134
1536 50.134
1537 50.134
1538 50.134
1539 50.134
1540 50.134
1541 50.134
1542 50.134
1543 50.134
1544 50.134
1545 50.134
1546 50.134
1547 50.134
1548 50.134
1549 50.134
1550 50.134
1551 50.134
1552 50.134
1553 50.134
1554 50.134
1555 50.134
1556 50.134
1557 50.134
1558 50.134
1559 50.134
1560 50.134
1561 50.134
1562 50.134
1563 50.134
1564 50.134
1565 50.134
1566 50.134
1567 50.134
1568 50.134
1569 50.134
1570 50.134
1571 50.134
1572 50.134
1573 50.134
1574 50.134
1575 50.134
1576 50.134
1577 50.134
1578 50.134
1579 50.134
1580 50.134
1581 50.134
1582 50.134
1583 50.134
1584 50.134
1585 50.134
1586 50.134
1587 50.134
1588 50.134
1589 50.134
1590 50.134
1591 50.134
1592 50.134
1593 50.134
1594 50.134
1595 50.134
1596 50.134
1597 50.134
1598 50.134
1599 50.134
1600 50.134
1601 50.134
1602 50.134
1603 50.134
1604 50.134
1605 50.134
1606 50.134
1607 50.134
1608 50.134
1609 50.134
1610 50.134
1611 50.134
1612 50.134
1613 50.134
1614 50.134
1615 50.134
1616 50.134
1617 50.134
1618 50.134
1619 50.134
1620 50.134
1621 50.134
1622 50.134
1623 50.134
1624 50.134
1625 50.134
1626 50.134
1627 50.134
1628 50.134
1629 50.134
1630 50.134
1631 50.134
1632 50.134
1633 50.134
1634 50.134
1635 50.134
1636 53.661
1637 53.661
1638 53.661
1639 53.661
1640 53.661
1641 53.661
1642 53.661
1643 53.661
1644 53.661
1645 53.661
1646 53.661
1647 53.661
1648 53.661
1649 53.661
1650 53.661
1651 53.661
1652 53.661
1653 53.661
1654 53.661
1655 53.661
1656 53.661
1657 53.661
1658 53.661
1659 53.661
1660 53.661
1661 53.661
1662 53.661
1663 53.661
1664 53.661
1665 53.661
1666 53.661
1667 53.661
1668 56.824
1669 56.824
1670 56.824
1671 56.824
1672 56.824
1673 56.824
1674 56.824
1675 56.824
1676 56.824
1677 56.824
1678 56.824
1679 56.824
1680 56.824
1681 56.824
1682 56.824
1683 56.824
1684 56.824
1685 56.824
1686 56.824
1687 56.824
1688 56.824
1689 56.824
1690 56.824
1691 56.824
1692 56.824
1693 56.824
1694 56.824
1695 56.824
1696 56.824
1697 56.824
1698 56.824
1699 56.824
1700 56.824
1701 56.824
1702 56.824
1703 56.824
1704 56.824
1705 56.824
1706 56.824
1707 56.824
1708 56.824
1709 56.824
1710 56.824
1711 56.824
1712 56.824
1713 56.824
1714 56.824
1715 56.824
1716 56.824
1717 56.824
1718 56.824
1719 56.824
1720 56.824
1721 56.824
1722 56.824
1723 56.824
1724 56.824
1725 56.824
1726 56.824
1727 56.824
1728 56.824
1729 56.824
1730 56.824
1731 56.824
1732 56.824
1733 56.824
1734 56.824
1735 56.824
1736 56.824
1737 56.824
1738 56.824
1739 56.824
1740 56.824
1741 56.824
1742 56.824
1743 56.824
1744 56.824
1745 56.824
1746 56.824
1747 56.824
1748 56.824
1749 56.824
1750 56.824
1751 56.824
1752 56.824
1753 56.824
1754 56.824
1755 56.824
1756 56.824
1757 56.824
1758 56.824
1759 56.824
1760 56.824
1761 56.824
1762 56.824
1763 56.824
1764 56.824
1765 56.824
1766 56.824
1767 56.824
1768 56.824
1769 56.824
1770 56.824
1771 56.824
1772 56.824
1773 56.824
1774 56.824
1775 56.824
1776 56.824
1777 56.824
1778 56.824
1779 56.824
1780 56.824
1781 56.824
1782 56.824
1783 56.824
1784 56.824
1785 56.824
1786 56.824
1787 56.824
1788 56.824
1789 56.824
1790 56.824
1791 56.824
1792 56.824
1793 56.824
1794 56.824
1795 56.824
1796 56.824
1797 56.824
1798 56.824
1799 56.824
1800 56.824
1801 56.824
1802 56.824
1803 56.824
1804 56.824
1805 56.824
1806 56.824
1807 56.824
1808 56.824
1809 56.824
1810 56.824
