0.147461 1
0.298767 2
0.454529 3
0.620544 4
0.800232 5
0.985779 6
1.17133 7
1.41486 8
1.66144 9
1.91925 10
2.25909 11
2.62286 12
2.99396 13
3.37286 14
3.81598 15
4.29059 16
4.78033 17
5.27448 18
5.7901 19
6.33112 20
6.87311 21
7.41589 22
8.00769 23
8.65808 24
9.31433 25
10.015 26
10.7963 27
11.5931 28
12.4012 29
13.2201 30
14.0521 31
14.9271 32
15.8314 33
16.7841 34
17.7567 35
18.7362 36
19.7186 37
20.7225 38
21.7284 39
22.7753 40
23.8524 41
24.9646 42
26.0779 43
27.2312 44
28.3914 45
29.573 46
30.8269 47
32.0828 48
33.3406 49
34.6238 50
35.9929 51
37.4871 52
39.012 53
40.5811 54
42.1709 55
43.7686 56
45.3669 57
46.9963 58
48.696 59
50.4109 60
52.1355 61
53.8738 62
55.6316 63
57.4304 64
59.2312 65
61.0359 66
62.989 67
65.0398 68
67.1375 69
69.3738 70
71.615 71
73.9421 72
76.28 73
78.6355 74
81.1218 75
83.6736 76
86.2615 77
88.8494 78
91.5007 79
94.1881 80
96.9147 81
99.6686 82
102.532 83
105.405 84
108.368 85
111.343 86
114.403 87
117.469 88
120.625 89
123.797 90
126.977 91
130.164 92
133.385 93
136.614 94
140.061 95
143.52 96
147.082 97
150.66 98
154.317 99
158.012 100
161.731 101
165.531 102
169.428 103
173.355 104
177.322 105
181.598 106
186.118 107
190.66 108
195.223 109
199.823 110
204.704 111
209.647 112
214.65 113
219.685 114
224.768 115
229.857 116
235.246 117
240.672 118
246.301 119
251.994 120
257.734 121
263.673 122
269.766 123
275.906 124
282.182 125
288.496 126
294.915 127
301.382 128
307.898 129
314.443 130
321.095 131
327.818 132
334.689 133
341.607 134
348.632 135
355.673 136
362.719 137
369.932 138
377.155 139
384.604 140
392.115 141
399.737 142
407.483 143
415.352 144
423.276 145
431.269 146
439.267 147
447.269 148
455.436 149
463.693 150
472.087 151
480.597 152
489.147 153
497.706 154
506.601 155
515.535 156
524.495 157
533.854 158
543.291 159
552.729 160
562.268 161
572.027 162
581.861 163
591.726 164
601.652 165
611.584 166
621.56 167
631.752 168
642.252 169
652.843 170
663.568 171
674.341 172
685.417 173
696.497 174
707.609 175
718.912 176
730.262 177
741.768 178
753.275 179
764.816 180
776.486 181
788.234 182
800.179 183
812.139 184
824.118 185
836.157 186
848.479 187
861.114 188
874.308 189
887.675 190
901.177 191
914.849 192
928.524 193
942.205 194
955.936 195
969.805 196
983.98 197
998.418 198
1012.92 199
1027.59 200
1042.26 201
1057.09 202
1072.12 203
1087.19 204
1102.47 205
1118.28 206
1134.68 207
1151.28 208
1168.02 209
1184.78 210
1201.9 211
1219.41 212
1237 213
1254.83 214
1273.11 215
1291.54 216
1310.23 217
1329.23 218
1348.37 219
1367.76 220
1387.42 221
1407.12 222
1427.09 223
1447.28 224
1467.94 225
1488.66 226
1509.8 227
1531.11 228
1552.94 229
1575.69 230
1599.51 231
1623.79 232
1648.18 233
1673.19 234
1698.61 235
1724.46 236
1750.84 237
1777.44 238
1804.09 239
1830.81 240
1857.96 241
1885.14 242
1912.37 243
1939.77 244
1967.3 245
1994.98 246
2023 247
2052.36 248
2081.85 249
2111.6 250
2141.98 251
2172.74 252
2203.51 253
2235.02 254
2267.45 255
2300.1 256
2332.86 257
2367.02 258
2401.9 259
2437.14 260
2474.05 261
2511.06 262
2548.39 263
2585.78 264
2623.59 265
2661.92 266
2700.36 267
2739.08 268
2778.79 269
2819.64 270
2860.75 271
2902.01 272
2943.38 273
2984.78 274
3027.58 275
3070.91 276
3115.11 277
3160.95 278
3206.86 279
3253.27 280
3300.11 281
3347.52 282
3395.89 283
3444.68 284
3493.68 285
3545.08 286
3597.21 287
3649.73 288
3703.2 289
3756.82 290
3811.58 291
3866.48 292
3925.57 293
3984.67 294
4046.08 295
4108.33 296
4170.68 297
4234.74 298
4299.08 299
4365.67 300
4434 301
4502.46 302
4570.96 303
4646.04 304
4721.36 305
4797.65 306
4879.27 307
4961.76 308
5044.41 309
5128.19 310
5212.15 311
5300.66 312
5389.44 313
5486.37 314
5585.23 315
5687.86 316
5790.66 317
5895.49 318
6000.6 319
6109.04 320
6222.05 321
6341.82 322
6476.68 323
6616.69 324
6761.38 325
6910.92 326
7067.91 327
7230.15 328
7392.42 329
7562.16 330
7800.7 331
