0.1474609375 1
0.15130615234375 2
0.15576171875 3
0.166015625 4
0.1796875 5
0.185546875 6
0.185546875 7
0.2435302734375 8
0.24658203125 9
0.2578125 10
0.33984375 11
0.36376953125 12
0.37109375 13
0.37890625 14
0.443115234375 15
0.474609375 16
0.48974609375 17
0.494140625 18
0.515625 19
0.541015625 20
0.5419921875 21
0.54278564453125 22
0.591796875 23
0.650390625 24
0.65625 25
0.70068359375 26
0.78125 27
0.796875 28
0.80810546875 29
0.81884765625 30
0.83203125 31
0.875 32
0.904296875 33
0.95263671875 34
0.97265625 35
0.9794921875 36
0.982421875 37
1.00390625 38
1.005859375 39
1.046875 40
1.0771484375 41
1.1121826171875 42
1.11328125 43
1.1533203125 44
1.16015625 45
1.181640625 46
1.25390625 47
1.255859375 48
1.2578125 49
1.283203125 50
1.369140625 51
1.494140625 52
1.52490234375 53
1.569091796875 54
1.58984375 55
1.59765625 56
1.59832763671875 57
1.62939453125 58
1.69970703125 59
1.71490478515625 60
1.724609375 61
1.73828125 62
1.7578125 63
1.798828125 64
1.80078125 65
1.8046875 66
1.953125 67
2.05078125 68
2.09765625 69
2.236328125 70
2.2412109375 71
2.3271484375 72
2.337890625 73
2.35546875 74
2.486328125 75
2.5517578125 76
2.587890625 77
2.587890625 78
2.6513671875 79
2.6873779296875 80
2.7265625 81
2.75390625 82
2.86328125 83
2.873046875 84
2.962890625 85
2.9756853580474854 86
3.059326171875 87
3.06640625 88
3.1558837890625 89
3.171875 90
3.1796875 91
3.1875 92
3.220703125 93
3.2286376953125 94
3.4471435546875 95
3.458984375 96
3.562744140625 97
3.578125 98
3.65625 99
3.6953125 100
3.7191162109375 101
3.799560546875 102
3.8974609375 103
3.9271240234375 104
3.966796875 105
4.275390625 106
4.5205078125 107
4.54150390625 108
4.56396484375 109
4.599609375 110
4.880859375 111
4.943359375 112
5.0029296875 113
5.03515625 114
5.08251953125 115
5.0892333984375 116
5.388671875 117
5.42578125 118
5.62890625 119
5.693359375 120
5.73974609375 121
5.939453125 122
6.0927734375 123
6.140625 124
6.275390625 125
6.314453125 126
6.4189453125 127
6.466796875 128
6.515625 129
6.544921875 130
6.65234375 131
6.72265625 132
6.87109375 133
6.91796875 134
7.025390625 135
7.041015625 136
7.0458984375 137
7.212890625 138
7.22265625 139
7.44921875 140
7.51171875 141
7.62109375 142
7.74609375 143
7.86932373046875 144
7.923828125 145
7.9931640625 146
7.998046875 147
8.001953125 148
8.167236328125 149
8.256591796875 150
8.39453125 151
8.509765625 152
8.5498046875 153
8.5595703125 154
8.89453125 155
8.93359375 156
8.9599609375 157
9.359375 158
9.4375 159
9.4375 160
9.5390625 161
9.75927734375 162
9.833984375 163
9.865234375 164
9.92578125 165
9.931640625 166
9.9765625 167
10.19140625 168
10.50048828125 169
10.5908203125 170
10.724609375 171
10.7734375 172
11.076171875 173
11.080078125 174
11.111328125 175
11.302734375 176
11.3505859375 177
11.505859375 178
11.5068359375 179
11.541015625 180
11.669921875 181
11.748046875 182
11.9453125 183
11.9599609375 184
11.978515625 185
12.0390625 186
12.322265625 187
12.634765625 188
13.1943359375 189
13.3671875 190
13.501953125 191
13.671630859375 192
13.6748046875 193
13.681640625 194
13.73046875 195
13.869140625 196
14.17529296875 197
14.4375 198
14.50439453125 199
14.663818359375 200
14.674560546875 201
14.83203125 202
15.0263671875 203
15.06689453125 204
15.2890625 205
15.8046875 206
16.3994140625 207
16.60546875 208
16.73828125 209
16.75390625 210
17.126708984375 211
17.510498046875 212
17.587890625 213
17.83251953125 214
18.275390625 215
18.4296875 216
18.6884765625 217
19.00390625 218
19.13671875 219
19.39306640625 220
19.658203125 221
19.703125 222
19.966796875 223
20.1875 224
20.66796875 225
20.71484375 226
21.140625 227
21.3046875 228
21.830078125 229
22.75 230
23.8291015625 231
24.2734375 232
24.392578125 233
25.005859375 234
25.4189453125 235
25.855224609375 236
26.376953125 237
26.603515625 238
26.6474609375 239
26.72467041015625 240
27.146484375 241
27.1787109375 242
27.23583984375 243
27.3935546875 244
27.5347900390625 245
27.68115234375 246
28.013671875 247
29.3662109375 248
29.486328125 249
29.754638671875 250
30.37158203125 251
30.767578125 252
30.767578125 253
31.505859375 254
32.43505859375 255
32.6435546875 256
32.76171875 257
34.1640625 258
34.876953125 259
35.2421875 260
36.90625 261
37.0146484375 262
37.324462890625 263
37.390625 264
37.8125 265
38.3310546875 266
38.44140625 267
38.720703125 268
39.7080078125 269
40.85302734375 270
41.107421875 271
41.255859375 272
41.376953125 273
41.3984375 274
42.7958984375 275
43.33099365234375 276
44.1962890625 277
45.845703125 278
45.908203125 279
46.4140625 280
46.83984375 281
47.407958984375 282
48.369140625 283
48.78515625 284
49.0052490234375 285
51.40380859375 286
52.125 287
52.521484375 288
53.47265625 289
53.6171875 290
54.7626953125 291
54.900390625 292
59.0859375 293
59.1015625 294
61.412109375 295
62.248046875 296
62.3502197265625 297
64.05859375 298
64.3408203125 299
66.5888671875 300
68.335205078125 301
68.451171875 302
68.5078125 303
75.080078125 304
75.31640625 305
76.287109375 306
81.62109375 307
82.495849609375 308
82.640625 309
83.7802734375 310
83.966796875 311
88.51171875 312
88.77734375 313
96.931640625 314
98.859375 315
102.62890625 316
102.802734375 317
104.826171875 318
105.1064453125 319
108.439453125 320
113.01129150390625 321
119.775390625 322
134.853515625 323
140.012939453125 324
144.6875 325
149.5419921875 326
156.994140625 327
162.23388671875 328
162.26953125 329
169.748046875 330
238.53125 331
