0.1708984375 1
0.1815185546875 2
0.189453125 3
0.193359375 4
0.208984375 5
0.21484375 6
0.5830078125 7
0.8076171875 8
1.001953125 9
1.06005859375 10
1.109375 11
1.12109375 12
1.24658203125 13
1.408203125 14
1.62060546875 15
1.68017578125 16
1.724609375 17
1.7265625 18
1.732421875 19
1.73291015625 20
1.769287109375 21
1.78125 22
1.8046875 23
1.830078125 24
1.90625 25
2.537109375 26
2.556640625 27
2.728515625 28
2.736328125 29
2.853515625 30
2.90625 31
3.10302734375 32
3.24609375 33
3.259765625 34
3.4169921875 35
3.5234375 36
3.546875 37
3.765625 38
3.8037109375 39
4.3818359375 40
4.40234375 41
4.44921875 42
4.485107421875 43
4.7529296875 44
4.953125 45
4.9921875 46
5.090576171875 47
6.01171875 48
6.1484375 49
6.1806640625 50
6.37109375 51
6.5703125 52
6.6181640625 53
6.6865234375 54
6.765625 55
6.9375 56
7.048828125 57
7.154296875 58
7.162109375 59
7.169921875 60
7.353515625 61
7.366943359375 62
7.65625 63
7.787109375 64
8.015625 65
8.197265625 66
8.447265625 67
8.533203125 68
8.830078125 69
9.048828125 70
9.5009765625 71
9.6591796875 72
9.717041015625 73
9.76385498046875 74
9.974609375 75
10.18896484375 76
10.4619140625 77
10.47265625 78
10.50390625 79
10.5234375 80
10.572265625 81
11.076171875 82
11.3203125 83
11.359375 84
11.44140625 85
11.53125 86
11.990234375 87
12.126953125 88
12.32421875 89
12.5396728515625 90
12.54541015625 91
12.5859375 92
12.73828125 93
13.02734375 94
13.11328125 95
13.169921875 96
13.345703125 97
13.9283447265625 98
14.4296875 99
15.28662109375 100
15.453125 101
15.505859375 102
16.6865234375 103
16.939453125 104
17.2529296875 105
17.51171875 106
17.91015625 107
18.15234375 108
18.1904296875 109
18.215576171875 110
18.373046875 111
18.875 112
19.5654296875 113
19.6279296875 114
19.6298828125 115
20.583984375 116
20.9609375 117
21.056640625 118
23.3907470703125 119
25.865234375 120
29.833984375 121
30.4423828125 122
32.791015625 123
33.45166015625 124
33.66357421875 125
34.79296875 126
35.23974609375 127
37.8564453125 128
38.61328125 129
39.08203125 130
39.4716796875 131
39.6435546875 132
42.390625 133
43.2333984375 134
44.04541015625 135
46.08984375 136
46.59765625 137
47.265625 138
48.35546875 139
48.5390625 140
48.70361328125 141
48.76953125 142
53.63043212890625 143
54.009765625 144
56.123046875 145
59.58984375 146
59.93017578125 147
64.4649658203125 148
65.3515625 149
68.6376953125 150
69.5 151
72.14300537109375 152
72.166015625 153
74.525390625 154
74.794921875 155
76.0078125 156
80.740234375 157
80.806640625 158
87.32373046875 159
101.451171875 160
111.3173828125 161
113.25439453125 162
132.244140625 163
146.8525390625 164
156.828125 165
161.814453125 166
177.326171875 167
185.630859375 168
191.2939453125 169
213.521484375 170
217.2421875 171
220.2822265625 172
276.5029296875 173
