0.248046875 1
0.25604248046875 2
0.276123046875 3
0.28125 4
0.3740234375 5
0.396484375 6
0.4140625 7
0.4169921875 8
0.4296875 9
0.4296875 10
0.4716796875 11
0.51544189453125 12
0.57470703125 13
0.626953125 14
0.6416015625 15
0.6474609375 16
0.7421875 17
0.78662109375 18
0.79296875 19
0.80029296875 20
0.826171875 21
0.84619140625 22
0.85791015625 23
0.896484375 24
0.8984375 25
0.90625 26
0.90625 27
0.9228515625 28
0.95703125 29
0.994140625 30
0.998046875 31
1.01263427734375 32
1.154296875 33
1.23828125 34
1.3955078125 35
1.5869140625 36
1.72265625 37
1.907470703125 38
2.0947265625 39
2.1982421875 40
2.317626953125 41
2.53515625 42
2.7119140625 43
2.72265625 44
2.83135986328125 45
2.8564453125 46
2.9853515625 47
3.033203125 48
3.154296875 49
3.158203125 50
3.24755859375 51
3.330078125 52
3.337890625 53
3.351806640625 54
3.455078125 55
3.509765625 56
3.562714099884033 57
3.748046875 58
4.35791015625 59
4.41796875 60
4.60498046875 61
4.63330078125 62
4.71875 63
4.90673828125 64
5.015625 65
5.1298828125 66
5.173828125 67
5.541015625 68
6.166015625 69
6.47265625 70
6.611328125 71
6.91796875 72
7.0771484375 73
7.7490234375 74
7.947265625 75
8.166015625 76
8.19140625 77
8.34765625 78
8.400390625 79
8.744140625 80
9.24609375 81
9.2646484375 82
9.33203125 83
9.83203125 84
10.0185546875 85
10.171875 86
10.5546875 87
10.6796875 88
10.94921875 89
10.9619140625 90
11.400390625 91
14.453125 92
14.66015625 93
15.564453125 94
15.828125 95
16.12109375 96
16.833984375 97
18.283203125 98
18.7197265625 99
18.80419921875 100
19.009765625 101
19.158203125 102
20.646484375 103
21.04296875 104
21.220703125 105
21.232421875 106
22.224609375 107
22.6123046875 108
23.31689453125 109
24.7099609375 110
24.9892578125 111
25.25390625 112
26.181640625 113
26.28125 114
26.79296875 115
26.87896728515625 116
27.17138671875 117
27.337890625 118
27.6578369140625 119
30.1708984375 120
30.53125 121
30.56640625 122
30.88714599609375 123
31.26025390625 124
31.705078125 125
33.1875 126
34.734375 127
34.900390625 128
35.41943359375 129
35.486328125 130
37.90234375 131
37.9375 132
38.982421875 133
41.98828125 134
42.9169921875 135
46.8447265625 136
46.953125 137
51.376953125 138
52.20068359375 139
57.2421875 140
59.541015625 141
60.5966796875 142
63.62841796875 143
63.7392578125 144
65.42236328125 145
70.47265625 146
71.380859375 147
72.400390625 148
74.873046875 149
78.734375 150
91.986328125 151
100.59814453125 152
120.9140625 153
128.607421875 154
130.92459106445313 155
192.318359375 156
273.9111328125 157
