0.201904296875 1
0.224609375 2
0.23193359375 3
0.2578125 4
0.2607421875 5
0.26318359375 6
0.27392578125 7
0.279296875 8
0.2919921875 9
0.32421875 10
0.3310546875 11
0.33154296875 12
0.3427734375 13
0.34375 14
0.35546875 15
0.36865234375 16
0.3798828125 17
0.3798828125 18
0.396484375 19
0.43994140625 20
0.54931640625 21
0.59765625 22
0.7158203125 23
0.74365234375 24
0.75054931640625 25
0.828125 26
0.86572265625 27
0.9140625 28
1.27783203125 29
1.3837890625 30
1.47265625 31
1.48046875 32
1.5335693359375 33
1.703125 34
1.751953125 35
1.8203125 36
1.83203125 37
2.0107421875 38
2.033203125 39
2.1552734375 40
2.18408203125 41
2.193359375 42
2.203369140625 43
2.256103515625 44
2.2606201171875 45
2.3828125 46
2.408203125 47
2.4375 48
2.533203125 49
2.619140625 50
2.66015625 51
2.673828125 52
2.69140625 53
2.713134765625 54
2.7392578125 55
2.7734375 56
3.02734375 57
3.06640625 58
3.141357421875 59
3.181640625 60
3.4296875 61
3.484375 62
3.49755859375 63
3.6025390625 64
3.6552734375 65
3.881591796875 66
3.9970703125 67
4.016845703125 68
4.02783203125 69
4.03125 70
4.0947265625 71
4.1298828125 72
4.2158203125 73
4.2187042236328125 74
4.37841796875 75
4.427734375 76
4.460205078125 77
4.50390625 78
4.5625 79
4.92724609375 80
5.0361328125 81
5.08984375 82
5.09783935546875 83
5.189453125 84
5.2490234375 85
5.3046875 86
5.5341796875 87
5.58154296875 88
5.669921875 89
5.693359375 90
5.703857421875 91
5.779296875 92
6.1181640625 93
6.3544921875 94
6.57470703125 95
6.612548828125 96
6.68505859375 97
6.7177734375 98
6.783203125 99
6.823974609375 100
6.83984375 101
6.857421875 102
6.91748046875 103
6.99462890625 104
7.0859375 105
7.44970703125 106
7.505859375 107
7.57421875 108
7.580078125 109
7.9306640625 110
8.0458984375 111
8.134765625 112
8.14434814453125 113
8.146484375 114
8.18603515625 115
8.2626953125 116
8.39794921875 117
8.39794921875 118
8.484375 119
8.69921875 120
8.908203125 121
9.130859375 122
9.3447265625 123
9.409695625305176 124
9.56640625 125
9.7041015625 126
9.79736328125 127
9.7998046875 128
10.103515625 129
10.1787109375 130
10.193359375 131
10.625 132
10.708984375 133
11.0234375 134
11.2451171875 135
11.619384765625 136
11.705322265625 137
11.83984375 138
12.00390625 139
12.0751953125 140
12.12353515625 141
12.33740234375 142
12.677734375 143
12.787109375 144
12.833984375 145
13.03662109375 146
13.037109375 147
13.16064453125 148
13.482421875 149
13.68359375 150
14.70703125 151
14.7861328125 152
14.8642578125 153
15.255859375 154
15.27685546875 155
15.3037109375 156
15.75390625 157
16.02099609375 158
16.5283203125 159
17.23876953125 160
17.82080078125 161
18.048828125 162
18.298828125 163
18.4951171875 164
18.5048828125 165
18.640625 166
19.3095703125 167
19.453125 168
19.632080078125 169
19.947265625 170
19.97705078125 171
20.02294921875 172
20.1484375 173
20.306640625 174
20.3515625 175
20.552734375 176
20.57421875 177
20.978515625 178
21.521453857421875 179
21.734375 180
21.75146484375 181
21.77734375 182
22.451171875 183
22.5899658203125 184
22.606201171875 185
22.6220703125 186
22.6845703125 187
22.78515625 188
23.078125 189
23.25439453125 190
23.63671875 191
23.81494140625 192
24.5556640625 193
24.86328125 194
25.34814453125 195
26.244140625 196
26.6640625 197
26.83984375 198
26.8818359375 199
27.05859375 200
27.412109375 201
27.708984375 202
27.900390625 203
28.2353515625 204
28.39111328125 205
28.396484375 206
29.004150390625 207
29.2196044921875 208
29.244140625 209
29.486328125 210
29.693359375 211
30.85009765625 212
32.1826171875 213
33.677734375 214
34.974609375 215
35.162109375 216
35.1826171875 217
35.189453125 218
35.5126953125 219
35.5994873046875 220
35.6923828125 221
35.76318359375 222
35.80517578125 223
36.18359375 224
37.13671875 225
38.3699951171875 226
38.5 227
40.067626953125 228
40.07177734375 229
40.5556640625 230
41.1962890625 231
43.1220703125 232
43.87548828125 233
44.203125 234
47.429931640625 235
48.109375 236
48.1376953125 237
48.283203125 238
48.28369140625 239
48.7490234375 240
49.3662109375 241
49.3724365234375 242
49.521484375 243
50.150390625 244
50.20703125 245
51.5185546875 246
52.693359375 247
52.78857421875 248
52.830078125 249
54.153564453125 250
54.883544921875 251
55.26318359375 252
55.7388916015625 253
57.71875 254
57.729248046875 255
57.97802734375 256
59.64453125 257
59.873046875 258
60.3046875 259
60.822265625 260
61.2392578125 261
61.8564453125 262
63.2509765625 263
65.4189453125 264
65.47509765625 265
66.97021484375 266
67.67578125 267
69.2041015625 268
70.805419921875 269
70.8291015625 270
71.23046875 271
74.26123046875 272
75.501953125 273
76.05859375 274
77.0947265625 275
78.681640625 276
79.771484375 277
81.578125 278
86.732421875 279
90.7705078125 280
93.4033203125 281
94.79638671875 282
100.8837890625 283
100.888671875 284
103.23583984375 285
103.41015625 286
103.48828125 287
103.8193359375 288
104.203125 289
112.64697265625 290
113.287109375 291
113.90673828125 292
113.9345703125 293
114.849365234375 294
125.305419921875 295
127.513671875 296
128.5888671875 297
129.884765625 298
133.24365234375 299
133.533203125 300
134.697265625 301
148.29736328125 302
150.16397094726563 303
153.197265625 304
154.1925048828125 305
165.234375 306
168.142822265625 307
170.628662109375 308
174.181640625 309
179.3876953125 310
183.734375 311
191.173828125 312
195.1904296875 313
203.7861328125 314
213.826171875 315
275.21875 316
277.24462890625 317
280.90625 318
