0.23193359375 1
0.2607421875 2
0.26318359375 3
0.279296875 4
0.32421875 5
0.36865234375 6
0.396484375 7
0.59765625 8
0.74365234375 9
1.703125 10
1.751953125 11
2.033203125 12
2.1552734375 13
2.18408203125 14
2.193359375 15
2.256103515625 16
2.408203125 17
2.533203125 18
2.619140625 19
2.66015625 20
3.141357421875 21
3.181640625 22
3.6552734375 23
4.02783203125 24
4.2158203125 25
4.2187042236328125 26
5.2490234375 27
5.3046875 28
5.5341796875 29
5.669921875 30
6.823974609375 31
6.99462890625 32
8.0458984375 33
8.134765625 34
8.18603515625 35
8.2626953125 36
8.39794921875 37
8.39794921875 38
8.484375 39
9.130859375 40
9.79736328125 41
10.625 42
10.708984375 43
11.619384765625 44
11.705322265625 45
11.83984375 46
12.0751953125 47
12.33740234375 48
12.787109375 49
12.833984375 50
13.16064453125 51
15.255859375 52
15.27685546875 53
15.75390625 54
16.5283203125 55
17.23876953125 56
17.82080078125 57
18.298828125 58
18.4951171875 59
18.640625 60
19.453125 61
19.632080078125 62
19.947265625 63
20.306640625 64
20.3515625 65
20.57421875 66
20.978515625 67
21.734375 68
21.75146484375 69
21.77734375 70
22.451171875 71
22.5899658203125 72
22.606201171875 73
22.6845703125 74
22.78515625 75
23.63671875 76
23.81494140625 77
24.86328125 78
25.34814453125 79
26.244140625 80
26.83984375 81
27.708984375 82
28.2353515625 83
29.004150390625 84
29.2196044921875 85
29.244140625 86
29.486328125 87
29.693359375 88
30.85009765625 89
32.1826171875 90
33.677734375 91
35.189453125 92
35.5126953125 93
35.6923828125 94
36.18359375 95
37.13671875 96
40.5556640625 97
41.1962890625 98
43.1220703125 99
43.87548828125 100
44.203125 101
48.283203125 102
48.28369140625 103
48.7490234375 104
49.3662109375 105
49.3724365234375 106
50.150390625 107
51.5185546875 108
52.693359375 109
52.830078125 110
54.153564453125 111
54.883544921875 112
55.26318359375 113
55.7388916015625 114
57.729248046875 115
57.97802734375 116
59.64453125 117
59.873046875 118
60.3046875 119
60.822265625 120
63.2509765625 121
65.47509765625 122
67.67578125 123
69.2041015625 124
70.805419921875 125
70.8291015625 126
71.23046875 127
75.501953125 128
76.05859375 129
77.0947265625 130
78.681640625 131
79.771484375 132
81.578125 133
90.7705078125 134
93.4033203125 135
94.79638671875 136
100.8837890625 137
100.888671875 138
103.23583984375 139
103.48828125 140
112.64697265625 141
113.287109375 142
113.9345703125 143
114.849365234375 144
125.305419921875 145
128.5888671875 146
129.884765625 147
133.24365234375 148
133.533203125 149
148.29736328125 150
150.16397094726563 151
153.197265625 152
154.1925048828125 153
165.234375 154
168.142822265625 155
174.181640625 156
179.3876953125 157
191.173828125 158
203.7861328125 159
213.826171875 160
275.21875 161
277.24462890625 162
280.90625 163
