0.201904296875 1
0.224609375 2
0.2578125 3
0.27392578125 4
0.2919921875 5
0.3310546875 6
0.33154296875 7
0.3427734375 8
0.34375 9
0.35546875 10
0.3798828125 11
0.3798828125 12
0.43994140625 13
0.54931640625 14
0.7158203125 15
0.75054931640625 16
0.828125 17
0.86572265625 18
0.9140625 19
1.27783203125 20
1.3837890625 21
1.47265625 22
1.48046875 23
1.5335693359375 24
1.8203125 25
1.83203125 26
2.0107421875 27
2.203369140625 28
2.2606201171875 29
2.3828125 30
2.4375 31
2.673828125 32
2.69140625 33
2.713134765625 34
2.7392578125 35
2.7734375 36
3.02734375 37
3.06640625 38
3.4296875 39
3.484375 40
3.49755859375 41
3.6025390625 42
3.881591796875 43
3.9970703125 44
4.016845703125 45
4.03125 46
4.0947265625 47
4.1298828125 48
4.37841796875 49
4.427734375 50
4.460205078125 51
4.50390625 52
4.5625 53
4.92724609375 54
5.0361328125 55
5.08984375 56
5.09783935546875 57
5.189453125 58
5.58154296875 59
5.693359375 60
5.703857421875 61
5.779296875 62
6.1181640625 63
6.3544921875 64
6.57470703125 65
6.612548828125 66
6.68505859375 67
6.7177734375 68
6.783203125 69
6.83984375 70
6.857421875 71
6.91748046875 72
7.0859375 73
7.44970703125 74
7.505859375 75
7.57421875 76
7.580078125 77
7.9306640625 78
8.14434814453125 79
8.146484375 80
8.69921875 81
8.908203125 82
9.3447265625 83
9.409695625305176 84
9.56640625 85
9.7041015625 86
9.7998046875 87
10.103515625 88
10.1787109375 89
10.193359375 90
11.0234375 91
11.2451171875 92
12.00390625 93
12.12353515625 94
12.677734375 95
13.03662109375 96
13.037109375 97
13.482421875 98
13.68359375 99
14.70703125 100
14.7861328125 101
14.8642578125 102
15.3037109375 103
16.02099609375 104
18.048828125 105
18.5048828125 106
19.3095703125 107
19.97705078125 108
20.02294921875 109
20.1484375 110
20.552734375 111
21.521453857421875 112
22.6220703125 113
23.078125 114
23.25439453125 115
24.5556640625 116
26.6640625 117
26.8818359375 118
27.05859375 119
27.412109375 120
27.900390625 121
28.39111328125 122
28.396484375 123
34.974609375 124
35.162109375 125
35.1826171875 126
35.5994873046875 127
35.76318359375 128
35.80517578125 129
38.3699951171875 130
38.5 131
40.067626953125 132
40.07177734375 133
47.429931640625 134
48.109375 135
48.1376953125 136
49.521484375 137
50.20703125 138
52.78857421875 139
57.71875 140
61.2392578125 141
61.8564453125 142
65.4189453125 143
66.97021484375 144
74.26123046875 145
86.732421875 146
103.41015625 147
103.8193359375 148
104.203125 149
113.90673828125 150
127.513671875 151
134.697265625 152
170.628662109375 153
183.734375 154
195.1904296875 155
