0.169921875 1
0.177734375 2
0.1826171875 3
0.1927490234375 4
0.1953125 5
0.2021484375 6
0.3125 7
0.4140625 8
0.41845703125 9
0.46484375 10
0.53515625 11
0.576171875 12
0.58984375 13
0.677734375 14
0.72998046875 15
0.7457275390625 16
0.7626953125 17
0.814453125 18
0.83984375 19
0.85009765625 20
0.8565673828125 21
1.078125 22
1.095703125 23
1.12005615234375 24
1.138671875 25
1.17578125 26
1.25390625 27
1.2578125 28
1.28857421875 29
1.302734375 30
1.3125 31
1.3125 32
1.3896484375 33
1.443359375 34
1.490234375 35
1.6015625 36
1.60546875 37
1.66796875 38
1.7587890625 39
1.759765625 40
1.7890625 41
1.83984375 42
1.909423828125 43
1.953125 44
2.0419921875 45
2.1513671875 46
2.177734375 47
2.2255859375 48
2.23876953125 49
2.2509765625 50
2.27685546875 51
2.3590087890625 52
2.60546875 53
2.62109375 54
2.80859375 55
2.80859375 56
2.875 57
2.95947265625 58
3.0546875 59
3.1171875 60
3.1484375 61
3.158203125 62
3.16015625 63
3.178955078125 64
3.263671875 65
3.29296875 66
3.3037109375 67
3.32177734375 68
3.333984375 69
3.380859375 70
3.78515625 71
3.796875 72
3.849609375 73
4.099609375 74
4.125 75
4.16796875 76
4.27734375 77
4.28125 78
4.296875 79
4.712890625 80
4.76171875 81
4.781005859375 82
4.8857421875 83
4.974609375 84
5.31396484375 85
5.396240234375 86
5.4580078125 87
5.76953125 88
5.91650390625 89
5.943359375 90
5.966796875 91
6.1787109375 92
6.25390625 93
6.34375 94
6.58270263671875 95
6.7890625 96
6.96875 97
7.099609375 98
7.845703125 99
7.9698486328125 100
8.31982421875 101
8.63671875 102
8.771484375 103
8.80078125 104
8.819091796875 105
8.9033203125 106
9.64111328125 107
9.71875 108
9.84765625 109
9.943115234375 110
10.3251953125 111
10.33203125 112
10.560546875 113
10.6181640625 114
10.76953125 115
10.8121337890625 116
10.859375 117
10.8818359375 118
10.9052734375 119
11.181685447692871 120
11.2333984375 121
11.265625 122
11.46875 123
11.50390625 124
11.640625 125
11.85040283203125 126
11.87109375 127
12.0390625 128
12.2783203125 129
12.28857421875 130
12.822265625 131
12.97265625 132
13.0823974609375 133
13.33203125 134
13.390625 135
13.778564453125 136
13.833251953125 137
13.837890625 138
13.95703125 139
14.353515625 140
14.37109375 141
14.466796875 142
14.486328125 143
14.6240234375 144
14.779296875 145
14.7890625 146
14.96875 147
15.169921875 148
15.169921875 149
15.30078125 150
15.57421875 151
15.607421875 152
15.630859375 153
15.76953125 154
15.783203125 155
15.984375 156
16.1075439453125 157
16.24609375 158
16.30859375 159
16.78125 160
17.017578125 161
17.359375 162
17.546875 163
17.556640625 164
17.737548828125 165
17.7607421875 166
18.001953125 167
18.302734375 168
18.34765625 169
18.85595703125 170
19.021484375 171
19.388671875 172
19.89453125 173
20.0751953125 174
20.3515625 175
20.458740234375 176
20.707275390625 177
20.7158203125 178
20.8046875 179
20.8203125 180
20.89892578125 181
21.072265625 182
21.322265625 183
21.7578125 184
21.90625 185
22.30859375 186
23.75390625 187
24.31640625 188
24.771484375 189
24.77783203125 190
24.80078125 191
24.841796875 192
24.90966796875 193
25.388671875 194
25.587890625 195
25.6572265625 196
25.66796875 197
25.99609375 198
26.509765625 199
26.935302734375 200
27.2109375 201
27.552734375 202
27.9453125 203
28.306640625 204
28.60546875 205
30.833984375 206
31.5234375 207
31.95703125 208
32.21875 209
32.72265625 210
32.9765625 211
33.08203125 212
33.451171875 213
33.962890625 214
34.37109375 215
34.72265625 216
34.74951171875 217
36.15625 218
36.197265625 219
36.748046875 220
36.82421875 221
36.9703369140625 222
38.03125 223
38.08203125 224
39.09765625 225
41.1072998046875 226
41.89996337890625 227
42.205078125 228
43.0625 229
43.138671875 230
43.30078125 231
43.56640625 232
44.064453125 233
44.125 234
44.2890625 235
45.19921875 236
45.623046875 237
47.322265625 238
47.6640625 239
47.8095703125 240
48.90625 241
51.81005859375 242
53.478515625 243
53.517578125 244
54.14453125 245
56.318359375 246
58.01953125 247
58.41015625 248
59.07666015625 249
59.744140625 250
61.5810546875 251
61.6015625 252
64.90185546875 253
66.6181640625 254
67.118408203125 255
67.5654296875 256
67.56640625 257
67.98046875 258
68.22265625 259
68.787109375 260
69.28759765625 261
69.7725830078125 262
69.7841796875 263
72.64453125 264
72.64453125 265
74.025390625 266
75.037109375 267
75.51171875 268
76.693359375 269
78.130859375 270
79.1376953125 271
79.171875 272
79.9046630859375 273
82.3515625 274
86.875 275
87.03076171875 276
88.78515625 277
89.1240234375 278
89.337890625 279
91.51007080078125 280
93.521484375 281
95.58984375 282
95.77734375 283
98.654296875 284
99.52734375 285
100.30224609375 286
104.23828125 287
108.05810546875 288
115.68694305419922 289
122.11669921875 290
125.966796875 291
127.837890625 292
128.37890625 293
128.94140625 294
130.228515625 295
133.365234375 296
133.40625 297
134.3251953125 298
147.853515625 299
150.60546875 300
150.7734375 301
155.669921875 302
156.35546875 303
162.30078125 304
167.5390625 305
168.33740234375 306
178.69140625 307
184.830078125 308
195.75390625 309
211.271484375 310
216.595703125 311
229.658203125 312
247.0478515625 313
250.73046875 314
260.8779296875 315
266.98828125 316
268.333984375 317
288.470703125 318
