0.3125 1
0.4140625 2
0.41845703125 3
0.46484375 4
0.53515625 5
0.576171875 6
0.58984375 7
0.677734375 8
0.72998046875 9
0.7626953125 10
0.814453125 11
0.83984375 12
0.85009765625 13
0.8565673828125 14
1.078125 15
1.095703125 16
1.12005615234375 17
1.138671875 18
1.17578125 19
1.25390625 20
1.2578125 21
1.28857421875 22
1.302734375 23
1.3125 24
1.3125 25
1.443359375 26
1.490234375 27
1.6015625 28
1.7587890625 29
1.759765625 30
1.953125 31
2.1513671875 32
2.177734375 33
2.2509765625 34
2.3590087890625 35
2.62109375 36
2.80859375 37
2.875 38
3.0546875 39
3.1171875 40
3.178955078125 41
3.263671875 42
3.3037109375 43
3.32177734375 44
3.333984375 45
4.125 46
4.27734375 47
4.712890625 48
4.781005859375 49
4.974609375 50
5.31396484375 51
5.966796875 52
6.1787109375 53
7.099609375 54
8.31982421875 55
8.9033203125 56
9.64111328125 57
9.71875 58
9.943115234375 59
10.560546875 60
10.8818359375 61
11.181685447692871 62
11.2333984375 63
11.640625 64
12.2783203125 65
12.822265625 66
13.0823974609375 67
13.833251953125 68
13.95703125 69
14.466796875 70
14.6240234375 71
14.96875 72
15.169921875 73
15.57421875 74
15.630859375 75
17.017578125 76
17.546875 77
17.7607421875 78
18.85595703125 79
19.021484375 80
20.0751953125 81
20.7158203125 82
20.8203125 83
20.89892578125 84
21.322265625 85
24.31640625 86
25.388671875 87
25.587890625 88
25.66796875 89
27.2109375 90
27.9453125 91
28.306640625 92
31.5234375 93
31.95703125 94
32.72265625 95
33.451171875 96
33.962890625 97
34.37109375 98
34.72265625 99
36.197265625 100
36.748046875 101
36.9703369140625 102
38.03125 103
38.08203125 104
39.09765625 105
41.1072998046875 106
41.89996337890625 107
42.205078125 108
43.0625 109
43.138671875 110
43.56640625 111
44.064453125 112
44.125 113
44.2890625 114
45.19921875 115
47.322265625 116
48.90625 117
53.478515625 118
53.517578125 119
54.14453125 120
58.01953125 121
58.41015625 122
61.5810546875 123
67.98046875 124
68.787109375 125
69.7725830078125 126
72.64453125 127
75.037109375 128
76.693359375 129
78.130859375 130
87.03076171875 131
89.1240234375 132
93.521484375 133
95.58984375 134
99.52734375 135
115.68694305419922 136
128.37890625 137
128.94140625 138
155.669921875 139
162.30078125 140
167.5390625 141
168.33740234375 142
184.830078125 143
195.75390625 144
216.595703125 145
247.0478515625 146
266.98828125 147
268.333984375 148
288.470703125 149
