0.169921875 1
0.177734375 2
0.1826171875 3
0.1927490234375 4
0.1953125 5
0.2021484375 6
0.7457275390625 7
1.3896484375 8
1.60546875 9
1.66796875 10
1.7890625 11
1.83984375 12
1.909423828125 13
2.0419921875 14
2.2255859375 15
2.23876953125 16
2.27685546875 17
2.60546875 18
2.80859375 19
2.95947265625 20
3.1484375 21
3.158203125 22
3.16015625 23
3.29296875 24
3.380859375 25
3.78515625 26
3.796875 27
3.849609375 28
4.099609375 29
4.16796875 30
4.28125 31
4.296875 32
4.76171875 33
4.8857421875 34
5.396240234375 35
5.4580078125 36
5.76953125 37
5.91650390625 38
5.943359375 39
6.25390625 40
6.34375 41
6.58270263671875 42
6.7890625 43
6.96875 44
7.845703125 45
7.9698486328125 46
8.63671875 47
8.771484375 48
8.80078125 49
8.819091796875 50
9.84765625 51
10.3251953125 52
10.33203125 53
10.6181640625 54
10.76953125 55
10.8121337890625 56
10.859375 57
10.9052734375 58
11.265625 59
11.46875 60
11.50390625 61
11.85040283203125 62
11.87109375 63
12.0390625 64
12.28857421875 65
12.97265625 66
13.33203125 67
13.390625 68
13.778564453125 69
13.837890625 70
14.353515625 71
14.37109375 72
14.486328125 73
14.779296875 74
14.7890625 75
15.169921875 76
15.30078125 77
15.607421875 78
15.76953125 79
15.783203125 80
15.984375 81
16.1075439453125 82
16.24609375 83
16.30859375 84
16.78125 85
17.359375 86
17.556640625 87
17.737548828125 88
18.001953125 89
18.302734375 90
18.34765625 91
19.388671875 92
19.89453125 93
20.3515625 94
20.458740234375 95
20.707275390625 96
20.8046875 97
21.072265625 98
21.7578125 99
21.90625 100
22.30859375 101
23.75390625 102
24.771484375 103
24.77783203125 104
24.80078125 105
24.841796875 106
24.90966796875 107
25.6572265625 108
25.99609375 109
26.509765625 110
26.935302734375 111
27.552734375 112
28.60546875 113
30.833984375 114
32.21875 115
32.9765625 116
33.08203125 117
34.74951171875 118
36.15625 119
36.82421875 120
43.30078125 121
45.623046875 122
47.6640625 123
47.8095703125 124
51.81005859375 125
56.318359375 126
59.07666015625 127
59.744140625 128
61.6015625 129
64.90185546875 130
66.6181640625 131
67.118408203125 132
67.5654296875 133
67.56640625 134
68.22265625 135
69.28759765625 136
69.7841796875 137
72.64453125 138
74.025390625 139
75.51171875 140
79.1376953125 141
79.171875 142
79.9046630859375 143
82.3515625 144
86.875 145
88.78515625 146
89.337890625 147
91.51007080078125 148
95.77734375 149
98.654296875 150
100.30224609375 151
104.23828125 152
108.05810546875 153
122.11669921875 154
125.966796875 155
127.837890625 156
130.228515625 157
133.365234375 158
133.40625 159
134.3251953125 160
147.853515625 161
150.60546875 162
150.7734375 163
156.35546875 164
178.69140625 165
211.271484375 166
229.658203125 167
250.73046875 168
260.8779296875 169
