0.1572265625 1
0.1729736328125 2
0.173828125 3
0.1796875 4
0.185546875 5
0.19140625 6
0.21484375 7
0.36328125 8
0.4619140625 9
0.515625 10
0.564208984375 11
0.654296875 12
0.7734375 13
0.78125 14
0.79296875 15
0.796875 16
0.833984375 17
0.86328125 18
0.869140625 19
0.87109375 20
0.90234375 21
0.907958984375 22
0.9140625 23
0.951171875 24
0.96484375 25
0.978515625 26
1.03515625 27
1.076171875 28
1.091796875 29
1.166015625 30
1.19287109375 31
1.2158203125 32
1.25 33
1.33203125 34
1.4453125 35
1.46435546875 36
1.5078125 37
1.701171875 38
1.87890625 39
1.900390625 40
1.921875 41
1.953125 42
1.9736328125 43
2.00390625 44
2.005126953125 45
2.1416015625 46
2.16796875 47
2.3369140625 48
2.376953125 49
2.470703125 50
2.64453125 51
2.732421875 52
2.8046875 53
2.82421875 54
2.874755859375 55
2.99609375 56
3.0400390625 57
3.05078125 58
3.0576171875 59
3.1505126953125 60
3.16015625 61
3.2353515625 62
3.3046875 63
3.796875 64
3.97265625 65
4.0234375 66
4.07421875 67
4.15625 68
4.18359375 69
4.41015625 70
4.470703125 71
4.49609375 72
4.544921875 73
4.58203125 74
4.671875 75
4.842529296875 76
5.1328125 77
5.140625 78
5.20068359375 79
5.205078125 80
5.21484375 81
5.455078125 82
5.658447265625 83
5.6875 84
6.078125 85
6.15234375 86
6.255859375 87
6.6328125 88
6.802734375 89
6.8046875 90
6.94140625 91
7.02734375 92
7.12890625 93
7.14453125 94
7.23583984375 95
7.31494140625 96
7.380859375 97
7.4384765625 98
7.56640625 99
7.7734375 100
7.84765625 101
8.26953125 102
8.301294326782227 103
8.3388671875 104
9.1484375 105
9.451171875 106
9.560546875 107
9.759765625 108
9.7890625 109
9.853515625 110
9.85546875 111
10.48046875 112
10.49609375 113
10.82763671875 114
10.84765625 115
11.12890625 116
11.171875 117
11.36328125 118
11.86328125 119
12.146484375 120
12.33984375 121
12.43359375 122
12.4677734375 123
12.5078125 124
12.546875 125
12.732421875 126
13.013671875 127
13.0877685546875 128
13.140625 129
13.3125 130
13.62890625 131
13.9375 132
14.3125 133
14.349609375 134
14.5234375 135
14.64453125 136
14.662109375 137
14.69921875 138
14.888671875 139
15.09375 140
15.20068359375 141
15.265625 142
15.765625 143
15.83203125 144
16.05859375 145
16.296875 146
16.412353515625 147
16.505859375 148
16.615234375 149
16.6767578125 150
16.78515625 151
16.89501953125 152
17.0625 153
17.162109375 154
17.234375 155
17.25390625 156
17.69921875 157
18.009765625 158
18.404296875 159
18.567138671875 160
18.66015625 161
19.1796875 162
19.1904296875 163
19.65625 164
19.7734375 165
20.13671875 166
20.197265625 167
20.2578125 168
20.65234375 169
21.31591796875 170
21.505859375 171
21.614990234375 172
21.6875 173
21.73583984375 174
21.96728515625 175
21.974609375 176
22.22265625 177
22.26953125 178
23.078125 179
23.328125 180
23.37890625 181
23.68359375 182
23.80078125 183
23.94921875 184
24.6884765625 185
24.798828125 186
25.857421875 187
26.529296875 188
26.701171875 189
27.33203125 190
27.6435546875 191
27.65234375 192
28.08203125 193
28.0849609375 194
28.17822265625 195
28.623046875 196
28.677734375 197
28.71875 198
28.966796875 199
29.205078125 200
29.658203125 201
29.87890625 202
29.900390625 203
30.109375 204
30.7646484375 205
31.982421875 206
32.265625 207
32.3984375 208
32.4493408203125 209
32.615234375 210
32.69622802734375 211
33.923828125 212
34.796875 213
34.861328125 214
37.67578125 215
38.244140625 216
38.2724609375 217
38.296875 218
39.03125 219
39.15625 220
39.489990234375 221
39.76953125 222
39.796875 223
40.052734375 224
40.1201171875 225
40.83203125 226
41.220703125 227
41.96826171875 228
42.9453125 229
43.103515625 230
43.21875 231
44.703125 232
45.37890625 233
46.50048828125 234
49.111328125 235
49.83984375 236
50.8541259765625 237
51.025390625 238
51.73046875 239
51.74609375 240
55.85546875 241
57.306640625 242
57.341796875 243
58.9267578125 244
60.140625 245
65.728515625 246
66.7109375 247
67.0771484375 248
69.32275390625 249
69.93359375 250
70.810546875 251
74.92578125 252
76.67578125 253
76.9921875 254
77.970703125 255
78.81640625 256
79.162109375 257
80.3359375 258
81.517578125 259
85.380859375 260
86.6328125 261
87.3193359375 262
91.203857421875 263
94.181640625 264
95.16015625 265
95.58740234375 266
97.2568359375 267
98.447265625 268
98.66796875 269
98.923828125 270
99.69677734375 271
104.6484375 272
106.28515625 273
109.33203125 274
111.0341796875 275
117.0517578125 276
119.80859375 277
120.408203125 278
120.875 279
125.421875 280
127.712646484375 281
133.4775390625 282
133.8831787109375 283
140.205078125 284
140.80859375 285
143.49609375 286
144.3671875 287
145.267578125 288
145.6318359375 289
145.873046875 290
154.01953125 291
154.16162109375 292
155.1904296875 293
157.49169921875 294
172.2998046875 295
175.88671875 296
177.2685546875 297
178.4296875 298
181.91015625 299
187.5703125 300
190.74609375 301
191.357421875 302
194.0078125 303
198.2421875 304
213.351806640625 305
224.1845703125 306
225.79296875 307
227.66796875 308
231.3125 309
235.24609375 310
254.8984375 311
266.53515625 312
