0.21484375 1
0.36328125 2
0.4619140625 3
0.515625 4
0.654296875 5
0.7734375 6
0.78125 7
0.79296875 8
0.796875 9
0.833984375 10
0.86328125 11
0.87109375 12
0.907958984375 13
0.9140625 14
0.96484375 15
1.03515625 16
1.091796875 17
1.166015625 18
1.2158203125 19
1.25 20
1.33203125 21
1.5078125 22
1.900390625 23
1.921875 24
1.953125 25
1.9736328125 26
2.00390625 27
2.376953125 28
2.470703125 29
2.8046875 30
2.874755859375 31
3.0400390625 32
3.05078125 33
3.2353515625 34
3.3046875 35
3.796875 36
3.97265625 37
4.07421875 38
4.15625 39
4.18359375 40
4.470703125 41
4.49609375 42
4.544921875 43
4.58203125 44
4.671875 45
4.842529296875 46
5.20068359375 47
5.6875 48
6.078125 49
6.255859375 50
6.94140625 51
7.02734375 52
7.4384765625 53
7.56640625 54
7.7734375 55
8.301294326782227 56
9.1484375 57
9.451171875 58
9.560546875 59
9.7890625 60
9.853515625 61
10.48046875 62
10.82763671875 63
10.84765625 64
12.5078125 65
13.013671875 66
14.3125 67
14.5234375 68
14.662109375 69
15.09375 70
15.765625 71
15.83203125 72
16.05859375 73
16.6767578125 74
16.78515625 75
17.0625 76
17.162109375 77
17.25390625 78
18.009765625 79
18.404296875 80
18.567138671875 81
19.1796875 82
20.13671875 83
20.2578125 84
21.96728515625 85
21.974609375 86
23.328125 87
23.37890625 88
23.68359375 89
23.80078125 90
24.6884765625 91
24.798828125 92
25.857421875 93
27.6435546875 94
27.65234375 95
29.658203125 96
29.87890625 97
29.900390625 98
30.7646484375 99
31.982421875 100
32.4493408203125 101
32.615234375 102
32.69622802734375 103
34.796875 104
34.861328125 105
37.67578125 106
39.03125 107
39.15625 108
39.76953125 109
39.796875 110
40.052734375 111
40.1201171875 112
40.83203125 113
41.220703125 114
41.96826171875 115
42.9453125 116
43.103515625 117
45.37890625 118
49.111328125 119
49.83984375 120
51.025390625 121
51.73046875 122
57.341796875 123
58.9267578125 124
65.728515625 125
66.7109375 126
67.0771484375 127
69.93359375 128
76.9921875 129
77.970703125 130
78.81640625 131
79.162109375 132
80.3359375 133
85.380859375 134
86.6328125 135
87.3193359375 136
94.181640625 137
95.16015625 138
98.447265625 139
98.66796875 140
120.408203125 141
133.4775390625 142
133.8831787109375 143
140.80859375 144
155.1904296875 145
172.2998046875 146
177.2685546875 147
181.91015625 148
190.74609375 149
198.2421875 150
225.79296875 151
231.3125 152
266.53515625 153
