0.1572265625 1
0.1729736328125 2
0.173828125 3
0.1796875 4
0.185546875 5
0.19140625 6
0.564208984375 7
0.869140625 8
0.90234375 9
0.951171875 10
0.978515625 11
1.076171875 12
1.19287109375 13
1.4453125 14
1.46435546875 15
1.701171875 16
1.87890625 17
2.005126953125 18
2.1416015625 19
2.16796875 20
2.3369140625 21
2.64453125 22
2.732421875 23
2.82421875 24
2.99609375 25
3.0576171875 26
3.1505126953125 27
3.16015625 28
4.0234375 29
4.41015625 30
5.1328125 31
5.140625 32
5.205078125 33
5.21484375 34
5.455078125 35
5.658447265625 36
6.15234375 37
6.6328125 38
6.802734375 39
6.8046875 40
7.12890625 41
7.14453125 42
7.23583984375 43
7.31494140625 44
7.380859375 45
7.84765625 46
8.26953125 47
8.3388671875 48
9.759765625 49
9.85546875 50
10.49609375 51
11.12890625 52
11.171875 53
11.36328125 54
11.86328125 55
12.146484375 56
12.33984375 57
12.43359375 58
12.4677734375 59
12.546875 60
12.732421875 61
13.0877685546875 62
13.140625 63
13.3125 64
13.62890625 65
13.9375 66
14.349609375 67
14.64453125 68
14.69921875 69
14.888671875 70
15.20068359375 71
15.265625 72
16.296875 73
16.412353515625 74
16.505859375 75
16.615234375 76
16.89501953125 77
17.234375 78
17.69921875 79
18.66015625 80
19.1904296875 81
19.65625 82
19.7734375 83
20.197265625 84
20.65234375 85
21.31591796875 86
21.505859375 87
21.614990234375 88
21.6875 89
21.73583984375 90
22.22265625 91
22.26953125 92
23.078125 93
23.94921875 94
26.529296875 95
26.701171875 96
27.33203125 97
28.08203125 98
28.0849609375 99
28.17822265625 100
28.623046875 101
28.677734375 102
28.71875 103
28.966796875 104
29.205078125 105
30.109375 106
32.265625 107
32.3984375 108
33.923828125 109
38.244140625 110
38.2724609375 111
38.296875 112
39.489990234375 113
43.21875 114
44.703125 115
46.50048828125 116
50.8541259765625 117
51.74609375 118
55.85546875 119
57.306640625 120
60.140625 121
69.32275390625 122
70.810546875 123
74.92578125 124
76.67578125 125
81.517578125 126
91.203857421875 127
95.58740234375 128
97.2568359375 129
98.923828125 130
99.69677734375 131
104.6484375 132
106.28515625 133
109.33203125 134
111.0341796875 135
117.0517578125 136
119.80859375 137
120.875 138
125.421875 139
127.712646484375 140
140.205078125 141
143.49609375 142
144.3671875 143
145.267578125 144
145.6318359375 145
145.873046875 146
154.01953125 147
154.16162109375 148
157.49169921875 149
175.88671875 150
178.4296875 151
187.5703125 152
191.357421875 153
194.0078125 154
213.351806640625 155
224.1845703125 156
227.66796875 157
235.24609375 158
254.8984375 159
