0.1827392578125 1
0.197265625 2
0.244140625 3
0.244140625 4
0.259765625 5
0.263671875 6
0.2685546875 7
0.271484375 8
0.280517578125 9
0.28125 10
0.2890625 11
0.294921875 12
0.29931640625 13
0.30712890625 14
0.32470703125 15
0.38671875 16
0.3876953125 17
0.4130859375 18
0.427734375 19
0.4384765625 20
0.52880859375 21
0.53564453125 22
0.569000244140625 23
0.5771484375 24
0.7021484375 25
0.7119140625 26
0.7310791015625 27
0.751708984375 28
0.751953125 29
0.78173828125 30
0.8193359375 31
0.86328125 32
0.86376953125 33
0.90234375 34
0.953125 35
0.9931640625 36
1.20947265625 37
1.2330322265625 38
1.2490234375 39
1.4595947265625 40
1.5283203125 41
1.6767578125 42
1.69921875 43
1.705078125 44
1.708984375 45
1.7158203125 46
1.80712890625 47
1.8232421875 48
1.8515625 49
1.8564453125 50
1.91015625 51
1.916259765625 52
2.0068359375 53
2.06689453125 54
2.08203125 55
2.0869140625 56
2.1826171875 57
2.18359375 58
2.1962890625 59
2.208984375 60
2.26806640625 61
2.291259765625 62
2.30859375 63
2.338953733444214 64
2.431640625 65
2.4462890625 66
2.447265625 67
2.580322265625 68
2.654296875 69
2.82666015625 70
2.92919921875 71
3.0927734375 72
3.11083984375 73
3.11328125 74
3.183837890625 75
3.19384765625 76
3.29443359375 77
3.3056640625 78
3.357421875 79
3.364990234375 80
3.384765625 81
3.4149627685546875 82
3.4873046875 83
3.52362060546875 84
3.5673828125 85
3.60986328125 86
3.82958984375 87
3.875 88
4.0517578125 89
4.1962890625 90
4.27783203125 91
4.3056640625 92
4.619140625 93
4.62890625 94
4.8408203125 95
4.979248046875 96
5.03173828125 97
5.1484375 98
5.2001953125 99
5.203125 100
5.219482421875 101
5.2861328125 102
5.40673828125 103
5.4228515625 104
5.53515625 105
5.548828125 106
5.568359375 107
5.81640625 108
5.94140625 109
6.16015625 110
6.20068359375 111
6.255859375 112
6.294921875 113
6.4599609375 114
6.76123046875 115
6.767578125 116
6.7763671875 117
6.833984375 118
6.865234375 119
6.9375 120
7.2470703125 121
7.306640625 122
7.3515625 123
7.3642578125 124
7.43115234375 125
7.5234375 126
7.5341796875 127
7.64794921875 128
7.7744140625 129
7.9169921875 130
8.0849609375 131
8.5244140625 132
8.7412109375 133
8.7568359375 134
8.97314453125 135
9.0 136
9.0791015625 137
9.1083984375 138
9.677734375 139
9.7353515625 140
9.790283203125 141
11.0341796875 142
11.1396484375 143
11.2509765625 144
11.2724609375 145
11.61376953125 146
11.619140625 147
12.0439453125 148
12.11474609375 149
12.259765625 150
12.484375 151
12.59326171875 152
13.0185546875 153
13.3271484375 154
13.3779296875 155
14.1884765625 156
14.33203125 157
14.6126708984375 158
14.740081787109375 159
14.87890625 160
14.9541015625 161
15.2607421875 162
15.31787109375 163
15.4755859375 164
15.7421875 165
15.828125 166
16.16796875 167
16.265625 168
16.43798828125 169
16.443359375 170
16.69140625 171
16.7490234375 172
16.79541015625 173
16.84765625 174
16.8564453125 175
17.35888671875 176
17.51953125 177
17.53515625 178
17.6083984375 179
18.02490234375 180
18.087890625 181
18.2236328125 182
18.3310546875 183
18.58343505859375 184
18.630615234375 185
19.125 186
19.576171875 187
19.599609375 188
20.20703125 189
20.2861328125 190
20.664794921875 191
20.74853515625 192
21.22265625 193
21.309814453125 194
21.787109375 195
21.8046875 196
22.34521484375 197
22.39453125 198
22.40234375 199
22.48828125 200
23.0693359375 201
23.1923828125 202
23.20703125 203
24.314453125 204
24.412841796875 205
24.4345703125 206
24.6083984375 207
24.611328125 208
25.30810546875 209
26.00439453125 210
26.2606201171875 211
27.3681640625 212
28.546875 213
28.572265625 214
28.6015625 215
28.6591796875 216
29.181640625 217
29.21728515625 218
29.599609375 219
30.65234375 220
30.8155517578125 221
31.03173828125 222
31.15155029296875 223
31.72802734375 224
32.43017578125 225
32.50390625 226
32.67724609375 227
32.7958984375 228
32.80078125 229
33.7205810546875 230
34.060546875 231
34.23876953125 232
34.71875 233
35.07421875 234
35.16259765625 235
35.6982421875 236
35.7548828125 237
36.649169921875 238
37.1904296875 239
37.498046875 240
37.53759765625 241
37.58544921875 242
38.869140625 243
38.91357421875 244
40.21875 245
40.26806640625 246
40.291839599609375 247
40.44091796875 248
41.541015625 249
43.484375 250
44.123046875 251
44.9072265625 252
46.66015625 253
47.943359375 254
48.116943359375 255
48.267974853515625 256
48.3408203125 257
48.888427734375 258
49.20263671875 259
50.701171875 260
51.0546875 261
51.18798828125 262
51.275390625 263
53.93115234375 264
55.10888671875 265
57.3857421875 266
57.818359375 267
60.7060546875 268
60.72607421875 269
60.7294921875 270
62.6328125 271
63.2314453125 272
63.322265625 273
63.533203125 274
64.0673828125 275
68.61328125 276
70.32470703125 277
71.089111328125 278
71.6357421875 279
72.244140625 280
72.3106689453125 281
73.87109375 282
73.87109375 283
74.2177734375 284
75.84375 285
78.26708984375 286
80.3199462890625 287
80.638671875 288
84.705078125 289
87.75341796875 290
88.3701171875 291
88.59521484375 292
88.6632080078125 293
92.79931640625 294
93.3095703125 295
95.29114532470703 296
95.80615234375 297
96.039794921875 298
98.3912353515625 299
99.537841796875 300
100.234375 301
101.755859375 302
101.784912109375 303
102.2529296875 304
102.46240234375 305
104.0185546875 306
111.81591796875 307
124.828125 308
126.82958984375 309
128.03515625 310
144.0234375 311
147.0830078125 312
150.8212890625 313
162.236572265625 314
165.130859375 315
172.1728515625 316
177.5693359375 317
182.0126953125 318
206.7490234375 319
233.267578125 320
272.916259765625 321
288.6923828125 322
