0.1827392578125 1
0.244140625 2
0.244140625 3
0.263671875 4
0.271484375 5
0.28125 6
0.294921875 7
0.29931640625 8
0.30712890625 9
0.38671875 10
0.3876953125 11
0.4130859375 12
0.4384765625 13
0.52880859375 14
0.53564453125 15
0.569000244140625 16
0.7021484375 17
0.7119140625 18
0.7310791015625 19
0.751953125 20
0.78173828125 21
0.8193359375 22
0.86328125 23
0.86376953125 24
0.90234375 25
0.953125 26
0.9931640625 27
1.20947265625 28
1.2330322265625 29
1.2490234375 30
1.4595947265625 31
1.5283203125 32
1.6767578125 33
1.8515625 34
1.91015625 35
1.916259765625 36
2.0068359375 37
2.08203125 38
2.0869140625 39
2.18359375 40
2.26806640625 41
2.291259765625 42
2.30859375 43
2.338953733444214 44
2.4462890625 45
2.447265625 46
2.654296875 47
2.82666015625 48
2.92919921875 49
3.0927734375 50
3.11083984375 51
3.183837890625 52
3.29443359375 53
3.357421875 54
3.364990234375 55
3.384765625 56
3.4873046875 57
3.52362060546875 58
3.5673828125 59
3.60986328125 60
3.82958984375 61
3.875 62
4.0517578125 63
4.1962890625 64
4.27783203125 65
4.62890625 66
4.8408203125 67
5.03173828125 68
5.1484375 69
5.203125 70
5.2861328125 71
5.40673828125 72
5.4228515625 73
5.53515625 74
5.548828125 75
5.568359375 76
5.81640625 77
5.94140625 78
6.16015625 79
6.255859375 80
6.294921875 81
6.4599609375 82
6.767578125 83
6.833984375 84
7.2470703125 85
7.306640625 86
7.3642578125 87
7.43115234375 88
7.64794921875 89
7.7744140625 90
7.9169921875 91
8.5244140625 92
8.7412109375 93
8.97314453125 94
9.1083984375 95
9.677734375 96
11.0341796875 97
11.1396484375 98
11.61376953125 99
11.619140625 100
12.0439453125 101
12.259765625 102
12.484375 103
13.0185546875 104
14.33203125 105
14.6126708984375 106
15.2607421875 107
16.16796875 108
16.69140625 109
17.53515625 110
17.6083984375 111
18.087890625 112
18.2236328125 113
18.58343505859375 114
18.630615234375 115
19.576171875 116
22.39453125 117
22.48828125 118
23.20703125 119
24.314453125 120
24.412841796875 121
24.6083984375 122
27.3681640625 123
28.546875 124
28.572265625 125
28.6591796875 126
29.21728515625 127
31.03173828125 128
31.15155029296875 129
32.50390625 130
34.060546875 131
35.07421875 132
35.16259765625 133
35.6982421875 134
35.7548828125 135
36.649169921875 136
37.58544921875 137
40.26806640625 138
41.541015625 139
44.123046875 140
44.9072265625 141
47.943359375 142
48.3408203125 143
53.93115234375 144
55.10888671875 145
73.87109375 146
73.87109375 147
80.3199462890625 148
96.039794921875 149
101.755859375 150
102.46240234375 151
124.828125 152
150.8212890625 153
162.236572265625 154
165.130859375 155
177.5693359375 156
