0.197265625 1
0.259765625 2
0.2685546875 3
0.280517578125 4
0.2890625 5
0.32470703125 6
0.427734375 7
0.5771484375 8
0.751708984375 9
1.69921875 10
1.705078125 11
1.708984375 12
1.7158203125 13
1.80712890625 14
1.8232421875 15
1.8564453125 16
2.06689453125 17
2.1826171875 18
2.1962890625 19
2.208984375 20
2.431640625 21
2.580322265625 22
3.11328125 23
3.19384765625 24
3.3056640625 25
3.4149627685546875 26
4.3056640625 27
4.619140625 28
4.979248046875 29
5.2001953125 30
5.219482421875 31
6.20068359375 32
6.76123046875 33
6.7763671875 34
6.865234375 35
6.9375 36
7.3515625 37
7.5234375 38
7.5341796875 39
8.0849609375 40
8.7568359375 41
9.0 42
9.0791015625 43
9.7353515625 44
9.790283203125 45
11.2509765625 46
11.2724609375 47
12.11474609375 48
12.59326171875 49
13.3271484375 50
13.3779296875 51
14.1884765625 52
14.740081787109375 53
14.87890625 54
14.9541015625 55
15.31787109375 56
15.4755859375 57
15.7421875 58
15.828125 59
16.265625 60
16.43798828125 61
16.443359375 62
16.7490234375 63
16.79541015625 64
16.84765625 65
16.8564453125 66
17.35888671875 67
17.51953125 68
18.02490234375 69
18.3310546875 70
19.125 71
19.599609375 72
20.20703125 73
20.2861328125 74
20.664794921875 75
20.74853515625 76
21.22265625 77
21.309814453125 78
21.787109375 79
21.8046875 80
22.34521484375 81
22.40234375 82
23.0693359375 83
23.1923828125 84
24.4345703125 85
24.611328125 86
25.30810546875 87
26.00439453125 88
26.2606201171875 89
28.6015625 90
29.181640625 91
29.599609375 92
30.65234375 93
30.8155517578125 94
31.72802734375 95
32.43017578125 96
32.67724609375 97
32.7958984375 98
32.80078125 99
33.7205810546875 100
34.23876953125 101
34.71875 102
37.1904296875 103
37.498046875 104
37.53759765625 105
38.869140625 106
38.91357421875 107
40.21875 108
40.291839599609375 109
40.44091796875 110
43.484375 111
46.66015625 112
48.116943359375 113
48.267974853515625 114
48.888427734375 115
49.20263671875 116
50.701171875 117
51.0546875 118
51.18798828125 119
51.275390625 120
57.3857421875 121
57.818359375 122
60.7060546875 123
60.72607421875 124
60.7294921875 125
62.6328125 126
63.2314453125 127
63.322265625 128
63.533203125 129
64.0673828125 130
68.61328125 131
70.32470703125 132
71.089111328125 133
71.6357421875 134
72.244140625 135
72.3106689453125 136
74.2177734375 137
75.84375 138
78.26708984375 139
80.638671875 140
84.705078125 141
87.75341796875 142
88.3701171875 143
88.59521484375 144
88.6632080078125 145
92.79931640625 146
93.3095703125 147
95.29114532470703 148
95.80615234375 149
98.3912353515625 150
99.537841796875 151
100.234375 152
101.784912109375 153
102.2529296875 154
104.0185546875 155
111.81591796875 156
126.82958984375 157
128.03515625 158
144.0234375 159
147.0830078125 160
172.1728515625 161
182.0126953125 162
206.7490234375 163
233.267578125 164
272.916259765625 165
288.6923828125 166
