0.27001953125 1
0.27490234375 2
0.279296875 3
0.35546875 4
0.3623046875 5
0.4228515625 6
0.44873046875 7
0.470703125 8
0.49951171875 9
0.564453125 10
0.570281982421875 11
0.58056640625 12
0.6142578125 13
0.7255859375 14
0.748046875 15
0.7841796875 16
0.79150390625 17
0.8310546875 18
1.0654296875 19
1.080810546875 20
1.15087890625 21
1.1923828125 22
1.2412109375 23
1.273681640625 24
1.29296875 25
1.421875 26
1.53662109375 27
1.54150390625 28
1.6259765625 29
1.6629638671875 30
1.6732177734375 31
1.6826171875 32
1.689453125 33
1.703125 34
1.712890625 35
1.71875 36
1.740234375 37
1.78515625 38
1.8115234375 39
1.8408203125 40
1.845703125 41
1.885498046875 42
1.9599609375 43
1.9912109375 44
2.1232693195343018 45
2.18212890625 46
2.18408203125 47
2.189453125 48
2.1904296875 49
2.19677734375 50
2.2060546875 51
2.20654296875 52
2.2080078125 53
2.2802734375 54
2.38671875 55
2.42578125 56
2.4365234375 57
2.50439453125 58
2.509765625 59
2.517578125 60
2.62451171875 61
2.654296875 62
2.6953125 63
2.697265625 64
2.744140625 65
2.74951171875 66
2.9072265625 67
2.9248046875 68
2.96435546875 69
3.03857421875 70
3.0419921875 71
3.0625 72
3.1650390625 73
3.167236328125 74
3.21044921875 75
3.2698440551757813 76
3.30859375 77
3.423828125 78
3.486328125 79
3.7177734375 80
3.724609375 81
3.745361328125 82
3.77587890625 83
3.887603759765625 84
4.236328125 85
4.3955078125 86
4.458984375 87
4.53857421875 88
4.55712890625 89
4.6123046875 90
4.677734375 91
4.685546875 92
4.84765625 93
4.91796875 94
5.02490234375 95
5.0283203125 96
5.08251953125 97
5.115966796875 98
5.139404296875 99
5.17529296875 100
5.205078125 101
5.279296875 102
5.293701171875 103
5.33544921875 104
5.40234375 105
5.46484375 106
5.5634765625 107
5.615234375 108
5.712890625 109
5.9833984375 110
6.103546142578125 111
6.1904296875 112
6.2861328125 113
6.296875 114
6.6513671875 115
6.87353515625 116
6.896484375 117
6.9599609375 118
7.1201171875 119
7.337890625 120
7.6171875 121
7.765625 122
7.765625 123
7.9140625 124
8.048828125 125
8.1865234375 126
8.2685546875 127
8.3486328125 128
8.3623046875 129
8.458984375 130
8.4599609375 131
8.8330078125 132
8.9130859375 133
8.98828125 134
9.00048828125 135
9.05078125 136
9.138671875 137
9.1414794921875 138
9.15234375 139
9.330078125 140
9.4556884765625 141
10.28515625 142
10.3544921875 143
10.4365234375 144
10.48779296875 145
10.7470703125 146
10.8564453125 147
10.861328125 148
10.88671875 149
10.89453125 150
11.0595703125 151
11.091796875 152
11.16015625 153
11.25390625 154
11.498046875 155
11.5380859375 156
11.5634765625 157
11.744140625 158
12.2138671875 159
12.408203125 160
12.607421875 161
12.630859375 162
12.8818359375 163
13.00390625 164
13.3955078125 165
13.4072265625 166
13.416015625 167
13.41796875 168
13.49072265625 169
13.66943359375 170
13.69970703125 171
13.750946044921875 172
14.0068359375 173
14.025390625 174
14.1015625 175
14.223388671875 176
14.34228515625 177
14.47998046875 178
14.748046875 179
14.8544921875 180
14.9609375 181
15.40478515625 182
15.47265625 183
15.49755859375 184
15.757080078125 185
15.94775390625 186
16.44921875 187
16.453125 188
16.5302734375 189
16.9171142578125 190
18.26171875 191
18.419921875 192
18.544921875 193
18.666015625 194
18.765625 195
18.76953125 196
19.40869140625 197
19.744140625 198
19.75537109375 199
19.916015625 200
20.7822265625 201
20.8935546875 202
21.29296875 203
21.3701171875 204
21.8790283203125 205
21.912109375 206
22.169921875 207
22.7216796875 208
23.723876953125 209
23.943359375 210
24.19580078125 211
24.462890625 212
24.53857421875 213
24.628662109375 214
24.8505859375 215
25.5009765625 216
25.966552734375 217
26.12939453125 218
26.330078125 219
26.8828125 220
28.0498046875 221
28.12109375 222
28.140625 223
28.330078125 224
28.794921875 225
28.91162109375 226
28.9970703125 227
29.0205078125 228
29.298828125 229
29.31689453125 230
29.3271484375 231
29.84765625 232
29.861328125 233
29.9644775390625 234
30.06640625 235
30.26025390625 236
30.3203125 237
31.15576171875 238
31.34716796875 239
32.059356689453125 240
32.4365234375 241
32.9736328125 242
33.640625 243
33.7626953125 244
33.8544921875 245
34.30322265625 246
34.525390625 247
34.572265625 248
34.6201171875 249
35.17431640625 250
35.29931640625 251
35.564453125 252
35.958984375 253
36.93359375 254
37.509765625 255
39.285003662109375 256
39.718505859375 257
40.2890625 258
40.70703125 259
41.2314453125 260
41.238525390625 261
42.068359375 262
42.48046875 263
43.51171875 264
46.0341796875 265
46.837890625 266
47.67724609375 267
48.6357421875 268
49.5185546875 269
52.5244140625 270
53.791015625 271
54.05126953125 272
54.8154296875 273
55.5625 274
55.7646484375 275
56.55419921875 276
58.8095703125 277
61.163818359375 278
62.470703125 279
64.13330078125 280
68.7216796875 281
69.37890625 282
70.2666015625 283
70.755859375 284
70.946044921875 285
76.884765625 286
79.23046875 287
80.5693359375 288
81.22998046875 289
84.316650390625 290
84.849609375 291
84.95947265625 292
85.376953125 293
86.69140625 294
87.73974609375 295
89.400390625 296
93.0302734375 297
95.3076171875 298
96.6943359375 299
97.76953125 300
103.95849609375 301
106.36083984375 302
108.8413314819336 303
109.9013671875 304
111.0751953125 305
126.58984375 306
127.50146484375 307
141.0498046875 308
153.1962890625 309
198.765625 310
209.7958984375 311
222.8095703125 312
236.8564453125 313
239.400146484375 314
257.2742919921875 315
269.20849609375 316
293.7158203125 317
