0.27001953125 1
0.27490234375 2
0.279296875 3
0.35546875 4
0.3623046875 5
0.4228515625 6
0.44873046875 7
0.470703125 8
0.49951171875 9
0.564453125 10
0.570281982421875 11
0.58056640625 12
0.6142578125 13
0.7255859375 14
0.748046875 15
0.7841796875 16
0.79150390625 17
0.8310546875 18
1.0654296875 19
1.080810546875 20
1.15087890625 21
1.1923828125 22
1.2412109375 23
1.273681640625 24
1.29296875 25
1.421875 26
1.53662109375 27
1.54150390625 28
1.6259765625 29
1.6629638671875 30
1.6732177734375 31
1.78515625 32
1.8115234375 33
1.8408203125 34
1.845703125 35
1.885498046875 36
1.9912109375 37
2.1232693195343018 38
2.18408203125 39
2.1904296875 40
2.20654296875 41
2.2802734375 42
2.38671875 43
2.42578125 44
2.4365234375 45
2.50439453125 46
2.509765625 47
2.517578125 48
2.62451171875 49
2.654296875 50
2.744140625 51
2.74951171875 52
2.9248046875 53
2.96435546875 54
3.03857421875 55
3.0419921875 56
3.0625 57
3.1650390625 58
3.167236328125 59
3.423828125 60
3.486328125 61
3.7177734375 62
3.724609375 63
3.745361328125 64
3.77587890625 65
3.887603759765625 66
4.236328125 67
4.6123046875 68
4.677734375 69
4.84765625 70
4.91796875 71
5.02490234375 72
5.0283203125 73
5.08251953125 74
5.139404296875 75
5.17529296875 76
5.205078125 77
5.279296875 78
5.293701171875 79
5.40234375 80
5.46484375 81
5.5634765625 82
5.9833984375 83
6.1904296875 84
6.296875 85
7.1201171875 86
7.337890625 87
7.6171875 88
7.765625 89
8.048828125 90
8.458984375 91
8.8330078125 92
8.9130859375 93
9.05078125 94
9.138671875 95
9.1414794921875 96
9.15234375 97
9.4556884765625 98
10.7470703125 99
10.8564453125 100
10.861328125 101
10.88671875 102
11.25390625 103
11.5380859375 104
11.744140625 105
12.408203125 106
12.630859375 107
12.8818359375 108
13.00390625 109
13.750946044921875 110
14.223388671875 111
15.47265625 112
16.44921875 113
16.453125 114
18.419921875 115
18.544921875 116
19.40869140625 117
19.744140625 118
21.29296875 119
21.3701171875 120
21.8790283203125 121
21.912109375 122
22.7216796875 123
23.943359375 124
25.5009765625 125
26.8828125 126
28.0498046875 127
28.12109375 128
28.140625 129
28.91162109375 130
29.84765625 131
30.3203125 132
31.15576171875 133
34.525390625 134
34.572265625 135
34.6201171875 136
35.17431640625 137
35.29931640625 138
35.564453125 139
35.958984375 140
37.509765625 141
40.70703125 142
41.238525390625 143
42.068359375 144
42.48046875 145
46.0341796875 146
48.6357421875 147
53.791015625 148
58.8095703125 149
69.37890625 150
76.884765625 151
81.22998046875 152
106.36083984375 153
109.9013671875 154
127.50146484375 155
198.765625 156
209.7958984375 157
239.400146484375 158
