1.6826171875 1
1.689453125 2
1.703125 3
1.712890625 4
1.71875 5
1.740234375 6
1.9599609375 7
2.18212890625 8
2.189453125 9
2.19677734375 10
2.2060546875 11
2.2080078125 12
2.6953125 13
2.697265625 14
2.9072265625 15
3.21044921875 16
3.2698440551757813 17
3.30859375 18
4.3955078125 19
4.458984375 20
4.53857421875 21
4.55712890625 22
4.685546875 23
5.115966796875 24
5.33544921875 25
5.615234375 26
5.712890625 27
6.103546142578125 28
6.2861328125 29
6.6513671875 30
6.87353515625 31
6.896484375 32
6.9599609375 33
7.765625 34
7.9140625 35
8.1865234375 36
8.2685546875 37
8.3486328125 38
8.3623046875 39
8.4599609375 40
8.98828125 41
9.00048828125 42
9.330078125 43
10.28515625 44
10.3544921875 45
10.4365234375 46
10.48779296875 47
10.89453125 48
11.0595703125 49
11.091796875 50
11.16015625 51
11.498046875 52
11.5634765625 53
12.2138671875 54
12.607421875 55
13.3955078125 56
13.4072265625 57
13.416015625 58
13.41796875 59
13.49072265625 60
13.66943359375 61
13.69970703125 62
14.0068359375 63
14.025390625 64
14.1015625 65
14.34228515625 66
14.47998046875 67
14.748046875 68
14.8544921875 69
14.9609375 70
15.40478515625 71
15.49755859375 72
15.757080078125 73
15.94775390625 74
16.5302734375 75
16.9171142578125 76
18.26171875 77
18.666015625 78
18.765625 79
18.76953125 80
19.75537109375 81
19.916015625 82
20.7822265625 83
20.8935546875 84
22.169921875 85
23.723876953125 86
24.19580078125 87
24.462890625 88
24.53857421875 89
24.628662109375 90
24.8505859375 91
25.966552734375 92
26.12939453125 93
26.330078125 94
28.330078125 95
28.794921875 96
28.9970703125 97
29.0205078125 98
29.298828125 99
29.31689453125 100
29.3271484375 101
29.861328125 102
29.9644775390625 103
30.06640625 104
30.26025390625 105
31.34716796875 106
32.059356689453125 107
32.4365234375 108
32.9736328125 109
33.640625 110
33.7626953125 111
33.8544921875 112
34.30322265625 113
36.93359375 114
39.285003662109375 115
39.718505859375 116
40.2890625 117
41.2314453125 118
43.51171875 119
46.837890625 120
47.67724609375 121
49.5185546875 122
52.5244140625 123
54.05126953125 124
54.8154296875 125
55.5625 126
55.7646484375 127
56.55419921875 128
61.163818359375 129
62.470703125 130
64.13330078125 131
68.7216796875 132
70.2666015625 133
70.755859375 134
70.946044921875 135
79.23046875 136
80.5693359375 137
84.316650390625 138
84.849609375 139
84.95947265625 140
85.376953125 141
86.69140625 142
87.73974609375 143
89.400390625 144
93.0302734375 145
95.3076171875 146
96.6943359375 147
97.76953125 148
103.95849609375 149
108.8413314819336 150
111.0751953125 151
126.58984375 152
141.0498046875 153
153.1962890625 154
222.8095703125 155
236.8564453125 156
257.2742919921875 157
269.20849609375 158
293.7158203125 159
