1.044311285018921 1
1.3488811254501343 2
1.372154951095581 3
1.8909037113189697 4
1.9386487007141113 5
1.972288966178894 6
1.9785560369491577 7
2.0746617317199707 8
2.110907554626465 9
2.280634641647339 10
2.2857930660247803 11
2.443772792816162 12
2.494656801223755 13
2.5002899169921875 14
2.509042978286743 15
2.6540119647979736 16
2.7827208042144775 17
2.823488235473633 18
2.8752083778381348 19
2.9147162437438965 20
3.0079965591430664 21
3.1481878757476807 22
3.2627835273742676 23
3.2745940685272217 24
3.316274404525757 25
3.353771924972534 26
3.395198106765747 27
3.406892776489258 28
3.6504530906677246 29
3.8025453090667725 30
4.29556131362915 31
4.531621932983398 32
4.772355556488037 33
5.421701908111572 34
5.482288837432861 35
6.110833168029785 36
6.456495761871338 37
6.589950084686279 38
6.655934810638428 39
6.836813926696777 40
7.279850959777832 41
7.754642009735107 42
7.791854381561279 43
8.251115798950195 44
8.511879920959473 45
8.571630477905273 46
8.73526668548584 47
8.847229957580566 48
8.947749137878418 49
9.115132331848145 50
9.269054412841797 51
9.8045072555542 52
10.103978157043457 53
10.162771224975586 54
10.594987869262695 55
10.642522811889648 56
11.442517280578613 57
11.459650993347168 58
11.506951332092285 59
11.629271507263184 60
11.702013969421387 61
11.785527229309082 62
11.887828826904297 63
12.068954467773438 64
12.75975227355957 65
12.787954330444336 66
12.94802474975586 67
13.814773559570313 68
14.31356430053711 69
14.507570266723633 70
15.075359344482422 71
15.490678787231445 72
15.536361694335938 73
15.770210266113281 74
16.326433181762695 75
16.576705932617188 76
16.972970962524414 77
16.982772827148438 78
17.372661590576172 79
17.498804092407227 80
17.703319549560547 81
17.97024154663086 82
18.045557022094727 83
18.9506778717041 84
19.32677459716797 85
19.53153419494629 86
20.3206787109375 87
20.43333625793457 88
20.511341094970703 89
21.2089786529541 90
21.98752784729004 91
22.21381378173828 92
23.067516326904297 93
23.135780334472656 94
23.157312393188477 95
23.24493980407715 96
24.421770095825195 97
25.00513458251953 98
25.375593185424805 99
26.331850051879883 100
26.616363525390625 101
26.73373031616211 102
27.89775276184082 103
27.98480224609375 104
28.023530960083008 105
29.14863395690918 106
30.303030014038086 107
30.864032745361328 108
31.342592239379883 109
31.379451751708984 110
31.604341506958008 111
31.906970977783203 112
31.966033935546875 113
32.160648345947266 114
32.321170806884766 115
33.864192962646484 116
33.912845611572266 117
33.97603225708008 118
34.11868667602539 119
34.27852249145508 120
34.529136657714844 121
34.540592193603516 122
34.92762756347656 123
35.00316619873047 124
35.466678619384766 125
35.90203094482422 126
36.071266174316406 127
36.31879806518555 128
36.457427978515625 129
38.189273834228516 130
38.30521774291992 131
38.3397216796875 132
38.58799362182617 133
38.87804412841797 134
39.116676330566406 135
40.35604476928711 136
40.361759185791016 137
40.54259490966797 138
41.331443786621094 139
42.01844787597656 140
42.24235153198242 141
42.45547103881836 142
43.316776275634766 143
45.09136199951172 144
45.52437210083008 145
46.644325256347656 146
50.32541275024414 147
51.33851623535156 148
51.92825698852539 149
52.0504264831543 150
52.05116653442383 151
53.025814056396484 152
53.497886657714844 153
53.63089370727539 154
54.99742889404297 155
56.83449172973633 156
58.78498458862305 157
59.340206146240234 158
61.6386604309082 159
63.00730514526367 160
63.19498825073242 161
64.19602966308594 162
64.55972290039063 163
64.86293029785156 164
65.2369613647461 165
65.44926452636719 166
65.53302764892578 167
66.28781127929688 168
68.8026123046875 169
69.35091400146484 170
70.03313446044922 171
70.48677062988281 172
70.58905029296875 173
71.19512176513672 174
71.42236328125 175
73.53312683105469 176
73.995849609375 177
75.7937240600586 178
77.93976593017578 179
81.52748107910156 180
82.76504516601563 181
82.98521423339844 182
85.25242614746094 183
86.45266723632813 184
87.32160949707031 185
87.72016143798828 186
88.6556625366211 187
91.0701904296875 188
91.13123321533203 189
96.35713958740234 190
97.12855529785156 191
97.24982452392578 192
97.33148956298828 193
98.6474380493164 194
99.60482025146484 195
100.21971130371094 196
101.65254974365234 197
105.01203155517578 198
107.16544342041016 199
108.35445404052734 200
109.98038482666016 201
110.5403060913086 202
117.67693328857422 203
120.35054779052734 204
121.33767700195313 205
125.96510314941406 206
131.4975128173828 207
139.5453338623047 208
141.92640686035156 209
143.07618713378906 210
143.5229949951172 211
143.81146240234375 212
147.31578063964844 213
153.6222686767578 214
154.40927124023438 215
155.7186279296875 216
155.8424072265625 217
160.81985473632813 218
161.93173217773438 219
162.83872985839844 220
166.21728515625 221
166.5613250732422 222
173.74339294433594 223
175.03440856933594 224
178.01991271972656 225
178.36790466308594 226
179.1593475341797 227
181.1302032470703 228
182.35630798339844 229
183.00563049316406 230
183.5254669189453 231
185.9779052734375 232
188.19265747070313 233
189.76788330078125 234
190.33042907714844 235
194.8623809814453 236
198.34449768066406 237
199.3641357421875 238
204.49388122558594 239
219.68833923339844 240
226.9634552001953 241
229.38011169433594 242
240.49716186523438 243
243.31643676757813 244
249.6156768798828 245
251.5911865234375 246
252.4333038330078 247
253.04273986816406 248
253.59291076660156 249
262.7813720703125 250
270.9764709472656 251
285.65106201171875 252
301.8884582519531 253
307.9405517578125 254
331.9535217285156 255
334.19091796875 256
353.93377685546875 257
354.4910583496094 258
359.83721923828125 259
361.86126708984375 260
363.5230712890625 261
365.7294616699219 262
380.9139404296875 263
397.7406311035156 264
413.05657958984375 265
413.0906982421875 266
417.3575744628906 267
419.2509765625 268
444.4595642089844 269
449.5867004394531 270
471.8654479980469 271
490.16265869140625 272
495.5133056640625 273
497.4959716796875 274
533.2687377929688 275
565.4149169921875 276
569.00732421875 277
587.3489990234375 278
643.7716064453125 279
656.6563110351563 280
712.8184814453125 281
714.2640991210938 282
718.3380737304688 283
724.009521484375 284
749.466552734375 285
796.3805541992188 286
801.5714111328125 287
819.2077026367188 288
856.6199951171875 289
862.223876953125 290
872.3704833984375 291
876.3848266601563 292
883.7412719726563 293
893.860107421875 294
897.5516967773438 295
927.7991333007813 296
940.1005249023438 297
1018.6769409179688 298
1054.5706787109375 299
1085.9493408203125 300
1096.968505859375 301
1138.8363037109375 302
1156.6712646484375 303
1156.8365478515625 304
1214.986572265625 305
1378.2216796875 306
1635.296875 307
1696.44677734375 308
1886.6959228515625 309
1895.106689453125 310
2156.61279296875 311
2174.943603515625 312
2311.52001953125 313
2327.383544921875 314
2359.84814453125 315
2447.099853515625 316
2764.24365234375 317
2858.79833984375 318
3514.55908203125 319
3686.252197265625 320
3701.37646484375 321
3842.62890625 322
4030.192626953125 323
4686.60498046875 324
4704.888671875 325
4942.9970703125 326
5287.888671875 327
6272.0849609375 328
6456.24072265625 329
6677.939453125 330
6820.55126953125 331
7049.48974609375 332
