3.7762107849121094 1
5.154771327972412 2
12.013200759887695 3
12.320895195007324 4
23.13656997680664 5
23.968246459960938 6
25.50509262084961 7
26.2847900390625 8
28.075637817382813 9
29.959226608276367 10
51.22080612182617 11
92.87503814697266 12
111.5430908203125 13
123.4888916015625 14
128.76327514648438 15
149.30694580078125 16
158.89051818847656 17
164.8038787841797 18
206.50485229492188 19
298.1096496582031 20
378.66802978515625 21
474.734619140625 22
790.131591796875 23
790.2752685546875 24
5415.5830078125 25
