0.000
372.720
761.510
1167.600
1332.470
1468.560
1532.010
1569.040
1595.440
1618.650
1623.840
1620.360
1632.060
1627.910
1725.100
1806.570
1861.190
1901.650
1911.130
1940.310
1927.770
1920.840
1932.910
1950.040
1961.530
1959.860
1967.840
1976.550
1986.690
1979.870
1969.330
1978.030
1983.380
1973.220
1973.480
1978.350
1985.220
1994.190
2002.480
1983.730
1967.250
1966.950
1961.500
1954.800
1953.530
1964.270
1958.440
1964.030
1964.800
1967.510
1964.390
1959.430
1956.210
1953.300
1956.160
1951.880
1952.380
1948.970
1910.700
1918.980
1923.370
1922.750
1931.460
1920.570
1920.500
1920.780
1920.640
1916.590
1921.790
1920.620
1903.800
1907.750
1916.280
1915.630
1910.290
1893.140
1888.650
1886.500
1891.840
1889.140
1874.200
1862.940
1868.290
1872.920
1864.520
1874.920
1873.860
1874.200
1870.820
1871.400
1875.130
1873.960
1873.310
1874.090
1857.960
1868.020
1866.600
1865.800
1869.770
1865.520
1868.370
1870.340
1868.710
1868.730
1870.260
1869.690
1874.180
1875.600
1861.340
1864.440
1845.500
1844.920
1832.140
1820.620
1825.550
1822.510
1823.550
1819.350
1820.650
1818.930
1808.050
1814.910
1817.390
1813.730
1819.820
1826.610
1822.330
1811.370
1819.080
1817.810
1825.000
1810.660
1791.690
1791.410
1796.800
1799.460
1800.490
1797.450
1791.820
1795.660
1795.520
1781.010
1779.370
1778.360
1779.840
1776.500
1776.630
1776.230
1780.480
1775.120
1768.910
1769.290
1767.380
1773.210
1771.850
1773.420
1766.850
1773.850
1777.440
1762.400
1761.010
1765.290
1758.610
1761.870
1763.680
1754.690
1759.830
1757.080
1761.070
1762.330
1766.290
1763.380
1761.750
1765.520
1763.670
1747.840
1752.020
1751.930
1753.970
1754.610
1738.620
1746.700
1747.650
1744.920
1744.410
1748.510
1749.410
1750.240
1749.280
1753.160
1751.930
1747.830
1738.370
1746.150
1754.900
1757.120
1755.810
1758.800
1758.560
1754.740
1761.760
1763.840
1766.900
1767.160
1773.170
1775.570
1776.020
1775.010
1784.630
1791.690
1793.860
1797.530
1800.130
1800.680
1801.550
1803.350
1799.500
1803.500
1798.290
1801.730
1806.010
1810.050
1809.970
1809.330
1805.140
1804.340
1805.520
1805.820
1812.900
1817.690
1819.180
1820.230
1815.610
1818.100
1819.130
1817.140
1818.370
1817.040
1820.370
1820.160
1823.750
1822.830
1824.650
1824.820
1825.380
1826.670
1822.900
1825.740
1825.950
1828.210
1828.430
1831.930
1828.160
1830.790
1836.370
1830.630
1832.330
1831.840
1830.830
1831.150
1831.130
1832.470
1832.980
1833.830
1832.040
1822.460
1827.900
1830.080
1837.590
1836.470
1835.650
1837.000
1827.010
1830.890
1838.880
1838.120
1837.440
1838.140
1839.060
1840.040
1840.640
1837.740
1839.060
1838.010
1838.640
1840.890
1840.910
1838.850
1837.220
1836.510
1838.990
1820.870
1797.430
1799.560
1803.630
1805.340
1804.500
1806.880
1805.190
1791.820
1791.870
1794.670
1796.290
1798.990
1799.160
1798.140
1795.920
1795.440
1793.760
1787.320
1789.170
1787.910
1785.040
1784.030
1790.500
1793.780
1788.720
1770.630
1726.480
1735.020
1735.630
1732.140
1739.310
1740.610
1740.130
1737.910
1741.910
1740.940
1740.040
1741.120
1739.340
1740.380
1707.660
1712.970
1714.470
1720.610
1687.230
1691.790
1667.670
1669.690
1666.210
1666.200
1666.070
1670.260
1676.050
1676.910
1681.560
1684.810
1689.480
1690.250
1691.320
1690.330
1690.390
1690.930
1690.560
1688.700
1693.470
1689.070
1690.010
1693.440
1694.060
1692.820
1687.790
1688.920
1689.730
1690.370
1687.240
1687.570
1682.560
1689.060
1684.810
1683.750
1684.150
1687.980
1688.230
1684.890
1687.340
1683.030
1683.680
1685.460
1688.290
1687.940
1692.670
1687.560
1693.190
1695.450
1697.560
1695.450
1696.370
1699.560
1696.610
1699.710
1701.550
1702.420
1698.490
1698.750
1698.410
1697.240
1698.240
1697.560
1697.140
1701.330
1695.890
1699.810
1699.510
1697.550
1693.820
1698.630
1701.100
1701.850
1704.230
1700.870
1699.730
1700.060
1698.860
1699.440
1701.440
1706.840
1704.200
1700.760
1700.440
1700.200
1703.750
1704.850
1705.810
1707.780
1704.070
1706.120
1703.870
1704.570
1703.910
1704.200
1706.100
1706.480
1704.400
1706.060
1706.640
1691.380
1689.830
1693.610
1695.590
1698.440
1698.110
1700.370
1701.180
1701.930
1700.740
1704.660
1705.340
1704.690
1670.780
1674.400
1670.880
1673.790
1676.680
1678.260
1680.580
1684.400
1679.260
1681.380
1681.910
1677.890
1676.220
1676.310
1677.100
1676.450
1676.970
1678.050
1679.810
1677.720
1678.390
1682.240
1658.710
1661.390
1666.380
1662.610
1667.940
1667.240
1671.470
1674.320
1676.600
1673.510
1676.050
1675.790
1672.470
1672.590
1674.220
1675.840
1674.900
1678.130
1674.780
1675.750
1675.230
1676.400
1676.870
1677.580
1675.350
1674.850
1674.860
1673.860
1678.250
1678.610
1681.510
1679.700
1680.220
1678.190
1681.300
1682.470
1680.530
1682.040
1676.960
1679.560
1679.000
1678.290
1683.580
1683.120
1683.320
1684.500
1680.970
1681.730
1680.820
1681.440
1685.630
1669.610
1669.410
1668.780
1671.050
1672.940
1672.560
1674.670
1675.300
1677.310
1674.740
1674.950
1676.650
1674.340
1676.060
1678.280
1675.160
1641.670
1643.120
1646.090
1641.960
1642.200
1643.360
1645.990
1645.610
1646.010
1648.490
1646.510
1646.980
1645.240
1630.630
1634.070
1634.430
1635.300
1636.470
1639.470
1613.890
1619.500
1619.050
1621.100
1620.480
1621.620
1622.060
1620.590
1623.540
1621.670
1622.460
1623.400
1627.930
1626.780
1629.060
1627.300
1627.010
1627.010
1626.720
1628.470
1630.470
1632.130
1631.280
1632.410
1630.450
1630.560
1630.150
1630.170
1608.900
1610.300
1610.550
1610.270
1612.420
1611.570
1610.490
1612.460
1610.310
1613.520
1614.150
1614.460
1613.180
1612.020
1613.250
1615.510
1615.800
1620.170
1621.290
1623.410
1620.370
1623.290
1622.520
1622.510
1623.470
1624.120
1626.350
1621.540
1621.120
1619.590
1621.010
1623.340
1622.370
1621.200
1622.000
1624.430
1622.820
1624.790
1627.910
1632.310
1634.460
1636.440
1637.650
1637.890
1638.410
1640.730
1641.850
1640.160
1640.150
1641.500
1639.920
1642.910
1643.410
1642.460
1642.280
1639.490
1639.960
1642.550
1641.170
1643.370
1646.130
1644.570
1643.090
1646.410
1648.310
1646.280
1648.180
1645.120
1628.660
1629.790
1631.930
1634.920
1634.370
1634.170
1636.950
1635.660
1635.990
1635.090
1632.080
1635.920
1633.340
1636.030
1636.410
1637.110
1636.180
1633.050
1636.110
1636.730
1635.580
1637.720
1639.740
1637.720
1613.960
1612.260
1612.580
1613.950
1617.680
1617.380
1616.390
1615.210
1616.960
1618.160
1616.970
1618.710
1618.810
1617.860
1620.790
1620.090
1621.160
1619.370
1621.970
1619.730
1620.020
1620.380
1620.900
1620.930
1621.810
1621.100
1622.020
1621.160
1621.490
1619.760
1620.670
1620.820
1621.790
1619.150
1622.050
1621.320
1620.170
1621.860
1623.990
1622.850
1611.020
1612.250
1598.050
1599.540
1600.120
1601.560
1602.390
1606.140
1605.730
1606.650
1605.030
1605.950
1606.810
1607.260
1610.480
1606.770
1606.770
1606.030
1607.340
1609.080
1605.580
1608.010
1608.200
1605.190
1607.930
1608.150
1609.830
1610.680
1609.570
1611.210
1609.530
1613.170
1611.460
1612.760
1612.220
1613.340
1613.450
1613.040
1613.420
1613.450
1614.030
1614.510
1613.300
1614.090
1614.680
1616.530
1616.740
1618.430
1620.850
1619.630
1618.970
1616.810
1615.460
1615.480
1613.410
1616.390
1616.720
1616.870
1615.700
1615.830
1618.150
1618.510
1616.230
1617.740
1617.120
1617.710
1618.330
1620.050
1619.060
1620.110
1622.490
1621.980
1622.870
1581.840
1586.330
1590.600
1592.840
1591.390
1592.970
1590.410
1592.270
1595.800
1597.290
1593.830
1592.930
1593.920
1596.770
1600.290
1596.030
1597.600
1596.340
1597.760
1594.700
1594.910
1597.170
1597.510
1595.990
1595.750
1594.830
1596.280
1597.940
1599.230
1600.850
1597.160
1599.210
1598.290
1599.880
1600.120
1600.090
1598.760
1597.240
1599.170
1599.390
1600.820
1600.650
1600.030
1600.640
1601.790
1602.540
1604.200
1601.680
1603.150
1605.750
1604.160
1602.130
1603.700
1603.120
1603.380
1602.520
1601.640
1602.200
1603.390
1602.730
1603.260
1604.280
1602.080
1605.660
1605.420
1607.380
1606.860
1608.860
1608.280
1608.570
1610.370
1609.250
1609.610
1610.810
1612.720
1613.450
1613.590
1613.540
1612.450
1612.150
1610.630
1610.790
1610.060
1611.940
1614.170
1613.730
1614.230
1613.820
1613.010
1613.670
1615.200
1615.210
1614.420
1616.990
1618.320
1614.450
1616.380
1616.700
1617.510
1617.450
1617.000
1618.700
1617.240
1618.440
1619.700
1617.060
1618.650
1618.770
1620.330
1618.860
1620.590
1618.700
1617.230
1618.640
1619.910
1619.040
1617.620
1617.610
1617.690
1618.720
1618.880
1619.800
1619.950
1620.600
1619.860
1619.960
1620.030
1619.870
1621.070
1621.150
1623.890
1623.550
1608.460
1610.360
1611.270
1611.180
1613.110
1614.810
1615.030
1618.560
1622.290
1623.390
1624.650
1624.230
1623.100
1623.820
1625.970
1623.490
1626.870
1626.160
1626.950
1627.160
1626.970
1626.770
1627.940
1626.940
1627.970
1628.920
1626.990
1627.800
1629.680
1630.570
1629.370
1628.410
1629.750
1629.540
1630.510
1630.280
1630.540
1631.720
1631.160
1632.310
1632.860
1633.050
1631.170
1633.060
1633.410
1635.110
1632.620
1633.730
1635.470
1631.940
1631.350
1631.360
1634.930
1633.600
1632.930
1632.110
1631.650
1633.730
1632.430
1632.250
1633.890
1635.950
1635.550
1634.240
1636.560
1637.080
1636.440
1637.510
1636.720
1635.920
1636.790
1637.890
1638.920
1637.160
1636.430
1636.730
1638.730
1639.300
1639.110
1639.100
1639.290
1640.110
1638.360
1637.990
1639.400
1638.410
1639.370
1641.110
1638.580
1640.760
1640.550
1639.650
1627.750
1632.120
1634.430
1635.920
1634.450
1636.470
1636.320
1635.390
1636.730
1637.120
1637.600
1638.810
1638.430
1639.350
1640.470
1640.120
1642.080
1642.410
1642.190
1642.590
1642.990
1644.590
1644.330
1643.010
1642.580
1644.020
1642.340
1644.350
1644.650
1643.100
1643.350
1644.950
1639.510
1641.930
1643.730
1643.300
1641.250
1642.400
1643.250
1643.840
1645.230
1646.690
1643.280
1643.890
1642.620
1643.170
1644.430
1641.420
1641.260
1642.760
1641.790
1643.410
1643.480
1644.820
1646.570
1645.110
1645.150
1643.850
1645.380
1647.080
1644.630
1645.280
1645.410
1644.440
1644.050
1647.080
1649.140
1648.850
1649.260
1649.730
1649.380
1651.130
1648.470
1650.160
1649.150
1649.690
1650.270
1649.630
1649.090
1650.330
1649.540
1651.870
1654.990
1657.240
1658.590
1659.260
1660.460
1659.720
1661.770
1660.140
1660.370
1659.780
1660.410
1663.670
1659.550
1661.170
1663.150
1664.390
1666.240
1668.720
1667.570
1671.070
1669.270
1667.690
1670.450
1668.140
1670.380
1671.550
1669.430
1670.360
1669.780
1669.060
1670.290
1668.870
1669.510
1668.500
1668.820
1671.380
1671.440
1670.230
1668.290
1667.930
1670.700
1668.530
1670.640
1669.250
1668.170
1668.090
1665.850
1668.360
1668.840
1650.380
1654.720
1659.580
1660.170
1662.020
1663.650
1665.870
1666.070
1667.340
1666.780
1666.080
1668.500
1667.710
1669.800
1667.530
1666.700
1666.060
1666.580
1666.200
1668.590
1667.740
1666.480
1666.410
1667.720
1668.370
1669.220
1668.900
1669.230
1668.590
1669.520
1669.120
1668.450
1669.390
1671.790
1669.830
1670.870
1671.830
1672.670
1670.370
1670.210
1670.340
1670.850
1669.240
1669.850
1670.860
1671.750
1672.020
1672.400
1672.150
1672.610
1672.230
1671.420
1672.110
1672.160
1672.020
1673.190
1672.990
1674.110
1674.700
1675.960
1675.260
1676.660
1652.780
1657.540
1656.090
1658.130
1657.860
1660.640
1660.070
1659.730
1659.590
1661.740
1659.580
1660.750
1661.380
1660.750
1662.090
1660.070
1664.560
1663.760
1663.730
1663.640
1666.540
1665.010
1665.110
1665.290
1666.550
1667.020
1663.850
1665.350
1666.410
1666.670
1666.350
1667.150
1668.110
1666.310
1668.940
1671.120
1668.540
1667.230
1667.090
1668.520
1668.450
1670.850
1671.580
1671.630
1672.460
1672.330
1671.580
1672.390
1671.850
1670.000
1668.140
1670.560
1673.200
1675.640
1677.850
1679.960
1681.420
1681.840
1684.090
1686.540
1687.010
1687.800
1686.040
1684.270
1686.390
1687.840
1687.310
1688.030
1688.150
1689.300
1689.330
1687.480
1687.290
1683.860
1685.650
1687.380
1687.840
1688.910
1687.380
1688.160
1688.490
1687.800
1688.860
1688.250
1689.680
1690.240
1688.540
1688.420
1688.630
1691.990
1692.070
1692.420
1692.090
1692.910
1692.950
1692.870
1692.450
1691.940
1692.870
1693.560
1694.020
1696.650
1695.190
1695.490
1694.270
1695.650
1695.480
1693.140
1695.980
1696.480
1694.980
1695.280
1696.240
1698.110
1697.150
1697.080
1695.550
1695.550
1694.860
1693.960
1694.380
1696.620
1695.520
1695.660
1698.120
1699.170
1697.570
1696.650
1696.300
1696.710
1697.140
1697.700
1696.030
1697.480
1699.080
1701.310
1700.740
1700.580
1700.500
1701.770
1701.790
1703.410
1701.570
1701.030
1701.270
1702.030
1701.360
1702.180
1703.010
1704.500
1702.250
1703.720
1703.280
1703.050
1703.810
1703.730
1705.530
1704.940
1706.500
1706.550
1706.130
1705.340
1706.140
1706.930
1707.190
1707.260
1707.860
1706.080
1705.330
1706.720
1707.910
1707.490
1706.900
1706.930
1706.110
1707.130
1706.660
1707.190
1708.470
1709.200
1710.650
1709.480
1710.520
1707.520
1709.470
1711.450
1711.950
1711.490
1711.800
1713.040
1712.570
1712.160
1716.280
1713.390
1713.710
1715.000
1713.330
1714.440
1713.950
1713.090
1713.060
1712.790
1714.560
1712.980
1714.560
1715.080
1713.230
1713.540
1714.300
1713.610
1713.240
1712.310
1713.880
1714.520
1714.850
1715.300
1713.850
1714.940
1715.320
1716.400
1716.980
1717.050
1715.890
1718.280
1716.920
1716.460
1717.380
1717.070
1718.510
1717.670
1718.000
1717.340
1718.130
1717.410
1716.730
1716.690
1717.280
1718.370
1720.510
1720.660
1721.600
1720.760
1722.160
1723.100
1723.500
1722.490
1722.610
1721.980
1722.560
1723.210
1723.820
1723.450
1723.920
1724.030
1727.020
1726.610
1726.400
1725.360
1724.690
1727.010
1726.140
1727.780
1725.810
1726.970
1727.860
1728.100
1727.880
1728.650
1729.160
1729.870
1730.360
1729.980
1730.940
1732.080
1730.610
1731.650
1733.020
1732.100
1731.690
1730.770
1730.930
1731.830
1731.770
1730.470
1729.030
1728.850
1730.840
1730.930
1730.420
1728.960
1728.350
1729.230
1729.920
1730.860
1731.380
1730.140
1731.820
1733.080
1730.190
1732.780
1731.050
1731.420
1730.870
1730.840
1729.790
1732.090
1734.770
1734.700
1738.510
1736.760
1736.710
1740.010
1740.510
1736.850
1737.280
1738.340
1740.330
1741.480
1740.100
1741.590
1741.360
1740.950
1739.520
1742.360
1743.020
1742.280
1743.030
1741.450
1741.990
1744.160
1744.350
1743.170
1743.280
1744.020
1744.680
1744.810
1741.650
1741.350
1744.020
1743.760
1742.380
1744.330
1744.230
1745.870
1746.320
1745.220
1745.420
1744.380
1747.210
1745.580
1745.430
1744.380
1744.290
1745.240
1745.930
1746.510
1749.010
1747.850
1750.240
1750.110
1750.420
1750.750
1750.800
1751.340
1749.530
1749.370
1751.020
1752.650
1750.440
1750.340
1749.680
1747.630
1749.350
1747.900
1748.560
1747.530
1747.140
1748.030
1748.340
1750.700
1750.820
1750.180
1751.790
1751.090
1753.130
1753.050
1754.430
1754.670
1752.820
1753.220
1750.480
1751.520
1753.970
1753.970
1753.880
1753.360
1755.500
1757.030
1756.500
1756.980
1754.950
1755.650
1756.270
1753.670
1753.200
1755.120
1756.940
1755.200
1756.810
1757.180
1756.780
1756.650
1757.930
1755.420
1755.630
1756.470
1757.070
1758.780
1756.800
1757.680
1758.690
1757.040
1760.270
1758.740
1759.020
1757.970
1757.850
1758.390
1758.500
1759.440
1759.200
1761.760
1761.790
1760.160
1749.270
1751.680
1753.340
1753.830
1752.920
1754.180
1753.430
1751.250
1751.640
1751.940
1753.070
1753.700
1752.250
1752.080
1753.080
1752.270
1752.060
1753.450
1752.990
1754.550
1752.990
1752.450
1753.300
1754.110
1754.330
1756.080
1757.360
1757.030
1756.720
1757.530
1758.990
1757.960
1758.370
1759.590
1758.410
1759.260
1757.690
1760.210
1757.820
1760.000
1761.980
1760.940
1760.070
1761.600
1759.810
1760.850
1761.090
1761.010
1761.040
1762.020
1762.090
1760.190
1760.330
1759.040
1760.420
1762.280
1761.830
1763.210
1763.240
1762.350
1763.740
1766.570
1765.360
1765.110
1765.910
1767.750
1767.790
1765.720
1767.930
1767.670
1767.450
1765.910
1766.400
1764.390
1765.950
1766.480
1766.370
1766.090
1767.740
1768.660
1769.050
1768.220
1770.800
1770.180
1769.150
1769.370
1769.420
1771.610
1769.440
1771.810
1768.110
1768.750
1768.650
1768.980
1769.160
1769.200
1768.320
1769.960
1770.400
1769.750
1768.480
1768.830
1770.630
1770.950
1770.520
1772.530
1772.590
1772.320
1772.450
1774.620
1774.900
1774.740
1774.760
1774.760
1775.050
1775.760
1774.310
1774.050
1773.780
1774.400
1776.310
1774.280
1775.190
1776.480
1777.360
1775.810
1776.480
1777.860
1778.150
1778.660
1779.390
1777.440
1777.940
1778.780
1778.350
1779.630
1779.560
1780.090
1779.840
1780.330
1779.820
1780.120
1781.090
1781.340
1780.520
1778.970
1779.560
1779.920
1780.690
1781.420
1780.910
1780.300
1779.260
1781.370
1779.310
1780.230
1780.960
1780.580
1779.510
1780.080
1780.250
1780.500
1780.160
1780.300
1781.520
1781.000
1782.940
1783.490
1782.650
1782.010
1779.200
1779.760
1781.180
1782.510
1780.920
1782.580
1782.610
1783.470
1782.580
1784.690
1783.000
1783.070
1781.450
1781.850
1783.400
1783.480
1784.030
1781.960
1783.030
1785.630
1784.720
1784.070
1786.140
1786.080
1785.520
1784.580
1785.360
1785.740
1784.140
1783.880
1784.670
1786.050
1786.130
1786.440
1784.150
1784.280
1783.310
1786.190
1786.600
1786.820
1786.570
1785.560
1786.730
1787.860
1788.220
1788.280
1788.390
1788.190
1788.910
1788.860
1790.980
1790.620
1790.550
1791.120
1789.570
1789.950
1790.420
1792.230
1789.990
1789.190
1789.970
1790.190
1790.250
1791.820
1792.110
1791.410
1791.300
1792.580
1791.210
1791.920
1792.570
1792.450
1791.970
1790.910
1791.320
1792.520
1794.330
1777.170
1781.660
1781.700
1783.680
1784.900
1788.350
1788.050
1785.440
1786.200
1786.650
1784.100
1769.640
1770.590
1774.510
1775.400
1776.180
1776.930
1778.840
1778.980
1778.100
1780.320
1782.070
1783.820
1785.650
1784.360
1784.690
1785.380
1783.790
1784.310
1784.440
1783.490
1784.150
1784.920
1776.130
1780.110
1779.860
1780.010
1779.760
1782.250
1784.060
1785.920
1782.230
1781.690
1781.820
1783.020
1784.770
1783.360
1783.380
1784.570
1784.170
1783.520
1781.060
1781.490
1781.670
1783.560
1786.060
1783.420
1783.500
1782.500
1786.550
1785.060
1785.420
1786.520
1785.890
1787.070
1786.730
1788.970
1786.810
1786.630
1786.820
1785.460
1785.890
1788.410
1785.190
1786.920
1787.990
1786.940
1786.220
1788.630
1787.190
1786.660
1786.140
1786.640
1789.320
1789.570
1789.680
1788.160
1790.550
1789.730
1788.940
1789.060
1790.040
1792.990
1792.720
1791.810
1791.610
1792.730
1793.620
1793.410
1790.870
1790.790
1790.750
1790.910
1793.990
1790.370
1792.250
1790.190
1792.860
1791.640
1793.150
1793.150
1794.650
1793.420
1793.650
1796.020
1796.830
1796.250
1795.480
1796.480
1796.020
1795.960
1796.490
1795.480
1795.940
1795.010
1795.130
1795.760
1795.060
1795.500
1796.670
1797.410
1796.950
1797.970
1798.660
1798.780
1799.380
1800.260
1801.300
1801.870
1802.420
1801.260
1802.480
1802.920
1802.420
1801.710
1802.480
1801.930
1801.120
1802.920
1803.220
1803.610
1802.660
1804.200
1803.920
1803.660
1803.710
1803.450
1802.780
1801.290
1803.260
1803.280
1803.150
1803.390
1805.020
1804.840
1804.650
1804.540
1803.680
1804.350
1805.520
1805.870
1804.440
1804.930
1803.630
1802.590
1804.700
1802.670
1803.940
1804.050
1806.160
1804.200
1806.070
1807.930
1806.330
1806.790
1805.910
1806.350
1805.600
1806.300
1804.560
1806.750
1807.220
1806.340
1806.860
1806.970
1808.810
1808.290
1809.130
1808.580
1808.990
1808.600
1808.980
1810.140
1807.740
1808.210
1809.360
1811.190
1810.820
1812.220
1815.540
1814.660
1814.750
1815.380
1814.600
1813.270
1815.340
1814.070
1813.250
1812.860
1812.730
1812.710
1813.720
1813.200
1814.610
1815.350
1815.120
1814.860
1814.890
1814.710
1814.620
1815.070
1815.680
1816.510
1818.240
1815.950
1818.260
1817.600
1817.580
1817.950
1817.360
1817.940
1819.140
1819.310
1820.640
1820.620
1820.430
1819.900
1820.710
1818.940
1816.630
1820.220
1819.910
1819.450
1820.570
1819.520
1819.020
1821.060
1821.090
1819.640
1822.200
1821.620
1821.820
1821.590
1821.030
1821.520
1821.200
1821.120
1822.850
1824.830
1823.300
1821.930
1821.630
1823.720
1825.010
1825.370
1824.980
1825.380
1824.020
1823.380
1822.660
1823.910
1822.510
1822.640
1824.270
1826.510
1826.920
1826.730
1827.190
1826.990
1827.180
1828.900
1828.220
1827.280
1827.260
1825.960
1824.720
1825.660
1825.290
1826.330
1825.320
1826.910
1828.140
1827.890
1828.790
1829.780
1828.840
1830.700
1830.720
1831.840
1833.330
1832.520
1832.720
1834.010
1835.230
1833.150
1833.270
1832.340
1832.080
1829.410
1829.810
1831.070
1832.430
1832.130
1832.660
1833.980
1835.700
1834.140
1834.560
1833.400
1835.050
1835.360
1835.990
1834.330
1835.050
1833.550
1833.580
1833.770
1835.120
1836.820
1835.890
1834.840
1835.460
1836.170
1835.120
1836.440
1835.310
1836.970
1836.860
1836.650
1837.370
1836.740
1837.030
1838.250
1836.840
1836.340
1837.700
1838.090
1839.070
1838.510
1838.150
1838.350
1838.460
1837.590
1835.720
1837.000
1836.890
1836.790
1837.660
1838.180
1838.910
1838.720
1838.770
1838.420
1838.660
1838.370
1838.610
1839.290
1840.300
1839.040
1840.110
1840.700
1842.360
1842.990
1843.180
1843.380
1844.850
1845.350
1843.160
1840.970
1839.870
1841.280
1840.040
1839.670
1841.450
1840.930
1842.070
1842.690
1841.220
1841.240
1842.480
1844.520
1842.450
1843.740
1844.150
1842.950
1844.850
1845.390
1845.940
1845.840
1844.720
1846.060
1846.200
1846.250
1846.990
1846.660
1846.940
1848.090
1847.580
1847.890
1848.730
1848.970
1848.970
1849.580
1849.950
1849.860
1850.100
1850.230
1851.610
1851.890
1851.400
1850.660
1850.600
1850.000
1849.920
1848.850
1849.870
1850.080
1850.940
1851.120
1850.480
1850.280
1849.780
1851.230
1852.480
1852.270
1851.810
1850.330
1849.070
1849.930
1849.490
1851.220
1850.390
1850.800
1850.900
1850.330
1852.370
1852.930
1853.420
1852.150
1859.150
1861.560
1864.580
1866.220
1868.830
1868.720
1871.730
1870.170
1867.970
1868.200
1868.110
1870.030
1869.630
1868.510
1868.720
1868.660
1869.040
1869.980
1868.420
1869.370
1869.610
1868.090
1869.320
1867.120
1868.580
1867.370
1868.890
1865.120
1865.840
1867.630
1867.380
1867.260
1867.270
1867.820
1870.680
1869.020
1870.260
1870.740
1871.400
1869.060
1869.060
1871.230
1872.100
1872.130
1872.450
1872.180
1871.770
1872.200
1870.890
1871.020
1873.840
1871.420
1871.410
1873.530
1872.620
1872.160
1872.960
1872.450
1872.290
1873.040
1874.390
1875.870
1877.900
1875.620
1874.070
1872.990
1873.840
1875.030
1875.520
1874.700
1873.370
1874.080
1874.780
1875.230
1875.980
1875.590
1876.880
1874.550
1876.530
1877.720
1876.410
1876.510
1875.980
1877.270
1878.760
1879.780
1878.170
1877.280
1878.040
1878.140
1877.190
1875.940
1876.310
1877.110
1878.410
1877.700
1878.620
1878.630
1879.910
1879.250
1879.250
1877.920
1879.180
1879.500
1879.460
1878.900
1879.020
1879.150
1877.700
1878.670
1879.310
1877.800
1877.000
1878.640
1879.700
1880.700
1880.480
1881.290
1882.100
1882.380
1882.140
1882.050
1881.200
1881.130
1881.760
1881.170
1881.380
1882.030
1882.660
1882.810
1882.550
1883.320
1882.150
1882.590
1881.800
1881.730
1882.240
1881.470
1871.610
1877.300
1879.770
1879.060
1879.820
1881.280
1881.540
1881.100
1882.620
1882.630
1883.060
1882.050
1882.130
1884.510
1885.800
1887.240
1885.750
1888.190
1887.240
1886.520
1886.710
1884.180
1885.550
1884.440
1885.430
1887.060
1887.120
1887.120
1886.910
1886.280
1886.730
1886.760
1886.290
1889.400
1888.910
1888.290
1886.210
1885.580
1885.420
1885.810
1886.460
1886.470
1887.430
1888.930
1887.680
1887.860
1891.930
1887.690
1889.170
1889.780
1888.520
1888.340
1890.510
1888.730
1890.350
1890.510
1889.480
1889.950
1888.520
1889.160
1888.320
1891.070
1888.550
1890.010
1888.330
1889.380
1889.930
1889.230
1891.170
1890.380
1890.930
1890.120
1892.140
1891.610
1891.040
1893.870
1893.740
1894.080
1893.670
1892.330
1892.270
1890.820
1890.520
1891.960
1891.210
1891.580
1889.980
1890.950
1891.710
1892.730
1893.340
1893.590
1894.000
1893.760
1893.560
1893.740
1895.990
1894.780
1895.010
1895.850
1893.400
1892.870
1893.180
1893.610
1894.050
1892.660
1892.230
1892.660
1891.350
1893.620
1892.270
1894.340
1895.110
1893.810
1858.390
1863.930
1862.120
1865.700
1864.690
1864.830
1866.950
1865.570
1865.900
1866.270
1866.980
1865.040
1864.940
1864.740
1867.060
1866.740
1866.370
1867.150
1866.360
1867.690
1869.090
1869.450
1867.680
1871.560
1869.630
1869.180
1868.530
1847.350
1852.220
1854.660
1855.670
1856.060
1856.060
1857.380
1857.390
1858.330
1858.610
1859.340
1859.250
1858.010
1859.410
1858.990
1859.550
1859.690
1860.520
1860.010
1860.550
1859.560
1860.730
1859.350
1862.930
1860.920
1860.890
1859.500
1860.190
1860.230
1858.960
1859.470
1858.980
1858.760
1853.460
1860.690
1860.950
1862.560
1862.650
1861.950
1862.840
1862.110
1863.250
1862.310
1861.940
1862.860
1862.210
1862.470
1863.460
1865.810
1864.550
1863.870
1865.010
1863.800
1864.970
1865.570
1865.690
1864.740
1865.200
1864.610
1864.360
1865.590
1865.370
1864.100
1864.500
1866.600
1864.980
1864.750
1865.440
1863.830
1864.570
1863.740
1864.700
1865.450
1867.340
1866.560
1867.070
1866.470
1868.890
1869.570
1871.180
1870.270
1870.860
1868.970
1870.590
1869.040
1870.040
1869.950
1871.070
1870.170
1870.450
1869.900
1871.440
1869.860
1871.290
1872.860
1873.370
1875.600
1874.060
1874.630
1875.360
1873.430
1875.310
1873.930
1872.110
1874.480
1872.160
1875.630
1875.440
1875.050
1874.870
1877.080
1875.850
1877.860
1878.450
1879.100
1877.030
1877.020
1877.100
1879.280
1877.830
1878.210
1875.160
1876.340
1828.710
1833.440
1835.280
1836.620
1838.790
1830.050
1832.750
1837.290
1838.560
1840.270
1839.970
1839.450
1840.000
1841.340
1842.800
1842.730
1843.660
1842.660
1843.770
1843.340
1844.380
1844.330
1842.790
1845.270
1844.960
1846.050
1844.290
1844.290
1844.390
1845.580
1845.140
1847.890
1844.920
1847.020
1845.950
1846.360
1845.550
1846.110
1845.970
1847.840
1846.470
1846.370
1844.740
1846.100
1845.460
1846.800
1846.800
1848.340
1846.550
1847.090
1846.600
1845.360
1846.120
1847.290
1846.430
1846.810
1847.460
1849.540
1848.290
1848.250
1848.930
1850.010
1853.120
1851.950
1853.110
1851.990
1852.650
1853.590
1852.310
1854.250
1854.470
1853.880
1852.290
1852.660
1853.970
1854.140
1852.830
1854.340
1854.790
1853.750
1853.130
1854.590
1852.890
1852.950
1853.180
1852.500
1855.080
1854.650
1853.570
1854.820
1855.860
1856.440
1854.600
1855.320
1855.010
1854.710
1855.140
1854.810
1853.590
1855.150
1854.540
1856.800
1854.590
1854.550
1855.930
1858.310
1859.020
1858.400
1858.060
1858.610
1859.020
1858.470
1858.660
1856.240
1858.550
1859.140
1861.200
1859.790
1858.490
1859.130
1859.300
1860.990
1859.960
1860.010
1860.340
1861.500
1861.420
1863.330
1863.150
1862.690
1862.190
1862.660
1862.090
1860.690
1861.240
1860.530
1863.240
1863.880
1863.360
1864.820
1861.900
1863.480
1863.370
1862.960
1862.770
1863.920
1864.400
1865.050
1865.850
1865.260
1866.120
1865.910
1864.720
1864.820
1866.080
1867.110
1867.750
1870.390
1868.320
1867.190
1866.850
1867.010
1865.270
1866.670
1866.450
1866.660
1868.050
1869.340
1868.290
1867.390
1868.810
1869.090
1869.030
1871.070
1871.770
1871.160
1871.080
1872.480
1872.210
1873.120
1870.520
1871.720
1869.890
1870.780
1870.230
1870.900
1871.360
1872.650
1874.360
1872.930
1874.450
1874.920
1875.170
1875.870
1875.230
1873.340
1875.490
1875.260
1873.940
1873.960
1875.480
1875.190
1876.180
1876.200
1875.120
1874.160
1874.350
1874.280
1874.470
1876.760
1875.700
1875.570
1876.510
1874.730
1875.310
1874.710
1875.270
1875.870
1875.800
1875.370
1874.100
1875.440
1874.640
1875.360
1876.080
1875.010
1877.380
1877.660
1876.560
1877.280
1878.940
1877.470
1878.300
1878.360
1877.250
1879.290
1879.270
1877.770
1878.890
1879.770
1879.200
1878.350
1878.540
1879.200
1880.440
1880.010
1880.670
1881.420
1881.090
1880.870
1879.260
1878.850
1879.300
1880.380
1879.390
1878.920
1879.940
1881.040
1880.270
1878.350
1878.340
1879.790
1879.220
1879.520
1881.530
1882.470
1882.700
1880.590
1880.640
1881.230
1880.760
1882.830
1883.510
1883.920
1882.410
1881.990
1883.510
1882.020
1871.810
1877.640
1881.490
1881.520
1881.570
1883.130
1882.210
1883.280
1883.190
1881.730
1882.740
1884.490
1885.010
1884.160
1886.030
1886.770
1886.600
1887.760
1886.550
1887.500
1887.350
1886.380
1886.550
1886.880
1887.030
1887.310
1886.570
1887.570
1888.130
1886.200
1887.180
1888.300
1888.260
1888.040
1887.450
1887.610
1887.670
1887.900
1890.390
1889.180
1887.680
1887.690
1888.700
1888.350
1888.420
1886.870
1887.600
1888.070
1887.810
1888.340
1888.070
1888.790
1890.960
1891.460
1889.340
1888.110
1888.260
1890.020
1890.650
1890.410
1892.560
1890.570
1891.810
1891.270
1891.650
1892.710
1893.210
1895.600
1895.140
1895.780
1894.260
1895.240
1896.860
1893.460
1894.780
1894.280
1895.760
1896.790
1896.080
1894.660
1894.770
1895.340
1895.960
1897.430
1897.270
1897.580
1897.680
1898.660
1898.590
1898.560
1898.290
1900.200
1900.010
1899.320
1898.290
1899.220
1898.680
1897.650
1897.950
1898.060
1897.550
1897.450
1899.340
1899.520
1900.800
1900.580
1900.760
1901.360
1902.050
1901.480
1901.650
1901.540
1900.850
1902.130
1901.010
1900.930
1901.750
1901.320
1902.510
1902.130
1901.760
1900.830
1901.290
1900.910
1902.300
1904.040
1903.360
1902.310
1903.920
1904.260
1905.450
1904.680
1907.970
1905.890
1905.540
1905.930
1906.610
1907.250
1907.700
1906.270
1906.330
1906.600
1906.190
1906.350
1904.510
1905.460
1907.300
1908.950
1908.110
1909.580
1910.530
1909.420
1910.650
1911.270
1910.570
1910.530
1911.110
1909.380
1910.130
1910.700
1911.060
1911.600
1912.020
1912.170
1912.630
1913.850
1912.460
1912.720
1914.450
1913.970
1912.910
1908.900
1912.950
1916.230
1917.640
1919.860
1921.930
1921.540
1924.240
1923.210
1921.510
1922.730
1921.620
1921.070
1919.710
1919.520
1921.460
1921.510
1920.850
1920.570
1920.510
1920.600
1919.160
1919.040
1919.140
1919.520
1920.980
1919.110
1920.780
1922.010
1921.480
1922.810
1922.640
1923.120
1922.010
1923.530
1922.960
1925.730
1923.770
1926.600
1926.240
1926.000
1927.790
1926.720
1926.850
1925.850
1925.910
1926.960
1925.350
1926.950
1924.170
1923.620
1925.840
1926.590
1927.240
1926.130
1926.250
1924.780
1924.400
1926.570
1929.340
1932.390
1932.430
1932.260
1933.520
1934.080
1934.270
1934.440
1935.750
1937.660
1938.510
1938.630
1939.120
1940.190
1939.120
1940.730
1939.670
1938.590
1939.230
1939.500
1937.730
1939.370
1938.450
1939.320
1940.100
1939.660
1938.050
1938.410
1939.200
1939.920
1940.850
1940.080
1932.060
1932.820
1933.580
1935.300
1936.940
1937.370
1940.460
1938.770
1937.520
1939.350
1940.060
1938.950
1938.190
1938.540
1939.250
1938.560
1938.690
1937.710
1938.300
1940.950
1939.530
1939.690
1940.530
1941.010
1941.150
1940.990
1940.710
1940.300
1940.310
1941.680
1942.390
1944.430
1942.800
1944.140
1942.870
1944.130
1942.330
1943.040
1943.240
1943.710
1942.670
1939.460
1946.220
1947.630
1948.020
1948.050
1948.960
1947.660
1948.480
1950.860
1952.030
1954.580
1951.610
1952.250
1953.250
1953.150
1950.620
1950.680
1952.300
1953.350
1953.330
1954.560
1952.680
1952.520
1952.700
1953.700
1954.180
1953.890
1954.070
1953.780
1953.520
1955.080
1956.340
1955.920
1955.480
1958.010
1953.470
1953.840
1953.680
1951.030
1955.810
1952.100
1953.820
1954.200
1955.890
1954.010
1953.340
1954.000
1954.620
1956.050
1951.880
1954.150
1955.740
1954.440
1953.550
1953.670
1954.230
1943.440
1947.590
1947.630
1948.660
1950.820
1954.440
1953.940
1953.230
1953.120
1954.910
1957.610
1955.500
1955.210
1955.320
1955.980
1956.820
1955.440
1955.470
1955.870
1955.840
1955.880
1954.250
1954.250
1953.910
1953.080
1953.950
1954.320
1953.870
1954.660
1955.260
1956.050
1956.180
1957.870
1958.750
1958.170
1957.050
1958.880
1958.240
1956.550
1957.790
1957.870
1955.360
1956.620
1957.270
1958.220
1957.980
1958.730
1955.860
1957.120
1957.110
1958.770
1958.560
1959.680
1959.390
1959.050
1960.820
1960.650
1961.590
1960.800
1962.300
1959.850
1959.890
1961.300
1961.750
1961.130
1961.330
1963.020
1963.660
1963.430
1964.220
1966.250
1966.560
1966.120
1966.950
1966.860
1966.770
1964.630
1966.770
1966.050
1965.600
1966.180
1967.200
1965.370
1967.010
1967.700
1968.020
1967.460
1967.140
1965.530
1966.980
1967.400
1967.940
1967.080
1967.810
1966.460
1966.640
1969.870
1968.530
1969.980
1968.860
1968.350
1969.440
1971.490
1972.930
1969.470
1969.780
1970.260
1971.160
1973.830
1972.830
1972.350
1974.430
1972.250
1972.280
1971.670
1972.930
1972.310
1973.430
1975.000
1977.430
1974.100
1976.570
1977.010
1976.190
1975.350
1973.320
1973.570
1974.700
1974.230
1974.730
1973.370
1972.610
1974.090
1973.980
1975.620
1975.780
1976.800
1976.850
1978.030
1978.220
1977.140
1978.850
1979.250
1979.250
1980.780
1981.790
1981.200
1979.360
1979.530
1978.540
1978.190
1980.190
1981.500
1980.970
1979.000
1981.310
1982.540
1983.530
1982.770
1985.280
1983.330
1983.280
1983.980
1983.350
1982.170
1983.260
1982.620
1984.150
1982.780
1982.780
1981.720
1982.640
1981.900
1985.070
1984.240
1983.940
1983.560
1984.320
1983.750
1986.330
1985.400
1986.260
1986.720
1987.660
1985.560
1982.570
1985.530
1987.330
1987.880
1986.640
1987.640
1986.920
1986.640
1987.740
1990.410
1985.660
1986.280
1986.330
1987.970
1987.720
1987.080
1988.630
1990.550
1989.300
1991.780
1991.620
1991.350
1992.100
1991.050
1991.600
1990.430
1990.650
1992.180
1991.350
1988.950
1989.410
1989.740
1989.650
1991.300
1992.930
1994.370
1994.010
1993.960
1993.680
1993.400
1993.650
1993.390
1993.160
1993.720
1994.360
1994.890
1994.920
1995.870
1996.960
1994.940
1995.130
1994.620
1992.790
1992.240
1993.010
1993.410
1993.230
1994.240
1993.480
1994.670
1995.970
1995.480
1994.240
1995.230
1995.470
1995.440
1998.090
1999.290
1998.390
1997.610
1998.220
1997.670
1996.660
1997.810
1997.530
1997.110
1996.400
1996.480
1996.800
1998.240
2000.680
1998.070
1998.840
1998.600
2001.490
2000.410
2001.730
2001.190
2002.520
2002.810
2001.890
2001.360
2000.170
1999.800
2001.780
2004.080
2002.160
2002.850
2004.010
2002.090
2001.260
2001.460
2003.590
2001.770
2001.850
2001.370
2003.000
2002.900
2003.400
2002.780
2002.270
2002.910
2003.340
2003.830
2004.450
2004.380
2005.720
2005.290
2006.470
2004.210
2004.060
2005.380
2006.000
2005.090
2004.510
2006.430
2004.570
2005.260
2005.710
2005.620
2007.890
2007.270
2007.190
2007.070
2008.150
2009.290
2009.140
2009.410
2010.000
2010.410
2010.300
2010.810
2010.270
2009.420
2011.150
2011.000
2010.730
2011.560
2011.060
2011.310
2011.770
2011.390
2012.050
2010.870
2009.940
2011.220
2009.810
2008.970
2007.360
2009.180
2011.490
2009.950
2010.990
2013.010
2010.800
2011.050
2011.400
2010.350
2010.630
2012.470
2013.160
2013.140
2014.040
2013.930
2014.750
2014.580
2013.950
2016.700
2014.300
2014.840
2015.430
2017.070
2017.640
2017.660
2018.320
2018.290
2018.770
2017.880
2019.810
2020.570
2020.210
2020.650
2020.020
2020.070
2019.960
2021.800
2020.050
2019.700
2017.370
2019.060
2020.420
2021.370
2021.580
2021.420
2019.970
2019.920
2020.410
2020.190
2020.650
2019.360
2020.080
2018.810
2019.030
2018.130
2019.240
2019.790
2019.800
2020.650
2021.380
2022.440
2022.700
2021.980
2022.170
2023.090
2022.800
2023.580
2024.180
2022.490
2023.600
2024.040
2024.800
2025.790
2025.490
2025.050
2025.270
2024.900
2025.220
2027.100
2026.780
2028.690
2026.400
2028.480
2026.780
2026.220
2026.440
2026.430
2027.310
2027.570
2028.500
2029.770
2029.190
2029.720
2029.400
2026.960
2027.650
2025.950
2027.220
2026.940
2028.120
2028.500
2027.680
2028.640
2027.820
2029.390
2028.630
2028.650
2029.660
2029.150
2030.460
2029.910
2028.820
2029.840
2030.440
2029.720
2029.640
2030.480
2029.940
2029.970
2030.090
2031.150
2030.850
2030.780
2032.400
2031.450
2030.500
2031.010
2031.260
2032.470
2031.590
2031.860
2029.810
2029.000
2029.440
2029.740
2029.480
2029.160
2029.610
2030.220
2029.650
2028.650
2029.720
2030.680
2031.590
2030.910
2031.210
2030.790
2031.440
2032.840
2032.510
2032.420
2031.950
2032.420
2031.820
2032.810
2031.260
2031.330
2030.630
2031.690
2030.810
2031.460
2031.990
2031.650
2033.090
2031.520
2031.270
2029.790
2030.170
2029.860
2031.050
2030.850
2033.150
2031.490
2031.440
2030.860
2029.650
2031.830
2032.730
2034.200
2029.660
1988.410
1993.650
1995.990
1997.120
1997.840
1998.010
1999.610
1998.700
1999.210
1998.630
1997.630
2000.010
1999.140
2002.400
2002.390
2002.390
2001.570
2000.760
2000.210
1999.700
2000.370
1999.250
2002.120
2002.240
2003.520
2001.920
2001.720
2002.370
2001.130
2002.010
2002.220
2002.150
2003.750
2002.380
2000.900
2002.050
2000.910
2002.540
2003.450
2005.020
2006.140
2006.420
2005.320
2005.960
2006.530
2006.970
2006.200
2007.220
2006.340
2008.560
2008.790
2011.020
2011.280
2010.890
2009.860
2010.910
2010.640
2010.840
2010.980
2010.430
2010.580
2009.550
2009.720
2010.510
2011.640
2011.760
2011.340
2011.340
2012.630
2013.880
2013.570
2012.910
2013.440
2012.240
2014.180
2015.120
2014.870
2013.990
2013.800
2011.310
2011.830
2012.480
2013.350
2014.330
2016.100
2014.360
2016.140
2015.150
2015.170
2017.240
2018.490
2017.040
2015.910
2017.130
2017.670
2017.290
2017.960
2017.460
2016.990
2016.660
2019.060
2020.040
2020.770
2018.870
2018.430
2019.040
2017.650
2017.530
2017.910
2016.650
2018.390
2019.400
2018.650
2018.130
2018.530
2019.310
2018.950
2019.280
2020.400
2020.590
2019.980
2020.790
2020.470
2021.750
2020.610
2022.410
2021.130
2022.250
2021.540
2021.960
2021.650
2021.260
2021.870
2022.550
2022.370
2022.900
2023.100
2022.260
2023.160
2024.940
2023.680
2024.280
2024.420
2025.580
2025.210
2024.770
2025.260
2025.900
2025.770
2026.640
2027.150
2027.230
2026.680
2027.510
2027.490
2027.420
2025.530
2025.670
2025.130
2025.010
2025.220
2025.750
2026.930
2025.910
2026.890
2027.060
2026.560
2026.190
2028.840
2028.930
2029.110
2028.710
2028.790
2029.910
2030.130
2030.180
2030.970
2030.920
2031.310
2031.310
2029.810
2030.150
2029.960
2030.780
2029.910
2030.470
2030.620
2032.030
2030.870
2031.600
2031.120
2032.000
2032.310
2032.810
2033.050
2033.830
2033.850
2032.960
2033.690
2033.580
2033.470
2032.990
2033.810
2031.430
2031.320
2032.210
2034.160
2034.320
2032.230
2033.610
2033.180
2033.800
2032.930
2033.400
2035.000
2035.990
2035.620
2035.090
2034.890
2035.510
2035.200
2036.180
2036.090
2036.020
2035.690
2036.720
2037.640
2036.420
2036.830
2037.420
2037.940
2037.420
2037.330
2037.660
2037.090
2036.790
2037.410
2038.660
2039.900
2040.060
2038.920
2040.350
2039.080
2039.510
2038.880
2039.460
2038.600
2039.350
2040.950
2041.370
2041.720
2041.270
2040.870
2041.810
2042.060
2041.640
2041.270
2040.400
2040.820
2042.600
2041.400
2042.030
2042.230
2044.470
2041.710
2043.010
2043.560
2043.080
2043.820
2043.040
2043.100
2044.690
2044.050
2045.230
2045.130
2043.100
2042.990
2044.610
2045.730
2045.080
2045.090
2046.620
2046.390
2046.430
2046.130
2047.780
2047.740
2047.070
2047.170
2046.790
2047.450
2047.880
2048.450
2048.550
2047.190
2048.280
2048.170
2049.300
2048.730
2048.350
2048.940
2048.590
2047.970
2050.990
2051.300
2050.660
2050.780
2050.580
2050.210
2050.760
2050.650
2051.090
2050.510
2050.190
2052.650
2051.540
2051.590
2051.980
2050.340
2051.700
2052.090
2052.430
2053.200
2053.280
2053.740
2053.980
2052.450
2053.020
2054.570
2054.200
2055.000
2054.460
2053.680
2053.430
2055.780
2055.480
2055.170
2054.650
2055.500
2056.040
2055.300
2055.090
2054.960
2056.620
2055.190
2054.760
2055.040
2055.030
2056.840
2056.100
2055.090
2057.000
2057.530
2057.820
2059.020
2057.470
2058.220
2058.420
2059.370
2060.900
2061.590
2060.310
2060.490
2059.440
2057.590
2058.770
2059.140
2059.380
2058.720
2060.020
2060.220
2060.240
2059.320
2059.870
2060.440
2059.700
2061.300
2058.870
2059.720
2060.800
2061.120
2061.890
2063.020
2063.530
2063.650
2063.840
2062.780
2064.150
2063.350
2063.510
2062.890
2063.270
2062.870
2062.340
2063.870
2063.600
2064.350
2064.430
2064.750
2064.310
2065.650
2067.020
2066.410
2065.280
2067.040
2066.830
2067.530
2065.130
2065.360
2063.160
2064.390
2063.770
2063.630
2063.940
2065.060
2064.470
2064.810
2064.510
2065.460
2064.560
2065.070
2067.530
2065.230
2065.870
2066.070
2065.550
2065.990
2066.100
2065.690
2065.090
2067.090
2067.630
2066.650
2068.640
2068.360
2067.740
2068.610
2067.530
2069.470
2070.160
2070.910
2071.530
2070.990
2068.430
2071.620
2070.620
2070.570
2070.400
2069.640
2068.860
2069.390
2070.630
2070.070
2069.250
2068.220
2069.010
2069.310
2069.290
2070.460
2071.510
2070.820
2068.830
2068.740
2069.700
2069.880
2069.580
2071.720
2070.400
2070.140
2071.900
2069.880
2071.120
2070.450
2071.410
2072.410
2073.850
2073.290
2073.880
2072.300
2072.710
2073.400
2073.480
2073.340
2074.780
2074.490
2073.980
2074.700
2074.550
2074.510
2074.870
2075.980
2076.190
2075.260
2077.460
2077.710
2076.940
2077.020
2077.010
2077.590
2077.910
2077.860
2079.480
2079.140
2079.710
2079.290
2080.490
2079.640
2080.270
2079.870
2078.880
2078.980
2078.950
2078.960
2078.310
2079.530
2079.390
2080.640
2080.210
2080.840
2082.290
2081.110
2080.950
2080.340
2079.890
2080.720
2079.490
2078.370
2078.950
2079.900
2080.490
2081.300
2079.960
2080.060
2081.190
2081.320
2082.260
2082.550
2082.570
2082.400
2082.920
2081.930
2082.310
2085.210
2083.930
2085.110
2085.830
2085.720
2085.470
2085.350
2086.280
2085.830
2087.600
2087.350
2087.250
2087.310
2087.070
2087.580
2088.270
2088.370
2088.630
2089.190
2089.370
2090.290
2088.800
2089.880
2089.400
2088.140
2088.420
2088.630
2089.490
2091.120
2089.950
2089.500
2090.010
2089.810
2090.050
2090.880
2091.560
2090.630
2090.030
2090.570
2091.410
2091.890
2091.670
2092.170
2092.750
2092.170
2091.910
2092.120
2091.390
2091.020
2090.290
2090.260
2091.050
2090.920
2092.300
2091.860
2090.670
2091.140
2091.690
2091.120
2090.910
2090.690
2091.660
2092.860
2092.560
2093.910
2093.460
2093.530
2092.460
2092.920
2093.050
2094.080
2094.210
2094.090
2093.670
2093.850
2094.290
2095.850
2093.720
2094.430
2095.950
2095.820
2095.830
2096.470
2097.050
2097.610
2096.120
2096.220
2097.190
2096.750
2097.130
2095.680
2095.290
2094.890
2095.270
2094.840
2096.090
2094.800
2095.650
2095.490
2095.460
2096.660
2096.620
2096.800
2097.020
2097.060
2097.000
2097.760
2097.470
2097.010
2098.440
2098.340
2098.380
2099.900
2099.370
2100.510
2099.440
2099.250
2098.420
2098.710
2099.330
2099.300
2099.260
2099.240
2099.810
2099.430
2100.120
2101.070
2101.860
2103.490
2101.450
2100.890
2100.890
2101.380
2101.820
2102.910
2102.070
2102.540
2102.720
2102.830
2103.510
2102.400
2102.550
2102.170
2102.570
2100.900
2101.520
2100.990
2102.620
2102.370
2103.590
2103.690
2104.010
2103.310
2103.740
2104.750
2104.180
2105.830
2105.680
2104.740
2104.780
2105.950
2105.460
2106.460
2107.000
2107.290
2106.780
2107.490
2106.790
2108.210
2107.430
2107.100
2107.280
2107.390
2109.240
2109.240
2108.030
2107.380
2107.560
2108.110
2107.320
2106.610
2105.790
2104.790
2103.760
2102.940
2104.050
2104.210
2104.180
2104.580
2104.300
2104.370
2105.620
2104.200
2106.250
2107.150
2107.700
2106.810
2107.430
2108.330
2106.920
2108.740
2106.570
2107.140
2108.240
2109.800
2109.490
2109.540
2110.930
2110.670
2111.060
2110.470
2110.490
2112.080
2111.100
2112.350
2112.330
2111.570
2111.360
2112.310
2112.340
2112.520
2113.470
2112.080
2111.660
2111.890
2111.890
2112.460
2112.610
2113.330
2113.520
2112.520
2113.490
2113.060
2113.860
2113.980
2113.270
2115.610
2118.000
2117.340
2117.320
2115.210
2115.430
2114.550
2114.490
2114.570
2115.780
2115.510
2115.560
2116.480
2117.180
2116.450
2117.410
2117.160
2115.380
2115.790
2115.550
2116.420
2115.940
2115.890
2116.120
2115.810
2116.610
2116.890
2116.690
2115.520
2114.720
2117.810
2118.000
2116.900
2118.170
2117.630
2118.120
2118.990
2117.330
2117.050
2116.400
2116.790
2117.160
2117.670
2118.740
2119.410
2118.600
2116.650
2118.050
2118.120
2118.030
2119.760
2119.050
2119.040
2119.580
2118.860
2119.020
2119.260
2119.200
2118.950
2120.870
2120.790
2119.790
2119.780
2119.730
2120.640
2121.840
2121.740
2120.980
2121.680
2122.370
2120.840
2121.970
2122.280
2122.240
2123.190
2122.900
2123.040
2122.390
2123.340
2121.790
2122.060
2121.960
2123.960
2123.120
2122.880
2123.200
2122.940
2123.220
2123.530
2123.450
2122.910
2124.010
2123.230
2123.350
2122.040
2123.850
2123.820
2123.420
2122.550
2122.310
2124.250
2125.460
2125.600
2124.230
2123.690
2124.600
2123.820
2122.330
2122.920
2124.430
2124.850
2123.940
2124.760
2124.490
2123.680
2122.870
2124.870
2124.300
2125.450
2125.900
2125.430
2124.810
2124.710
2124.850
2124.900
2126.400
2124.930
2124.450
2125.470
2127.420
2127.790
2126.940
2125.530
2126.630
2125.750
2127.260
2127.050
2125.790
2126.760
2128.100
2128.110
2128.760
2128.190
2128.060
2129.200
2130.370
2129.960
2131.450
2130.700
2130.330
2130.300
2130.240
2128.390
2128.520
2128.530
2129.320
2129.880
2130.180
2130.180
2129.510
2131.420
2131.360
2134.170
2133.070
2132.140
2132.210
2131.860
2130.830
2130.950
2130.120
2131.220
2131.030
2130.830
2130.330
2131.150
2131.390
2130.840
2132.480
2130.170
2131.000
2131.520
2130.900
2130.660
2130.520
2132.360
2131.670
2130.530
2132.330
2133.170
2132.240
2132.920
2132.430
2133.760
2134.920
2134.590
2135.890
2135.700
2136.260
2137.420
2136.820
2136.860
2136.580
2137.740
2135.220
2136.970
2137.020
2136.840
2136.030
2136.260
2136.040
2136.790
2137.830
2137.830
2136.780
2136.980
2139.510
2139.500
2139.300
2140.160
2140.370
2140.280
2138.810
2138.400
2139.500
2140.580
2141.440
2141.570
2141.710
2141.570
2141.230
2140.100
2142.540
2143.530
2143.300
2143.820
2141.260
2141.930
2142.650
2142.160
2140.900
2142.560
2141.650
2140.730
2139.610
2139.630
2139.360
2139.070
2139.750
2140.560
2139.270
2138.820
2139.420
2139.580
2140.310
2140.440
2140.660
2141.330
2141.390
2140.630
2140.720
2141.270
2142.210
2142.090
2141.400
2141.840
2142.330
2141.550
2142.150
2141.780
2142.530
2143.150
2143.050
2141.920
2143.920
2143.380
2144.420
2143.930
2145.230
2146.910
2145.300
2145.150
2143.780
2143.370
2143.910
2144.670
2143.440
2143.760
2143.820
2142.020
2142.740
2143.770
2142.390
2142.720
2143.790
2141.860
2142.400
2142.700
2142.530
2141.890
2142.620
2143.060
2142.360
2144.110
2143.770
2144.260
2143.980
2145.220
2145.320
2145.800
2143.860
2144.160
2144.860
2143.600
2143.890
2143.300
2143.730
2144.170
2144.820
2145.440
2143.400
2143.590
2144.230
2144.290
2144.810
2143.500
2142.070
2145.030
2146.930
2145.640
2145.220
2145.380
2145.610
2145.410
2144.350
2143.510
2143.990
2144.980
2145.090
2146.820
2146.610
2146.500
2146.290
2147.510
2145.350
2145.910
2148.320
2148.280
2147.570
2148.810
2149.640
2149.720
2149.600
2149.410
2150.030
2148.760
2147.760
2148.400
2148.880
2146.920
2109.820
2114.690
2116.170
2118.380
2119.700
2119.760
2121.090
2121.680
2121.320
2120.460
2120.770
2120.840
2121.740
2120.970
2119.170
2120.450
2121.210
2122.460
2121.010
2121.220
2119.020
2120.100
2118.770
2119.390
2120.540
2119.280
2120.630
2120.860
2120.350
2120.610
2119.420
2121.130
2120.570
2119.900
2120.390
2120.350
2122.140
2121.590
2121.870
2121.070
2119.780
2120.870
2122.010
2123.210
2121.930
2121.580
2121.410
2123.180
2123.970
2124.410
2124.680
2123.330
2123.130
2123.160
2122.470
2124.060
2123.900
2123.840
2123.380
2122.900
2123.850
2125.560
2126.080
2125.900
2126.670
2128.090
2126.910
2126.080
2127.020
2126.890
2126.990
2126.680
2126.670
2126.300
2127.530
2126.970
2127.970
2129.330
2129.490
2129.310
2127.720
2128.480
2128.440
2128.870
2128.910
2127.830
2127.890
2128.400
2128.130
2127.370
2125.880
2126.960
2127.580
2128.070
2129.440
2130.110
2129.390
2128.050
2128.060
2127.510
2126.460
2126.490
2124.790
2118.600
2121.620
2125.850
2127.270
2128.360
2130.990
2132.950
2135.310
2135.110
2133.850
2135.470
2136.620
2135.450
2134.900
2137.140
2136.250
2136.870
2139.110
2135.890
2135.560
2135.070
2135.780
2136.140
2136.290
2136.330
2135.710
2134.530
2134.290
2135.820
2135.620
2135.950
2136.450
2139.270
2137.880
2135.920
2133.530
2134.070
2134.980
2135.180
2136.830
2138.010
2135.000
2133.500
2132.020
2130.620
2131.660
2132.730
2133.240
2132.610
2131.940
2132.470
2132.770
2132.110
2132.550
2133.210
2133.200
2133.390
2134.060
2136.500
2136.170
2136.250
2135.110
2137.240
2137.200
2138.350
2138.350
2137.990
2138.360
2138.730
2138.430
2139.120
2138.640
2140.240
2139.500
2139.340
2137.940
2137.930
2138.070
2138.250
2139.500
2140.850
2139.120
2140.110
2139.140
2141.770
2143.430
2143.850
2144.950
2141.790
2142.480
2143.100
2141.250
2141.360
2141.900
2142.900
2142.860
2143.610
2142.840
2143.060
2142.220
2141.790
2143.010
2142.560
2143.230
2141.650
2142.970
2145.050
2145.320
2141.850
2144.000
2145.330
2144.360
2145.770
2144.110
2145.970
2145.270
2147.070
2145.760
2146.570
2146.650
2145.940
2145.870
2146.110
2146.270
2146.670
2145.550
2146.300
2144.880
2147.010
2146.620
2147.160
2148.340
2149.180
2148.620
2148.000
2148.850
2148.750
2147.270
2149.010
2149.150
2148.720
2150.390
2151.490
2151.180
2150.100
2151.420
2150.830
2151.450
2153.140
2154.330
2154.310
2154.030
2153.780
2154.010
2155.350
2155.350
2155.610
2155.580
2154.880
2154.030
2152.310
2153.940
2151.630
2151.450
2151.030
2151.900
2152.780
2153.760
2153.430
2155.270
2155.820
2155.630
2156.610
2155.720
2156.910
2156.760
2156.490
2155.830
2156.380
2155.730
2155.970
2156.330
2158.690
2157.670
2158.460
2158.010
2157.380
2157.140
2156.130
2157.350
2159.000
2159.670
2161.580
2160.870
2160.640
2160.380
2159.300
2158.870
2158.450
2158.130
2159.580
2159.320
2159.740
2159.580
2160.430
2159.830
2161.510
2161.560
2161.960
2160.620
2159.300
2158.860
2160.090
2159.700
2158.240
2158.470
2159.280
2159.880
2160.080
2161.650
2160.130
2160.760
2160.560
2160.440
2160.520
2160.280
2161.400
2162.460
2162.920
2163.850
2163.720
2163.640
2164.750
2164.950
2166.060
2167.130
2165.870
2165.030
2165.870
2166.080
2165.340
2165.260
2166.010
2165.960
2164.760
2165.140
2166.430
2166.090
2165.390
2165.360
2165.150
2165.590
2165.680
2165.190
2164.550
2164.340
2164.100
2166.340
2166.320
2165.610
2167.110
2149.980
2154.720
2155.480
2157.150
2158.420
2158.130
2158.710
2159.790
2159.310
2159.450
2159.680
2159.840
2158.170
2158.920
2161.070
2161.420
2161.500
2162.380
2163.640
2162.510
2163.120
2163.600
2162.500
2161.380
2161.340
2160.830
2161.220
2160.400
2161.240
2160.090
2159.730
2160.480
2161.370
2160.390
2160.140
2161.930
2161.610
2161.960
2163.040
2163.010
2162.860
2163.500
2162.560
2162.350
2161.970
2162.460
2162.200
2163.160
2164.180
2162.220
2164.240
2164.480
2165.400
2163.040
2163.640
2163.350
2164.610
2168.180
2165.980
2164.140
2164.610
2166.110
2165.280
2165.710
2166.390
2167.040
2165.250
2163.570
2164.720
2163.970
2163.770
2163.170
2163.690
2163.510
2163.600
2163.950
2165.940
2164.060
2165.140
2167.070
2166.610
2166.700
2164.950
2166.000
2167.760
2168.050
2167.470
2168.650
2166.110
2166.450
2167.110
2166.710
2167.570
2168.220
2169.480
2169.060
2168.030
2170.150
2168.460
2169.950
2170.580
2171.420
2171.480
2171.240
2169.490
2169.800
2169.860
2169.150
2169.520
2170.010
2172.530
2172.520
2171.580
2172.230
2171.550
2170.340
2171.050
2170.480
2170.730
2170.130
2170.770
2172.100
2171.650
2171.880
2172.630
2174.380
2174.790
2174.210
2174.940
2174.000
2174.230
2174.700
2175.110
2176.390
2175.010
2175.710
2175.840
2177.250
2177.710
2178.840
2177.990
2177.870
2177.530
2176.790
2178.560
2178.570
2180.750
2180.020
2180.610
2181.430
2182.330
2180.270
2179.810
2179.040
2180.220
2180.760
2181.460
2182.080
2181.170
2180.540
2180.110
2181.170
2181.050
2180.550
2181.000
2181.550
2182.960
2183.480
2183.070
2183.400
2183.180
2183.950
2182.900
2183.720
2183.320
2183.220
2183.420
2183.110
2183.680
2183.500
2184.030
2185.350
2184.530
2186.100
2185.390
2186.380
2187.660
2186.440
2186.080
2186.340
2185.440
2188.410
2188.750
2187.900
2188.650
2188.570
2188.580
2187.850
2188.560
2187.610
2187.220
2185.990
2187.290
2187.810
2188.560
2188.220
2186.440
2187.040
2188.170
2187.850
2186.650
2186.870
2187.570
2190.170
2191.020
2190.120
2189.820
2189.820
2192.120
2190.280
2190.860
2190.170
2188.280
2189.750
2188.900
2189.430
2188.290
2187.770
2186.250
2187.790
2190.360
2187.840
2188.000
2189.190
2190.250
2190.990
2192.340
2192.200
2191.060
2193.360
2193.210
2193.510
2194.480
2192.060
2192.550
2192.550
2192.850
2191.660
2193.670
2193.330
2193.110
2192.580
2191.830
2192.460
2193.380
2193.260
2193.570
2192.680
2192.640
2194.130
2194.170
2195.080
2195.190
2195.610
2196.440
2195.470
2197.340
2197.640
2198.820
2199.620
2200.740
2198.440
2197.260
2197.110
2198.370
2197.110
2198.080
2197.430
2196.440
2195.560
2195.860
2195.690
2196.670
2197.650
2196.630
2196.750
2197.020
2198.290
2198.930
2198.090
2197.080
2198.390
2198.750
2197.350
2199.070
2199.510
2199.530
2199.010
2198.790
2198.780
2198.200
2199.200
2200.210
2199.760
2200.170
2200.920
2200.610
2201.770
2202.050
2201.700
2202.120
2201.830
2204.520
2203.940
2203.930
2204.330
2202.970
2201.810
2204.210
2203.690
2202.600
2204.040
2205.490
2206.470
2205.190
2205.080
2203.860
2203.340
2204.990
2204.060
2204.030
2203.280
2204.570
2205.260
2204.810
2204.290
2204.200
2203.630
2204.890
2205.050
2205.270
2206.130
2206.390
2206.700
2208.110
2208.810
2208.560
2207.840
2209.260
2208.540
2209.420
2210.590
2209.200
2207.760
2209.000
2209.160
2209.150
2209.700
2208.980
2210.480
2210.570
2211.970
2210.980
2212.490
2211.730
2211.790
2213.300
2212.890
2213.080
2212.870
2212.920
2210.910
2209.870
2210.150
2210.840
2211.100
2210.110
2209.760
2209.810
2210.280
2212.410
2212.400
2211.210
2210.110
2211.510
2211.350
2212.690
2211.740
2213.270
2211.630
2212.110
2212.520
2211.440
2212.620
2211.950
2211.060
2209.880
2210.140
2211.990
2212.370
2212.530
2213.580
2212.660
2213.360
2213.910
2215.210
2213.190
2214.200
2215.250
2216.200
2217.330
2217.100
2217.180
2217.680
2216.840
2216.270
2216.620
2217.200
2217.140
2218.100
2218.110
2217.670
2218.100
2219.250
2218.910
2217.600
2218.000
2218.760
2218.230
2218.300
2218.130
2217.590
2217.090
2217.620
2220.260
2219.530
2219.450
2218.660
2219.900
2218.920
2218.970
2220.370
2221.060
2224.530
2224.740
2223.130
2221.860
2220.340
2220.480
2221.130
2219.980
2221.290
2220.840
2219.300
2219.980
2221.310
2221.170
2221.990
2223.690
2222.770
2222.740
2223.230
2222.320
2222.120
2222.270
2222.340
2223.490
2222.760
2223.590
2222.480
2222.440
2222.060
2221.310
2224.420
2224.610
2224.080
2224.010
2223.920
2225.010
2225.920
2227.050
2227.310
2227.120
2227.350
2228.510
2227.960
2228.230
2227.540
2226.070
2227.030
2228.130
2226.240
2227.320
2226.010
2225.720
2224.940
2225.190
2227.260
2225.250
2226.340
2225.860
2226.640
2226.890
2226.350
2227.240
2228.510
2228.100
2227.380
2228.640
2226.820
2226.670
2227.640
2226.260
2226.350
2227.540
2226.560
2225.980
2228.040
2227.450
2226.550
2228.080
2228.500
2228.290
2228.450
2226.860
2227.830
2229.220
2229.730
2230.700
2230.500
2230.240
2229.860
2231.270
2231.690
2232.230
2231.870
2232.620
2231.680
2231.060
2231.670
2232.360
2232.540
2233.360
2232.280
2232.860
2234.060
2233.760
2233.580
2234.190
2234.750
2232.890
2233.840
2231.780
2231.980
2232.150
2232.500
2233.240
2232.750
2233.390
2234.360
2234.630
2233.210
2233.890
2234.260
2232.950
2234.680
2233.640
2232.720
2234.370
2234.450
2233.800
2233.640
2234.230
2233.800
2234.110
2235.150
2234.930
2235.240
2234.340
2233.810
2234.200
2235.660
2234.870
2234.510
2236.600
2236.750
2237.060
2235.700
2234.960
2233.980
2234.290
2235.140
2235.470
2235.410
2234.590
2235.720
2235.790
2236.290
2235.760
2237.520
2235.840
2236.170
2235.210
2236.410
2238.090
2238.650
2236.810
2236.110
2237.560
2237.240
2239.040
2239.790
2238.950
2240.620
2239.340
2239.680
2239.160
2238.110
2239.130
2239.030
2237.420
2237.570
2237.420
2239.070
2237.890
2239.520
2238.470
2238.350
2238.970
2239.950
2240.220
2239.350
2239.040
2241.540
2240.480
2240.870
2242.730
2243.160
2242.250
2242.130
2241.180
2242.570
2242.200
2241.640
2241.780
2240.700
2239.920
2241.460
2242.490
2242.640
2242.520
2243.520
2244.010
2242.500
2243.480
2242.560
2242.020
2242.830
2241.280
2241.740
2241.400
2241.880
2242.100
2242.500
2242.160
2241.540
2242.080
2242.430
2243.160
2243.820
2242.430
2243.340
2243.930
2245.430
2244.930
2245.730
2245.440
2246.160
2246.390
2247.310
2247.730
2249.500
2251.140
2248.690
2249.330
2248.950
2250.440
2249.280
2249.330
2250.400
2249.100
2247.800
2246.830
2249.160
2247.190
2249.030
2249.680
2247.570
2248.220
2250.010
2250.240
2250.520
2249.690
2250.150
2250.580
2249.960
2250.070
2249.150
2250.750
2251.360
2250.820
2251.440
2252.210
2250.190
2250.990
2251.940
2252.230
2253.010
2253.580
2253.390
2252.220
2253.250
2253.620
2252.760
2252.310
2253.830
2253.210
2253.200
2252.720
2252.320
2253.460
2255.380
2254.980
2255.610
2256.300
2256.330
2257.100
2257.230
2256.470
2256.030
2255.420
2253.010
2252.920
2253.550
2252.390
2253.970
2254.210
2254.090
2254.260
2254.650
2254.820
2252.950
2253.390
2253.990
2253.970
2254.580
2254.040
2254.320
2255.630
2254.300
2255.670
2256.310
2257.020
2257.830
2258.670
2258.330
2259.730
2257.850
2258.310
2256.990
2257.890
2257.270
2256.030
2256.500
2256.850
2255.510
2255.600
2255.270
2254.660
2255.920
2255.430
2257.130
2256.540
2257.610
2257.480
2256.740
2257.340
2256.890
2257.590
2257.220
2258.260
2259.870
2259.100
2259.020
2259.670
2260.220
2260.750
2261.210
2260.000
2260.260
2260.460
2261.230
2261.370
2261.870
2261.500
2262.730
2262.160
2261.980
2261.390
2262.150
2261.630
2260.990
2261.230
2260.310
2260.670
2260.610
2261.660
2261.660
2262.760
2262.560
2262.450
2262.560
2263.620
2263.570
2263.260
2263.930
2264.560
2264.480
2264.470
2265.240
2263.660
2264.000
2264.590
2266.110
2265.090
2265.690
2264.620
2265.600
2264.120
2265.840
2264.640
2263.390
2264.310
2263.660
2264.050
2264.010
2264.010
2264.240
2263.590
2264.370
2263.030
2262.560
2262.030
2262.080
2261.490
2263.300
2261.940
2261.870
2261.970
2262.440
2262.260
2262.190
2262.190
2262.080
2262.570
2261.600
2261.820
2262.510
2262.870
2263.430
2263.490
2264.740
2265.300
2266.080
2264.870
2265.030
2265.660
2266.370
2265.640
2266.620
2267.220
2267.830
2266.770
2266.350
2265.280
2264.140
2264.590
2264.700
2264.310
2265.150
2265.060
2266.930
2266.660
2266.150
2266.780
2267.830
2267.570
2268.060
2267.490
2266.500
2269.160
2268.020
2268.390
2269.820
2269.690
2269.850
2269.980
2270.430
2270.520
2268.490
2268.640
2268.390
2269.530
2268.500
2268.330
2268.900
2269.050
2269.100
2268.630
2269.940
2269.360
2269.780
2271.160
2270.140
2269.330
2270.650
2270.340
2269.860
2270.150
2271.450
2271.420
2273.040
2271.680
2272.190
2272.200
2272.320
2272.510
2271.800
2269.820
2269.360
2269.970
2272.220
2272.780
2273.310
2272.220
2272.680
2274.010
2273.140
2274.750
2275.210
2275.060
2274.230
2275.050
2274.350
2273.370
2274.190
2274.010
2273.390
2274.430
2273.720
2273.140
2274.020
2274.290
2273.100
2273.490
2275.100
2275.900
2275.830
2275.100
2276.630
2277.090
2277.670
2277.560
2278.960
2279.690
2277.690
2276.130
2276.170
2276.280
2276.220
2275.120
2276.480
2276.120
2276.170
2276.360
2277.550
2278.100
2278.080
2277.980
2279.500
2279.590
2279.770
2279.720
2281.020
2281.410
2281.160
2280.400
2280.770
2281.120
2280.360
2280.930
2281.970
2281.370
2282.270
2281.870
2282.220
2281.720
2282.370
2281.420
2281.350
2281.350
2282.770
2281.500
2282.230
2282.140
2282.530
2282.570
2283.020
2282.010
2282.160
2281.820
2282.340
2284.010
2284.430
2285.140
2286.110
2285.880
2287.740
2287.390
2287.670
2287.080
2287.010
2285.120
2284.950
2287.810
2287.850
2288.630
2288.670
2289.850
2288.200
2287.760
2288.700
2287.160
2288.140
2286.880
2288.140
2288.540
2288.660
2290.680
2289.550
2290.700
2289.040
2288.120
2287.940
2287.880
2265.020
2274.320
2276.600
2278.860
2277.600
2279.870
2280.230
2279.030
2279.560
2278.080
2278.660
2277.850
2277.660
2278.070
2278.660
2280.060
2279.230
2279.470
2280.720
2280.350
2279.890
2280.490
2281.530
2282.710
2281.180
2279.340
2279.430
2280.240
2280.810
2281.180
2281.200
2280.100
2281.080
2280.250
2281.340
2281.970
2279.730
2280.260
2281.550
2279.160
2280.770
2281.040
2280.130
2281.740
2282.330
2283.110
2281.430
2282.450
2283.690
2281.690
2281.800
2282.290
2281.050
2280.190
2282.450
2284.430
2282.010
2283.390
2283.240
2282.950
2281.970
2284.770
2282.010
2283.900
2283.390
2284.260
2282.970
2283.530
2282.970
2283.660
2283.940
2284.210
2284.170
2285.590
2285.070
2284.750
2285.960
2286.090
2285.440
2284.460
2285.010
2284.580
2285.390
2284.980
2286.040
2286.720
2286.580
2286.480
2286.940
2286.730
2286.710
2288.170
2288.660
2287.310
2288.750
2287.190
2287.300
2287.980
2287.160
2287.710
2288.890
2290.660
2289.310
2290.470
2289.650
2289.060
2290.760
2289.120
2287.980
2289.130
2288.480
2289.100
2288.500
2289.280
2289.720
2290.540
2291.060
2290.590
2290.690
2289.440
2290.440
2290.810
2288.760
2289.530
2288.170
2287.940
2288.530
2289.790
2289.330
2290.290
2291.540
2290.810
2291.110
2292.080
2291.480
2291.920
2291.320
2291.820
2291.060
2291.460
2290.900
2291.670
2293.740
2293.470
2294.480
2295.510
2294.200
2293.850
2296.030
2295.470
2296.300
2297.710
2296.960
2298.760
2298.060
2298.270
2297.110
2298.000
2296.890
2297.120
2296.950
2296.300
2296.370
2295.540
2295.280
2295.850
2295.090
2295.370
2294.930
2295.440
2296.740
2297.880
2297.330
2297.940
2297.880
2298.970
2299.060
2299.940
2299.770
2300.210
2299.130
2299.750
2300.120
2299.390
2299.730
2299.510
2299.140
2299.080
2301.550
2300.780
2301.000
2301.270
2302.090
2302.290
2302.150
2301.600
2303.350
2305.930
2305.090
2306.820
2306.540
2307.360
2307.460
2306.450
2305.900
2307.410
2305.590
2307.580
2306.350
2306.520
2305.370
2307.160
2309.970
2308.610
2310.650
2308.790
2307.360
2307.400
2307.800
2307.300
2309.400
2308.190
2308.900
2310.570
2310.410
2310.020
2310.310
2309.760
2310.090
2310.450
2309.080
2310.340
2310.220
2311.370
2311.980
2311.930
2314.220
2315.020
2313.830
2313.000
2312.760
2313.830
2312.710
2312.540
2313.160
2313.980
2314.980
2315.230
2312.680
2314.470
2314.340
2315.980
2316.400
2316.480
2313.990
2315.680
2314.100
2316.090
2315.790
2317.130
2318.450
2316.520
2317.390
2318.800
2319.500
2318.090
2320.100
2318.870
2318.420
2318.280
2319.090
2319.280
2319.280
2319.660
2320.540
2321.540
2320.140
2322.590
2320.900
2319.640
2320.090
2319.380
2319.130
2318.630
2317.940
2318.250
2318.180
2318.440
2316.660
2316.800
2318.320
2317.830
2316.260
2317.920
2318.100
2319.380
2319.410
2318.990
2319.380
2318.670
2319.880
2319.270
2318.990
2320.030
2319.860
2320.060
2321.280
2319.610
2320.300
2320.400
2320.140
2319.330
2320.650
2319.640
2321.740
2321.370
2321.370
2320.340
2322.160
2322.470
2323.220
2320.910
2322.050
2322.160
2322.980
2321.730
2321.990
2323.000
2321.510
2321.770
2320.590
2322.110
2321.770
2322.850
2323.070
2321.660
2321.870
2322.080
2323.700
2323.270
2324.830
2324.160
2324.980
2323.490
2325.040
2326.010
2325.820
2325.180
2326.470
2325.580
2326.930
2327.410
2328.160
2328.240
2326.910
2328.570
2328.300
2328.790
2328.430
2328.600
2328.750
2327.860
2328.520
2327.290
2326.990
2327.550
2328.960
2329.030
2329.210
2329.920
2327.880
2329.220
2330.060
2329.880
2330.160
2331.320
2332.290
2333.510
2333.950
2332.260
2333.550
2332.600
2334.190
2334.370
2333.750
2332.780
2333.310
2334.070
2332.510
2333.560
2334.040
2333.160
2333.370
2332.650
2334.520
2333.850
2334.480
2333.260
2334.300
2335.850
2335.080
2335.580
2334.870
2336.490
2336.860
2337.480
2335.760
2335.450
2336.370
2335.610
2333.990
2334.290
2333.200
2333.970
2335.020
2335.600
2334.650
2335.050
2335.240
2335.540
2336.930
2337.320
2336.550
2335.670
2335.830
2336.730
2336.150
2334.540
2335.290
2336.920
2336.410
2335.170
2336.970
2338.170
2337.720
2339.520
2339.530
2341.390
2340.230
2342.210
2342.220
2343.370
2342.630
2342.890
2343.950
2343.070
2342.450
2342.260
2342.080
2343.690
2345.770
2344.820
2345.800
2344.820
2345.500
2345.250
2346.130
2347.480
2346.650
2347.070
2346.930
2345.770
2346.180
2344.330
2344.420
2345.200
2344.840
2342.740
2345.290
2344.530
2344.760
2345.200
2342.730
2343.710
2342.810
2343.110
2342.760
2342.480
2343.490
2343.670
2343.440
2342.360
2341.440
2343.040
2341.790
2340.890
2342.180
2343.060
2342.910
2342.820
2343.190
2343.780
2344.040
2343.660
2342.900
2343.360
2344.140
2343.000
2344.740
2344.880
2344.920
2345.470
2346.480
2346.960
2347.920
2347.010
2347.330
2348.810
2347.490
2347.370
2346.570
2346.740
2346.650
2346.770
2345.950
2346.470
2346.490
2346.690
2347.490
2348.850
2348.140
2349.060
2347.960
2346.890
2347.250
2346.130
2347.490
2348.250
2349.370
2348.210
2349.900
2350.140
2350.680
2352.100
2349.280
2350.530
2350.980
2349.410
2350.560
2351.580
2352.380
2353.200
2352.840
2352.680
2352.590
2352.620
2351.400
2352.730
2354.130
2355.060
2354.090
2353.340
2354.080
2351.530
2351.660
2351.150
2351.870
2351.670
2353.190
2352.730
2352.220
2353.190
2354.310
2353.560
2354.840
2354.870
2354.220
2355.110
2354.670
2355.300
2355.010
2358.140
2359.200
2359.310
2356.610
2355.220
2357.240
2357.130
2357.880
2356.750
2357.800
2357.020
2356.450
2357.540
2355.920
2355.430
2357.750
2356.730
2357.550
2355.310
2355.080
2353.180
2355.250
2354.980
2357.590
2354.670
2354.590
2354.040
2354.620
2353.560
2353.700
2354.600
2352.310
2352.330
2351.920
2352.550
2351.980
2353.040
2353.320
2355.120
2354.870
2355.210
2355.870
2355.520
2353.710
2354.510
2354.740
2352.730
2353.200
2351.910
2351.330
2351.320
2351.910
2352.000
2352.450
2352.090
2353.760
2353.500
2353.750
2354.580
2354.900
2354.410
2354.590
2354.370
2354.480
2351.600
2353.580
2353.620
2353.830
2353.270
2352.780
2353.200
2352.260
2351.910
2351.130
2352.210
2352.070
2351.640
2351.860
2352.730
2353.520
2351.570
2351.100
2350.930
2350.970
2349.690
2351.050
2350.500
2351.590
2351.390
2352.140
2352.140
2353.420
2353.850
2354.800
2354.090
2353.810
2354.820
2356.210
2356.820
2357.200
2359.120
2358.620
2358.620
2358.260
2359.040
2360.140
2359.700
2359.600
2360.970
2361.990
2361.460
2362.790
2362.310
2362.040
2362.910
2362.460
2362.180
2362.350
2364.660
2364.880
2364.670
2363.200
2363.980
2365.790
2367.220
2366.530
2365.480
2365.040
2365.470
2363.290
2363.360
2364.060
2364.470
2364.840
2365.910
2364.950
2365.060
2363.800
2362.840
2363.580
2363.230
2363.920
2363.810
2364.840
2365.280
2365.430
2365.680
2366.700
2364.800
2367.160
2366.140
2366.240
2366.550
