0.17041015625 1
0.185546875 2
0.22509765625 3
0.22900390625 4
0.2353515625 5
0.240966796875 6
0.251953125 7
0.267578125 8
0.275390625 9
0.275390625 10
0.277099609375 11
0.296875 12
0.30908203125 13
0.3193359375 14
0.328125 15
0.3505859375 16
0.3515625 17
0.4287109375 18
0.4951171875 19
0.49853515625 20
0.518218994140625 21
0.5400390625 22
0.5498046875 23
0.5517578125 24
0.697265625 25
0.72271728515625 26
0.7431640625 27
0.779296875 28
0.78759765625 29
0.81640625 30
0.8193359375 31
0.853515625 32
0.89794921875 33
0.951171875 34
0.974609375 35
1.007515549659729 36
1.151123046875 37
1.1630859375 38
1.265625 39
1.2900390625 40
1.318115234375 41
1.398468017578125 42
1.4969482421875 43
1.669921875 44
1.6787109375 45
1.705078125 46
1.71142578125 47
1.7294921875 48
1.7568359375 49
1.765625 50
1.83984375 51
1.8409423828125 52
1.873046875 53
1.927734375 54
2.005615234375 55
2.03271484375 56
2.114501953125 57
2.13671875 58
2.1474609375 59
2.20703125 60
2.2333984375 61
2.283935546875 62
2.383544921875 63
2.4296875 64
2.490234375 65
2.53515625 66
2.6328125 67
2.641357421875 68
2.76806640625 69
2.90234375 70
2.918701171875 71
3.015625 72
3.1396484375 73
3.18212890625 74
3.1845703125 75
3.21435546875 76
3.262939453125 77
3.28125 78
3.3564453125 79
3.537109375 80
3.7567138671875 81
3.8388671875 82
3.8779296875 83
4.1142578125 84
4.231208801269531 85
4.5869140625 86
4.67041015625 87
4.73443603515625 88
4.857421875 89
4.869140625 90
4.88720703125 91
4.91015625 92
5.11328125 93
5.1572265625 94
5.17041015625 95
5.2099609375 96
5.219482421875 97
5.2734375 98
5.3525390625 99
5.75048828125 100
5.7900390625 101
5.896484375 102
5.916015625 103
6.12109375 104
6.1669921875 105
6.6826171875 106
6.97265625 107
7.01953125 108
7.1171875 109
7.1630859375 110
7.17822265625 111
7.2734375 112
7.2734375 113
7.2939453125 114
7.3671875 115
7.4306640625 116
7.4541015625 117
7.513671875 118
7.5791015625 119
7.6240234375 120
7.66748046875 121
7.9296875 122
8.0517578125 123
8.3173828125 124
8.4873046875 125
8.6572265625 126
8.658203125 127
8.7333984375 128
8.8212890625 129
8.943359375 130
8.99169921875 131
9.14501953125 132
9.26416015625 133
9.26708984375 134
9.689453125 135
9.802734375 136
10.1298828125 137
10.60546875 138
10.7509765625 139
10.9794921875 140
11.21875 141
11.365234375 142
11.532470703125 143
12.10693359375 144
12.271240234375 145
12.3671875 146
12.4228515625 147
12.724609375 148
12.806640625 149
13.146240234375 150
13.47802734375 151
13.5107421875 152
13.740234375 153
13.7734375 154
13.91015625 155
13.951171875 156
14.23046875 157
14.47235107421875 158
14.650390625 159
14.671875 160
14.70703125 161
14.8994140625 162
15.1025390625 163
15.41796875 164
15.5625 165
15.70703125 166
15.916015625 167
16.078125 168
16.13671875 169
16.357421875 170
16.49609375 171
16.666015625 172
16.80126953125 173
17.0654296875 174
17.1015625 175
17.732421875 176
17.998046875 177
18.8212890625 178
19.11767578125 179
19.3896484375 180
19.53875732421875 181
20.515625 182
20.5860595703125 183
21.88671875 184
21.9521484375 185
22.50341796875 186
22.5107421875 187
22.721923828125 188
22.79736328125 189
23.1201171875 190
23.2529296875 191
23.6748046875 192
24.072265625 193
24.10498046875 194
24.234375 195
24.593505859375 196
25.8388671875 197
26.1279296875 198
26.8642578125 199
27.2125244140625 200
27.22021484375 201
27.447265625 202
27.66796875 203
27.884765625 204
28.0355224609375 205
28.64794921875 206
28.69140625 207
28.806640625 208
29.94873046875 209
29.99267578125 210
30.20751953125 211
30.638671875 212
31.70556640625 213
32.08892822265625 214
32.177734375 215
32.677734375 216
32.93994140625 217
33.6552734375 218
33.83544921875 219
34.201171875 220
35.146484375 221
35.1826171875 222
35.19189453125 223
35.212890625 224
35.8212890625 225
35.9599609375 226
36.060546875 227
36.333984375 228
36.66357421875 229
37.629638671875 230
37.757080078125 231
37.892578125 232
38.002197265625 233
38.1708984375 234
38.5078125 235
38.803497314453125 236
38.857421875 237
39.162109375 238
39.23046875 239
39.8232421875 240
39.93115234375 241
41.193359375 242
42.7841796875 243
43.1923828125 244
43.79296875 245
45.2137451171875 246
45.755859375 247
46.650390625 248
46.7109375 249
47.1396484375 250
47.193359375 251
47.7041015625 252
48.845703125 253
49.390625 254
50.44482421875 255
52.14599609375 256
52.17138671875 257
52.259765625 258
53.655517578125 259
53.70654296875 260
55.3134765625 261
59.4267578125 262
59.716796875 263
60.361572265625 264
61.205078125 265
63.93798828125 266
71.22998046875 267
71.432373046875 268
75.841796875 269
76.994140625 270
77.6484375 271
78.1611328125 272
80.2578125 273
81.498046875 274
83.7578125 275
86.67431640625 276
86.71875 277
91.6591796875 278
92.248046875 279
93.47888946533203 280
94.55078125 281
95.1767578125 282
96.3369140625 283
96.837890625 284
97.744140625 285
99.83056640625 286
100.36767578125 287
105.549072265625 288
108.5107421875 289
112.27734375 290
115.4287109375 291
126.181396484375 292
126.83203125 293
130.123046875 294
135.2080078125 295
136.8037109375 296
138.2314453125 297
142.86767578125 298
145.212890625 299
148.34716796875 300
157.943359375 301
160.6064453125 302
164.42626953125 303
177.025390625 304
180.640625 305
188.9658203125 306
189.38671875 307
196.873046875 308
198.447265625 309
198.8203125 310
208.11328125 311
209.82958984375 312
211.6318359375 313
233.15380859375 314
236.9140625 315
244.21435546875 316
252.8740234375 317
268.6158447265625 318
273.4755859375 319
276.4947509765625 320
287.400634765625 321
299.33984375 322
