0.17041015625 1
0.22900390625 2
0.251953125 3
0.267578125 4
0.275390625 5
0.277099609375 6
0.296875 7
0.30908203125 8
0.328125 9
0.3515625 10
0.4287109375 11
0.4951171875 12
0.49853515625 13
0.518218994140625 14
0.5400390625 15
0.5517578125 16
0.697265625 17
0.72271728515625 18
0.7431640625 19
0.779296875 20
0.81640625 21
0.8193359375 22
0.853515625 23
0.89794921875 24
0.951171875 25
0.974609375 26
1.007515549659729 27
1.151123046875 28
1.1630859375 29
1.265625 30
1.2900390625 31
1.318115234375 32
1.398468017578125 33
1.4969482421875 34
1.71142578125 35
1.765625 36
1.83984375 37
1.873046875 38
1.927734375 39
2.03271484375 40
2.114501953125 41
2.2333984375 42
2.383544921875 43
2.490234375 44
2.53515625 45
2.641357421875 46
2.76806640625 47
2.90234375 48
2.918701171875 49
3.015625 50
3.1396484375 51
3.21435546875 52
3.262939453125 53
3.3564453125 54
3.537109375 55
3.7567138671875 56
3.8388671875 57
3.8779296875 58
4.67041015625 59
4.73443603515625 60
4.857421875 61
4.869140625 62
4.88720703125 63
4.91015625 64
5.2099609375 65
5.219482421875 66
5.2734375 67
5.3525390625 68
5.75048828125 69
5.7900390625 70
5.896484375 71
5.916015625 72
6.12109375 73
6.6826171875 74
6.97265625 75
7.01953125 76
7.17822265625 77
7.2734375 78
7.2734375 79
7.2939453125 80
7.3671875 81
7.4541015625 82
7.5791015625 83
8.0517578125 84
8.3173828125 85
8.4873046875 86
8.6572265625 87
8.658203125 88
8.8212890625 89
8.943359375 90
8.99169921875 91
9.14501953125 92
9.26416015625 93
9.26708984375 94
9.689453125 95
10.9794921875 96
11.365234375 97
11.532470703125 98
12.10693359375 99
12.3671875 100
12.4228515625 101
12.806640625 102
13.7734375 103
13.91015625 104
13.951171875 105
14.23046875 106
14.70703125 107
16.078125 108
16.357421875 109
16.666015625 110
17.0654296875 111
19.3896484375 112
19.53875732421875 113
20.515625 114
22.50341796875 115
22.5107421875 116
24.072265625 117
24.10498046875 118
24.593505859375 119
26.1279296875 120
26.8642578125 121
27.447265625 122
27.884765625 123
28.64794921875 124
28.69140625 125
32.08892822265625 126
33.6552734375 127
35.146484375 128
35.19189453125 129
35.212890625 130
35.8212890625 131
35.9599609375 132
36.060546875 133
36.333984375 134
37.892578125 135
39.162109375 136
39.23046875 137
39.8232421875 138
39.93115234375 139
43.79296875 140
47.193359375 141
48.845703125 142
52.17138671875 143
59.716796875 144
71.22998046875 145
86.67431640625 146
105.549072265625 147
126.181396484375 148
130.123046875 149
142.86767578125 150
145.212890625 151
148.34716796875 152
164.42626953125 153
198.447265625 154
233.15380859375 155
236.9140625 156
273.4755859375 157
276.4947509765625 158
