0.185546875 1
0.22509765625 2
0.2353515625 3
0.240966796875 4
0.275390625 5
0.3193359375 6
0.3505859375 7
0.5498046875 8
0.78759765625 9
1.669921875 10
1.6787109375 11
1.705078125 12
1.7294921875 13
1.7568359375 14
1.8409423828125 15
2.005615234375 16
2.13671875 17
2.1474609375 18
2.20703125 19
2.283935546875 20
2.4296875 21
2.6328125 22
3.18212890625 23
3.1845703125 24
3.28125 25
4.1142578125 26
4.231208801269531 27
4.5869140625 28
5.11328125 29
5.1572265625 30
5.17041015625 31
6.1669921875 32
7.1171875 33
7.1630859375 34
7.4306640625 35
7.513671875 36
7.6240234375 37
7.66748046875 38
7.9296875 39
8.7333984375 40
9.802734375 41
10.1298828125 42
10.60546875 43
10.7509765625 44
11.21875 45
12.271240234375 46
12.724609375 47
13.146240234375 48
13.47802734375 49
13.5107421875 50
13.740234375 51
14.47235107421875 52
14.650390625 53
14.671875 54
14.8994140625 55
15.1025390625 56
15.41796875 57
15.5625 58
15.70703125 59
15.916015625 60
16.13671875 61
16.49609375 62
16.80126953125 63
17.1015625 64
17.732421875 65
17.998046875 66
18.8212890625 67
19.11767578125 68
20.5860595703125 69
21.88671875 70
21.9521484375 71
22.721923828125 72
22.79736328125 73
23.1201171875 74
23.2529296875 75
23.6748046875 76
24.234375 77
25.8388671875 78
27.2125244140625 79
27.22021484375 80
27.66796875 81
28.0355224609375 82
28.806640625 83
29.94873046875 84
29.99267578125 85
30.20751953125 86
30.638671875 87
31.70556640625 88
32.177734375 89
32.677734375 90
32.93994140625 91
33.83544921875 92
34.201171875 93
35.1826171875 94
36.66357421875 95
37.629638671875 96
37.757080078125 97
38.002197265625 98
38.1708984375 99
38.5078125 100
38.803497314453125 101
38.857421875 102
41.193359375 103
42.7841796875 104
43.1923828125 105
45.2137451171875 106
45.755859375 107
46.650390625 108
46.7109375 109
47.1396484375 110
47.7041015625 111
49.390625 112
50.44482421875 113
52.14599609375 114
52.259765625 115
53.655517578125 116
53.70654296875 117
55.3134765625 118
59.4267578125 119
60.361572265625 120
61.205078125 121
63.93798828125 122
71.432373046875 123
75.841796875 124
76.994140625 125
77.6484375 126
78.1611328125 127
80.2578125 128
81.498046875 129
83.7578125 130
86.71875 131
91.6591796875 132
92.248046875 133
93.47888946533203 134
94.55078125 135
95.1767578125 136
96.3369140625 137
96.837890625 138
97.744140625 139
99.83056640625 140
100.36767578125 141
108.5107421875 142
112.27734375 143
115.4287109375 144
126.83203125 145
135.2080078125 146
136.8037109375 147
138.2314453125 148
157.943359375 149
160.6064453125 150
177.025390625 151
180.640625 152
188.9658203125 153
189.38671875 154
196.873046875 155
198.8203125 156
208.11328125 157
209.82958984375 158
211.6318359375 159
244.21435546875 160
252.8740234375 161
268.6158447265625 162
287.400634765625 163
299.33984375 164
