2.704 1
2.919 2
3.046 3
3.107 4
3.192 5
3.358 6
3.418 7
3.512 8
3.573 9
3.638 10
3.642 11
3.709 12
3.720 13
3.850 14
3.861 15
3.933 16
3.947 17
3.951 18
3.977 19
3.996 20
4.001 21
4.004 22
4.025 23
4.055 24
4.069 25
4.096 26
4.109 27
4.113 28
4.120 29
4.155 30
4.263 31
4.320 32
4.449 33
4.470 34
4.474 35
4.692 36
4.708 37
4.783 38
4.786 39
4.814 40
4.815 41
4.856 42
4.879 43
4.917 44
5.006 45
5.125 46
5.218 47
5.345 48
5.406 49
5.413 50
5.463 51
5.593 52
5.691 53
5.888 54
5.997 55
6.095 56
6.259 57
6.295 58
6.308 59
6.396 60
6.455 61
6.524 62
6.564 63
6.591 64
6.763 65
6.984 66
7.214 67
7.454 68
7.466 69
7.532 70
7.718 71
7.763 72
7.823 73
7.869 74
7.902 75
7.935 76
7.944 77
7.958 78
8.186 79
8.229 80
8.572 81
8.645 82
8.895 83
8.920 84
9.051 85
9.150 86
9.189 87
9.241 88
9.269 89
9.276 90
9.494 91
9.561 92
9.951 93
10.295 94
10.423 95
10.871 96
11.073 97
11.254 98
11.256 99
11.271 100
11.370 101
11.687 102
11.831 103
12.061 104
12.600 105
12.745 106
12.940 107
13.012 108
13.150 109
13.289 110
14.065 111
15.776 112
16.071 113
16.335 114
16.852 115
17.571 116
17.704 117
17.778 118
18.246 119
18.306 120
18.700 121
18.786 122
18.911 123
19.147 124
19.182 125
19.346 126
19.738 127
20.334 128
20.532 129
21.298 130
21.403 131
21.598 132
21.625 133
21.756 134
21.980 135
22.145 136
22.241 137
22.887 138
22.894 139
23.311 140
23.441 141
25.921 142
26.130 143
27.596 144
27.646 145
27.767 146
29.450 147
30.953 148
31.500 149
35.356 150
35.699 151
36.358 152
36.728 153
39.998 154
41.698 155
44.366 156
44.812 157
47.028 158
47.327 159
48.613 160
51.244 161
52.834 162
55.876 163
57.633 164
58.445 165
59.335 166
60.707 167
63.876 168
64.180 169
65.401 170
66.141 171
66.946 172
73.036 173
74.927 174
76.257 175
78.600 176
80.317 177
83.439 178
84.318 179
87.020 180
88.856 181
88.992 182
92.568 183
113.495 184
116.512 185
130.854 186
145.048 187
145.676 188
158.130 189
158.132 190
162.144 191
165.306 192
182.940 193
187.297 194
206.714 195
221.728 196
223.033 197
223.273 198
240.980 199
251.192 200
