1 1
3 2
3 3
3 4
6 5
6 6
6 7
6 8
6 9
7 10
8 11
8 12
8 13
9 14
10 15
10 16
11 17
11 18
12 19
12 20
12 21
12 22
14 23
15 24
15 25
16 26
16 27
18 28
18 29
19 30
20 31
20 32
21 33
21 34
21 35
22 36
22 37
22 38
23 39
23 40
23 41
23 42
23 43
23 44
23 45
24 46
24 47
24 48
24 49
24 50
24 51
25 52
25 53
27 54
27 55
28 56
28 57
28 58
29 59
29 60
30 61
31 62
31 63
31 64
34 65
34 66
35 67
35 68
35 69
35 70
35 71
36 72
36 73
36 74
37 75
37 76
38 77
38 78
39 79
39 80
40 81
40 82
41 83
41 84
42 85
42 86
42 87
43 88
43 89
43 90
43 91
44 92
44 93
44 94
44 95
44 96
44 97
45 98
45 99
45 100
45 101
46 102
46 103
47 104
47 105
48 106
49 107
50 108
50 109
50 110
51 111
51 112
54 113
54 114
55 115
55 116
55 117
55 118
56 119
57 120
57 121
58 122
58 123
59 124
60 125
63 126
63 127
63 128
63 129
65 130
65 131
65 132
65 133
66 134
66 135
66 136
67 137
68 138
68 139
68 140
68 141
68 142
69 143
70 144
70 145
70 146
70 147
71 148
71 149
71 150
71 151
72 152
73 153
73 154
75 155
75 156
75 157
76 158
76 159
76 160
78 161
79 162
80 163
80 164
80 165
80 166
80 167
80 168
81 169
81 170
82 171
82 172
83 173
84 174
85 175
85 176
87 177
87 178
89 179
90 180
90 181
90 182
90 183
90 184
90 185
91 186
92 187
92 188
92 189
93 190
93 191
94 192
94 193
95 194
95 195
96 196
96 197
96 198
97 199
99 200
99 201
100 202
100 203
101 204
101 205
105 206
106 207
107 208
107 209
107 210
107 211
107 212
107 213
107 214
107 215
107 216
107 217
107 218
107 219
107 220
107 221
107 222
107 223
107 224
107 225
107 226
107 227
107 228
107 229
107 230
108 231
108 232
109 233
110 234
114 235
114 236
114 237
115 238
119 239
120 240
120 241
120 242
120 243
122 244
122 245
122 246
122 247
124 248
125 249
126 250
127 251
129 252
130 253
131 254
132 255
133 256
134 257
136 258
137 259
139 260
140 261
142 262
142 263
144 264
146 265
147 266
150 267
150 268
151 269
156 270
156 271
158 272
158 273
160 274
162 275
162 276
162 277
168 278
169 279
174 280
174 281
175 282
176 283
180 284
180 285
183 286
190 287
191 288
191 289
192 290
194 291
198 292
200 293
205 294
206 295
207 296
207 297
212 298
212 299
214 300
215 301
216 302
218 303
219 304
221 305
226 306
230 307
233 308
234 309
237 310
240 311
240 312
241 313
242 314
243 315
248 316
250 317
255 318
261 319
266 320
270 321
270 322
276 323
277 324
278 325
279 326
285 327
290 328
296 329
296 330
298 331
301 332
302 333
309 334
311 335
314 336
321 337
334 338
334 339
340 340
344 341
346 342
346 343
346 344
350 345
350 346
360 347
366 348
368 349
371 350
371 351
371 352
371 353
371 354
371 355
371 356
371 357
371 358
371 359
372 360
382 361
383 362
384 363
394 364
394 365
395 366
396 367
398 368
401 369
405 370
417 371
417 372
425 373
436 374
438 375
444 376
450 377
450 378
456 379
462 380
465 381
478 382
491 383
491 384
497 385
508 386
511 387
517 388
526 389
534 390
536 391
536 392
538 393
541 394
546 395
550 396
554 397
566 398
578 399
615 400
618 401
620 402
621 403
636 404
638 405
640 406
646 407
650 408
661 409
662 410
663 411
671 412
671 413
699 414
710 415
714 416
727 417
729 418
736 419
750 420
750 421
760 422
763 423
778 424
814 425
818 426
821 427
825 428
831 429
884 430
889 431
891 432
911 433
915 434
946 435
956 436
958 437
978 438
984 439
1000 440
1000 441
1001 442
1023 443
1044 444
1056 445
1060 446
1065 447
1067 448
1074 449
1075 450
1092 451
1094 452
1100 453
1118 454
1123 455
1145 456
1167 457
1175 458
1178 459
1183 460
1198 461
1198 462
1224 463
1226 464
1246 465
1248 466
1261 467
1263 468
1272 469
1278 470
1288 471
1294 472
1317 473
1329 474
1336 475
1360 476
1361 477
1369 478
1403 479
1405 480
1406 481
1415 482
1426 483
1435 484
1452 485
1469 486
1471 487
1495 488
1500 489
1504 490
1526 491
1551 492
1556 493
1575 494
1584 495
1625 496
1639 497
1642 498
1645 499
1694 500
1705 501
1725 502
1737 503
1771 504
1803 505
1806 506
1819 507
1866 508
1913 509
1922 510
1958 511
1976 512
1992 513
1996 514
2047 515
2056 516
2061 517
2091 518
2111 519
2130 520
2165 521
2252 522
2339 523
2492 524
2500 525
2640 526
2796 527
3027 528
3377 529
3779 530
3960 531
3999 532
4095 533
4382 534
4853 535
5077 536
5732 537
5987 538
7842 539
