0 1
1 2
2 3
3 4
3 5
3 6
4 7
4 8
4 9
4 10
5 11
6 12
6 13
6 14
6 15
6 16
6 17
7 18
7 19
7 20
7 21
7 22
8 23
8 24
8 25
9 26
9 27
10 28
10 29
10 30
10 31
10 32
11 33
11 34
11 35
11 36
11 37
11 38
11 39
12 40
12 41
12 42
12 43
12 44
12 45
13 46
14 47
14 48
14 49
14 50
14 51
15 52
15 53
15 54
15 55
15 56
15 57
15 58
15 59
15 60
15 61
15 62
16 63
16 64
16 65
16 66
16 67
16 68
16 69
16 70
18 71
18 72
18 73
18 74
18 75
19 76
19 77
20 78
20 79
20 80
20 81
20 82
21 83
21 84
21 85
21 86
21 87
22 88
22 89
22 90
22 91
22 92
22 93
23 94
23 95
23 96
23 97
23 98
24 99
24 100
24 101
24 102
24 103
24 104
24 105
25 106
26 107
26 108
26 109
26 110
27 111
27 112
27 113
28 114
29 115
29 116
29 117
30 118
30 119
31 120
31 121
31 122
31 123
31 124
31 125
32 126
32 127
32 128
32 129
32 130
32 131
32 132
33 133
33 134
34 135
34 136
34 137
34 138
34 139
34 140
35 141
35 142
35 143
35 144
36 145
36 146
37 147
37 148
37 149
38 150
38 151
38 152
39 153
39 154
39 155
39 156
40 157
40 158
40 159
40 160
40 161
41 162
41 163
41 164
41 165
41 166
43 167
43 168
43 169
43 170
44 171
44 172
44 173
44 174
44 175
44 176
44 177
45 178
45 179
47 180
48 181
48 182
49 183
50 184
50 185
50 186
50 187
50 188
50 189
50 190
51 191
51 192
52 193
52 194
53 195
53 196
53 197
54 198
54 199
55 200
55 201
55 202
55 203
55 204
55 205
57 206
57 207
58 208
58 209
58 210
58 211
59 212
59 213
60 214
62 215
62 216
62 217
62 218
63 219
63 220
63 221
64 222
65 223
65 224
65 225
65 226
65 227
66 228
66 229
66 230
66 231
67 232
67 233
68 234
68 235
69 236
70 237
70 238
71 239
71 240
72 241
72 242
73 243
74 244
74 245
75 246
75 247
75 248
76 249
77 250
77 251
77 252
78 253
79 254
79 255
80 256
80 257
80 258
81 259
81 260
81 261
84 262
85 263
85 264
85 265
86 266
86 267
87 268
88 269
88 270
88 271
88 272
88 273
89 274
90 275
90 276
92 277
92 278
93 279
93 280
95 281
96 282
96 283
97 284
97 285
97 286
98 287
98 288
99 289
99 290
99 291
100 292
100 293
100 294
100 295
101 296
103 297
105 298
106 299
107 300
107 301
107 302
107 303
107 304
107 305
107 306
107 307
107 308
107 309
107 310
107 311
107 312
107 313
107 314
107 315
107 316
107 317
107 318
107 319
107 320
107 321
108 322
108 323
109 324
109 325
109 326
110 327
110 328
114 329
114 330
114 331
115 332
119 333
120 334
120 335
120 336
120 337
121 338
121 339
121 340
121 341
122 342
122 343
122 344
123 345
125 346
127 347
127 348
127 349
130 350
131 351
131 352
131 353
131 354
131 355
132 356
132 357
132 358
132 359
133 360
133 361
133 362
133 363
134 364
139 365
139 366
140 367
140 368
142 369
143 370
143 371
143 372
143 373
144 374
145 375
145 376
147 377
150 378
150 379
153 380
153 381
154 382
154 383
154 384
154 385
155 386
156 387
156 388
158 389
158 390
163 391
164 392
165 393
165 394
165 395
165 396
167 397
175 398
175 399
176 400
176 401
176 402
176 403
178 404
180 405
184 406
185 407
186 408
186 409
187 410
187 411
187 412
187 413
190 414
190 415
191 416
193 417
193 418
196 419
197 420
198 421
198 422
198 423
198 424
200 425
202 426
202 427
205 428
206 429
208 430
209 431
209 432
209 433
209 434
213 435
215 436
219 437
219 438
219 439
219 440
220 441
220 442
220 443
220 444
220 445
229 446
229 447
230 448
231 449
231 450
231 451
231 452
234 453
234 454
237 455
240 456
241 457
241 458
242 459
242 460
242 461
242 462
244 463
247 464
250 465
252 466
253 467
253 468
253 469
253 470
255 471
262 472
263 473
263 474
264 475
264 476
264 477
273 478
274 479
274 480
275 481
277 482
279 483
280 484
286 485
286 486
286 487
286 488
292 489
295 490
298 491
311 492
316 493
320 494
332 495
350 496
351 497
372 498
383 499
450 500
466 501
511 502
550 503
627 504
750 505
1000 506
1500 507
