0.000 1
0.001 2
0.001 3
0.001 4
0.001 5
0.001 6
0.001 7
0.001 8
0.001 9
0.001 10
0.001 11
0.001 12
0.001 13
0.001 14
0.001 15
0.001 16
0.001 17
0.001 18
0.001 19
0.001 20
0.001 21
0.001 22
0.001 23
0.001 24
0.049 25
0.052 26
0.069 27
0.069 28
0.097 29
0.104 30
0.110 31
0.112 32
0.115 33
0.122 34
0.144 35
0.155 36
0.166 37
0.168 38
0.196 39
0.200 40
0.202 41
0.205 42
0.218 43
0.222 44
0.226 45
0.234 46
0.236 47
0.237 48
0.238 49
0.241 50
0.241 51
0.243 52
0.246 53
0.246 54
0.253 55
0.269 56
0.272 57
0.285 58
0.287 59
0.292 60
0.302 61
0.305 62
0.310 63
0.315 64
0.332 65
0.332 66
0.340 67
0.343 68
0.353 69
0.355 70
0.368 71
0.375 72
0.377 73
0.387 74
0.393 75
0.393 76
0.394 77
0.396 78
0.397 79
0.400 80
0.413 81
0.416 82
0.421 83
0.422 84
0.425 85
0.426 86
0.435 87
0.438 88
0.442 89
0.444 90
0.445 91
0.448 92
0.451 93
0.454 94
0.469 95
0.501 96
0.506 97
0.511 98
0.512 99
0.524 100
0.529 101
0.533 102
0.538 103
0.555 104
0.571 105
0.572 106
0.572 107
0.577 108
0.595 109
0.604 110
0.628 111
0.633 112
0.633 113
0.639 114
0.664 115
0.687 116
0.695 117
0.697 118
0.705 119
0.718 120
0.719 121
0.737 122
0.752 123
0.755 124
0.760 125
0.767 126
0.770 127
0.782 128
0.788 129
0.797 130
0.815 131
0.818 132
0.820 133
0.821 134
0.823 135
0.839 136
0.857 137
0.864 138
0.884 139
0.895 140
0.901 141
0.907 142
0.920 143
0.963 144
0.971 145
0.975 146
0.988 147
0.993 148
0.994 149
0.997 150
1.004 151
1.009 152
1.009 153
1.011 154
1.016 155
1.021 156
1.052 157
1.057 158
1.061 159
1.077 160
1.080 161
1.087 162
1.113 163
1.121 164
1.127 165
1.134 166
1.139 167
1.146 168
1.147 169
1.154 170
1.154 171
1.157 172
1.169 173
1.173 174
1.196 175
1.205 176
1.254 177
1.265 178
1.266 179
1.274 180
1.300 181
1.348 182
1.359 183
1.362 184
1.368 185
1.371 186
1.382 187
1.402 188
1.405 189
1.415 190
1.417 191
1.425 192
1.433 193
1.434 194
1.447 195
1.454 196
1.458 197
1.460 198
1.461 199
1.463 200
1.469 201
1.475 202
1.479 203
1.482 204
1.485 205
1.485 206
1.489 207
1.499 208
1.500 209
1.516 210
1.519 211
1.519 212
1.519 213
1.521 214
1.524 215
1.528 216
1.531 217
1.532 218
1.539 219
1.545 220
1.546 221
1.546 222
1.548 223
1.549 224
1.557 225
1.559 226
1.560 227
1.572 228
1.573 229
1.574 230
1.576 231
1.577 232
1.578 233
1.582 234
1.584 235
1.587 236
1.588 237
1.589 238
1.596 239
1.596 240
1.597 241
1.600 242
1.602 243
1.602 244
1.604 245
1.605 246
1.605 247
1.607 248
1.609 249
1.609 250
1.610 251
1.612 252
1.613 253
1.614 254
1.615 255
1.616 256
1.629 257
1.630 258
1.631 259
1.632 260
1.635 261
1.645 262
1.651 263
1.656 264
1.675 265
1.705 266
1.714 267
1.717 268
1.725 269
1.759 270
1.765 271
1.769 272
1.810 273
1.817 274
1.825 275
1.839 276
1.853 277
1.917 278
1.984 279
1.988 280
2.024 281
2.031 282
2.069 283
2.160 284
2.205 285
2.237 286
2.287 287
2.296 288
2.324 289
2.453 290
2.492 291
2.522 292
2.522 293
2.534 294
2.635 295
2.730 296
2.828 297
2.843 298
2.921 299
2.961 300
2.996 301
3.155 302
3.173 303
3.228 304
3.265 305
3.275 306
3.281 307
3.283 308
3.326 309
3.358 310
3.358 311
3.373 312
3.392 313
3.474 314
3.494 315
3.516 316
3.525 317
3.540 318
3.572 319
3.593 320
3.683 321
3.708 322
3.724 323
3.790 324
3.802 325
3.818 326
3.884 327
4.252 328
4.325 329
4.382 330
4.414 331
4.427 332
4.473 333
4.493 334
4.499 335
4.550 336
4.569 337
4.593 338
4.611 339
4.645 340
4.687 341
4.768 342
4.856 343
4.906 344
4.928 345
5.235 346
5.252 347
5.330 348
5.337 349
5.475 350
5.524 351
5.567 352
5.596 353
5.704 354
5.776 355
6.201 356
6.318 357
6.443 358
6.500 359
6.605 360
6.626 361
6.881 362
7.017 363
7.040 364
7.045 365
7.192 366
7.210 367
7.243 368
7.276 369
7.277 370
7.414 371
7.446 372
7.604 373
7.621 374
7.782 375
7.871 376
8.102 377
8.110 378
8.157 379
8.457 380
8.476 381
8.484 382
8.755 383
9.066 384
9.169 385
9.180 386
9.479 387
9.565 388
9.982 389
10.107 390
10.764 391
10.839 392
10.905 393
11.079 394
11.442 395
11.764 396
11.853 397
12.099 398
12.203 399
12.504 400
12.599 401
12.647 402
12.785 403
13.051 404
13.207 405
13.239 406
13.276 407
14.510 408
14.736 409
14.957 410
15.483 411
15.918 412
16.113 413
16.624 414
17.449 415
17.776 416
17.941 417
18.401 418
19.020 419
20.125 420
20.482 421
20.571 422
20.680 423
20.754 424
20.829 425
20.898 426
21.026 427
21.703 428
22.146 429
24.164 430
24.418 431
25.551 432
26.987 433
28.716 434
30.118 435
30.165 436
31.293 437
32.251 438
32.478 439
32.815 440
36.651 441
36.793 442
37.427 443
38.454 444
38.474 445
42.173 446
43.056 447
43.319 448
43.487 449
45.909 450
48.161 451
48.971 452
49.314 453
52.283 454
53.163 455
53.307 456
53.471 457
54.285 458
57.857 459
60.452 460
62.190 461
64.710 462
67.717 463
76.644 464
78.078 465
79.524 466
83.159 467
84.765 468
89.179 469
93.049 470
96.790 471
100.173 472
105.618 473
108.599 474
108.746 475
118.923 476
123.841 477
124.207 478
126.181 479
126.828 480
134.353 481
142.669 482
145.647 483
153.070 484
154.264 485
155.690 486
156.160 487
158.199 488
165.070 489
177.050 490
178.460 491
186.381 492
189.843 493
190.656 494
211.922 495
213.144 496
242.224 497
254.949 498
269.716 499
276.031 500
277.562 501
280.513 502
282.485 503
286.388 504
289.456 505
296.123 506
300.765 507
302.585 508
313.556 509
318.612 510
328.251 511
337.937 512
339.376 513
340.514 514
365.989 515
380.661 516
381.338 517
388.757 518
392.887 519
396.171 520
402.495 521
431.191 522
454.368 523
485.731 524
514.429 525
514.926 526
537.180 527
550.187 528
608.674 529
618.499 530
620.526 531
626.442 532
653.694 533
660.067 534
664.169 535
683.295 536
684.578 537
734.901 538
744.023 539
779.128 540
805.148 541
933.189 542
975.218 543
978.739 544
984.680 545
1093.115 546
1100.784 547
1105.109 548
1225.913 549
1253.284 550
1330.422 551
1348.770 552
1452.142 553
1461.588 554
1557.359 555
1594.214 556
1740.515 557
1799.426 558
