0.004 1
0.005 2
0.006 3
0.008 4
0.010 5
0.012 6
0.012 7
0.013 8
0.013 9
0.015 10
0.017 11
0.018 12
0.018 13
0.018 14
0.018 15
0.019 16
0.021 17
0.022 18
0.022 19
0.023 20
0.024 21
0.026 22
0.026 23
0.029 24
0.029 25
0.030 26
0.030 27
0.031 28
0.032 29
0.032 30
0.033 31
0.034 32
0.036 33
0.036 34
0.036 35
0.037 36
0.039 37
0.039 38
0.040 39
0.041 40
0.041 41
0.041 42
0.042 43
0.042 44
0.044 45
0.045 46
0.046 47
0.048 48
0.049 49
0.049 50
0.049 51
0.049 52
0.053 53
0.053 54
0.054 55
0.055 56
0.056 57
0.059 58
0.060 59
0.060 60
0.061 61
0.062 62
0.062 63
0.062 64
0.064 65
0.064 66
0.066 67
0.068 68
0.069 69
0.070 70
0.071 71
0.071 72
0.072 73
0.073 74
0.073 75
0.074 76
0.076 77
0.076 78
0.076 79
0.077 80
0.077 81
0.079 82
0.082 83
0.082 84
0.089 85
0.093 86
0.095 87
0.097 88
0.098 89
0.101 90
0.101 91
0.102 92
0.103 93
0.109 94
0.109 95
0.110 96
0.110 97
0.111 98
0.114 99
0.114 100
0.119 101
0.125 102
0.126 103
0.129 104
0.150 105
0.150 106
0.153 107
0.157 108
0.157 109
0.168 110
0.171 111
0.172 112
0.174 113
0.175 114
0.176 115
0.188 116
0.191 117
0.191 118
0.193 119
0.196 120
0.198 121
0.199 122
0.199 123
0.211 124
0.212 125
0.215 126
0.216 127
0.224 128
0.230 129
0.232 130
0.242 131
0.256 132
0.258 133
0.267 134
0.272 135
0.277 136
0.278 137
0.284 138
0.289 139
0.292 140
0.303 141
0.304 142
0.325 143
0.334 144
0.355 145
0.355 146
0.380 147
0.381 148
0.388 149
0.390 150
0.392 151
0.394 152
0.399 153
0.399 154
0.408 155
0.431 156
0.443 157
0.443 158
0.459 159
0.462 160
0.473 161
0.481 162
0.498 163
0.504 164
0.505 165
0.507 166
0.530 167
0.548 168
0.551 169
0.555 170
0.562 171
0.622 172
0.667 173
0.673 174
0.728 175
0.745 176
0.745 177
0.746 178
0.757 179
0.759 180
0.762 181
0.768 182
0.777 183
0.794 184
0.812 185
0.819 186
0.831 187
0.839 188
0.851 189
0.852 190
0.854 191
0.858 192
0.872 193
0.944 194
0.987 195
0.999 196
1.005 197
1.007 198
1.016 199
1.099 200
1.099 201
1.107 202
1.135 203
1.154 204
1.155 205
1.195 206
1.211 207
1.233 208
1.250 209
1.271 210
1.302 211
1.306 212
1.316 213
1.320 214
1.328 215
1.393 216
1.457 217
1.492 218
1.505 219
1.509 220
1.589 221
1.639 222
1.754 223
1.765 224
1.788 225
1.803 226
1.832 227
1.835 228
1.850 229
1.878 230
1.884 231
1.905 232
1.911 233
1.937 234
2.024 235
2.042 236
2.167 237
2.236 238
2.238 239
2.270 240
2.375 241
2.443 242
2.451 243
2.522 244
2.536 245
2.579 246
2.590 247
2.592 248
2.642 249
2.653 250
2.682 251
2.886 252
2.966 253
3.109 254
3.110 255
3.125 256
3.311 257
3.343 258
3.402 259
3.519 260
3.734 261
3.758 262
3.790 263
3.984 264
4.185 265
4.205 266
4.223 267
4.262 268
4.684 269
4.725 270
5.187 271
5.211 272
5.391 273
5.421 274
5.464 275
5.467 276
5.544 277
5.606 278
5.841 279
5.910 280
5.962 281
6.040 282
6.174 283
6.176 284
6.192 285
6.390 286
6.575 287
6.623 288
6.807 289
6.923 290
6.978 291
7.008 292
7.320 293
7.412 294
7.532 295
7.656 296
8.272 297
8.453 298
8.659 299
8.845 300
9.157 301
9.437 302
9.939 303
10.071 304
10.100 305
10.663 306
11.107 307
11.333 308
11.485 309
12.387 310
12.581 311
12.583 312
12.635 313
12.649 314
13.063 315
13.195 316
13.459 317
13.582 318
13.996 319
14.009 320
14.496 321
14.529 322
15.106 323
15.988 324
16.384 325
16.736 326
17.098 327
17.331 328
17.662 329
17.676 330
18.208 331
18.956 332
19.424 333
19.931 334
20.143 335
20.415 336
20.869 337
21.611 338
21.870 339
22.631 340
23.246 341
23.498 342
23.992 343
26.550 344
26.755 345
27.071 346
27.221 347
27.342 348
28.501 349
28.518 350
29.081 351
29.274 352
30.173 353
30.690 354
32.013 355
33.837 356
33.951 357
33.978 358
34.470 359
35.439 360
35.951 361
37.503 362
38.993 363
40.412 364
43.617 365
44.143 366
44.381 367
44.661 368
48.436 369
50.522 370
52.444 371
52.494 372
53.260 373
53.809 374
56.247 375
56.722 376
57.074 377
58.629 378
58.694 379
59.990 380
61.258 381
62.451 382
63.830 383
64.612 384
65.739 385
66.522 386
71.044 387
72.699 388
74.682 389
74.828 390
75.465 391
75.601 392
77.021 393
83.500 394
83.780 395
86.128 396
86.667 397
93.175 398
95.963 399
99.674 400
101.810 401
103.440 402
110.762 403
110.873 404
113.377 405
117.167 406
118.203 407
118.554 408
118.575 409
119.588 410
119.600 411
124.280 412
130.545 413
134.882 414
138.172 415
149.286 416
152.596 417
152.877 418
153.407 419
158.693 420
161.504 421
172.902 422
174.099 423
179.885 424
181.198 425
183.001 426
186.584 427
187.889 428
202.848 429
205.288 430
205.660 431
207.553 432
210.367 433
217.355 434
220.839 435
223.166 436
228.210 437
234.036 438
235.240 439
247.167 440
265.728 441
269.669 442
290.728 443
292.026 444
296.924 445
314.909 446
314.924 447
315.370 448
325.644 449
336.883 450
338.808 451
348.846 452
350.304 453
351.739 454
352.220 455
357.239 456
361.414 457
364.220 458
364.659 459
367.907 460
376.230 461
379.777 462
384.631 463
412.994 464
414.805 465
415.968 466
429.936 467
437.565 468
438.669 469
451.304 470
458.923 471
467.276 472
472.316 473
482.483 474
500.132 475
500.229 476
536.130 477
550.014 478
550.809 479
566.425 480
606.118 481
611.909 482
625.435 483
629.528 484
639.581 485
646.983 486
671.008 487
676.116 488
677.320 489
678.726 490
688.464 491
708.032 492
711.456 493
734.271 494
735.579 495
737.438 496
745.184 497
763.426 498
837.596 499
908.475 500
1004.291 501
1132.817 502
1146.605 503
1157.075 504
1172.377 505
1232.605 506
1237.233 507
1271.963 508
1295.002 509
1314.623 510
1331.156 511
1335.380 512
1353.428 513
1373.545 514
1468.167 515
1495.007 516
1497.579 517
1521.420 518
1567.978 519
1581.765 520
1624.516 521
1692.556 522
1698.642 523
1794.401 524
1800.298 525
1800.299 526
1800.350 527
1800.621 528
1800.655 529
1800.811 530
1800.904 531
1801.156 532
1801.174 533
1801.273 534
1801.878 535
1802.001 536
1802.140 537
1802.299 538
1802.364 539
1802.609 540
1802.854 541
1802.938 542
1803.183 543
1803.849 544
1804.844 545
1805.289 546
1805.436 547
1805.884 548
1806.042 549
1806.066 550
1806.544 551
1807.508 552
1809.577 553
