0.004 1
0.006 2
0.013 3
0.017 4
0.017 5
0.017 6
0.018 7
0.018 8
0.021 9
0.022 10
0.022 11
0.024 12
0.024 13
0.024 14
0.026 15
0.029 16
0.029 17
0.029 18
0.030 19
0.030 20
0.030 21
0.030 22
0.033 23
0.034 24
0.035 25
0.036 26
0.037 27
0.037 28
0.037 29
0.038 30
0.039 31
0.039 32
0.040 33
0.040 34
0.042 35
0.042 36
0.042 37
0.043 38
0.043 39
0.043 40
0.045 41
0.045 42
0.046 43
0.049 44
0.049 45
0.051 46
0.051 47
0.051 48
0.052 49
0.053 50
0.054 51
0.054 52
0.056 53
0.057 54
0.058 55
0.058 56
0.060 57
0.060 58
0.061 59
0.061 60
0.062 61
0.064 62
0.064 63
0.065 64
0.065 65
0.065 66
0.066 67
0.068 68
0.068 69
0.071 70
0.071 71
0.071 72
0.073 73
0.074 74
0.076 75
0.078 76
0.078 77
0.081 78
0.089 79
0.090 80
0.090 81
0.090 82
0.092 83
0.092 84
0.093 85
0.094 86
0.095 87
0.099 88
0.102 89
0.102 90
0.104 91
0.107 92
0.109 93
0.109 94
0.110 95
0.111 96
0.113 97
0.113 98
0.116 99
0.120 100
0.124 101
0.128 102
0.130 103
0.132 104
0.136 105
0.137 106
0.137 107
0.137 108
0.138 109
0.139 110
0.146 111
0.147 112
0.147 113
0.147 114
0.150 115
0.152 116
0.155 117
0.156 118
0.156 119
0.158 120
0.161 121
0.162 122
0.171 123
0.171 124
0.177 125
0.181 126
0.183 127
0.184 128
0.189 129
0.197 130
0.198 131
0.199 132
0.200 133
0.216 134
0.219 135
0.224 136
0.226 137
0.231 138
0.231 139
0.241 140
0.241 141
0.249 142
0.256 143
0.257 144
0.259 145
0.261 146
0.268 147
0.270 148
0.272 149
0.280 150
0.280 151
0.294 152
0.294 153
0.294 154
0.295 155
0.299 156
0.304 157
0.318 158
0.336 159
0.338 160
0.351 161
0.359 162
0.361 163
0.362 164
0.363 165
0.369 166
0.384 167
0.386 168
0.391 169
0.395 170
0.397 171
0.401 172
0.406 173
0.412 174
0.425 175
0.425 176
0.440 177
0.442 178
0.444 179
0.446 180
0.449 181
0.452 182
0.456 183
0.462 184
0.469 185
0.481 186
0.493 187
0.503 188
0.508 189
0.516 190
0.525 191
0.526 192
0.529 193
0.534 194
0.568 195
0.616 196
0.639 197
0.643 198
0.652 199
0.654 200
0.670 201
0.676 202
0.682 203
0.690 204
0.694 205
0.727 206
0.727 207
0.734 208
0.734 209
0.754 210
0.774 211
0.801 212
0.804 213
0.830 214
0.836 215
0.841 216
0.843 217
0.843 218
0.859 219
0.876 220
0.882 221
0.919 222
0.987 223
0.991 224
0.998 225
1.017 226
1.019 227
1.032 228
1.103 229
1.135 230
1.145 231
1.146 232
1.159 233
1.165 234
1.169 235
1.181 236
1.208 237
1.221 238
1.223 239
1.232 240
1.251 241
1.252 242
1.274 243
1.313 244
1.461 245
1.498 246
1.515 247
1.581 248
1.624 249
1.646 250
1.656 251
1.687 252
1.711 253
1.746 254
1.757 255
1.768 256
1.828 257
1.943 258
1.994 259
2.055 260
2.079 261
2.129 262
2.143 263
2.196 264
2.229 265
2.233 266
2.240 267
2.260 268
2.366 269
2.426 270
2.444 271
2.455 272
2.479 273
2.520 274
2.541 275
2.576 276
2.596 277
2.613 278
2.679 279
2.714 280
2.739 281
2.747 282
2.801 283
2.852 284
2.892 285
2.906 286
2.942 287
2.988 288
3.076 289
3.112 290
3.128 291
3.187 292
3.195 293
3.202 294
3.264 295
3.275 296
3.275 297
3.393 298
3.414 299
3.458 300
3.522 301
3.539 302
3.555 303
3.645 304
3.654 305
3.730 306
3.844 307
3.957 308
4.191 309
4.234 310
4.284 311
4.340 312
4.398 313
4.570 314
4.647 315
4.694 316
4.779 317
4.899 318
4.910 319
4.976 320
5.041 321
5.075 322
5.091 323
5.174 324
5.281 325
5.339 326
5.342 327
5.462 328
5.491 329
5.585 330
5.752 331
5.756 332
5.909 333
6.112 334
6.165 335
6.268 336
6.316 337
6.402 338
6.459 339
6.625 340
6.989 341
7.143 342
7.162 343
7.544 344
7.569 345
7.696 346
7.766 347
7.771 348
7.903 349
7.962 350
7.980 351
8.087 352
8.140 353
8.220 354
8.621 355
8.842 356
8.894 357
9.013 358
9.096 359
9.355 360
9.405 361
9.478 362
9.653 363
9.703 364
9.811 365
10.076 366
11.333 367
11.359 368
11.402 369
11.585 370
11.862 371
11.957 372
12.018 373
12.157 374
12.328 375
13.158 376
13.322 377
14.456 378
14.943 379
15.110 380
15.627 381
15.651 382
15.835 383
16.101 384
16.442 385
16.710 386
16.761 387
17.200 388
17.386 389
17.753 390
17.768 391
18.013 392
18.422 393
18.456 394
18.745 395
18.788 396
18.848 397
19.011 398
19.449 399
19.995 400
20.174 401
20.195 402
20.236 403
20.248 404
20.508 405
20.586 406
20.947 407
21.097 408
23.831 409
25.431 410
26.910 411
26.960 412
28.127 413
28.494 414
29.135 415
29.398 416
29.540 417
29.617 418
30.806 419
31.076 420
31.645 421
32.058 422
32.368 423
32.881 424
33.134 425
33.739 426
36.360 427
36.821 428
40.244 429
42.227 430
43.746 431
44.208 432
44.439 433
45.638 434
47.175 435
50.451 436
51.481 437
52.639 438
54.425 439
54.804 440
56.357 441
56.735 442
57.757 443
57.957 444
57.968 445
60.640 446
64.311 447
65.016 448
65.521 449
67.948 450
74.863 451
77.765 452
81.404 453
84.024 454
86.343 455
92.426 456
93.337 457
93.700 458
96.505 459
102.068 460
102.637 461
112.426 462
116.681 463
118.102 464
121.962 465
125.709 466
127.844 467
138.858 468
141.999 469
146.258 470
149.211 471
153.782 472
155.114 473
155.357 474
162.303 475
183.653 476
184.815 477
191.941 478
193.286 479
197.716 480
197.841 481
198.376 482
201.571 483
218.921 484
222.077 485
227.747 486
240.772 487
245.211 488
281.864 489
289.755 490
295.281 491
300.454 492
309.812 493
313.320 494
321.466 495
321.654 496
327.782 497
340.082 498
350.516 499
362.092 500
380.214 501
383.337 502
383.386 503
395.450 504
396.026 505
403.714 506
419.926 507
436.420 508
450.212 509
555.832 510
559.622 511
567.126 512
586.914 513
588.149 514
589.703 515
613.302 516
640.781 517
697.330 518
733.973 519
738.986 520
833.136 521
949.465 522
1083.683 523
1140.201 524
1191.924 525
1432.354 526
1432.574 527
1512.120 528
1543.565 529
1797.010 530
