0.003668546676635742 1
0.0041158199310302734 2
0.004270076751708984 3
0.0043261051177978516 4
0.00436711311340332 5
0.004538297653198242 6
0.0048236846923828125 7
0.0049517154693603516 8
0.0050811767578125 9
0.0051119327545166016 10
0.00520634651184082 11
0.0052356719970703125 12
0.005282163619995117 13
0.00542140007019043 14
0.005446434020996094 15
0.005641937255859375 16
0.0056421756744384766 17
0.005681037902832031 18
0.006120443344116211 19
0.00614166259765625 20
0.006156206130981445 21
0.006181240081787109 22
0.006256103515625 23
0.006398916244506836 24
0.006526470184326172 25
0.006696462631225586 26
0.006872892379760742 27
0.006994962692260742 28
0.007087230682373047 29
0.0072557926177978516 30
0.0072629451751708984 31
0.007395744323730469 32
0.0073986053466796875 33
0.0074920654296875 34
0.007535696029663086 35
0.007952213287353516 36
0.0081329345703125 37
0.00827479362487793 38
0.00861668586730957 39
0.00865626335144043 40
0.008964776992797852 41
0.009373188018798828 42
0.009608030319213867 43
0.009679555892944336 44
0.009971141815185547 45
0.010126352310180664 46
0.010409355163574219 47
0.010508060455322266 48
0.010643959045410156 49
0.011130571365356445 50
0.01156306266784668 51
0.011786460876464844 52
0.011877059936523438 53
0.01215219497680664 54
0.012768983840942383 55
0.012902498245239258 56
0.013177633285522461 57
0.013312339782714844 58
0.013587474822998047 59
0.013750553131103516 60
0.014139890670776367 61
0.01415395736694336 62
0.014296293258666992 63
0.014359235763549805 64
0.014384984970092773 65
0.014544963836669922 66
0.014646768569946289 67
0.014670372009277344 68
0.014698266983032227 69
0.014954090118408203 70
0.015019893646240234 71
0.015074729919433594 72
0.01518869400024414 73
0.015296697616577148 74
0.015326976776123047 75
0.015341520309448242 76
0.015410900115966797 77
0.015499353408813477 78
0.01569843292236328 79
0.01594710350036621 80
0.015993595123291016 81
0.016017675399780273 82
0.016156911849975586 83
0.016454458236694336 84
0.01675868034362793 85
0.01691913604736328 86
0.017287492752075195 87
0.017425060272216797 88
0.017499208450317383 89
0.01763629913330078 90
0.017710208892822266 91
0.018352746963500977 92
0.01854729652404785 93
0.018769264221191406 94
0.01883697509765625 95
0.018961668014526367 96
0.018975019454956055 97
0.019150257110595703 98
0.019249677658081055 99
0.019304275512695312 100
0.019820451736450195 101
0.019921064376831055 102
0.01995086669921875 103
0.019988536834716797 104
0.02014756202697754 105
0.020165443420410156 106
0.020496606826782227 107
0.02051687240600586 108
0.02057814598083496 109
0.02075338363647461 110
0.020888090133666992 111
0.021013259887695312 112
0.02104783058166504 113
0.021062850952148438 114
0.021085500717163086 115
0.02113199234008789 116
0.021465539932250977 117
0.021580219268798828 118
0.021600961685180664 119
0.02165532112121582 120
0.021702051162719727 121
0.0218353271484375 122
0.021918535232543945 123
0.021935224533081055 124
0.021973133087158203 125
0.021996021270751953 126
0.02247023582458496 127
0.022626399993896484 128
0.02271866798400879 129
0.022857189178466797 130
0.02298116683959961 131
0.02306365966796875 132
0.02325129508972168 133
0.023290395736694336 134
0.023319482803344727 135
0.023321151733398438 136
0.023367643356323242 137
0.023401260375976562 138
0.023452043533325195 139
0.023461580276489258 140
0.023522615432739258 141
0.023776531219482422 142
0.023779869079589844 143
0.023796796798706055 144
0.023863792419433594 145
0.023879528045654297 146
0.0239255428314209 147
0.023929595947265625 148
0.024396657943725586 149
0.024488210678100586 150
0.02458643913269043 151
0.024587631225585938 152
0.024689674377441406 153
0.02475142478942871 154
0.02478766441345215 155
0.02479243278503418 156
0.02487802505493164 157
0.025075674057006836 158
0.025572538375854492 159
0.025668859481811523 160
0.025682449340820312 161
0.0257718563079834 162
0.025773286819458008 163
0.025830745697021484 164
0.026151180267333984 165
0.026253461837768555 166
0.02632617950439453 167
0.026430130004882812 168
0.02643561363220215 169
0.026534557342529297 170
0.026606082916259766 171
0.027040481567382812 172
0.02706146240234375 173
0.0271909236907959 174
0.027208566665649414 175
0.02729177474975586 176
0.027516841888427734 177
0.02751898765563965 178
0.02758622169494629 179
0.027586936950683594 180
0.0276491641998291 181
0.02766251564025879 182
0.027688026428222656 183
0.02775716781616211 184
0.027859926223754883 185
0.028389692306518555 186
0.02856922149658203 187
0.0285799503326416 188
0.028716325759887695 189
0.028952836990356445 190
0.029324769973754883 191
0.029476404190063477 192
0.029590606689453125 193
0.030087947845458984 194
0.030481815338134766 195
0.030502796173095703 196
0.030846834182739258 197
0.031119346618652344 198
0.03113579750061035 199
0.03135037422180176 200
0.03144502639770508 201
0.03160667419433594 202
0.03193211555480957 203
0.0319669246673584 204
0.03223371505737305 205
0.03235983848571777 206
0.03269696235656738 207
0.03270769119262695 208
0.03271055221557617 209
0.0327906608581543 210
0.03282761573791504 211
0.03311872482299805 212
0.03343915939331055 213
0.03350114822387695 214
0.03375244140625 215
0.03465127944946289 216
0.03552961349487305 217
0.036347150802612305 218
0.03680109977722168 219
0.03726530075073242 220
0.03742623329162598 221
0.03760266304016113 222
0.038765907287597656 223
0.039205312728881836 224
0.04001617431640625 225
0.04003453254699707 226
0.0401453971862793 227
0.04031848907470703 228
0.04073357582092285 229
0.04108476638793945 230
0.04144930839538574 231
0.04148983955383301 232
0.04168391227722168 233
0.04244208335876465 234
0.042701005935668945 235
0.04284310340881348 236
0.04354095458984375 237
0.04354429244995117 238
0.04453015327453613 239
0.04497718811035156 240
0.04518294334411621 241
0.04526543617248535 242
0.045987844467163086 243
0.0463414192199707 244
0.04692792892456055 245
0.04692816734313965 246
0.04750680923461914 247
0.04840683937072754 248
0.051032304763793945 249
0.052101850509643555 250
0.0538785457611084 251
0.05415177345275879 252
0.055083274841308594 253
0.055138587951660156 254
0.055435895919799805 255
0.055445194244384766 256
0.056153059005737305 257
0.056352853775024414 258
0.05651116371154785 259
0.05651998519897461 260
0.05756235122680664 261
0.05777621269226074 262
0.05874133110046387 263
0.05874443054199219 264
0.05912065505981445 265
0.059458255767822266 266
0.05995535850524902 267
0.06004905700683594 268
0.060517311096191406 269
0.061028480529785156 270
0.061955928802490234 271
0.06289529800415039 272
0.06372666358947754 273
0.06472539901733398 274
0.06596088409423828 275
0.06638097763061523 276
0.06883716583251953 277
0.06909799575805664 278
0.0720515251159668 279
0.07209300994873047 280
0.07286334037780762 281
0.07326054573059082 282
0.07393050193786621 283
0.07872724533081055 284
0.07926082611083984 285
0.07930874824523926 286
0.07941555976867676 287
0.08077573776245117 288
0.08079242706298828 289
0.08114814758300781 290
0.08456039428710938 291
0.08589601516723633 292
0.08658719062805176 293
0.0886678695678711 294
0.08917403221130371 295
0.08960843086242676 296
0.08996915817260742 297
0.09160590171813965 298
0.09183573722839355 299
0.09199404716491699 300
0.09287452697753906 301
0.09382748603820801 302
0.09469366073608398 303
0.09622693061828613 304
0.09750986099243164 305
0.09880614280700684 306
0.10060811042785645 307
0.10455679893493652 308
0.10458087921142578 309
0.10540270805358887 310
0.1072998046875 311
0.11383533477783203 312
0.11600875854492188 313
0.11858057975769043 314
0.12029337882995605 315
0.12239289283752441 316
0.12358951568603516 317
0.12407517433166504 318
0.1243138313293457 319
0.12530994415283203 320
0.1263582706451416 321
0.12746930122375488 322
0.13111400604248047 323
0.13258957862854004 324
0.13347983360290527 325
0.13665366172790527 326
0.1369633674621582 327
0.1397690773010254 328
0.1416928768157959 329
0.1422593593597412 330
0.14499497413635254 331
0.14856576919555664 332
0.1514263153076172 333
0.15231680870056152 334
0.15255141258239746 335
0.15265679359436035 336
0.15282416343688965 337
0.15461254119873047 338
0.1549673080444336 339
0.1553955078125 340
0.15612030029296875 341
0.15616321563720703 342
0.15665698051452637 343
0.15868473052978516 344
0.1607377529144287 345
0.16276311874389648 346
0.16390109062194824 347
0.16430068016052246 348
0.16960811614990234 349
0.17126917839050293 350
0.1713712215423584 351
0.1791977882385254 352
0.1812131404876709 353
0.18748092651367188 354
0.1898343563079834 355
0.1904916763305664 356
0.1921248435974121 357
0.1927356719970703 358
0.19474101066589355 359
0.1977386474609375 360
0.2101891040802002 361
0.2106916904449463 362
0.2134246826171875 363
0.21434974670410156 364
0.21572399139404297 365
0.22572970390319824 366
0.23104286193847656 367
0.23687386512756348 368
0.24623918533325195 369
0.24676752090454102 370
0.2563130855560303 371
0.2564709186553955 372
0.25944089889526367 373
0.2594587802886963 374
0.26366519927978516 375
0.2639751434326172 376
0.2662324905395508 377
0.27437877655029297 378
0.28095555305480957 379
0.2831909656524658 380
0.2954423427581787 381
0.3001735210418701 382
0.3027951717376709 383
0.31085872650146484 384
0.3162269592285156 385
0.32680749893188477 386
0.32761621475219727 387
0.3282942771911621 388
0.3373401165008545 389
0.33891749382019043 390
0.3417203426361084 391
0.345902681350708 392
0.3766796588897705 393
0.3881690502166748 394
0.39015960693359375 395
0.4069492816925049 396
0.41492629051208496 397
0.4200577735900879 398
0.42841315269470215 399
0.43705201148986816 400
0.45375657081604004 401
0.455519437789917 402
0.46231579780578613 403
0.4636828899383545 404
0.46940088272094727 405
0.48372435569763184 406
0.516242504119873 407
0.52836012840271 408
0.5432863235473633 409
0.5484802722930908 410
0.5670711994171143 411
0.5704717636108398 412
0.577319860458374 413
0.5933711528778076 414
0.6137900352478027 415
0.6290404796600342 416
0.639054536819458 417
0.6524178981781006 418
0.6619207859039307 419
0.7094936370849609 420
0.7100191116333008 421
0.7180209159851074 422
0.7411000728607178 423
0.7572150230407715 424
0.7724902629852295 425
0.7797017097473145 426
0.7854642868041992 427
0.8165483474731445 428
0.8178462982177734 429
0.8215477466583252 430
0.8226926326751709 431
0.8249044418334961 432
0.8717916011810303 433
0.8800358772277832 434
0.9150681495666504 435
0.9273355007171631 436
0.9444332122802734 437
0.9484796524047852 438
0.9496030807495117 439
0.9564507007598877 440
0.9580211639404297 441
0.9619579315185547 442
1.0025498867034912 443
1.0500037670135498 444
1.0562820434570312 445
1.1092183589935303 446
1.1323752403259277 447
1.1345248222351074 448
1.1422944068908691 449
1.1585991382598877 450
1.1713078022003174 451
1.190948247909546 452
1.1939525604248047 453
1.1970810890197754 454
1.2423193454742432 455
1.297623872756958 456
1.2992770671844482 457
1.3293144702911377 458
1.3432388305664062 459
1.355597972869873 460
1.3687336444854736 461
1.382420539855957 462
1.3875129222869873 463
1.4113752841949463 464
1.415769100189209 465
1.424609899520874 466
1.441115140914917 467
1.5134227275848389 468
1.5343337059020996 469
1.6099863052368164 470
1.699476957321167 471
1.711543083190918 472
1.7553868293762207 473
1.789395809173584 474
1.79752779006958 475
1.8259987831115723 476
1.860147476196289 477
1.886347770690918 478
2.110089063644409 479
2.1517586708068848 480
2.1870572566986084 481
2.2292377948760986 482
2.3769888877868652 483
2.9709815979003906 484
3.1170454025268555 485
3.1602559089660645 486
3.161818265914917 487
3.5646233558654785 488
3.6208910942077637 489
3.67671537399292 490
3.6947262287139893 491
3.9472997188568115 492
4.26579737663269 493
4.936704635620117 494
5.277358293533325 495
5.338407754898071 496
5.613635540008545 497
6.004834175109863 498
6.112542390823364 499
6.284984827041626 500
6.513083219528198 501
6.64762806892395 502
6.708221673965454 503
7.554957151412964 504
7.81982421875 505
8.302313566207886 506
8.815521001815796 507
8.928473949432373 508
10.209534168243408 509
10.244646310806274 510
10.267293930053711 511
11.447734355926514 512
12.278995275497437 513
12.539947032928467 514
14.340857982635498 515
14.400729417800903 516
14.748520851135254 517
16.179601192474365 518
16.312973260879517 519
17.996306657791138 520
18.051642894744873 521
22.420485734939575 522
27.334293842315674 523
27.67218041419983 524
29.254210472106934 525
33.7161967754364 526
39.59313941001892 527
40.39162087440491 528
45.372114181518555 529
57.56990146636963 530
64.39989423751831 531
74.90909814834595 532
152.93332719802856 533
192.19104266166687 534
241.74029159545898 535
474.82087564468384 536
788.748780965805 537
979.7970478534698 538
1170.707989692688 539
