0.002 1
0.003 2
0.003 3
0.004 4
0.006 5
0.006 6
0.008 7
0.008 8
0.017 9
0.018 10
0.018 11
0.020 12
0.020 13
0.020 14
0.020 15
0.021 16
0.021 17
0.021 18
0.022 19
0.022 20
0.022 21
0.023 22
0.023 23
0.023 24
0.025 25
0.026 26
0.026 27
0.027 28
0.027 29
0.027 30
0.029 31
0.032 32
0.033 33
0.034 34
0.035 35
0.035 36
0.036 37
0.036 38
0.038 39
0.039 40
0.040 41
0.041 42
0.042 43
0.043 44
0.043 45
0.043 46
0.044 47
0.044 48
0.045 49
0.045 50
0.046 51
0.047 52
0.047 53
0.047 54
0.048 55
0.049 56
0.050 57
0.050 58
0.050 59
0.050 60
0.051 61
0.051 62
0.055 63
0.056 64
0.056 65
0.057 66
0.058 67
0.058 68
0.058 69
0.061 70
0.062 71
0.063 72
0.065 73
0.066 74
0.067 75
0.068 76
0.070 77
0.070 78
0.070 79
0.071 80
0.073 81
0.073 82
0.073 83
0.074 84
0.077 85
0.079 86
0.079 87
0.083 88
0.083 89
0.084 90
0.085 91
0.086 92
0.087 93
0.088 94
0.088 95
0.088 96
0.090 97
0.091 98
0.092 99
0.092 100
0.093 101
0.094 102
0.095 103
0.096 104
0.096 105
0.096 106
0.097 107
0.098 108
0.101 109
0.104 110
0.106 111
0.106 112
0.106 113
0.106 114
0.108 115
0.118 116
0.119 117
0.120 118
0.121 119
0.123 120
0.126 121
0.126 122
0.126 123
0.128 124
0.128 125
0.131 126
0.133 127
0.135 128
0.140 129
0.141 130
0.145 131
0.150 132
0.151 133
0.151 134
0.154 135
0.157 136
0.160 137
0.164 138
0.168 139
0.172 140
0.173 141
0.176 142
0.180 143
0.186 144
0.188 145
0.190 146
0.191 147
0.193 148
0.193 149
0.194 150
0.198 151
0.200 152
0.204 153
0.210 154
0.220 155
0.223 156
0.223 157
0.224 158
0.226 159
0.230 160
0.231 161
0.232 162
0.238 163
0.239 164
0.242 165
0.244 166
0.249 167
0.263 168
0.266 169
0.269 170
0.270 171
0.277 172
0.283 173
0.286 174
0.290 175
0.296 176
0.298 177
0.300 178
0.300 179
0.301 180
0.302 181
0.308 182
0.312 183
0.314 184
0.318 185
0.319 186
0.340 187
0.344 188
0.352 189
0.355 190
0.359 191
0.367 192
0.375 193
0.376 194
0.394 195
0.400 196
0.407 197
0.418 198
0.434 199
0.436 200
0.454 201
0.467 202
0.475 203
0.491 204
0.497 205
0.497 206
0.504 207
0.507 208
0.510 209
0.513 210
0.516 211
0.534 212
0.535 213
0.538 214
0.549 215
0.558 216
0.576 217
0.593 218
0.597 219
0.606 220
0.606 221
0.610 222
0.611 223
0.631 224
0.652 225
0.657 226
0.660 227
0.670 228
0.671 229
0.680 230
0.684 231
0.698 232
0.707 233
0.732 234
0.747 235
0.756 236
0.774 237
0.775 238
0.783 239
0.796 240
0.799 241
0.813 242
0.827 243
0.883 244
0.903 245
0.907 246
0.910 247
0.947 248
0.959 249
0.961 250
0.964 251
0.965 252
0.982 253
0.997 254
1.008 255
1.012 256
1.030 257
1.052 258
1.077 259
1.082 260
1.094 261
1.097 262
1.114 263
1.150 264
1.158 265
1.162 266
1.215 267
1.227 268
1.235 269
1.267 270
1.305 271
1.318 272
1.365 273
1.382 274
1.414 275
1.431 276
1.514 277
1.565 278
1.588 279
1.597 280
1.648 281
1.675 282
1.709 283
1.723 284
1.781 285
1.789 286
1.795 287
1.851 288
1.865 289
1.885 290
1.931 291
1.956 292
2.003 293
2.030 294
2.038 295
2.056 296
2.066 297
2.121 298
2.127 299
2.182 300
2.193 301
2.235 302
2.263 303
2.322 304
2.371 305
2.376 306
2.389 307
2.390 308
2.583 309
2.628 310
2.662 311
2.669 312
2.670 313
2.678 314
2.694 315
2.710 316
2.718 317
2.743 318
2.772 319
2.904 320
2.933 321
2.949 322
3.003 323
3.068 324
3.202 325
3.362 326
3.436 327
3.511 328
3.531 329
3.613 330
3.663 331
3.738 332
3.771 333
3.856 334
3.871 335
3.884 336
4.039 337
4.041 338
4.105 339
4.156 340
4.209 341
4.245 342
4.304 343
4.344 344
4.348 345
4.372 346
4.418 347
4.434 348
4.438 349
4.442 350
4.641 351
4.999 352
5.096 353
5.142 354
5.232 355
5.242 356
5.352 357
5.489 358
5.501 359
5.901 360
6.013 361
6.108 362
6.118 363
6.159 364
6.168 365
6.274 366
6.307 367
6.509 368
6.526 369
6.578 370
6.586 371
6.646 372
6.914 373
6.926 374
7.011 375
7.029 376
7.329 377
7.343 378
7.376 379
7.619 380
7.631 381
7.638 382
7.676 383
7.680 384
7.710 385
7.754 386
7.906 387
7.980 388
8.064 389
8.352 390
8.985 391
9.123 392
9.149 393
10.024 394
10.275 395
10.402 396
10.500 397
11.017 398
11.175 399
11.283 400
11.400 401
11.673 402
11.897 403
12.073 404
12.289 405
12.514 406
12.938 407
12.995 408
13.073 409
13.407 410
14.007 411
14.611 412
14.648 413
14.743 414
14.892 415
15.547 416
15.885 417
16.219 418
16.767 419
17.478 420
18.787 421
19.139 422
19.409 423
19.650 424
19.757 425
19.793 426
20.508 427
20.720 428
20.904 429
23.173 430
23.584 431
24.436 432
26.374 433
26.870 434
27.263 435
28.671 436
30.670 437
31.111 438
32.123 439
32.409 440
33.759 441
36.490 442
37.244 443
38.082 444
38.193 445
42.056 446
42.634 447
43.003 448
43.234 449
44.908 450
45.008 451
47.660 452
48.839 453
48.893 454
51.550 455
51.566 456
53.164 457
54.056 458
57.460 459
60.356 460
61.310 461
64.427 462
67.390 463
70.085 464
71.057 465
73.919 466
77.760 467
80.291 468
85.520 469
92.946 470
96.657 471
99.032 472
102.550 473
104.871 474
108.395 475
118.585 476
121.189 477
122.273 478
122.448 479
123.679 480
133.767 481
141.589 482
142.140 483
152.025 484
153.769 485
154.760 486
155.156 487
157.694 488
164.994 489
171.726 490
175.459 491
185.537 492
189.488 493
190.166 494
210.637 495
212.856 496
233.389 497
249.361 498
254.423 499
271.351 500
275.256 501
279.658 502
279.961 503
281.882 504
282.183 505
288.243 506
299.233 507
300.067 508
308.741 509
318.016 510
328.031 511
334.327 512
337.388 513
340.426 514
357.594 515
377.689 516
379.987 517
383.123 518
387.440 519
392.257 520
401.158 521
427.909 522
452.262 523
485.051 524
511.931 525
514.106 526
537.010 527
547.212 528
607.679 529
612.459 530
618.411 531
619.326 532
650.021 533
659.983 534
662.675 535
681.923 536
683.537 537
727.234 538
733.851 539
778.347 540
804.735 541
914.571 542
948.507 543
969.884 544
984.263 545
1091.563 546
1093.249 547
1100.170 548
1218.229 549
1252.108 550
1315.447 551
1347.187 552
1451.917 553
1456.525 554
1545.388 555
1592.838 556
1735.756 557
1790.441 558
