0.000 1
0.000 2
0.001 3
0.001 4
0.001 5
0.001 6
0.001 7
0.001 8
0.001 9
0.001 10
0.001 11
0.001 12
0.001 13
0.001 14
0.001 15
0.001 16
0.001 17
0.001 18
0.001 19
0.001 20
0.070 21
0.092 22
0.105 23
0.106 24
0.122 25
0.142 26
0.143 27
0.151 28
0.163 29
0.171 30
0.189 31
0.191 32
0.211 33
0.222 34
0.227 35
0.230 36
0.233 37
0.243 38
0.250 39
0.252 40
0.261 41
0.264 42
0.267 43
0.289 44
0.294 45
0.297 46
0.299 47
0.308 48
0.346 49
0.358 50
0.368 51
0.377 52
0.396 53
0.401 54
0.405 55
0.416 56
0.430 57
0.431 58
0.443 59
0.447 60
0.447 61
0.464 62
0.469 63
0.521 64
0.533 65
0.538 66
0.538 67
0.558 68
0.568 69
0.571 70
0.578 71
0.584 72
0.618 73
0.635 74
0.644 75
0.655 76
0.667 77
0.672 78
0.688 79
0.694 80
0.696 81
0.707 82
0.719 83
0.723 84
0.733 85
0.743 86
0.744 87
0.768 88
0.785 89
0.798 90
0.809 91
0.814 92
0.816 93
0.820 94
0.831 95
0.845 96
0.857 97
0.858 98
0.878 99
0.892 100
0.895 101
0.896 102
0.931 103
0.968 104
0.996 105
0.997 106
1.004 107
1.030 108
1.036 109
1.051 110
1.115 111
1.134 112
1.142 113
1.145 114
1.153 115
1.161 116
1.163 117
1.164 118
1.171 119
1.194 120
1.217 121
1.261 122
1.296 123
1.348 124
1.365 125
1.368 126
1.374 127
1.381 128
1.386 129
1.418 130
1.439 131
1.449 132
1.452 133
1.462 134
1.465 135
1.472 136
1.475 137
1.481 138
1.488 139
1.496 140
1.498 141
1.498 142
1.504 143
1.506 144
1.507 145
1.511 146
1.512 147
1.516 148
1.516 149
1.517 150
1.519 151
1.521 152
1.522 153
1.527 154
1.527 155
1.530 156
1.532 157
1.541 158
1.545 159
1.548 160
1.548 161
1.551 162
1.551 163
1.553 164
1.554 165
1.557 166
1.558 167
1.560 168
1.563 169
1.564 170
1.564 171
1.570 172
1.574 173
1.574 174
1.577 175
1.579 176
1.579 177
1.581 178
1.583 179
1.584 180
1.585 181
1.588 182
1.591 183
1.594 184
1.600 185
1.610 186
1.614 187
1.617 188
1.621 189
1.621 190
1.625 191
1.629 192
1.630 193
1.634 194
1.642 195
1.648 196
1.664 197
1.665 198
1.670 199
1.672 200
1.673 201
1.682 202
1.725 203
1.734 204
1.740 205
1.742 206
1.766 207
1.769 208
1.791 209
1.797 210
1.803 211
1.805 212
1.817 213
1.831 214
1.925 215
1.937 216
1.957 217
1.975 218
2.025 219
2.054 220
2.063 221
2.075 222
2.208 223
2.289 224
2.347 225
2.390 226
2.434 227
2.598 228
2.618 229
2.620 230
2.621 231
2.643 232
2.701 233
2.799 234
2.936 235
2.985 236
2.996 237
3.074 238
3.108 239
3.110 240
3.114 241
3.118 242
3.205 243
3.222 244
3.247 245
3.259 246
3.334 247
3.349 248
3.387 249
3.409 250
3.413 251
3.451 252
3.558 253
3.580 254
3.655 255
3.682 256
3.830 257
3.840 258
4.105 259
4.167 260
4.315 261
4.471 262
4.527 263
4.772 264
4.873 265
5.057 266
5.071 267
5.120 268
5.265 269
5.450 270
5.534 271
5.725 272
5.889 273
5.989 274
6.038 275
6.073 276
6.156 277
6.183 278
6.234 279
6.266 280
6.557 281
6.697 282
6.741 283
6.848 284
6.871 285
6.948 286
7.054 287
7.569 288
7.845 289
7.862 290
7.909 291
8.019 292
8.078 293
8.263 294
8.496 295
8.714 296
9.180 297
9.184 298
9.846 299
10.417 300
10.563 301
10.618 302
10.769 303
10.771 304
11.192 305
12.488 306
12.605 307
12.833 308
13.028 309
13.123 310
13.203 311
13.462 312
13.820 313
14.211 314
14.304 315
14.467 316
14.516 317
14.527 318
14.610 319
14.866 320
15.018 321
15.091 322
16.689 323
16.785 324
16.842 325
17.870 326
18.082 327
18.221 328
18.411 329
18.614 330
19.845 331
19.853 332
20.674 333
21.032 334
21.036 335
21.244 336
21.885 337
22.460 338
22.713 339
23.588 340
24.414 341
24.460 342
25.202 343
27.208 344
27.265 345
27.297 346
27.564 347
27.628 348
28.820 349
28.946 350
29.628 351
30.467 352
31.652 353
31.981 354
32.203 355
34.373 356
34.390 357
34.820 358
35.150 359
36.505 360
37.510 361
38.977 362
39.239 363
43.731 364
45.082 365
45.178 366
45.193 367
48.705 368
49.841 369
50.689 370
53.462 371
53.843 372
54.141 373
55.236 374
57.434 375
58.512 376
59.614 377
59.733 378
60.811 379
60.978 380
61.568 381
63.932 382
64.659 383
65.570 384
66.625 385
67.117 386
71.343 387
73.993 388
74.761 389
75.374 390
75.699 391
76.193 392
77.535 393
84.289 394
84.403 395
86.204 396
87.941 397
94.711 398
97.250 399
102.033 400
102.389 401
112.355 402
113.941 403
115.082 404
117.502 405
118.853 406
119.005 407
119.772 408
119.938 409
120.505 410
126.009 411
128.044 412
130.809 413
136.197 414
139.368 415
149.879 416
152.667 417
153.218 418
153.710 419
159.242 420
166.334 421
174.434 422
176.998 423
180.401 424
183.346 425
185.008 426
186.830 427
188.270 428
205.447 429
205.761 430
208.613 431
210.675 432
212.221 433
218.400 434
222.174 435
223.742 436
228.628 437
234.486 438
247.352 439
248.542 440
267.550 441
270.929 442
292.795 443
293.482 444
297.028 445
315.501 446
315.802 447
320.254 448
328.421 449
337.487 450
339.086 451
350.437 452
350.958 453
352.770 454
357.443 455
365.216 456
366.758 457
368.616 458
368.760 459
371.154 460
376.914 461
380.492 462
384.960 463
415.044 464
416.662 465
429.061 466
430.415 467
438.827 468
438.882 469
452.022 470
462.474 471
467.676 472
474.303 473
482.651 474
500.528 475
502.680 476
536.870 477
550.230 478
551.964 479
567.500 480
606.984 481
612.950 482
626.822 483
632.193 484
640.346 485
658.852 486
672.095 487
676.938 488
679.457 489
682.433 490
688.565 491
709.410 492
714.236 493
736.904 494
737.110 495
746.494 496
765.503 497
766.311 498
848.611 499
910.504 500
1005.275 501
1135.475 502
1147.266 503
1158.393 504
1174.970 505
1235.090 506
1237.735 507
1275.214 508
1295.261 509
1314.724 510
1332.105 511
1336.074 512
1358.829 513
1381.861 514
1468.888 515
1496.307 516
1498.784 517
1522.556 518
1569.741 519
1585.244 520
1624.730 521
1696.313 522
1703.416 523
1795.726 524
1800.499 525
1800.549 526
1800.850 527
1800.873 528
1800.916 529
1801.052 530
1801.461 531
1801.998 532
1802.238 533
1802.353 534
1802.526 535
1802.710 536
1802.848 537
1803.668 538
1803.866 539
1803.942 540
1804.110 541
1804.660 542
1804.751 543
1805.154 544
1805.568 545
1805.678 546
1806.714 547
1806.748 548
1806.830 549
1806.865 550
1807.721 551
1808.741 552
1810.532 553
