0 1
1 2
2 3
3 4
3 5
3 6
4 7
4 8
4 9
4 10
5 11
6 12
6 13
6 14
6 15
6 16
6 17
7 18
7 19
7 20
7 21
8 22
8 23
8 24
9 25
9 26
10 27
10 28
10 29
10 30
11 31
11 32
11 33
11 34
11 35
12 36
12 37
12 38
13 39
13 40
13 41
14 42
14 43
14 44
14 45
14 46
14 47
15 48
15 49
15 50
15 51
15 52
15 53
15 54
15 55
16 56
16 57
16 58
16 59
16 60
18 61
18 62
18 63
18 64
19 65
19 66
19 67
19 68
20 69
20 70
20 71
21 72
21 73
21 74
21 75
22 76
23 77
23 78
23 79
24 80
24 81
24 82
24 83
24 84
24 85
25 86
25 87
25 88
25 89
26 90
26 91
26 92
27 93
27 94
27 95
28 96
28 97
29 98
29 99
29 100
30 101
31 102
31 103
31 104
31 105
31 106
32 107
33 108
34 109
34 110
34 111
34 112
35 113
35 114
36 115
36 116
37 117
37 118
37 119
38 120
38 121
38 122
38 123
38 124
38 125
38 126
38 127
38 128
39 129
40 130
41 131
41 132
41 133
41 134
41 135
42 136
42 137
43 138
43 139
43 140
44 141
44 142
45 143
45 144
45 145
46 146
48 147
48 148
49 149
49 150
50 151
50 152
50 153
50 154
51 155
51 156
51 157
51 158
51 159
52 160
52 161
52 162
54 163
54 164
54 165
55 166
55 167
55 168
55 169
55 170
56 171
56 172
56 173
56 174
57 175
58 176
58 177
58 178
59 179
59 180
59 181
59 182
60 183
60 184
60 185
61 186
63 187
63 188
63 189
64 190
65 191
65 192
65 193
65 194
66 195
66 196
66 197
67 198
68 199
69 200
70 201
70 202
70 203
71 204
71 205
72 206
73 207
73 208
74 209
75 210
75 211
75 212
75 213
77 214
78 215
78 216
78 217
78 218
78 219
79 220
80 221
80 222
80 223
80 224
80 225
81 226
82 227
82 228
84 229
85 230
85 231
86 232
86 233
87 234
87 235
88 236
89 237
90 238
90 239
90 240
91 241
91 242
91 243
92 244
92 245
94 246
94 247
95 248
95 249
96 250
96 251
96 252
96 253
97 254
97 255
98 256
98 257
98 258
99 259
100 260
100 261
100 262
101 263
101 264
101 265
101 266
103 267
104 268
105 269
107 270
107 271
108 272
108 273
109 274
109 275
109 276
109 277
110 278
110 279
110 280
111 281
112 282
112 283
112 284
114 285
116 286
116 287
117 288
117 289
118 290
118 291
119 292
120 293
120 294
120 295
121 296
121 297
121 298
123 299
123 300
123 301
123 302
124 303
125 304
125 305
125 306
125 307
125 308
125 309
126 310
127 311
127 312
127 313
127 314
129 315
129 316
129 317
129 318
130 319
130 320
130 321
131 322
133 323
133 324
138 325
139 326
139 327
140 328
142 329
143 330
144 331
145 332
146 333
146 334
146 335
149 336
150 337
150 338
151 339
151 340
153 341
154 342
154 343
159 344
160 345
162 346
163 347
163 348
165 349
166 350
166 351
168 352
171 353
171 354
172 355
172 356
174 357
176 358
180 359
181 360
181 361
182 362
186 363
186 364
186 365
186 366
187 367
190 368
191 369
192 370
192 371
193 372
193 373
194 374
194 375
195 376
195 377
196 378
196 379
196 380
198 381
200 382
204 383
205 384
205 385
206 386
207 387
210 388
212 389
217 390
217 391
217 392
217 393
218 394
219 395
220 396
220 397
220 398
222 399
223 400
223 401
224 402
231 403
233 404
233 405
235 406
236 407
237 408
238 409
240 410
240 411
243 412
244 413
245 414
245 415
246 416
248 417
250 418
252 419
253 420
255 421
257 422
257 423
258 424
258 425
258 426
258 427
258 428
264 429
269 430
270 431
271 432
272 433
273 434
274 435
275 436
277 437
277 438
278 439
278 440
283 441
284 442
285 443
294 444
298 445
298 446
300 447
301 448
303 449
304 450
307 451
311 452
311 453
312 454
317 455
317 456
318 457
319 458
319 459
321 460
321 461
323 462
325 463
327 464
327 465
337 466
339 467
343 468
346 469
346 470
348 471
349 472
350 473
350 474
354 475
355 476
356 477
357 478
360 479
361 480
361 481
362 482
364 483
366 484
368 485
368 486
375 487
378 488
378 489
381 490
383 491
384 492
384 493
385 494
389 495
396 496
398 497
402 498
404 499
406 500
407 501
408 502
409 503
410 504
426 505
431 506
444 507
446 508
450 509
465 510
467 511
477 512
495 513
506 514
511 515
513 516
523 517
527 518
533 519
538 520
547 521
550 522
552 523
558 524
564 525
623 526
685 527
750 528
1000 529
1500 530
