0.001 1
0.001 2
0.001 3
0.001 4
0.001 5
0.001 6
0.001 7
0.001 8
0.001 9
0.001 10
0.001 11
0.001 12
0.001 13
0.001 14
0.001 15
0.051 16
0.063 17
0.079 18
0.091 19
0.097 20
0.146 21
0.147 22
0.161 23
0.164 24
0.179 25
0.185 26
0.198 27
0.200 28
0.202 29
0.209 30
0.209 31
0.218 32
0.221 33
0.228 34
0.242 35
0.249 36
0.251 37
0.252 38
0.256 39
0.256 40
0.258 41
0.260 42
0.260 43
0.261 44
0.267 45
0.287 46
0.297 47
0.297 48
0.306 49
0.323 50
0.343 51
0.352 52
0.352 53
0.359 54
0.377 55
0.397 56
0.397 57
0.400 58
0.414 59
0.415 60
0.424 61
0.427 62
0.428 63
0.431 64
0.434 65
0.440 66
0.441 67
0.448 68
0.449 69
0.453 70
0.455 71
0.459 72
0.465 73
0.473 74
0.506 75
0.516 76
0.521 77
0.528 78
0.529 79
0.532 80
0.538 81
0.556 82
0.594 83
0.629 84
0.637 85
0.652 86
0.656 87
0.712 88
0.714 89
0.816 90
0.998 91
1.040 92
1.098 93
1.103 94
1.106 95
1.107 96
1.107 97
1.110 98
1.119 99
1.138 100
1.138 101
1.158 102
1.167 103
1.177 104
1.192 105
1.204 106
1.269 107
1.292 108
1.301 109
1.306 110
1.307 111
1.310 112
1.315 113
1.321 114
1.333 115
1.341 116
1.343 117
1.349 118
1.360 119
1.361 120
1.374 121
1.384 122
1.392 123
1.441 124
1.457 125
1.459 126
1.462 127
1.462 128
1.476 129
1.492 130
1.495 131
1.505 132
1.507 133
1.513 134
1.515 135
1.519 136
1.523 137
1.524 138
1.529 139
1.533 140
1.535 141
1.538 142
1.543 143
1.543 144
1.544 145
1.544 146
1.546 147
1.547 148
1.555 149
1.557 150
1.558 151
1.561 152
1.562 153
1.573 154
1.574 155
1.574 156
1.575 157
1.580 158
1.581 159
1.582 160
1.583 161
1.595 162
1.603 163
1.606 164
1.606 165
1.609 166
1.614 167
1.614 168
1.615 169
1.618 170
1.623 171
1.625 172
1.631 173
1.646 174
1.666 175
1.670 176
1.690 177
1.702 178
1.772 179
1.779 180
1.781 181
1.786 182
1.833 183
1.858 184
1.882 185
1.890 186
1.893 187
1.902 188
1.903 189
1.918 190
2.011 191
2.013 192
2.054 193
2.133 194
2.299 195
2.437 196
2.540 197
2.622 198
2.715 199
2.743 200
2.774 201
2.775 202
2.820 203
2.953 204
2.983 205
2.989 206
3.010 207
3.063 208
3.067 209
3.069 210
3.083 211
3.094 212
3.190 213
3.194 214
3.200 215
3.252 216
3.280 217
3.290 218
3.321 219
3.331 220
3.382 221
3.389 222
3.412 223
3.450 224
3.455 225
3.480 226
3.493 227
3.537 228
3.579 229
3.586 230
3.591 231
3.608 232
3.666 233
3.755 234
3.756 235
3.778 236
3.833 237
4.034 238
4.055 239
4.241 240
4.296 241
4.301 242
4.330 243
4.425 244
4.745 245
4.764 246
4.802 247
4.921 248
5.112 249
5.172 250
5.545 251
5.662 252
5.689 253
5.983 254
6.257 255
6.392 256
6.727 257
6.855 258
7.380 259
7.457 260
7.476 261
7.500 262
7.940 263
7.968 264
7.985 265
8.409 266
8.772 267
9.237 268
9.369 269
9.621 270
9.825 271
11.201 272
11.626 273
11.692 274
11.931 275
12.693 276
12.927 277
12.973 278
13.050 279
13.076 280
13.605 281
13.606 282
13.715 283
13.953 284
14.271 285
14.606 286
14.808 287
14.890 288
14.919 289
15.149 290
16.131 291
16.261 292
16.534 293
16.741 294
17.225 295
17.389 296
18.308 297
18.405 298
18.596 299
18.775 300
18.905 301
19.468 302
19.552 303
20.175 304
20.180 305
20.340 306
20.344 307
20.519 308
20.612 309
20.622 310
21.459 311
22.291 312
25.259 313
25.984 314
27.162 315
27.339 316
27.822 317
28.273 318
28.654 319
29.379 320
31.260 321
31.549 322
32.166 323
32.873 324
33.048 325
33.156 326
34.420 327
35.468 328
35.558 329
36.327 330
39.154 331
40.704 332
40.742 333
41.027 334
41.089 335
41.664 336
41.921 337
42.594 338
42.841 339
42.935 340
44.165 341
44.342 342
45.427 343
46.200 344
47.196 345
48.634 346
50.338 347
51.435 348
52.049 349
52.754 350
55.722 351
57.313 352
58.174 353
59.554 354
60.850 355
62.874 356
65.885 357
65.997 358
69.240 359
69.690 360
71.107 361
72.391 362
72.625 363
73.000 364
79.429 365
85.082 366
87.298 367
87.633 368
90.044 369
95.555 370
97.525 371
97.584 372
104.132 373
105.687 374
109.043 375
117.567 376
119.224 377
122.675 378
125.383 379
131.739 380
139.744 381
140.374 382
140.583 383
140.797 384
143.387 385
149.672 386
150.787 387
152.522 388
154.492 389
154.839 390
159.421 391
160.345 392
162.965 393
164.050 394
164.629 395
174.623 396
174.743 397
176.942 398
177.780 399
182.678 400
183.376 401
184.211 402
189.628 403
194.644 404
201.410 405
208.290 406
208.494 407
214.426 408
218.753 409
222.877 410
228.127 411
229.041 412
231.032 413
233.339 414
237.459 415
238.405 416
238.912 417
256.108 418
260.358 419
280.191 420
280.774 421
298.027 422
310.101 423
315.324 424
317.051 425
318.905 426
321.416 427
336.319 428
344.337 429
352.274 430
374.789 431
380.300 432
388.988 433
397.804 434
400.134 435
411.081 436
425.792 437
437.014 438
444.081 439
449.136 440
462.222 441
467.425 442
489.168 443
506.276 444
508.465 445
509.463 446
513.896 447
523.296 448
552.261 449
561.130 450
582.996 451
583.300 452
618.918 453
627.483 454
644.817 455
667.923 456
673.449 457
681.172 458
701.090 459
705.232 460
709.486 461
723.276 462
725.157 463
728.272 464
740.259 465
749.873 466
758.644 467
763.823 468
812.074 469
869.827 470
896.831 471
909.847 472
923.071 473
954.339 474
971.274 475
1010.590 476
1026.045 477
1026.729 478
1053.286 479
1064.158 480
1083.567 481
1111.210 482
1118.932 483
1133.015 484
1159.992 485
1173.380 486
1240.604 487
1245.135 488
1248.321 489
1254.331 490
1254.403 491
1299.121 492
1326.371 493
1356.201 494
1361.290 495
1391.088 496
1399.939 497
1409.366 498
1417.896 499
1425.687 500
1433.328 501
1491.113 502
1506.235 503
1514.310 504
1520.948 505
1561.248 506
1637.505 507
1800.402 508
1800.519 509
1800.607 510
1800.640 511
1800.801 512
1801.368 513
1801.415 514
1801.424 515
1801.451 516
1802.282 517
1802.521 518
1803.327 519
1803.665 520
1803.786 521
1804.181 522
1804.190 523
1804.245 524
1804.337 525
1804.612 526
1804.693 527
1804.762 528
1804.769 529
1804.838 530
1805.037 531
1805.043 532
1805.168 533
1805.442 534
1805.454 535
1805.659 536
1805.679 537
1805.692 538
1805.833 539
1805.884 540
1805.886 541
1805.917 542
1806.125 543
1806.168 544
1806.179 545
1806.448 546
1806.585 547
1806.845 548
1807.060 549
1807.848 550
1808.043 551
1808.935 552
1808.984 553
1809.269 554
