2.630 1
2.840 2
3.108 3
3.135 4
3.233 5
3.274 6
3.384 7
3.533 8
3.621 9
3.685 10
3.726 11
3.799 12
3.862 13
3.934 14
3.937 15
3.944 16
3.948 17
3.967 18
4.005 19
4.022 20
4.023 21
4.023 22
4.050 23
4.159 24
4.190 25
4.194 26
4.216 27
4.262 28
4.281 29
4.308 30
4.353 31
4.364 32
4.442 33
4.531 34
4.558 35
4.795 36
4.800 37
4.819 38
4.867 39
4.879 40
4.889 41
4.896 42
4.908 43
5.030 44
5.090 45
5.116 46
5.140 47
5.293 48
5.373 49
5.417 50
5.497 51
5.502 52
5.675 53
5.944 54
5.954 55
6.117 56
6.169 57
6.401 58
6.421 59
6.435 60
6.503 61
6.522 62
6.647 63
6.947 64
6.995 65
7.069 66
7.215 67
7.566 68
7.595 69
7.607 70
7.701 71
7.724 72
7.728 73
7.780 74
7.785 75
8.105 76
8.158 77
8.176 78
8.343 79
8.413 80
8.799 81
8.853 82
8.894 83
8.997 84
9.005 85
9.049 86
9.138 87
9.222 88
9.236 89
9.267 90
9.413 91
9.669 92
9.877 93
10.414 94
10.503 95
10.752 96
11.455 97
11.502 98
11.625 99
11.756 100
11.837 101
11.899 102
12.186 103
12.200 104
12.569 105
12.646 106
12.691 107
12.843 108
13.075 109
13.308 110
13.544 111
16.167 112
16.431 113
16.452 114
17.496 115
18.113 116
18.218 117
18.230 118
18.330 119
18.562 120
18.608 121
18.755 122
19.119 123
19.227 124
19.529 125
20.126 126
20.183 127
20.762 128
20.817 129
21.052 130
21.611 131
21.649 132
21.872 133
21.966 134
22.711 135
22.986 136
23.600 137
23.618 138
23.728 139
24.453 140
24.471 141
25.936 142
27.363 143
27.678 144
27.987 145
29.018 146
30.391 147
31.227 148
31.275 149
36.385 150
36.421 151
36.815 152
37.446 153
42.288 154
42.839 155
43.052 156
45.311 157
45.475 158
46.403 159
48.365 160
49.795 161
51.404 162
54.166 163
59.009 164
59.322 165
63.078 166
65.563 167
65.684 168
65.847 169
66.496 170
67.231 171
68.020 172
70.882 173
77.965 174
78.559 175
78.872 176
79.944 177
85.665 178
85.917 179
86.907 180
92.200 181
92.979 182
96.536 183
112.707 184
122.248 185
129.802 186
148.651 187
150.254 188
160.244 189
164.074 190
167.593 191
171.555 192
218.789 193
226.687 194
228.541 195
234.081 196
244.562 197
247.158 198
257.292 199
290.737 200
