2.765 1
3.108 2
3.386 3
3.855 4
4.091 5
4.143 6
4.244 7
4.549 8
4.878 9
5.015 10
5.143 11
5.426 12
5.432 13
5.785 14
5.972 15
6.314 16
6.411 17
6.491 18
6.584 19
6.725 20
6.864 21
7.014 22
7.401 23
7.950 24
8.595 25
8.710 26
9.005 27
9.064 28
9.249 29
9.389 30
10.892 31
12.507 32
12.634 33
12.758 34
14.981 35
16.034 36
16.291 37
17.856 38
19.040 39
21.910 40
22.495 41
22.517 42
25.211 43
25.497 44
33.018 45
37.238 46
39.290 47
48.766 48
56.419 49
59.862 50
62.378 51
65.441 52
67.565 53
81.394 54
81.511 55
105.881 56
125.574 57
125.832 58
126.278 59
164.156 60
187.124 61
230.102 62
253.065 63
260.157 64
