0.022 1
0.022 2
0.022 3
0.023 4
0.023 5
0.023 6
0.024 7
0.024 8
0.024 9
0.025 10
0.026 11
0.026 12
0.026 13
0.026 14
0.027 15
0.027 16
0.027 17
0.027 18
0.027 19
0.029 20
0.029 21
0.029 22
0.030 23
0.030 24
0.031 25
0.031 26
0.031 27
0.031 28
0.032 29
0.032 30
0.032 31
0.032 32
0.032 33
0.033 34
0.033 35
0.033 36
0.033 37
0.034 38
0.034 39
0.035 40
0.035 41
0.035 42
0.035 43
0.036 44
0.037 45
0.037 46
0.038 47
0.039 48
0.040 49
0.040 50
0.041 51
0.041 52
0.042 53
0.043 54
0.043 55
0.045 56
0.046 57
0.046 58
0.047 59
0.048 60
0.050 61
0.050 62
0.050 63
0.051 64
0.053 65
0.053 66
0.053 67
0.053 68
0.054 69
0.057 70
0.062 71
0.064 72
0.066 73
0.068 74
0.068 75
0.068 76
0.068 77
0.069 78
0.070 79
0.070 80
0.072 81
0.073 82
0.075 83
0.077 84
0.077 85
0.079 86
0.081 87
0.086 88
0.088 89
0.095 90
0.097 91
0.098 92
0.098 93
0.102 94
0.104 95
0.104 96
0.106 97
0.109 98
0.110 99
0.112 100
0.117 101
0.117 102
0.124 103
0.125 104
0.126 105
0.127 106
0.129 107
0.130 108
0.131 109
0.133 110
0.134 111
0.146 112
0.146 113
0.147 114
0.147 115
0.148 116
0.149 117
0.150 118
0.152 119
0.154 120
0.156 121
0.158 122
0.159 123
0.163 124
0.164 125
0.166 126
0.168 127
0.172 128
0.173 129
0.178 130
0.178 131
0.182 132
0.184 133
0.184 134
0.187 135
0.189 136
0.190 137
0.191 138
0.192 139
0.193 140
0.203 141
0.203 142
0.209 143
0.212 144
0.218 145
0.226 146
0.235 147
0.264 148
0.279 149
0.281 150
0.292 151
0.302 152
0.309 153
0.311 154
0.313 155
0.318 156
0.318 157
0.330 158
0.342 159
0.358 160
0.371 161
0.471 162
0.499 163
0.523 164
0.528 165
0.531 166
0.534 167
0.541 168
0.549 169
0.575 170
0.576 171
0.595 172
0.614 173
0.626 174
0.715 175
0.788 176
0.793 177
0.871 178
0.883 179
0.923 180
0.928 181
0.939 182
1.016 183
1.052 184
1.101 185
1.111 186
1.152 187
1.259 188
1.297 189
1.358 190
1.387 191
1.454 192
1.564 193
1.595 194
1.626 195
1.728 196
1.755 197
1.868 198
1.940 199
2.082 200
2.099 201
2.194 202
2.195 203
2.296 204
2.301 205
2.604 206
2.708 207
3.271 208
3.398 209
3.496 210
3.774 211
3.891 212
4.525 213
4.646 214
4.701 215
5.296 216
5.585 217
7.357 218
8.101 219
8.129 220
8.558 221
9.097 222
10.487 223
13.162 224
17.903 225
20.163 226
64.066 227
91.234 228
106.144 229
182.019 230
279.645 231
289.133 232
