0.570 1
0.595 2
0.611 3
0.620 4
0.628 5
0.631 6
0.633 7
0.639 8
0.642 9
0.645 10
0.645 11
0.651 12
0.652 13
0.653 14
0.653 15
0.659 16
0.662 17
0.663 18
0.664 19
0.664 20
0.671 21
0.671 22
0.672 23
0.674 24
0.683 25
0.686 26
0.689 27
0.691 28
0.692 29
0.693 30
0.699 31
0.702 32
0.704 33
0.707 34
0.712 35
0.721 36
0.726 37
0.742 38
0.747 39
0.750 40
0.751 41
0.758 42
0.773 43
0.783 44
0.799 45
0.825 46
0.831 47
0.849 48
0.852 49
0.855 50
0.869 51
0.871 52
0.895 53
0.896 54
0.915 55
0.921 56
0.931 57
0.933 58
0.942 59
0.957 60
0.965 61
0.973 62
0.983 63
0.995 64
1.017 65
1.023 66
1.023 67
1.075 68
1.085 69
1.101 70
1.124 71
1.125 72
1.126 73
1.128 74
1.139 75
1.141 76
1.156 77
1.190 78
1.216 79
1.217 80
1.231 81
1.251 82
1.258 83
1.270 84
1.288 85
1.298 86
1.330 87
1.374 88
1.413 89
1.469 90
1.541 91
1.564 92
1.586 93
1.589 94
1.595 95
1.654 96
1.668 97
1.719 98
1.740 99
1.752 100
2.085 101
2.159 102
2.165 103
2.254 104
2.271 105
2.279 106
2.309 107
2.406 108
2.412 109
2.437 110
2.486 111
2.554 112
2.574 113
2.603 114
2.636 115
2.799 116
2.802 117
2.924 118
3.117 119
3.153 120
3.154 121
3.334 122
3.609 123
3.747 124
3.815 125
4.090 126
4.117 127
4.168 128
4.515 129
4.552 130
4.553 131
4.791 132
5.056 133
5.091 134
5.121 135
5.339 136
5.493 137
5.593 138
5.910 139
5.935 140
5.985 141
6.072 142
6.082 143
6.462 144
6.683 145
6.695 146
6.790 147
6.940 148
7.106 149
7.165 150
7.177 151
7.289 152
7.588 153
7.698 154
7.735 155
7.738 156
7.751 157
7.798 158
7.939 159
7.965 160
8.032 161
8.200 162
8.263 163
8.268 164
8.607 165
8.684 166
9.282 167
9.374 168
9.376 169
9.522 170
9.528 171
10.081 172
10.568 173
10.672 174
10.717 175
10.773 176
10.856 177
10.936 178
11.170 179
11.251 180
11.398 181
11.432 182
11.468 183
11.480 184
11.543 185
11.546 186
11.596 187
11.667 188
11.737 189
12.034 190
12.352 191
12.643 192
12.815 193
13.784 194
15.159 195
15.243 196
16.119 197
16.253 198
18.828 199
20.130 200
20.198 201
21.800 202
23.376 203
23.705 204
23.840 205
24.397 206
26.107 207
26.562 208
27.884 209
28.732 210
29.943 211
30.736 212
31.901 213
32.566 214
34.655 215
37.468 216
37.612 217
37.686 218
39.171 219
44.531 220
45.483 221
45.517 222
45.899 223
46.868 224
47.850 225
69.041 226
70.292 227
88.380 228
96.509 229
153.342 230
