0 1
1 2
2 3
3 4
3 5
3 6
4 7
4 8
4 9
4 10
5 11
6 12
6 13
6 14
6 15
6 16
6 17
7 18
7 19
7 20
7 21
8 22
8 23
8 24
9 25
9 26
10 27
10 28
10 29
11 30
11 31
11 32
11 33
11 34
12 35
12 36
12 37
13 38
13 39
14 40
14 41
14 42
14 43
14 44
15 45
15 46
15 47
15 48
15 49
15 50
15 51
15 52
15 53
15 54
16 55
16 56
16 57
17 58
17 59
17 60
17 61
18 62
18 63
18 64
19 65
19 66
19 67
20 68
20 69
20 70
20 71
20 72
20 73
20 74
21 75
21 76
21 77
21 78
22 79
23 80
23 81
24 82
24 83
24 84
24 85
24 86
25 87
25 88
25 89
25 90
25 91
25 92
26 93
26 94
26 95
26 96
27 97
28 98
28 99
29 100
30 101
30 102
30 103
31 104
31 105
32 106
32 107
33 108
33 109
34 110
34 111
34 112
35 113
35 114
35 115
36 116
36 117
37 118
37 119
37 120
37 121
37 122
37 123
38 124
38 125
38 126
38 127
38 128
39 129
39 130
40 131
40 132
40 133
40 134
40 135
40 136
41 137
41 138
41 139
41 140
42 141
42 142
42 143
44 144
45 145
45 146
46 147
47 148
47 149
48 150
49 151
49 152
50 153
50 154
50 155
50 156
50 157
51 158
52 159
52 160
52 161
52 162
52 163
53 164
53 165
53 166
53 167
54 168
54 169
55 170
55 171
55 172
55 173
56 174
56 175
57 176
57 177
57 178
58 179
58 180
59 181
59 182
59 183
59 184
60 185
60 186
60 187
60 188
61 189
61 190
61 191
62 192
63 193
63 194
64 195
64 196
64 197
65 198
65 199
65 200
65 201
66 202
67 203
68 204
68 205
70 206
70 207
71 208
71 209
71 210
73 211
73 212
73 213
74 214
74 215
74 216
74 217
75 218
75 219
76 220
76 221
78 222
78 223
78 224
79 225
79 226
80 227
80 228
80 229
80 230
82 231
83 232
83 233
84 234
84 235
85 236
86 237
87 238
87 239
88 240
88 241
89 242
89 243
90 244
90 245
90 246
90 247
92 248
92 249
92 250
92 251
93 252
93 253
93 254
94 255
94 256
95 257
95 258
96 259
96 260
97 261
97 262
98 263
99 264
100 265
100 266
102 267
104 268
104 269
104 270
104 271
104 272
105 273
105 274
105 275
105 276
105 277
106 278
106 279
107 280
108 281
108 282
108 283
108 284
109 285
110 286
111 287
111 288
112 289
112 290
113 291
114 292
114 293
114 294
116 295
116 296
117 297
117 298
117 299
118 300
119 301
119 302
119 303
119 304
119 305
119 306
119 307
120 308
120 309
120 310
121 311
123 312
123 313
123 314
123 315
123 316
123 317
123 318
125 319
125 320
125 321
125 322
126 323
126 324
126 325
127 326
128 327
128 328
129 329
129 330
129 331
131 332
132 333
132 334
132 335
133 336
133 337
136 338
136 339
136 340
137 341
139 342
140 343
141 344
142 345
143 346
143 347
144 348
145 349
147 350
150 351
150 352
151 353
153 354
154 355
158 356
159 357
159 358
160 359
163 360
164 361
165 362
165 363
166 364
166 365
168 366
169 367
169 368
170 369
175 370
176 371
180 372
180 373
181 374
181 375
181 376
186 377
187 378
187 379
187 380
187 381
189 382
189 383
189 384
190 385
191 386
193 387
198 388
200 389
200 390
202 391
203 392
203 393
203 394
203 395
204 396
204 397
205 398
205 399
207 400
209 401
210 402
210 403
210 404
212 405
212 406
213 407
214 408
215 409
217 410
218 411
220 412
220 413
226 414
227 415
228 416
228 417
229 418
234 419
235 420
237 421
238 422
240 423
241 424
241 425
243 426
243 427
244 428
247 429
248 430
249 431
250 432
253 433
255 434
256 435
256 436
258 437
258 438
260 439
260 440
262 441
262 442
264 443
266 444
266 445
269 446
271 447
273 448
276 449
277 450
279 451
281 452
282 453
283 454
286 455
287 456
288 457
288 458
288 459
291 460
291 461
296 462
296 463
299 464
300 465
300 466
301 467
302 468
305 469
312 470
313 471
313 472
314 473
315 474
315 475
316 476
317 477
318 478
318 479
320 480
320 481
331 482
333 483
333 484
334 485
341 486
341 487
342 488
343 489
343 490
343 491
345 492
350 493
351 494
352 495
353 496
353 497
354 498
354 499
356 500
357 501
366 502
369 503
370 504
370 505
373 506
374 507
377 508
378 509
382 510
383 511
383 512
384 513
384 514
390 515
391 516
393 517
394 518
402 519
403 520
406 521
406 522
407 523
408 524
428 525
434 526
437 527
442 528
443 529
449 530
450 531
467 532
487 533
490 534
498 535
504 536
505 537
511 538
528 539
529 540
532 541
539 542
541 543
550 544
555 545
592 546
607 547
629 548
655 549
666 550
666 551
688 552
690 553
714 554
750 555
836 556
1000 557
1500 558
