0.000 1
0.000 2
0.000 3
0.001 4
0.001 5
0.001 6
0.001 7
0.001 8
0.062 9
0.071 10
0.074 11
0.076 12
0.088 13
0.094 14
0.095 15
0.095 16
0.101 17
0.102 18
0.105 19
0.107 20
0.108 21
0.112 22
0.114 23
0.114 24
0.115 25
0.116 26
0.119 27
0.122 28
0.123 29
0.123 30
0.125 31
0.127 32
0.128 33
0.130 34
0.134 35
0.141 36
0.143 37
0.144 38
0.145 39
0.147 40
0.150 41
0.152 42
0.153 43
0.155 44
0.155 45
0.155 46
0.155 47
0.156 48
0.159 49
0.159 50
0.161 51
0.165 52
0.165 53
0.165 54
0.166 55
0.166 56
0.167 57
0.167 58
0.168 59
0.169 60
0.170 61
0.171 62
0.172 63
0.172 64
0.175 65
0.176 66
0.176 67
0.177 68
0.177 69
0.179 70
0.180 71
0.180 72
0.182 73
0.182 74
0.182 75
0.182 76
0.183 77
0.187 78
0.192 79
0.193 80
0.194 81
0.194 82
0.199 83
0.205 84
0.213 85
0.214 86
0.217 87
0.219 88
0.223 89
0.223 90
0.224 91
0.227 92
0.228 93
0.233 94
0.233 95
0.235 96
0.238 97
0.243 98
0.243 99
0.247 100
0.248 101
0.250 102
0.252 103
0.255 104
0.256 105
0.260 106
0.261 107
0.263 108
0.264 109
0.265 110
0.270 111
0.271 112
0.274 113
0.275 114
0.278 115
0.281 116
0.281 117
0.282 118
0.282 119
0.286 120
0.286 121
0.286 122
0.286 123
0.287 124
0.287 125
0.289 126
0.292 127
0.292 128
0.293 129
0.296 130
0.300 131
0.301 132
0.303 133
0.304 134
0.307 135
0.309 136
0.309 137
0.311 138
0.312 139
0.313 140
0.313 141
0.316 142
0.318 143
0.320 144
0.322 145
0.322 146
0.322 147
0.325 148
0.329 149
0.333 150
0.334 151
0.334 152
0.334 153
0.338 154
0.339 155
0.341 156
0.343 157
0.348 158
0.352 159
0.352 160
0.352 161
0.353 162
0.358 163
0.376 164
0.377 165
0.377 166
0.379 167
0.387 168
0.389 169
0.390 170
0.390 171
0.393 172
0.398 173
0.399 174
0.399 175
0.411 176
0.416 177
0.416 178
0.416 179
0.421 180
0.421 181
0.428 182
0.429 183
0.430 184
0.432 185
0.435 186
0.435 187
0.440 188
0.441 189
0.443 190
0.444 191
0.445 192
0.447 193
0.457 194
0.462 195
0.469 196
0.472 197
0.473 198
0.474 199
0.477 200
0.482 201
0.485 202
0.485 203
0.487 204
0.497 205
0.502 206
0.518 207
0.524 208
0.531 209
0.548 210
0.565 211
0.565 212
0.577 213
0.590 214
0.602 215
0.620 216
0.621 217
0.635 218
0.638 219
0.639 220
0.640 221
0.641 222
0.646 223
0.659 224
0.663 225
0.664 226
0.665 227
0.666 228
0.673 229
0.675 230
0.680 231
0.682 232
0.685 233
0.690 234
0.692 235
0.695 236
0.711 237
0.717 238
0.718 239
0.720 240
0.731 241
0.733 242
0.733 243
0.740 244
0.746 245
0.748 246
0.752 247
0.755 248
0.772 249
0.784 250
0.791 251
0.803 252
0.803 253
0.804 254
0.806 255
0.814 256
0.840 257
0.847 258
0.860 259
0.899 260
0.914 261
0.938 262
0.970 263
0.982 264
0.983 265
0.983 266
1.000 267
1.004 268
1.017 269
1.024 270
1.027 271
1.042 272
1.044 273
1.047 274
1.049 275
1.051 276
1.065 277
1.066 278
1.073 279
1.074 280
1.074 281
1.076 282
1.083 283
1.089 284
1.104 285
1.105 286
1.107 287
1.110 288
1.112 289
1.113 290
1.117 291
1.118 292
1.119 293
1.130 294
1.130 295
1.141 296
1.143 297
1.154 298
1.158 299
1.161 300
1.163 301
1.168 302
1.170 303
1.170 304
1.171 305
1.187 306
1.189 307
1.191 308
1.198 309
1.212 310
1.213 311
1.235 312
1.238 313
1.248 314
1.250 315
1.253 316
1.255 317
1.258 318
1.267 319
1.276 320
1.278 321
1.295 322
1.297 323
1.304 324
1.304 325
1.306 326
1.310 327
1.310 328
1.312 329
1.315 330
1.322 331
1.323 332
1.323 333
1.324 334
1.329 335
1.342 336
1.353 337
1.354 338
1.355 339
1.363 340
1.363 341
1.375 342
1.377 343
1.389 344
1.404 345
1.408 346
1.410 347
1.414 348
1.433 349
1.436 350
1.439 351
1.443 352
1.447 353
1.448 354
1.452 355
1.463 356
1.465 357
1.466 358
1.477 359
1.479 360
1.491 361
1.507 362
1.509 363
1.513 364
1.519 365
1.523 366
1.526 367
1.530 368
1.537 369
1.538 370
1.539 371
1.545 372
1.546 373
1.552 374
1.554 375
1.559 376
1.560 377
1.562 378
1.567 379
1.569 380
1.576 381
1.590 382
1.591 383
1.592 384
1.594 385
1.594 386
1.618 387
1.626 388
1.627 389
1.630 390
1.630 391
1.638 392
1.654 393
1.659 394
1.668 395
1.675 396
1.679 397
1.680 398
1.682 399
1.683 400
1.703 401
1.704 402
1.717 403
1.720 404
1.720 405
1.730 406
1.740 407
1.741 408
1.742 409
1.754 410
1.759 411
1.762 412
1.771 413
1.786 414
1.786 415
1.787 416
1.799 417
1.800 418
1.800 419
1.803 420
1.811 421
1.814 422
1.826 423
1.828 424
1.834 425
1.839 426
1.839 427
1.842 428
1.843 429
1.843 430
1.849 431
1.855 432
1.861 433
1.862 434
1.867 435
1.868 436
1.869 437
1.870 438
1.870 439
1.871 440
1.871 441
1.879 442
1.881 443
1.888 444
1.891 445
1.896 446
1.903 447
1.905 448
1.906 449
1.915 450
1.916 451
1.920 452
1.931 453
1.936 454
1.938 455
1.947 456
1.953 457
1.957 458
1.962 459
2.026 460
2.039 461
2.043 462
2.046 463
2.058 464
2.060 465
2.063 466
2.076 467
2.117 468
2.118 469
2.172 470
2.192 471
2.192 472
2.223 473
2.350 474
2.396 475
2.413 476
2.869 477
2.921 478
3.206 479
3.234 480
3.268 481
3.429 482
3.498 483
3.887 484
3.930 485
4.089 486
4.480 487
4.608 488
4.656 489
4.699 490
4.900 491
5.226 492
5.433 493
5.537 494
6.169 495
6.705 496
7.017 497
7.100 498
7.284 499
7.600 500
7.658 501
7.732 502
8.071 503
8.197 504
8.531 505
8.878 506
9.958 507
10.862 508
11.688 509
11.798 510
11.911 511
12.007 512
12.393 513
13.686 514
14.640 515
14.700 516
15.446 517
17.235 518
17.587 519
19.594 520
19.787 521
22.749 522
28.066 523
28.716 524
30.399 525
33.800 526
39.768 527
42.362 528
46.637 529
59.133 530
65.911 531
75.500 532
153.898 533
193.977 534
242.071 535
475.510 536
789.594 537
980.008 538
1171.894 539
