0.002 1
0.004 2
0.005 3
0.008 4
0.009 5
0.020 6
0.021 7
0.023 8
0.023 9
0.023 10
0.023 11
0.024 12
0.024 13
0.024 14
0.024 15
0.025 16
0.026 17
0.027 18
0.027 19
0.028 20
0.030 21
0.032 22
0.033 23
0.033 24
0.035 25
0.035 26
0.039 27
0.040 28
0.041 29
0.042 30
0.043 31
0.047 32
0.048 33
0.048 34
0.048 35
0.048 36
0.049 37
0.050 38
0.050 39
0.051 40
0.052 41
0.052 42
0.055 43
0.055 44
0.058 45
0.058 46
0.059 47
0.060 48
0.062 49
0.062 50
0.062 51
0.063 52
0.066 53
0.067 54
0.067 55
0.069 56
0.070 57
0.072 58
0.074 59
0.076 60
0.076 61
0.077 62
0.080 63
0.081 64
0.082 65
0.084 66
0.085 67
0.086 68
0.086 69
0.090 70
0.091 71
0.091 72
0.097 73
0.099 74
0.108 75
0.113 76
0.113 77
0.116 78
0.117 79
0.120 80
0.120 81
0.124 82
0.125 83
0.127 84
0.127 85
0.130 86
0.146 87
0.147 88
0.147 89
0.152 90
0.154 91
0.158 92
0.159 93
0.159 94
0.164 95
0.168 96
0.176 97
0.177 98
0.180 99
0.180 100
0.181 101
0.189 102
0.194 103
0.200 104
0.201 105
0.203 106
0.209 107
0.214 108
0.222 109
0.222 110
0.226 111
0.227 112
0.248 113
0.251 114
0.257 115
0.260 116
0.268 117
0.273 118
0.273 119
0.275 120
0.284 121
0.288 122
0.291 123
0.301 124
0.311 125
0.325 126
0.341 127
0.345 128
0.349 129
0.367 130
0.369 131
0.370 132
0.375 133
0.387 134
0.389 135
0.396 136
0.398 137
0.408 138
0.411 139
0.418 140
0.426 141
0.453 142
0.454 143
0.461 144
0.472 145
0.474 146
0.476 147
0.478 148
0.482 149
0.495 150
0.517 151
0.531 152
0.532 153
0.543 154
0.577 155
0.585 156
0.586 157
0.592 158
0.597 159
0.638 160
0.657 161
0.702 162
0.713 163
0.724 164
0.768 165
0.771 166
0.815 167
0.815 168
0.829 169
0.864 170
0.954 171
0.968 172
0.972 173
1.029 174
1.055 175
1.059 176
1.061 177
1.076 178
1.169 179
1.251 180
1.321 181
1.341 182
1.349 183
1.378 184
1.389 185
1.410 186
1.416 187
1.420 188
1.422 189
1.443 190
1.448 191
1.500 192
1.504 193
1.612 194
1.626 195
1.647 196
1.661 197
1.710 198
1.715 199
1.729 200
1.775 201
1.788 202
1.825 203
1.907 204
2.010 205
2.057 206
2.110 207
2.210 208
2.235 209
2.242 210
2.247 211
2.267 212
2.276 213
2.282 214
2.291 215
2.383 216
2.399 217
2.468 218
2.547 219
2.583 220
2.630 221
2.657 222
2.758 223
2.793 224
2.803 225
2.896 226
2.962 227
2.987 228
3.022 229
3.114 230
3.128 231
3.144 232
3.185 233
3.266 234
3.282 235
3.296 236
3.309 237
3.386 238
3.433 239
3.581 240
3.614 241
3.821 242
3.869 243
3.870 244
4.011 245
4.014 246
4.163 247
4.187 248
4.331 249
4.681 250
4.835 251
4.942 252
5.092 253
5.295 254
5.345 255
5.427 256
5.534 257
5.716 258
6.361 259
6.476 260
6.494 261
6.591 262
6.884 263
7.248 264
7.301 265
7.454 266
7.835 267
8.140 268
8.651 269
9.034 270
9.144 271
9.450 272
9.822 273
10.953 274
11.037 275
11.128 276
11.178 277
11.493 278
11.496 279
11.580 280
11.609 281
11.676 282
11.767 283
12.239 284
12.764 285
12.934 286
13.143 287
13.330 288
13.490 289
13.734 290
13.891 291
14.156 292
14.858 293
15.439 294
15.743 295
15.824 296
16.412 297
16.651 298
16.699 299
16.962 300
17.451 301
17.574 302
17.856 303
18.053 304
18.114 305
18.310 306
18.600 307
18.733 308
19.318 309
19.926 310
20.102 311
21.933 312
22.106 313
22.800 314
23.509 315
25.596 316
26.283 317
26.587 318
28.509 319
28.553 320
29.102 321
29.916 322
31.326 323
31.365 324
31.912 325
32.195 326
32.547 327
33.490 328
34.107 329
34.549 330
36.182 331
38.652 332
39.245 333
39.678 334
39.923 335
39.956 336
40.473 337
40.772 338
41.107 339
41.609 340
42.256 341
43.415 342
43.845 343
44.117 344
46.048 345
46.373 346
48.257 347
50.253 348
50.553 349
51.357 350
54.847 351
56.963 352
57.168 353
58.577 354
60.190 355
60.257 356
61.331 357
64.354 358
65.698 359
69.023 360
69.387 361
71.114 362
71.950 363
72.811 364
77.399 365
83.746 366
85.030 367
87.048 368
88.710 369
94.304 370
96.807 371
97.135 372
103.790 373
104.478 374
107.577 375
107.965 376
117.261 377
118.241 378
125.016 379
131.154 380
139.437 381
139.509 382
139.526 383
140.327 384
141.872 385
148.934 386
149.299 387
149.349 388
150.399 389
153.415 390
156.518 391
158.774 392
159.665 393
161.520 394
163.271 395
163.806 396
172.239 397
173.674 398
174.573 399
179.400 400
180.418 401
182.078 402
182.682 403
183.637 404
193.470 405
205.164 406
205.704 407
213.649 408
217.856 409
218.950 410
220.587 411
226.984 412
227.934 413
229.672 414
232.159 415
235.512 416
236.612 417
253.622 418
259.505 419
278.766 420
280.250 421
291.398 422
306.524 423
314.487 424
315.851 425
316.748 426
320.484 427
336.244 428
342.881 429
348.701 430
372.091 431
379.503 432
385.212 433
396.873 434
399.604 435
410.913 436
425.313 437
434.360 438
443.828 439
447.883 440
460.920 441
466.360 442
488.199 443
502.920 444
507.834 445
508.155 446
509.773 447
522.527 448
551.152 449
560.742 450
572.294 451
582.813 452
617.358 453
626.761 454
644.483 455
664.524 456
672.666 457
680.530 458
700.989 459
702.654 460
709.012 461
721.401 462
722.805 463
728.080 464
736.004 465
748.437 466
757.000 467
759.126 468
811.379 469
868.982 470
894.047 471
908.798 472
921.941 473
953.108 474
968.896 475
1007.535 476
1025.087 477
1026.594 478
1051.979 479
1062.862 480
1082.931 481
1110.606 482
1117.885 483
1119.463 484
1159.397 485
1172.903 486
1238.252 487
1239.990 488
1246.973 489
1248.247 490
1252.831 491
1293.873 492
1313.351 493
1354.604 494
1360.937 495
1379.691 496
1390.129 497
1405.298 498
1417.641 499
1424.763 500
1431.977 501
1490.932 502
1501.740 503
1510.576 504
1520.651 505
1560.843 506
1637.281 507
1800.090 508
1800.313 509
1800.404 510
1800.488 511
1800.650 512
1800.676 513
1801.105 514
1801.153 515
1801.255 516
1801.294 517
1801.497 518
1801.602 519
1801.905 520
1801.954 521
1802.070 522
1802.075 523
1802.109 524
1802.162 525
1802.215 526
1802.284 527
1802.307 528
1802.312 529
1802.392 530
1802.746 531
1802.813 532
1802.844 533
1802.887 534
1802.919 535
1802.934 536
1803.082 537
1803.166 538
1803.188 539
1803.294 540
1803.309 541
1803.842 542
1803.955 543
1804.294 544
1804.592 545
1805.229 546
1805.361 547
1805.432 548
1805.800 549
1806.268 550
1806.386 551
1806.536 552
1806.697 553
1807.139 554
