0.002 1
0.002 2
0.003 3
0.003 4
0.004 5
0.004 6
0.004 7
0.005 8
0.005 9
0.006 10
0.006 11
0.006 12
0.007 13
0.007 14
0.007 15
0.008 16
0.008 17
0.008 18
0.009 19
0.009 20
0.009 21
0.010 22
0.010 23
0.011 24
0.011 25
0.011 26
0.011 27
0.012 28
0.012 29
0.012 30
0.012 31
0.012 32
0.013 33
0.013 34
0.013 35
0.013 36
0.014 37
0.014 38
0.015 39
0.015 40
0.015 41
0.016 42
0.016 43
0.017 44
0.017 45
0.018 46
0.019 47
0.019 48
0.020 49
0.021 50
0.021 51
0.022 52
0.022 53
0.023 54
0.023 55
0.025 56
0.026 57
0.026 58
0.027 59
0.028 60
0.030 61
0.031 62
0.031 63
0.032 64
0.032 65
0.032 66
0.034 67
0.034 68
0.035 69
0.037 70
0.042 71
0.044 72
0.047 73
0.047 74
0.048 75
0.048 76
0.048 77
0.048 78
0.049 79
0.050 80
0.052 81
0.054 82
0.055 83
0.058 84
0.058 85
0.059 86
0.061 87
0.066 88
0.068 89
0.075 90
0.076 91
0.078 92
0.078 93
0.082 94
0.083 95
0.084 96
0.086 97
0.088 98
0.091 99
0.092 100
0.093 101
0.095 102
0.103 103
0.104 104
0.106 105
0.106 106
0.109 107
0.109 108
0.111 109
0.113 110
0.114 111
0.125 112
0.125 113
0.127 114
0.127 115
0.127 116
0.128 117
0.128 118
0.131 119
0.133 120
0.135 121
0.137 122
0.139 123
0.142 124
0.143 125
0.145 126
0.148 127
0.151 128
0.152 129
0.158 130
0.158 131
0.162 132
0.163 133
0.164 134
0.167 135
0.168 136
0.168 137
0.170 138
0.170 139
0.172 140
0.181 141
0.183 142
0.189 143
0.193 144
0.195 145
0.206 146
0.214 147
0.243 148
0.258 149
0.259 150
0.272 151
0.281 152
0.288 153
0.290 154
0.292 155
0.296 156
0.296 157
0.309 158
0.322 159
0.337 160
0.350 161
0.448 162
0.476 163
0.499 164
0.505 165
0.510 166
0.513 167
0.518 168
0.528 169
0.548 170
0.554 171
0.573 172
0.592 173
0.603 174
0.693 175
0.762 176
0.773 177
0.845 178
0.860 179
0.900 180
0.905 181
0.913 182
0.989 183
1.025 184
1.075 185
1.084 186
1.123 187
1.232 188
1.267 189
1.331 190
1.351 191
1.428 192
1.544 193
1.570 194
1.601 195
1.704 196
1.728 197
1.842 198
1.910 199
2.056 200
2.068 201
2.155 202
2.167 203
2.263 204
2.273 205
2.560 206
2.684 207
3.235 208
3.372 209
3.450 210
3.743 211
3.855 212
4.491 213
4.585 214
4.675 215
5.265 216
5.555 217
7.337 218
8.030 219
8.091 220
8.533 221
9.069 222
10.465 223
13.122 224
17.862 225
20.130 226
64.004 227
91.211 228
106.122 229
181.943 230
279.620 231
289.049 232
