0.019 1
0.019 2
0.019 3
0.020 4
0.020 5
0.020 6
0.021 7
0.021 8
0.021 9
0.022 10
0.023 11
0.023 12
0.024 13
0.024 14
0.024 15
0.025 16
0.025 17
0.025 18
0.025 19
0.025 20
0.026 21
0.026 22
0.027 23
0.027 24
0.027 25
0.028 26
0.028 27
0.028 28
0.028 29
0.029 30
0.029 31
0.029 32
0.029 33
0.030 34
0.030 35
0.030 36
0.032 37
0.032 38
0.032 39
0.032 40
0.032 41
0.032 42
0.032 43
0.033 44
0.033 45
0.033 46
0.034 47
0.036 48
0.036 49
0.037 50
0.040 51
0.040 52
0.041 53
0.043 54
0.044 55
0.045 56
0.047 57
0.048 58
0.050 59
0.051 60
0.051 61
0.051 62
0.052 63
0.054 64
0.055 65
0.056 66
0.056 67
0.057 68
0.061 69
0.062 70
0.062 71
0.065 72
0.065 73
0.066 74
0.068 75
0.069 76
0.072 77
0.074 78
0.077 79
0.079 80
0.080 81
0.082 82
0.086 83
0.094 84
0.095 85
0.095 86
0.097 87
0.099 88
0.102 89
0.103 90
0.104 91
0.107 92
0.108 93
0.117 94
0.122 95
0.124 96
0.128 97
0.146 98
0.150 99
0.152 100
0.153 101
0.154 102
0.154 103
0.161 104
0.173 105
0.174 106
0.183 107
0.183 108
0.190 109
0.191 110
0.192 111
0.192 112
0.193 113
0.195 114
0.208 115
0.209 116
0.210 117
0.219 118
0.220 119
0.220 120
0.222 121
0.227 122
0.233 123
0.233 124
0.237 125
0.239 126
0.245 127
0.255 128
0.266 129
0.276 130
0.291 131
0.296 132
0.297 133
0.310 134
0.316 135
0.322 136
0.324 137
0.326 138
0.334 139
0.340 140
0.354 141
0.366 142
0.375 143
0.389 144
0.397 145
0.397 146
0.428 147
0.440 148
0.448 149
0.495 150
0.537 151
0.555 152
0.572 153
0.573 154
0.604 155
0.607 156
0.617 157
0.620 158
0.622 159
0.668 160
0.733 161
0.793 162
0.925 163
0.995 164
1.002 165
1.004 166
1.019 167
1.070 168
1.078 169
1.161 170
1.223 171
1.227 172
1.241 173
1.261 174
1.289 175
1.316 176
1.355 177
1.453 178
1.725 179
1.739 180
2.301 181
2.510 182
2.526 183
2.574 184
2.805 185
3.031 186
3.087 187
4.493 188
4.747 189
5.169 190
5.410 191
6.066 192
7.247 193
7.777 194
7.926 195
8.224 196
12.484 197
16.340 198
18.096 199
24.027 200
25.112 201
25.170 202
25.271 203
28.982 204
34.351 205
36.524 206
52.638 207
54.569 208
62.217 209
63.727 210
66.084 211
69.401 212
77.248 213
91.043 214
99.844 215
122.686 216
157.262 217
195.102 218
196.444 219
221.530 220
244.605 221
