0.000 1
0.001 2
0.001 3
0.001 4
0.001 5
0.001 6
0.001 7
0.001 8
0.001 9
0.001 10
0.001 11
0.001 12
0.001 13
0.001 14
0.001 15
0.001 16
0.001 17
0.001 18
0.001 19
0.001 20
0.001 21
0.001 22
0.060 23
0.072 24
0.072 25
0.097 26
0.105 27
0.109 28
0.120 29
0.142 30
0.150 31
0.154 32
0.176 33
0.176 34
0.183 35
0.222 36
0.230 37
0.233 38
0.238 39
0.243 40
0.247 41
0.267 42
0.267 43
0.280 44
0.285 45
0.298 46
0.306 47
0.330 48
0.340 49
0.360 50
0.369 51
0.370 52
0.372 53
0.379 54
0.384 55
0.421 56
0.423 57
0.443 58
0.444 59
0.446 60
0.447 61
0.447 62
0.460 63
0.465 64
0.478 65
0.485 66
0.511 67
0.529 68
0.534 69
0.542 70
0.543 71
0.547 72
0.550 73
0.550 74
0.551 75
0.556 76
0.571 77
0.628 78
0.633 79
0.641 80
0.644 81
0.670 82
0.701 83
0.732 84
0.741 85
0.752 86
0.795 87
0.796 88
0.802 89
0.809 90
0.812 91
0.815 92
0.823 93
0.831 94
0.901 95
0.927 96
0.934 97
0.944 98
0.956 99
0.956 100
0.961 101
0.968 102
0.968 103
0.973 104
0.974 105
0.977 106
1.003 107
1.005 108
1.005 109
1.011 110
1.012 111
1.021 112
1.029 113
1.031 114
1.039 115
1.040 116
1.045 117
1.051 118
1.059 119
1.061 120
1.062 121
1.073 122
1.079 123
1.079 124
1.080 125
1.083 126
1.089 127
1.100 128
1.101 129
1.103 130
1.104 131
1.105 132
1.106 133
1.109 134
1.122 135
1.125 136
1.137 137
1.142 138
1.144 139
1.146 140
1.147 141
1.158 142
1.162 143
1.162 144
1.166 145
1.168 146
1.193 147
1.195 148
1.197 149
1.202 150
1.224 151
1.227 152
1.231 153
1.243 154
1.249 155
1.285 156
1.298 157
1.304 158
1.306 159
1.306 160
1.312 161
1.312 162
1.316 163
1.322 164
1.325 165
1.337 166
1.341 167
1.351 168
1.353 169
1.356 170
1.356 171
1.360 172
1.360 173
1.365 174
1.373 175
1.377 176
1.387 177
1.389 178
1.389 179
1.400 180
1.424 181
1.432 182
1.435 183
1.457 184
1.459 185
1.467 186
1.483 187
1.483 188
1.490 189
1.502 190
1.508 191
1.509 192
1.510 193
1.511 194
1.521 195
1.522 196
1.522 197
1.525 198
1.529 199
1.531 200
1.534 201
1.534 202
1.536 203
1.540 204
1.541 205
1.541 206
1.544 207
1.548 208
1.549 209
1.551 210
1.560 211
1.563 212
1.563 213
1.564 214
1.573 215
1.575 216
1.580 217
1.582 218
1.584 219
1.594 220
1.598 221
1.600 222
1.602 223
1.602 224
1.609 225
1.621 226
1.629 227
1.631 228
1.632 229
1.633 230
1.633 231
1.646 232
1.665 233
1.676 234
1.696 235
1.700 236
1.724 237
1.791 238
1.799 239
1.811 240
1.820 241
1.868 242
1.901 243
1.905 244
1.986 245
2.001 246
2.032 247
2.048 248
2.071 249
2.155 250
2.171 251
2.238 252
2.337 253
2.345 254
2.351 255
2.351 256
2.481 257
2.494 258
2.610 259
2.698 260
2.720 261
2.743 262
2.754 263
2.764 264
2.837 265
2.925 266
3.022 267
3.033 268
3.067 269
3.079 270
3.097 271
3.107 272
3.172 273
3.180 274
3.194 275
3.223 276
3.254 277
3.266 278
3.286 279
3.287 280
3.347 281
3.417 282
3.423 283
3.447 284
3.561 285
3.625 286
3.634 287
3.672 288
3.691 289
3.711 290
4.020 291
4.026 292
4.038 293
4.055 294
4.062 295
4.139 296
4.212 297
4.230 298
4.251 299
4.334 300
4.380 301
4.452 302
4.525 303
4.572 304
4.584 305
4.591 306
4.724 307
4.757 308
5.002 309
5.021 310
5.027 311
5.442 312
5.479 313
5.484 314
5.495 315
5.720 316
5.763 317
5.789 318
5.852 319
5.869 320
5.925 321
5.999 322
6.038 323
6.058 324
6.160 325
6.194 326
6.216 327
6.225 328
6.329 329
6.347 330
6.434 331
6.486 332
6.521 333
6.546 334
6.547 335
6.727 336
6.962 337
7.060 338
7.481 339
7.701 340
7.804 341
7.845 342
8.365 343
8.449 344
8.511 345
8.696 346
8.819 347
8.939 348
8.948 349
8.955 350
8.975 351
9.035 352
9.222 353
9.271 354
9.539 355
9.602 356
9.721 357
9.787 358
9.970 359
9.985 360
10.084 361
10.153 362
10.269 363
10.437 364
10.511 365
11.740 366
11.865 367
12.161 368
12.217 369
12.368 370
12.393 371
12.467 372
12.549 373
12.722 374
13.162 375
13.597 376
13.748 377
14.918 378
15.729 379
15.928 380
16.455 381
16.828 382
16.919 383
16.944 384
17.342 385
17.810 386
17.951 387
17.963 388
18.743 389
18.818 390
18.889 391
19.492 392
19.601 393
19.723 394
19.752 395
19.889 396
20.073 397
20.559 398
20.631 399
20.646 400
20.870 401
21.069 402
21.433 403
21.573 404
21.651 405
21.883 406
21.980 407
24.880 408
25.429 409
25.615 410
27.938 411
28.054 412
28.758 413
29.315 414
29.632 415
30.196 416
30.578 417
31.470 418
31.478 419
32.561 420
32.668 421
33.020 422
33.170 423
34.290 424
34.437 425
36.705 426
37.603 427
39.606 428
40.869 429
42.799 430
44.641 431
44.829 432
45.532 433
45.734 434
47.768 435
50.956 436
53.659 437
55.500 438
57.132 439
58.217 440
58.380 441
59.372 442
60.235 443
61.985 444
64.542 445
64.741 446
65.694 447
66.636 448
67.575 449
69.422 450
75.103 451
78.083 452
84.423 453
86.469 454
87.243 455
94.043 456
94.130 457
94.823 458
101.646 459
103.595 460
103.683 461
113.942 462
118.142 463
126.285 464
126.643 465
129.368 466
132.148 467
139.967 468
146.992 469
149.909 470
154.311 471
156.257 472
156.395 473
163.013 474
168.059 475
184.171 476
190.085 477
192.118 478
194.704 479
198.468 480
198.705 481
199.412 482
202.493 483
219.637 484
222.825 485
229.048 486
245.668 487
246.222 488
282.591 489
290.843 490
296.252 491
301.199 492
314.761 493
315.726 494
321.804 495
322.364 496
328.886 497
341.669 498
351.304 499
381.702 500
383.826 501
387.981 502
390.026 503
396.070 504
397.303 505
404.064 506
429.303 507
437.306 508
451.667 509
556.257 510
560.027 511
568.514 512
588.266 513
591.232 514
592.836 515
614.314 516
667.983 517
698.800 518
734.192 519
740.557 520
833.560 521
954.967 522
1084.184 523
1141.763 524
1192.140 525
1433.041 526
1433.052 527
1513.792 528
1545.012 529
1797.843 530
