0 1
1 2
2 3
3 4
3 5
3 6
4 7
4 8
4 9
4 10
5 11
6 12
6 13
6 14
6 15
6 16
6 17
7 18
7 19
7 20
7 21
7 22
8 23
8 24
8 25
9 26
9 27
10 28
10 29
10 30
10 31
10 32
11 33
11 34
11 35
11 36
11 37
11 38
11 39
12 40
12 41
12 42
12 43
12 44
13 45
13 46
14 47
14 48
14 49
14 50
14 51
15 52
15 53
15 54
15 55
15 56
15 57
15 58
15 59
15 60
15 61
15 62
16 63
16 64
16 65
16 66
16 67
16 68
16 69
16 70
18 71
18 72
18 73
18 74
18 75
19 76
19 77
20 78
20 79
20 80
20 81
20 82
21 83
21 84
21 85
21 86
21 87
22 88
22 89
22 90
23 91
23 92
23 93
23 94
23 95
23 96
24 97
24 98
24 99
24 100
24 101
24 102
25 103
25 104
26 105
26 106
26 107
26 108
27 109
27 110
27 111
27 112
28 113
29 114
29 115
29 116
30 117
30 118
31 119
31 120
31 121
31 122
31 123
31 124
32 125
32 126
32 127
32 128
32 129
32 130
32 131
33 132
33 133
34 134
34 135
34 136
34 137
34 138
34 139
35 140
35 141
35 142
35 143
35 144
36 145
36 146
37 147
37 148
38 149
38 150
39 151
39 152
39 153
39 154
40 155
40 156
40 157
40 158
40 159
40 160
41 161
41 162
41 163
41 164
41 165
43 166
43 167
43 168
43 169
44 170
44 171
44 172
44 173
44 174
44 175
44 176
44 177
45 178
45 179
45 180
47 181
48 182
48 183
48 184
50 185
50 186
50 187
50 188
50 189
50 190
51 191
52 192
53 193
53 194
54 195
54 196
54 197
54 198
55 199
55 200
55 201
55 202
55 203
55 204
57 205
57 206
58 207
58 208
58 209
58 210
58 211
59 212
59 213
60 214
62 215
62 216
62 217
62 218
63 219
63 220
63 221
63 222
64 223
65 224
65 225
65 226
65 227
65 228
66 229
66 230
66 231
66 232
67 233
67 234
68 235
68 236
69 237
70 238
70 239
71 240
71 241
72 242
72 243
73 244
74 245
74 246
75 247
75 248
75 249
76 250
77 251
77 252
77 253
78 254
79 255
80 256
80 257
80 258
81 259
81 260
81 261
84 262
85 263
85 264
85 265
86 266
86 267
87 268
88 269
88 270
88 271
88 272
88 273
89 274
90 275
90 276
92 277
92 278
93 279
93 280
94 281
95 282
96 283
96 284
97 285
97 286
97 287
98 288
98 289
99 290
99 291
99 292
100 293
100 294
100 295
100 296
101 297
103 298
105 299
106 300
107 301
107 302
107 303
107 304
107 305
107 306
107 307
107 308
107 309
107 310
107 311
107 312
107 313
107 314
107 315
107 316
107 317
107 318
107 319
107 320
107 321
108 322
108 323
109 324
109 325
109 326
110 327
110 328
113 329
114 330
114 331
114 332
115 333
119 334
120 335
120 336
120 337
120 338
121 339
121 340
121 341
121 342
122 343
123 344
124 345
125 346
127 347
127 348
127 349
131 350
131 351
131 352
131 353
132 354
132 355
133 356
133 357
133 358
133 359
133 360
134 361
139 362
139 363
140 364
140 365
142 366
143 367
143 368
143 369
143 370
144 371
145 372
147 373
147 374
150 375
150 376
151 377
153 378
153 379
153 380
153 381
154 382
154 383
154 384
154 385
155 386
156 387
156 388
158 389
158 390
163 391
164 392
165 393
165 394
165 395
165 396
167 397
175 398
175 399
176 400
176 401
176 402
176 403
178 404
180 405
184 406
185 407
186 408
186 409
187 410
187 411
187 412
187 413
190 414
190 415
193 416
196 417
197 418
198 419
198 420
198 421
198 422
200 423
202 424
202 425
202 426
205 427
206 428
208 429
209 430
209 431
209 432
209 433
214 434
215 435
219 436
219 437
219 438
219 439
220 440
220 441
220 442
220 443
220 444
229 445
229 446
230 447
231 448
231 449
231 450
231 451
234 452
237 453
240 454
241 455
242 456
242 457
242 458
242 459
243 460
244 461
247 462
250 463
252 464
253 465
253 466
253 467
253 468
255 469
262 470
263 471
263 472
264 473
264 474
264 475
266 476
273 477
274 478
274 479
274 480
275 481
277 482
279 483
280 484
285 485
286 486
286 487
286 488
292 489
295 490
297 491
297 492
297 493
297 494
298 495
307 496
308 497
308 498
308 499
308 500
311 501
316 502
316 503
318 504
318 505
320 506
329 507
330 508
330 509
332 510
350 511
351 512
353 513
356 514
372 515
383 516
450 517
466 518
511 519
550 520
627 521
750 522
1000 523
1500 524
