0.174560546875 1
0.201171875 2
0.20263671875 3
0.25 4
0.25146484375 5
0.267578125 6
0.27099609375 7
0.271484375 8
0.27783203125 9
0.278076171875 10
0.28857421875 11
0.29296875 12
0.3017578125 13
0.31298828125 14
0.33251953125 15
0.3515625 16
0.36865234375 17
0.3974609375 18
0.439453125 19
0.53515625 20
0.544921875 21
0.5498046875 22
0.560638427734375 23
0.59765625 24
0.650634765625 25
0.669921875 26
0.7291259765625 27
0.7421875 28
0.75927734375 29
0.767578125 30
0.89453125 31
0.8955078125 32
0.904296875 33
1.044921875 34
1.1796875 35
1.2677001953125 36
1.43359375 37
1.5107421875 38
1.630859375 39
1.7450929880142212 40
1.76513671875 41
1.76513671875 42
1.794921875 43
1.802734375 44
1.84130859375 45
2.002197265625 46
2.0146484375 47
2.027587890625 48
2.08837890625 49
2.19091796875 50
2.2255859375 51
2.23486328125 52
2.2421875 53
2.248046875 54
2.2587890625 55
2.262451171875 56
2.29345703125 57
2.32373046875 58
2.35498046875 59
2.41748046875 60
2.533203125 61
2.5732421875 62
2.5751953125 63
2.585693359375 64
2.609375 65
2.76953125 66
2.775390625 67
2.806640625 68
2.8077392578125 69
2.856201171875 70
2.9501953125 71
2.9697265625 72
3.267578125 73
3.33544921875 74
3.380859375 75
3.3876953125 76
3.4208984375 77
3.5556640625 78
3.5908203125 79
3.7158203125 80
3.7320556640625 81
3.80859375 82
3.8271484375 83
4.06640625 84
4.12255859375 85
4.187957763671875 86
4.231689453125 87
4.232421875 88
4.48486328125 89
4.5078125 90
4.537109375 91
4.72412109375 92
4.8251953125 93
4.865234375 94
4.8837890625 95
4.89111328125 96
4.970703125 97
4.97119140625 98
5.28662109375 99
5.35009765625 100
5.50390625 101
5.7109375 102
5.84765625 103
5.92578125 104
6.373046875 105
6.39453125 106
6.43359375 107
6.63671875 108
6.87109375 109
6.8759765625 110
7.22265625 111
7.22265625 112
7.25927734375 113
7.36279296875 114
7.41796875 115
7.64111328125 116
7.825439453125 117
7.958984375 118
8.0087890625 119
8.19580078125 120
8.232421875 121
8.2783203125 122
8.34375 123
8.3916015625 124
8.5546875 125
8.7939453125 126
8.8330078125 127
8.8642578125 128
9.0556640625 129
9.108642578125 130
9.333984375 131
9.3466796875 132
9.43115234375 133
9.6083984375 134
9.80078125 135
9.9287109375 136
9.99658203125 137
10.9990234375 138
10.9993896484375 139
11.92919921875 140
12.3984375 141
12.8505859375 142
13.111328125 143
13.33984375 144
13.345947265625 145
13.68603515625 146
13.798828125 147
13.943359375 148
14.06640625 149
14.1875 150
14.701629638671875 151
15.318359375 152
15.6865234375 153
15.7763671875 154
15.8056640625 155
15.931640625 156
16.279296875 157
16.28271484375 158
16.298828125 159
16.302734375 160
16.57666015625 161
16.779296875 162
16.8095703125 163
17.3017578125 164
17.51953125 165
17.814453125 166
17.9140625 167
18.10546875 168
18.10888671875 169
18.4169921875 170
18.49658203125 171
18.7001953125 172
18.8095703125 173
19.15087890625 174
19.2216796875 175
19.40625 176
19.8388671875 177
19.9146728515625 178
20.0634765625 179
20.369140625 180
20.638671875 181
20.657135009765625 182
21.21142578125 183
21.59228515625 184
21.998046875 185
22.2685546875 186
22.39892578125 187
22.4697265625 188
22.49658203125 189
22.59765625 190
23.2744140625 191
23.763671875 192
24.0 193
24.380615234375 194
24.86181640625 195
25.3349609375 196
25.43505859375 197
25.599609375 198
25.8037109375 199
25.975830078125 200
26.2470703125 201
26.28369140625 202
26.342529296875 203
27.01708984375 204
27.2158203125 205
27.634765625 206
28.47509765625 207
28.54345703125 208
28.626953125 209
28.62890625 210
28.638671875 211
28.7742919921875 212
29.2666015625 213
29.717529296875 214
30.36083984375 215
30.7255859375 216
31.81640625 217
33.556640625 218
34.42266845703125 219
34.46728515625 220
34.8779296875 221
34.9609375 222
35.009765625 223
35.08447265625 224
35.1337890625 225
35.212890625 226
35.466796875 227
35.6982421875 228
35.70068359375 229
35.8056640625 230
35.9111328125 231
36.978515625 232
37.8529052734375 233
37.9051513671875 234
38.583984375 235
38.857421875 236
40.890625 237
40.9365234375 238
41.1162109375 239
41.30810546875 240
41.806640625 241
42.546356201171875 242
42.92626953125 243
44.3828125 244
44.392578125 245
45.1767578125 246
46.024169921875 247
46.30810546875 248
47.38671875 249
47.65576171875 250
48.1318359375 251
48.62939453125 252
50.1455078125 253
50.229888916015625 254
50.791015625 255
51.91650390625 256
52.339111328125 257
52.440185546875 258
53.22216796875 259
53.271484375 260
59.5927734375 261
59.594482421875 262
61.583984375 263
63.74658203125 264
64.2607421875 265
64.607421875 266
66.0322265625 267
68.5048828125 268
70.9658203125 269
71.7529296875 270
72.7003173828125 271
74.0615234375 272
78.16357421875 273
81.115234375 274
86.5380859375 275
90.35546875 276
90.453125 277
90.75390625 278
91.2919921875 279
92.25 280
95.353515625 281
96.62181854248047 282
97.04833984375 283
97.464111328125 284
97.515625 285
98.930419921875 286
99.2490234375 287
99.814453125 288
100.77734375 289
102.005859375 290
105.912109375 291
106.970703125 292
107.85546875 293
111.548828125 294
111.8018798828125 295
111.87890625 296
115.87890625 297
116.69677734375 298
117.36279296875 299
120.9814453125 300
127.260009765625 301
128.330078125 302
128.9208984375 303
131.4814453125 304
132.0029296875 305
139.84765625 306
147.739990234375 307
162.6337890625 308
164.525390625 309
170.41796875 310
189.3798828125 311
196.02001953125 312
198.8427734375 313
199.0146484375 314
213.8017578125 315
217.251953125 316
233.298828125 317
258.640625 318
265.88134765625 319
298.744140625 320
302.484375 321
