0.174560546875 1
0.201171875 2
0.267578125 3
0.271484375 4
0.27783203125 5
0.28857421875 6
0.29296875 7
0.3017578125 8
0.31298828125 9
0.3515625 10
0.3974609375 11
0.439453125 12
0.53515625 13
0.544921875 14
0.560638427734375 15
0.59765625 16
0.650634765625 17
0.669921875 18
0.7291259765625 19
0.7421875 20
0.75927734375 21
0.89453125 22
0.8955078125 23
0.904296875 24
1.044921875 25
1.1796875 26
1.2677001953125 27
1.43359375 28
1.5107421875 29
1.630859375 30
1.7450929880142212 31
1.84130859375 32
2.002197265625 33
2.027587890625 34
2.2255859375 35
2.23486328125 36
2.29345703125 37
2.32373046875 38
2.35498046875 39
2.41748046875 40
2.533203125 41
2.5732421875 42
2.5751953125 43
2.585693359375 44
2.609375 45
2.76953125 46
2.775390625 47
2.8077392578125 48
2.9501953125 49
2.9697265625 50
3.33544921875 51
3.3876953125 52
3.4208984375 53
3.5556640625 54
3.7158203125 55
3.7320556640625 56
3.80859375 57
3.8271484375 58
4.06640625 59
4.12255859375 60
4.231689453125 61
4.232421875 62
4.48486328125 63
4.5078125 64
4.537109375 65
4.8251953125 66
4.8837890625 67
4.970703125 68
4.97119140625 69
5.28662109375 70
5.35009765625 71
5.84765625 72
5.92578125 73
6.373046875 74
6.39453125 75
6.43359375 76
6.63671875 77
6.87109375 78
6.8759765625 79
7.22265625 80
7.22265625 81
7.25927734375 82
7.825439453125 83
8.0087890625 84
8.19580078125 85
8.232421875 86
8.34375 87
8.3916015625 88
8.5546875 89
8.8642578125 90
9.108642578125 91
9.333984375 92
9.3466796875 93
9.6083984375 94
9.9287109375 95
9.99658203125 96
10.9990234375 97
10.9993896484375 98
12.3984375 99
13.111328125 100
13.798828125 101
14.06640625 102
15.931640625 103
16.28271484375 104
17.3017578125 105
17.51953125 106
17.814453125 107
18.4169921875 108
18.8095703125 109
19.15087890625 110
19.40625 111
20.369140625 112
20.657135009765625 113
22.39892578125 114
22.4697265625 115
22.59765625 116
23.2744140625 117
23.763671875 118
24.0 119
24.380615234375 120
25.975830078125 121
26.342529296875 122
27.2158203125 123
27.634765625 124
28.47509765625 125
28.62890625 126
28.638671875 127
30.36083984375 128
33.556640625 129
34.42266845703125 130
35.009765625 131
35.1337890625 132
35.212890625 133
35.466796875 134
35.70068359375 135
35.9111328125 136
37.8529052734375 137
41.30810546875 138
41.806640625 139
44.392578125 140
45.1767578125 141
47.65576171875 142
48.62939453125 143
50.791015625 144
51.91650390625 145
63.74658203125 146
64.2607421875 147
91.2919921875 148
97.04833984375 149
107.85546875 150
115.87890625 151
127.260009765625 152
147.739990234375 153
164.525390625 154
189.3798828125 155
258.640625 156
