0.20263671875 1
0.25 2
0.25146484375 3
0.27099609375 4
0.278076171875 5
0.33251953125 6
0.36865234375 7
0.5498046875 8
0.767578125 9
1.76513671875 10
1.76513671875 11
1.794921875 12
1.802734375 13
2.0146484375 14
2.08837890625 15
2.19091796875 16
2.2421875 17
2.248046875 18
2.2587890625 19
2.262451171875 20
2.806640625 21
2.856201171875 22
3.267578125 23
3.380859375 24
3.5908203125 25
4.187957763671875 26
4.72412109375 27
4.865234375 28
4.89111328125 29
5.50390625 30
5.7109375 31
7.36279296875 32
7.41796875 33
7.64111328125 34
7.958984375 35
8.2783203125 36
8.7939453125 37
8.8330078125 38
9.0556640625 39
9.43115234375 40
9.80078125 41
11.92919921875 42
12.8505859375 43
13.33984375 44
13.345947265625 45
13.68603515625 46
13.943359375 47
14.1875 48
14.701629638671875 49
15.318359375 50
15.6865234375 51
15.7763671875 52
15.8056640625 53
16.279296875 54
16.298828125 55
16.302734375 56
16.57666015625 57
16.779296875 58
16.8095703125 59
17.9140625 60
18.10546875 61
18.10888671875 62
18.49658203125 63
18.7001953125 64
19.2216796875 65
19.8388671875 66
19.9146728515625 67
20.0634765625 68
20.638671875 69
21.21142578125 70
21.59228515625 71
21.998046875 72
22.2685546875 73
22.49658203125 74
24.86181640625 75
25.3349609375 76
25.43505859375 77
25.599609375 78
25.8037109375 79
26.2470703125 80
26.28369140625 81
27.01708984375 82
28.54345703125 83
28.626953125 84
28.7742919921875 85
29.2666015625 86
29.717529296875 87
30.7255859375 88
31.81640625 89
34.46728515625 90
34.8779296875 91
34.9609375 92
35.08447265625 93
35.6982421875 94
35.8056640625 95
36.978515625 96
37.9051513671875 97
38.583984375 98
38.857421875 99
40.890625 100
40.9365234375 101
41.1162109375 102
42.546356201171875 103
42.92626953125 104
44.3828125 105
46.024169921875 106
46.30810546875 107
47.38671875 108
48.1318359375 109
50.1455078125 110
50.229888916015625 111
52.339111328125 112
52.440185546875 113
53.22216796875 114
53.271484375 115
59.5927734375 116
59.594482421875 117
61.583984375 118
64.607421875 119
66.0322265625 120
68.5048828125 121
70.9658203125 122
71.7529296875 123
72.7003173828125 124
74.0615234375 125
78.16357421875 126
81.115234375 127
86.5380859375 128
90.35546875 129
90.453125 130
90.75390625 131
92.25 132
95.353515625 133
96.62181854248047 134
97.464111328125 135
97.515625 136
98.930419921875 137
99.2490234375 138
99.814453125 139
100.77734375 140
102.005859375 141
105.912109375 142
106.970703125 143
111.548828125 144
111.8018798828125 145
111.87890625 146
116.69677734375 147
117.36279296875 148
120.9814453125 149
128.330078125 150
128.9208984375 151
131.4814453125 152
132.0029296875 153
139.84765625 154
162.6337890625 155
170.41796875 156
196.02001953125 157
198.8427734375 158
199.0146484375 159
213.8017578125 160
217.251953125 161
233.298828125 162
265.88134765625 163
298.744140625 164
302.484375 165
