0.208984375 1
0.228515625 2
0.236572265625 3
0.2412109375 4
0.251953125 5
0.25634765625 6
0.27099609375 7
0.279296875 8
0.2880859375 9
0.29443359375 10
0.294921875 11
0.31005859375 12
0.32080078125 13
0.3251953125 14
0.3388671875 15
0.35546875 16
0.36181640625 17
0.36328125 18
0.404296875 19
0.53759765625 20
0.5419921875 21
0.552734375 22
0.57568359375 23
0.634765625 24
0.640838623046875 25
0.68115234375 26
0.6953125 27
0.71002197265625 28
0.78564453125 29
0.82421875 30
0.86669921875 31
0.88134765625 32
0.9091796875 33
0.919921875 34
0.927734375 35
1.1171875 36
1.1708984375 37
1.254638671875 38
1.32568359375 39
1.3344842195510864 40
1.4755859375 41
1.478515625 42
1.55859375 43
1.59765625 44
1.61083984375 45
1.666259765625 46
1.693359375 47
1.6943359375 48
1.7001953125 49
1.71875 50
1.720703125 51
1.728515625 52
1.80078125 53
1.836181640625 54
1.84912109375 55
1.853515625 56
1.8828125 57
1.9814453125 58
2.021484375 59
2.19140625 60
2.191650390625 61
2.234375 62
2.34326171875 63
2.470703125 64
2.47705078125 65
2.595703125 66
2.6005859375 67
2.631439208984375 68
2.660400390625 69
2.7587890625 70
2.78515625 71
2.793212890625 72
2.80078125 73
2.8955078125 74
2.9423828125 75
2.97607421875 76
3.03515625 77
3.13037109375 78
3.1787109375 79
3.3272781372070313 80
3.4091796875 81
3.47509765625 82
3.5068359375 83
3.5771484375 84
3.5986328125 85
3.666015625 86
3.9306640625 87
4.1298828125 88
4.188232421875 89
4.3330078125 90
4.3486328125 91
4.365478515625 92
4.39013671875 93
4.4677734375 94
4.5576171875 95
4.71533203125 96
4.7880859375 97
5.1962890625 98
5.2060546875 99
5.214599609375 100
5.359375 101
5.455078125 102
5.546875 103
5.640625 104
5.65283203125 105
5.9384765625 106
6.400390625 107
6.4091796875 108
6.4140625 109
6.642578125 110
6.84375 111
6.8525390625 112
6.9921875 113
6.994140625 114
7.052734375 115
7.1630859375 116
7.173828125 117
7.189453125 118
7.22412109375 119
7.2724609375 120
7.287109375 121
7.3525390625 122
7.419921875 123
7.5087890625 124
7.51953125 125
7.76513671875 126
7.779296875 127
8.3629150390625 128
8.4384765625 129
8.681640625 130
8.688232421875 131
8.74853515625 132
8.7890625 133
8.8173828125 134
9.69921875 135
9.7188720703125 136
9.75390625 137
9.755859375 138
9.8798828125 139
9.9052734375 140
9.978515625 141
10.3818359375 142
10.552734375 143
10.588165283203125 144
10.69921875 145
11.166015625 146
12.08544921875 147
12.409912109375 148
12.9052734375 149
13.10205078125 150
13.192138671875 151
13.27734375 152
13.283203125 153
13.287109375 154
13.5107421875 155
14.076171875 156
14.75390625 157
14.7919921875 158
14.849609375 159
14.974609375 160
14.97998046875 161
15.15234375 162
15.21484375 163
15.74609375 164
15.80859375 165
16.0009765625 166
16.087890625 167
16.2236328125 168
16.63330078125 169
16.650390625 170
16.767578125 171
16.7900390625 172
16.85498046875 173
17.248046875 174
17.30712890625 175
17.409088134765625 176
17.5 177
17.5498046875 178
18.0361328125 179
18.11474609375 180
18.52734375 181
18.7626953125 182
19.35205078125 183
20.00390625 184
20.22265625 185
20.41796875 186
20.4296875 187
20.4541015625 188
20.501953125 189
21.220703125 190
21.710693359375 191
22.3466796875 192
22.78076171875 193
23.0 194
23.01171875 195
23.01953125 196
23.203125 197
23.5263671875 198
23.7958984375 199
24.327392578125 200
24.458984375 201
24.5087890625 202
24.56396484375 203
25.41943359375 204
25.4423828125 205
25.57470703125 206
25.5751953125 207
26.28271484375 208
26.59375 209
27.161865234375 210
27.3720703125 211
27.580078125 212
27.70703125 213
28.3134765625 214
28.60302734375 215
28.736328125 216
29.0498046875 217
29.20703125 218
30.712890625 219
30.7783203125 220
30.96044921875 221
31.339599609375 222
31.93017578125 223
32.939453125 224
33.724609375 225
33.829345703125 226
33.896728515625 227
34.091796875 228
34.30804443359375 229
34.7861328125 230
35.0224609375 231
35.10546875 232
35.177734375 233
35.20703125 234
35.23486328125 235
35.2744140625 236
35.712158203125 237
35.77392578125 238
35.96435546875 239
36.46826171875 240
37.42333984375 241
38.730224609375 242
38.9921875 243
39.705078125 244
40.8916015625 245
41.2642822265625 246
41.390625 247
41.41796875 248
42.02587890625 249
42.690093994140625 250
45.0673828125 251
45.1259765625 252
47.2314453125 253
49.48828125 254
49.630126953125 255
49.688262939453125 256
50.23046875 257
51.58056640625 258
51.685546875 259
51.764404296875 260
52.6982421875 261
53.736083984375 262
56.52734375 263
58.3369140625 264
58.378662109375 265
58.679443359375 266
59.9375 267
61.1328125 268
61.74609375 269
63.95703125 270
65.703125 271
71.0244140625 272
71.8779296875 273
72.37109375 274
72.658935546875 275
75.673828125 276
76.6328125 277
77.521484375 278
78.4599609375 279
79.703125 280
80.005859375 281
89.137939453125 282
89.419921875 283
89.7939453125 284
90.587890625 285
90.763671875 286
90.88804626464844 287
91.7421875 288
95.16015625 289
98.0101318359375 290
102.96923828125 291
103.5577392578125 292
104.7578125 293
105.3818359375 294
105.921875 295
106.737548828125 296
108.2412109375 297
109.87109375 298
125.197265625 299
126.2099609375 300
127.521484375 301
129.541015625 302
132.98681640625 303
134.515625 304
145.250244140625 305
149.00634765625 306
151.67578125 307
158.4326171875 308
170.443359375 309
173.65625 310
176.51171875 311
178.1376953125 312
184.621337890625 313
192.1484375 314
201.7705078125 315
212.11279296875 316
216.99169921875 317
227.69189453125 318
249.08349609375 319
267.94140625 320
278.32275390625 321
