0.208984375 1
0.236572265625 2
0.27099609375 3
0.2880859375 4
0.29443359375 5
0.294921875 6
0.31005859375 7
0.32080078125 8
0.3251953125 9
0.35546875 10
0.36328125 11
0.404296875 12
0.53759765625 13
0.552734375 14
0.57568359375 15
0.634765625 16
0.640838623046875 17
0.68115234375 18
0.6953125 19
0.71002197265625 20
0.82421875 21
0.86669921875 22
0.88134765625 23
0.9091796875 24
0.919921875 25
0.927734375 26
1.1171875 27
1.1708984375 28
1.254638671875 29
1.32568359375 30
1.3344842195510864 31
1.4755859375 32
1.478515625 33
1.55859375 34
1.59765625 35
1.61083984375 36
1.666259765625 37
1.6943359375 38
1.728515625 39
1.84912109375 40
1.8828125 41
1.9814453125 42
2.34326171875 43
2.470703125 44
2.47705078125 45
2.631439208984375 46
2.660400390625 47
2.7587890625 48
2.78515625 49
2.793212890625 50
2.80078125 51
2.8955078125 52
2.9423828125 53
2.97607421875 54
3.03515625 55
3.47509765625 56
3.5068359375 57
3.5771484375 58
3.5986328125 59
3.666015625 60
3.9306640625 61
4.1298828125 62
4.188232421875 63
4.3330078125 64
4.39013671875 65
4.4677734375 66
4.71533203125 67
4.7880859375 68
5.2060546875 69
5.359375 70
5.455078125 71
5.546875 72
5.640625 73
5.65283203125 74
5.9384765625 75
6.400390625 76
6.4091796875 77
6.4140625 78
6.84375 79
6.994140625 80
7.052734375 81
7.173828125 82
7.189453125 83
7.287109375 84
7.3525390625 85
7.419921875 86
7.5087890625 87
7.51953125 88
8.3629150390625 89
8.4384765625 90
8.688232421875 91
8.74853515625 92
8.7890625 93
9.69921875 94
9.7188720703125 95
9.75390625 96
9.978515625 97
10.552734375 98
10.69921875 99
11.166015625 100
12.409912109375 101
12.9052734375 102
13.10205078125 103
13.283203125 104
14.75390625 105
14.7919921875 106
14.849609375 107
14.974609375 108
17.30712890625 109
17.409088134765625 110
18.0361328125 111
18.7626953125 112
19.35205078125 113
20.4296875 114
20.501953125 115
22.3466796875 116
23.01171875 117
23.01953125 118
23.5263671875 119
24.5087890625 120
24.56396484375 121
25.4423828125 122
26.59375 123
27.161865234375 124
27.3720703125 125
27.70703125 126
28.3134765625 127
28.60302734375 128
28.736328125 129
34.30804443359375 130
34.7861328125 131
35.0224609375 132
35.10546875 133
35.177734375 134
35.20703125 135
35.2744140625 136
35.77392578125 137
35.96435546875 138
38.730224609375 139
38.9921875 140
42.02587890625 141
45.0673828125 142
49.48828125 143
51.58056640625 144
71.0244140625 145
71.8779296875 146
89.137939453125 147
90.587890625 148
102.96923828125 149
105.3818359375 150
105.921875 151
132.98681640625 152
134.515625 153
170.443359375 154
184.621337890625 155
212.11279296875 156
249.08349609375 157
267.94140625 158
