0.228515625 1
0.2412109375 2
0.251953125 3
0.25634765625 4
0.279296875 5
0.3388671875 6
0.36181640625 7
0.5419921875 8
0.78564453125 9
1.693359375 10
1.7001953125 11
1.71875 12
1.720703125 13
1.80078125 14
1.836181640625 15
1.853515625 16
2.021484375 17
2.19140625 18
2.191650390625 19
2.234375 20
2.595703125 21
2.6005859375 22
3.13037109375 23
3.1787109375 24
3.3272781372070313 25
3.4091796875 26
4.3486328125 27
4.365478515625 28
4.5576171875 29
5.1962890625 30
5.214599609375 31
6.642578125 32
6.8525390625 33
6.9921875 34
7.1630859375 35
7.22412109375 36
7.2724609375 37
7.76513671875 38
7.779296875 39
8.681640625 40
8.8173828125 41
9.755859375 42
9.8798828125 43
9.9052734375 44
10.3818359375 45
10.588165283203125 46
12.08544921875 47
13.192138671875 48
13.27734375 49
13.287109375 50
13.5107421875 51
14.076171875 52
14.97998046875 53
15.15234375 54
15.21484375 55
15.74609375 56
15.80859375 57
16.0009765625 58
16.087890625 59
16.2236328125 60
16.63330078125 61
16.650390625 62
16.767578125 63
16.7900390625 64
16.85498046875 65
17.248046875 66
17.5 67
17.5498046875 68
18.11474609375 69
18.52734375 70
20.00390625 71
20.22265625 72
20.41796875 73
20.4541015625 74
21.220703125 75
21.710693359375 76
22.78076171875 77
23.0 78
23.203125 79
23.7958984375 80
24.327392578125 81
24.458984375 82
25.41943359375 83
25.57470703125 84
25.5751953125 85
26.28271484375 86
27.580078125 87
29.0498046875 88
29.20703125 89
30.712890625 90
30.7783203125 91
30.96044921875 92
31.339599609375 93
31.93017578125 94
32.939453125 95
33.724609375 96
33.829345703125 97
33.896728515625 98
34.091796875 99
35.23486328125 100
35.712158203125 101
36.46826171875 102
37.42333984375 103
39.705078125 104
40.8916015625 105
41.2642822265625 106
41.390625 107
41.41796875 108
42.690093994140625 109
45.1259765625 110
47.2314453125 111
49.630126953125 112
49.688262939453125 113
50.23046875 114
51.685546875 115
51.764404296875 116
52.6982421875 117
53.736083984375 118
56.52734375 119
58.3369140625 120
58.378662109375 121
58.679443359375 122
59.9375 123
61.1328125 124
61.74609375 125
63.95703125 126
65.703125 127
72.37109375 128
72.658935546875 129
75.673828125 130
76.6328125 131
77.521484375 132
78.4599609375 133
79.703125 134
80.005859375 135
89.419921875 136
89.7939453125 137
90.763671875 138
90.88804626464844 139
91.7421875 140
95.16015625 141
98.0101318359375 142
103.5577392578125 143
104.7578125 144
106.737548828125 145
108.2412109375 146
109.87109375 147
125.197265625 148
126.2099609375 149
127.521484375 150
129.541015625 151
145.250244140625 152
149.00634765625 153
151.67578125 154
158.4326171875 155
173.65625 156
176.51171875 157
178.1376953125 158
192.1484375 159
201.7705078125 160
216.99169921875 161
227.69189453125 162
278.32275390625 163
