1.05152 1
1.05946 2
1.08055 3
1.10984 4
1.11051 5
1.12862 6
1.43407 7
2.06951 8
2.08259 9
2.1139 10
2.12178 11
2.1496 12
2.1664 13
2.23012 14
2.4087 15
2.5696 16
2.70069 17
2.70856 18
2.78069 19
2.79085 20
3.10913 21
3.17427 22
3.43159 23
3.68548 24
4.09743 25
4.10608 26
4.15592 27
4.2516 28
4.2714 29
4.41892 30
4.60842 31
5.27835 32
5.29655 33
5.40698 34
5.41663 35
5.43085 36
5.61369 37
5.6446 38
6.22764 39
6.37735 40
7.12831 41
7.1532 42
7.18906 43
7.34648 44
7.39632 45
7.53815 46
8.14679 47
8.39916 48
8.46143 49
9.49873 50
9.87485 51
10.183 52
11.3262 53
11.6645 54
12.3072 55
12.6061 56
12.6216 57
13.3808 58
18.0158 59
19.7435 60
21.2444 61
21.9903 62
22.0139 63
24.4482 64
25.1812 65
25.6377 66
26.0061 67
27.6708 68
31.2258 69
31.2741 70
32.642 71
33.4958 72
33.5687 73
35.5378 74
36.4874 75
37.8124 76
38.7299 77
38.8438 78
39.6376 79
41.2274 80
41.7921 81
42.8639 82
45.9453 83
47.2576 84
47.8258 85
50.8613 86
55.1193 87
58.386 88
58.5588 89
59.4183 90
62.5512 91
64.359 92
64.5019 93
64.9783 94
65.5173 95
66.5233 96
67.3661 97
69.8166 98
76.9599 99
77.4791 100
78.8854 101
79.4778 102
81.9831 103
85.5341 104
86.6225 105
86.6309 106
90.1471 107
90.5034 108
91.7076 109
92.2976 110
96.0886 111
102.776 112
108.035 113
109.317 114
114.868 115
117.58 116
127.12 117
129.613 118
134.069 119
147.688 120
154.044 121
155.41 122
162.653 123
191.313 124
194.297 125
255.684 126
287.608 127
