1.00972 1
1.03718 2
1.03913 3
1.04178 4
1.04251 5
1.04487 6
1.05152 7
1.05946 8
1.08055 9
1.10984 10
1.11051 11
1.12862 12
1.43407 13
1.69413 14
2.06951 15
2.08259 16
2.1139 17
2.12178 18
2.1496 19
2.1664 20
2.23012 21
2.30619 22
2.4087 23
2.43189 24
2.5696 25
2.70069 26
2.70856 27
2.78069 28
2.79085 29
3.10913 30
3.11079 31
3.13702 32
3.17427 33
3.3778 34
3.43159 35
3.48282 36
3.68548 37
3.98091 38
4.09743 39
4.10608 40
4.15592 41
4.22321 42
4.2516 43
4.26189 44
4.2714 45
4.27572 46
4.30607 47
4.31707 48
4.39102 49
4.41892 50
4.60842 51
5.17924 52
5.23166 53
5.27835 54
5.29309 55
5.29655 56
5.40698 57
5.41663 58
5.43085 59
5.55195 60
5.61369 61
5.6446 62
6.19758 63
6.22764 64
6.23011 65
6.37735 66
7.12831 67
7.1532 68
7.18906 69
7.22123 70
7.32406 71
7.34648 72
7.38154 73
7.39632 74
7.53815 75
8.14679 76
8.29154 77
8.39916 78
8.46143 79
9.47934 80
9.49873 81
9.87485 82
10.1261 83
10.183 84
10.2682 85
10.569 86
10.5705 87
10.6696 88
11.0794 89
11.1514 90
11.1544 91
11.2982 92
11.3262 93
11.6645 94
11.7174 95
11.9238 96
12.3072 97
12.4534 98
12.6061 99
12.6216 100
12.7091 101
13.3808 102
13.5409 103
15.5921 104
15.5981 105
15.7307 106
15.7907 107
15.8358 108
16.2596 109
17.2641 110
17.4788 111
17.611 112
18.0158 113
18.0353 114
18.0448 115
18.0532 116
18.0844 117
18.3476 118
18.9093 119
19.6714 120
19.7435 121
19.9738 122
21.1546 123
21.1741 124
21.2444 125
21.8849 126
21.9903 127
22.0139 128
22.0677 129
22.9399 130
23.3297 131
23.7806 132
23.9449 133
23.9644 134
24.4482 135
24.6765 136
25.0218 137
25.1812 138
25.6095 139
25.6377 140
25.7457 141
26.0061 142
26.6537 143
27.6708 144
28.3099 145
28.3636 146
28.9022 147
29.6315 148
29.8207 149
30.6968 150
30.943 151
31.2258 152
31.2741 153
32.642 154
33.2101 155
33.275 156
33.4958 157
33.5687 158
33.7508 159
33.9551 160
34.0927 161
34.3961 162
35.1042 163
35.5378 164
36.3789 165
36.4588 166
36.4874 167
36.9793 168
37.2366 169
37.7308 170
37.8124 171
38.7299 172
38.8438 173
39.4302 174
39.6376 175
40.2096 176
41.2274 177
41.7921 178
42.8639 179
43.75 180
44.9576 181
45.4769 182
45.9453 183
46.066 184
47.2576 185
47.3656 186
47.8258 187
49.1246 188
49.3407 189
49.4044 190
50.8613 191
51.0261 192
52.932 193
53.5601 194
53.6306 195
55.1193 196
58.386 197
58.5588 198
59.4183 199
61.3384 200
62.5512 201
63.233 202
64.359 203
64.5019 204
64.9783 205
65.5173 206
66.5233 207
66.6712 208
67.3661 209
69.8166 210
71.9458 211
75.7837 212
76.9599 213
77.4791 214
77.4929 215
78.8854 216
79.4778 217
80.4535 218
81.2752 219
81.6141 220
81.9831 221
84.4581 222
85.5341 223
86.6225 224
86.6309 225
88.1967 226
90.1471 227
90.1978 228
90.5034 229
90.7965 230
91.7076 231
92.2976 232
96.0886 233
102.776 234
108.035 235
108.458 236
109.317 237
110.731 238
113.104 239
114.868 240
117.58 241
119.989 242
120.021 243
123.793 244
127.12 245
127.637 246
128.903 247
129.613 248
129.653 249
131.069 250
134.069 251
134.875 252
138.58 253
139.436 254
147.688 255
154.044 256
155.41 257
157.692 258
157.787 259
159.596 260
162.653 261
167.395 262
168.652 263
170.034 264
171.549 265
174.612 266
181.805 267
182.399 268
182.667 269
187.188 270
190.185 271
191.313 272
192.915 273
194.297 274
207.607 275
217.864 276
217.951 277
224.971 278
230.575 279
231.061 280
247.357 281
249.034 282
255.684 283
260.873 284
287.538 285
287.608 286
295.101 287
