1.00972 1
1.03718 2
1.03913 3
1.04178 4
1.04251 5
1.04487 6
1.69413 7
2.30619 8
2.43189 9
3.11079 10
3.13702 11
3.3778 12
3.48282 13
3.98091 14
4.22321 15
4.26189 16
4.27572 17
4.30607 18
4.31707 19
4.39102 20
5.17924 21
5.23166 22
5.29309 23
5.55195 24
6.19758 25
6.23011 26
7.22123 27
7.32406 28
7.38154 29
8.29154 30
9.47934 31
10.1261 32
10.2682 33
10.569 34
10.5705 35
10.6696 36
11.0794 37
11.1514 38
11.1544 39
11.2982 40
11.7174 41
11.9238 42
12.4534 43
12.7091 44
13.5409 45
15.5921 46
15.5981 47
15.7307 48
15.7907 49
15.8358 50
16.2596 51
17.2641 52
17.4788 53
17.611 54
18.0353 55
18.0448 56
18.0532 57
18.0844 58
18.3476 59
18.9093 60
19.6714 61
19.9738 62
21.1546 63
21.1741 64
21.8849 65
22.0677 66
22.9399 67
23.3297 68
23.7806 69
23.9449 70
23.9644 71
24.6765 72
25.0218 73
25.6095 74
25.7457 75
26.6537 76
28.3099 77
28.3636 78
28.9022 79
29.6315 80
29.8207 81
30.6968 82
30.943 83
33.2101 84
33.275 85
33.7508 86
33.9551 87
34.0927 88
34.3961 89
35.1042 90
36.3789 91
36.4588 92
36.9793 93
37.2366 94
37.7308 95
39.4302 96
40.2096 97
43.75 98
44.9576 99
45.4769 100
46.066 101
47.3656 102
49.1246 103
49.3407 104
49.4044 105
51.0261 106
52.932 107
53.5601 108
53.6306 109
61.3384 110
63.233 111
66.6712 112
71.9458 113
75.7837 114
77.4929 115
80.4535 116
81.2752 117
81.6141 118
84.4581 119
88.1967 120
90.1978 121
90.7965 122
108.458 123
110.731 124
113.104 125
119.989 126
120.021 127
123.793 128
127.637 129
128.903 130
129.653 131
131.069 132
134.875 133
138.58 134
139.436 135
157.692 136
157.787 137
159.596 138
167.395 139
168.652 140
170.034 141
171.549 142
174.612 143
181.805 144
182.399 145
182.667 146
187.188 147
190.185 148
192.915 149
207.607 150
217.864 151
217.951 152
224.971 153
230.575 154
231.061 155
247.357 156
249.034 157
260.873 158
287.538 159
295.101 160
