0.1927490234375 1
0.1953125 2
0.1953125 3
0.21875 4
0.224365234375 5
0.2255859375 6
0.2509765625 7
0.26220703125 8
0.26904296875 9
0.26904296875 10
0.27587890625 11
0.29296875 12
0.318359375 13
0.3291015625 14
0.404296875 15
0.470703125 16
0.51171875 17
0.5185546875 18
0.5498046875 19
0.5537109375 20
0.5615234375 21
0.60992431640625 22
0.763427734375 23
0.775390625 24
0.83447265625 25
0.95703125 26
0.9765625 27
1.03125 28
1.0556640625 29
1.1708984375 30
1.21600341796875 31
1.24267578125 32
1.2519071102142334 33
1.33349609375 34
1.389129638671875 35
1.3955078125 36
1.43359375 37
1.5712890625 38
1.57421875 39
1.6591796875 40
1.6650390625 41
1.736328125 42
1.75 43
1.7890625 44
1.7890625 45
1.83056640625 46
1.845703125 47
1.8828125 48
1.916015625 49
2.240234375 50
2.2412109375 51
2.25244140625 52
2.267578125 53
2.2840576171875 54
2.33740234375 55
2.435546875 56
2.44921875 57
2.49609375 58
2.646484375 59
2.66796875 60
2.681640625 61
2.69140625 62
2.738037109375 63
2.750732421875 64
2.79296875 65
2.931640625 66
3.1611328125 67
3.2900390625 68
3.2974853515625 69
3.33203125 70
3.3544921875 71
3.53076171875 72
3.7216796875 73
3.732421875 74
3.7646484375 75
3.785400390625 76
3.79296875 77
3.8007736206054688 78
3.8984375 79
4.009033203125 80
4.0198974609375 81
4.33203125 82
4.41552734375 83
4.4267578125 84
4.7294921875 85
4.814453125 86
4.8828125 87
4.908203125 88
4.91015625 89
4.9453125 90
5.10498046875 91
5.26953125 92
5.2705078125 93
5.4033203125 94
5.54296875 95
5.55078125 96
5.7490234375 97
5.774261474609375 98
5.9794921875 99
5.9892578125 100
6.0771484375 101
6.150390625 102
6.16015625 103
6.2734375 104
6.361572265625 105
6.376953125 106
6.433837890625 107
6.66015625 108
6.81982421875 109
6.91015625 110
6.94921875 111
7.2275390625 112
7.306640625 113
7.498046875 114
7.59375 115
7.6025390625 116
7.81640625 117
7.8250732421875 118
7.947998046875 119
8.0234375 120
8.4638671875 121
8.49609375 122
8.5078125 123
8.544921875 124
8.78076171875 125
8.999267578125 126
9.05078125 127
9.2197265625 128
9.247802734375 129
9.43505859375 130
9.47216796875 131
9.5546875 132
9.89892578125 133
9.92578125 134
9.95751953125 135
9.994140625 136
10.3447265625 137
10.39453125 138
10.60791015625 139
10.6630859375 140
10.67431640625 141
10.783203125 142
11.0263671875 143
11.1640625 144
11.353515625 145
11.4462890625 146
11.4951171875 147
11.9111328125 148
11.94140625 149
12.0390625 150
12.2080078125 151
12.31640625 152
12.40625 153
12.41943359375 154
12.419921875 155
12.451171875 156
12.490234375 157
12.626953125 158
12.8056640625 159
12.8203125 160
12.857421875 161
13.21142578125 162
13.37939453125 163
13.5673828125 164
13.7080078125 165
14.167236328125 166
14.344573974609375 167
14.35693359375 168
14.3603515625 169
14.4267578125 170
14.5078125 171
14.6044921875 172
14.849609375 173
14.91943359375 174
14.9453125 175
14.95654296875 176
15.8798828125 177
15.9345703125 178
15.953125 179
16.171875 180
16.318359375 181
16.7666015625 182
17.431640625 183
17.56640625 184
17.68994140625 185
17.70703125 186
18.759765625 187
18.7666015625 188
18.970703125 189
19.456787109375 190
19.6318359375 191
19.95556640625 192
21.125 193
21.37353515625 194
21.4420166015625 195
21.953125 196
22.0625 197
22.58984375 198
22.8544921875 199
23.4716796875 200
23.8505859375 201
24.724609375 202
24.9111328125 203
25.78466796875 204
25.8629150390625 205
25.9775390625 206
26.001953125 207
27.80517578125 208
28.3681640625 209
29.0078125 210
29.513671875 211
29.580322265625 212
29.6943359375 213
29.91748046875 214
30.1962890625 215
30.2763671875 216
30.34375 217
30.6748046875 218
30.886962890625 219
30.90234375 220
31.32470703125 221
31.3349609375 222
31.490234375 223
31.525390625 224
31.62109375 225
32.038818359375 226
32.55859375 227
32.74267578125 228
33.1259765625 229
33.44140625 230
33.6689453125 231
33.957275390625 232
34.77545166015625 233
35.048828125 234
35.5281982421875 235
36.3125 236
37.10009765625 237
37.2373046875 238
37.413818359375 239
38.001953125 240
38.3974609375 241
38.5390625 242
39.754150390625 243
40.13671875 244
42.246246337890625 245
42.4296875 246
42.98974609375 247
43.78125 248
45.46630859375 249
48.9599609375 250
53.04296875 251
53.8623046875 252
55.164306640625 253
56.7333984375 254
56.892578125 255
57.31201171875 256
57.5 257
58.6044921875 258
59.8125 259
61.1220703125 260
61.453125 261
61.9078369140625 262
63.8349609375 263
64.12841796875 264
65.78857421875 265
66.552734375 266
66.701171875 267
69.955078125 268
70.8670654296875 269
72.802734375 270
74.6796875 271
75.341796875 272
75.880859375 273
77.96875 274
78.3896484375 275
79.0283203125 276
80.62890625 277
81.4384765625 278
81.5791015625 279
82.345703125 280
83.404296875 281
83.7578125 282
83.857421875 283
86.932861328125 284
88.8173828125 285
89.21484375 286
91.283203125 287
92.2607421875 288
97.0556640625 289
98.14306640625 290
102.9200668334961 291
105.26123046875 292
116.138671875 293
118.191162109375 294
120.4248046875 295
121.380859375 296
121.79052734375 297
122.6787109375 298
133.1610107421875 299
137.3525390625 300
143.0341796875 301
149.8544921875 302
150.354248046875 303
159.189453125 304
167.640625 305
171.220703125 306
176.375 307
215.984375 308
222.259765625 309
245.6630859375 310
246.302734375 311
246.794921875 312
246.852294921875 313
258.35546875 314
259.4373779296875 315
266.7024230957031 316
273.255859375 317
276.2138671875 318
287.412109375 319
288.297607421875 320
294.439453125 321
299.1220703125 322
309.66748046875 323
