0.1953125 1
0.21875 2
0.2255859375 3
0.26220703125 4
0.26904296875 5
0.5185546875 6
0.5537109375 7
0.763427734375 8
1.736328125 9
1.75 10
1.7890625 11
1.845703125 12
1.916015625 13
2.240234375 14
2.2412109375 15
2.25244140625 16
2.267578125 17
2.2840576171875 18
2.33740234375 19
2.750732421875 20
2.79296875 21
2.931640625 22
3.33203125 23
3.7646484375 24
3.8007736206054688 25
4.41552734375 26
4.4267578125 27
4.7294921875 28
4.814453125 29
4.8828125 30
4.9453125 31
5.4033203125 32
5.55078125 33
5.774261474609375 34
6.16015625 35
6.81982421875 36
6.91015625 37
6.94921875 38
7.498046875 39
7.6025390625 40
8.4638671875 41
8.5078125 42
8.544921875 43
9.2197265625 44
9.247802734375 45
9.43505859375 46
9.92578125 47
9.994140625 48
10.3447265625 49
10.39453125 50
11.0263671875 51
11.94140625 52
12.0390625 53
12.2080078125 54
12.31640625 55
12.41943359375 56
12.490234375 57
12.626953125 58
12.857421875 59
13.21142578125 60
13.37939453125 61
13.5673828125 62
14.167236328125 63
14.35693359375 64
14.3603515625 65
14.4267578125 66
14.5078125 67
14.6044921875 68
14.9453125 69
15.8798828125 70
15.9345703125 71
15.953125 72
17.431640625 73
18.759765625 74
18.7666015625 75
18.970703125 76
19.456787109375 77
19.95556640625 78
21.37353515625 79
21.4420166015625 80
21.953125 81
22.0625 82
22.58984375 83
22.8544921875 84
23.8505859375 85
24.9111328125 86
25.78466796875 87
25.8629150390625 88
26.001953125 89
27.80517578125 90
28.3681640625 91
29.0078125 92
29.513671875 93
29.580322265625 94
29.91748046875 95
30.2763671875 96
30.34375 97
30.6748046875 98
30.886962890625 99
30.90234375 100
31.32470703125 101
32.038818359375 102
32.55859375 103
32.74267578125 104
33.1259765625 105
33.44140625 106
33.957275390625 107
35.048828125 108
35.5281982421875 109
37.10009765625 110
37.2373046875 111
37.413818359375 112
40.13671875 113
42.246246337890625 114
42.4296875 115
42.98974609375 116
45.46630859375 117
48.9599609375 118
53.04296875 119
53.8623046875 120
56.892578125 121
57.31201171875 122
57.5 123
58.6044921875 124
61.1220703125 125
61.9078369140625 126
63.8349609375 127
64.12841796875 128
65.78857421875 129
66.552734375 130
66.701171875 131
69.955078125 132
70.8670654296875 133
72.802734375 134
75.341796875 135
75.880859375 136
77.96875 137
80.62890625 138
81.5791015625 139
82.345703125 140
83.404296875 141
83.7578125 142
83.857421875 143
86.932861328125 144
88.8173828125 145
89.21484375 146
91.283203125 147
92.2607421875 148
97.0556640625 149
98.14306640625 150
102.9200668334961 151
105.26123046875 152
120.4248046875 153
121.380859375 154
122.6787109375 155
137.3525390625 156
159.189453125 157
176.375 158
215.984375 159
245.6630859375 160
246.302734375 161
259.4373779296875 162
287.412109375 163
288.297607421875 164
294.439453125 165
