0.1927490234375 1
0.1953125 2
0.224365234375 3
0.2509765625 4
0.26904296875 5
0.27587890625 6
0.29296875 7
0.318359375 8
0.3291015625 9
0.404296875 10
0.470703125 11
0.51171875 12
0.5498046875 13
0.5615234375 14
0.60992431640625 15
0.775390625 16
0.83447265625 17
0.95703125 18
0.9765625 19
1.03125 20
1.0556640625 21
1.1708984375 22
1.21600341796875 23
1.24267578125 24
1.2519071102142334 25
1.33349609375 26
1.389129638671875 27
1.3955078125 28
1.43359375 29
1.5712890625 30
1.57421875 31
1.6591796875 32
1.6650390625 33
1.7890625 34
1.83056640625 35
1.8828125 36
2.435546875 37
2.44921875 38
2.49609375 39
2.646484375 40
2.66796875 41
2.681640625 42
2.69140625 43
2.738037109375 44
3.1611328125 45
3.2900390625 46
3.2974853515625 47
3.3544921875 48
3.53076171875 49
3.7216796875 50
3.732421875 51
3.785400390625 52
3.79296875 53
3.8984375 54
4.009033203125 55
4.0198974609375 56
4.33203125 57
4.908203125 58
4.91015625 59
5.10498046875 60
5.26953125 61
5.2705078125 62
5.54296875 63
5.7490234375 64
5.9794921875 65
5.9892578125 66
6.0771484375 67
6.150390625 68
6.2734375 69
6.361572265625 70
6.376953125 71
6.433837890625 72
6.66015625 73
7.2275390625 74
7.306640625 75
7.59375 76
7.81640625 77
7.8250732421875 78
7.947998046875 79
8.0234375 80
8.49609375 81
8.78076171875 82
8.999267578125 83
9.05078125 84
9.47216796875 85
9.5546875 86
9.89892578125 87
9.95751953125 88
10.60791015625 89
10.6630859375 90
10.67431640625 91
10.783203125 92
11.1640625 93
11.353515625 94
11.4462890625 95
11.4951171875 96
11.9111328125 97
12.40625 98
12.419921875 99
12.451171875 100
12.8056640625 101
12.8203125 102
13.7080078125 103
14.344573974609375 104
14.849609375 105
14.91943359375 106
14.95654296875 107
16.171875 108
16.318359375 109
16.7666015625 110
17.56640625 111
17.68994140625 112
17.70703125 113
19.6318359375 114
21.125 115
23.4716796875 116
24.724609375 117
25.9775390625 118
29.6943359375 119
30.1962890625 120
31.3349609375 121
31.490234375 122
31.525390625 123
31.62109375 124
33.6689453125 125
34.77545166015625 126
36.3125 127
38.001953125 128
38.3974609375 129
38.5390625 130
39.754150390625 131
43.78125 132
55.164306640625 133
56.7333984375 134
59.8125 135
61.453125 136
74.6796875 137
78.3896484375 138
79.0283203125 139
81.4384765625 140
116.138671875 141
118.191162109375 142
121.79052734375 143
133.1610107421875 144
143.0341796875 145
149.8544921875 146
150.354248046875 147
167.640625 148
171.220703125 149
222.259765625 150
246.794921875 151
246.852294921875 152
258.35546875 153
266.7024230957031 154
273.255859375 155
276.2138671875 156
299.1220703125 157
309.66748046875 158
