0.14898681640625 1
0.17578125 2
0.185546875 3
0.193359375 4
0.2001953125 5
0.205078125 6
0.5845947265625 7
0.791015625 8
0.966796875 9
1.00439453125 10
1.1494140625 11
1.26953125 12
1.2841796875 13
1.3447265625 14
1.392578125 15
1.5146484375 16
1.537109375 17
1.67578125 18
1.728515625 19
1.7498779296875 20
1.755859375 21
1.9169921875 22
1.9384765625 23
2.177734375 24
2.241455078125 25
2.46875 26
2.501953125 27
2.806640625 28
3.15869140625 29
3.1953125 30
3.32421875 31
3.4140625 32
3.55078125 33
3.62109375 34
3.71875 35
3.75 36
3.779296875 37
3.798828125 38
3.974609375 39
4.439697265625 40
4.685546875 41
4.80859375 42
4.959228515625 43
5.154296875 44
5.3544921875 45
5.55078125 46
5.6591796875 47
5.92578125 48
5.994140625 49
6.353515625 50
6.49609375 51
6.6962890625 52
6.828125 53
6.8359375 54
6.853515625 55
7.220703125 56
7.3046875 57
7.3134765625 58
7.5400390625 59
7.9453125 60
8.064453125 61
8.068359375 62
8.09423828125 63
8.326171875 64
8.3564453125 65
8.3924560546875 66
8.4638671875 67
8.5419921875 68
8.564453125 69
8.791015625 70
9.1328125 71
9.26171875 72
9.703125 73
10.009765625 74
10.078125 75
10.3271484375 76
11.015625 77
11.0234375 78
11.25390625 79
11.35546875 80
11.40625 81
11.53466796875 82
11.908203125 83
11.982421875 84
12.162109375 85
12.43359375 86
12.685546875 87
12.83203125 88
12.87109375 89
13.1796875 90
13.640625 91
13.912109375 92
13.99688720703125 93
14.82421875 94
15.46875 95
15.60888671875 96
16.708984375 97
16.779296875 98
16.78515625 99
17.6796875 100
17.737548828125 101
18.1298828125 102
18.8623046875 103
20.11572265625 104
20.2138671875 105
20.263671875 106
20.330078125 107
20.626953125 108
20.72265625 109
20.8125 110
21.095703125 111
21.5263671875 112
22.029296875 113
22.191162109375 114
22.580810546875 115
23.771484375 116
23.974609375 117
25.138671875 118
27.2581787109375 119
28.7900390625 120
34.435546875 121
36.067626953125 122
38.9248046875 123
40.0732421875 124
41.92919921875 125
44.849609375 126
44.9921875 127
45.794921875 128
45.974609375 129
48.0078125 130
49.4677734375 131
49.54052734375 132
50.6259765625 133
52.21875 134
52.349609375 135
55.478515625 136
56.697265625 137
59.2744140625 138
59.46661376953125 139
59.83203125 140
60.47265625 141
60.5654296875 142
61.8916015625 143
66.640625 144
68.033203125 145
72.828125 146
76.294921875 147
78.04296875 148
82.6015625 149
82.9346923828125 150
83.78662109375 151
89.833984375 152
90.787109375 153
91.5230712890625 154
93.517578125 155
95.62109375 156
101.162109375 157
103.2578125 158
120.8046875 159
123.5087890625 160
132.40185546875 161
136.57470703125 162
151.8203125 163
172.9248046875 164
189.232421875 165
202.328125 166
226.056640625 167
259.2109375 168
265.04296875 169
281.234375 170
287.7041015625 171
