0.14898681640625 1
0.17578125 2
0.185546875 3
0.193359375 4
0.2001953125 5
0.205078125 6
0.21875 7
0.23095703125 8
0.28125 9
0.33837890625 10
0.3779296875 11
0.38916015625 12
0.390625 13
0.39453125 14
0.404296875 15
0.4375 16
0.4423828125 17
0.47607421875 18
0.552734375 19
0.5625 20
0.5845947265625 21
0.58984375 22
0.600830078125 23
0.6376953125 24
0.7373046875 25
0.791015625 26
0.8203125 27
0.86328125 28
0.890625 29
0.896484375 30
0.94140625 31
0.966796875 32
0.978515625 33
1.001953125 34
1.00439453125 35
1.01220703125 36
1.029296875 37
1.03125 38
1.08984375 39
1.1494140625 40
1.150390625 41
1.26953125 42
1.2841796875 43
1.3037109375 44
1.31640625 45
1.3447265625 46
1.392578125 47
1.5146484375 48
1.537109375 49
1.6689453125 50
1.67578125 51
1.71484375 52
1.728515625 53
1.7498779296875 54
1.755859375 55
1.861328125 56
1.9169921875 57
1.9375 58
1.9384765625 59
2.025390625 60
2.16015625 61
2.177734375 62
2.241455078125 63
2.46875 64
2.46875 65
2.501953125 66
2.75 67
2.806640625 68
2.998046875 69
3.01220703125 70
3.0390625 71
3.1319580078125 72
3.15869140625 73
3.1953125 74
3.2041015625 75
3.32421875 76
3.4140625 77
3.4453125 78
3.45556640625 79
3.474609375 80
3.517578125 81
3.55078125 82
3.595703125 83
3.62109375 84
3.6279296875 85
3.636615753173828 86
3.664306640625 87
3.71875 88
3.75 89
3.767578125 90
3.779296875 91
3.798828125 92
3.974609375 93
4.015625 94
4.216796875 95
4.34765625 96
4.39453125 97
4.421875 98
4.439697265625 99
4.564453125 100
4.62109375 101
4.685546875 102
4.80859375 103
4.959228515625 104
5.154296875 105
5.291015625 106
5.3544921875 107
5.5126953125 108
5.5380859375 109
5.55078125 110
5.6015625 111
5.6591796875 112
5.92578125 113
5.994140625 114
6.044921875 115
6.353515625 116
6.49609375 117
6.537109375 118
6.6962890625 119
6.7060546875 120
6.828125 121
6.8359375 122
6.853515625 123
6.953125 124
6.962890625 125
7.005859375 126
7.220703125 127
7.232421875 128
7.3046875 129
7.3134765625 130
7.5107421875 131
7.5400390625 132
7.640625 133
7.778076171875 134
7.9453125 135
7.947265625 136
8.064453125 137
8.068359375 138
8.09423828125 139
8.150390625 140
8.1552734375 141
8.326171875 142
8.3564453125 143
8.3924560546875 144
8.4638671875 145
8.5419921875 146
8.564453125 147
8.791015625 148
9.1328125 149
9.26171875 150
9.703125 151
10.009765625 152
10.078125 153
10.220703125 154
10.30712890625 155
10.3271484375 156
10.6630859375 157
10.822265625 158
11.015625 159
11.0234375 160
11.25390625 161
11.32958984375 162
11.35546875 163
11.40625 164
11.53466796875 165
11.908203125 166
11.982421875 167
12.162109375 168
12.43359375 169
12.44921875 170
12.685546875 171
12.83203125 172
12.87109375 173
13.1796875 174
13.30078125 175
13.3787841796875 176
13.482421875 177
13.640625 178
13.69921875 179
13.912109375 180
13.99688720703125 181
14.064453125 182
14.2783203125 183
14.82421875 184
14.84765625 185
15.0126953125 186
15.46875 187
15.60888671875 188
15.861328125 189
16.623046875 190
16.708984375 191
16.75390625 192
16.779296875 193
16.78515625 194
17.6796875 195
17.693359375 196
17.737548828125 197
18.1298828125 198
18.8623046875 199
18.86865234375 200
18.939453125 201
19.62109375 202
19.943359375 203
20.11572265625 204
20.189453125 205
20.2138671875 206
20.263671875 207
20.330078125 208
20.400390625 209
20.626953125 210
20.7109375 211
20.72265625 212
20.8125 213
21.095703125 214
21.345703125 215
21.5263671875 216
22.029296875 217
22.191162109375 218
22.580810546875 219
23.73193359375 220
23.771484375 221
23.974609375 222
23.990234375 223
25.08203125 224
25.087890625 225
25.138671875 226
26.216796875 227
27.0078125 228
27.05224609375 229
27.2581787109375 230
28.7900390625 231
28.794921875 232
29.45703125 233
29.779296875 234
30.041015625 235
30.056640625 236
31.58447265625 237
31.7421875 238
32.0478515625 239
32.41845703125 240
32.78759765625 241
32.8857421875 242
33.7244873046875 243
33.8515625 244
34.435546875 245
35.255859375 246
35.796875 247
35.986328125 248
36.067626953125 249
38.9248046875 250
39.181640625 251
40.0732421875 252
41.56494140625 253
41.92919921875 254
42.798828125 255
42.8095703125 256
43.859375 257
43.9892578125 258
44.849609375 259
44.9921875 260
45.794921875 261
45.974609375 262
48.0078125 263
49.4677734375 264
49.54052734375 265
49.6640625 266
49.97119140625 267
50.6259765625 268
50.8544921875 269
52.21875 270
52.349609375 271
55.3720703125 272
55.478515625 273
56.697265625 274
57.271484375 275
59.2744140625 276
59.46661376953125 277
59.83203125 278
60.04107666015625 279
60.47265625 280
60.5654296875 281
61.736328125 282
61.8916015625 283
66.640625 284
66.669921875 285
66.9384765625 286
68.033203125 287
72.828125 288
76.294921875 289
76.501953125 290
77.005859375 291
77.1806640625 292
78.04296875 293
79.49267578125 294
82.6015625 295
82.9346923828125 296
83.5478515625 297
83.78662109375 298
84.017578125 299
88.517578125 300
89.833984375 301
90.787109375 302
91.5230712890625 303
93.517578125 304
95.125 305
95.62109375 306
101.162109375 307
102.107421875 308
103.2578125 309
103.681640625 310
120.8046875 311
123.5087890625 312
127.87109375 313
132.40185546875 314
136.57470703125 315
145.490234375 316
151.8203125 317
172.9248046875 318
189.232421875 319
193.64794921875 320
202.328125 321
226.056640625 322
255.67160034179688 323
259.2109375 324
265.04296875 325
281.234375 326
287.7041015625 327
