0.177001953125 1
0.177734375 2
0.20703125 3
0.24609375 4
0.251953125 5
0.253173828125 6
0.26416015625 7
0.26513671875 8
0.26953125 9
0.2744140625 10
0.28076171875 11
0.287841796875 12
0.2919921875 13
0.3134765625 14
0.3193359375 15
0.32666015625 16
0.369140625 17
0.37109375 18
0.38720703125 19
0.416015625 20
0.52294921875 21
0.5244140625 22
0.53173828125 23
0.55078125 24
0.63031005859375 25
0.71490478515625 26
0.735107421875 27
0.779296875 28
0.82470703125 29
0.8515625 30
0.86474609375 31
0.9423828125 32
0.9521484375 33
0.962890625 34
1.07275390625 35
1.158203125 36
1.208251953125 37
1.425048828125 38
1.431294560432434 39
1.466796875 40
1.51953125 41
1.5419921875 42
1.5830078125 43
1.6787109375 44
1.68310546875 45
1.69140625 46
1.6953125 47
1.79345703125 48
1.806640625 49
1.8232421875 50
1.8291015625 51
1.8367919921875 52
1.9267578125 53
2.149169921875 54
2.184326171875 55
2.1953125 56
2.2099609375 57
2.3359375 58
2.544921875 59
2.557373046875 60
2.622802734375 61
2.712890625 62
2.7841796875 63
2.9560546875 64
2.993194580078125 65
3.0458984375 66
3.0537109375 67
3.1015625 68
3.13525390625 69
3.158935546875 70
3.2021484375 71
3.224609375 72
3.259033203125 73
3.26953125 74
3.3494644165039063 75
3.40625 76
3.453125 77
3.55224609375 78
3.64892578125 79
3.821044921875 80
3.8502197265625 81
4.02734375 82
4.17041015625 83
4.3115234375 84
4.68359375 85
4.693359375 86
4.724609375 87
5.078125 88
5.1015625 89
5.124755859375 90
5.18115234375 91
5.2021484375 92
5.2197265625 93
5.2548828125 94
5.259765625 95
5.30810546875 96
5.37890625 97
5.3837890625 98
5.61474609375 99
5.810546875 100
5.814453125 101
5.9169921875 102
6.0556640625 103
6.08740234375 104
6.14453125 105
6.3828125 106
6.857421875 107
6.90283203125 108
6.9091796875 109
7.0439453125 110
7.08203125 111
7.12744140625 112
7.208984375 113
7.2158203125 114
7.296875 115
7.32275390625 116
7.34228515625 117
7.390625 118
7.4541015625 119
7.72607421875 120
7.7529296875 121
7.8349609375 122
8.19921875 123
8.2978515625 124
8.341552734375 125
8.83203125 126
8.86865234375 127
9.037109375 128
9.11181640625 129
9.16595458984375 130
9.9287109375 131
10.00390625 132
10.0390625 133
10.051513671875 134
10.06396484375 135
10.412109375 136
10.79296875 137
10.892578125 138
10.95703125 139
11.25 140
11.27294921875 141
11.400390625 142
11.865234375 143
11.9033203125 144
12.06640625 145
12.19921875 146
12.2060546875 147
12.2109375 148
12.5673828125 149
12.818603515625 150
12.828125 151
13.255615234375 152
13.5263671875 153
13.6826171875 154
13.83251953125 155
14.02099609375 156
14.462890625 157
14.501953125 158
14.562591552734375 159
14.857421875 160
15.2373046875 161
15.3525390625 162
15.541015625 163
15.61328125 164
15.7119140625 165
16.05078125 166
16.2421875 167
16.25 168
16.31005859375 169
16.376953125 170
16.4150390625 171
16.83984375 172
16.881591796875 173
17.021484375 174
17.1884765625 175
17.40185546875 176
17.56201171875 177
18.012420654296875 178
18.5859375 179
18.67578125 180
18.88671875 181
19.025390625 182
19.064453125 183
19.13427734375 184
19.13671875 185
19.39208984375 186
19.42236328125 187
19.43212890625 188
19.976318359375 189
20.73193359375 190
21.53125 191
21.769287109375 192
22.43701171875 193
22.68701171875 194
23.48876953125 195
23.6259765625 196
23.68359375 197
23.76611328125 198
23.8056640625 199
23.9287109375 200
24.8515625 201
24.861328125 202
24.9521484375 203
25.5478515625 204
26.123046875 205
26.352783203125 206
26.4912109375 207
26.986328125 208
27.7578125 209
28.2509765625 210
29.0849609375 211
29.13916015625 212
29.220703125 213
30.6806640625 214
31.06317138671875 215
31.712890625 216
32.4326171875 217
33.758056640625 218
33.781005859375 219
34.220703125 220
34.943359375 221
35.22216796875 222
36.28955078125 223
36.32421875 224
36.40576171875 225
36.4326171875 226
37.11181640625 227
37.298828125 228
37.34375 229
37.3525390625 230
37.797607421875 231
38.37109375 232
39.1953125 233
39.30078125 234
39.4871826171875 235
39.6396484375 236
40.186279296875 237
40.27099609375 238
41.1512451171875 239
43.177734375 240
44.46484375 241
44.96044921875 242
45.49072265625 243
45.6708984375 244
45.74267578125 245
45.833984375 246
45.9306640625 247
49.833251953125 248
50.55859375 249
50.78955078125 250
50.923828125 251
51.2581787109375 252
51.750732421875 253
52.41552734375 254
52.6328125 255
53.631591796875 256
54.060546875 257
54.712158203125 258
56.1005859375 259
56.22119140625 260
58.37939453125 261
59.53857421875 262
60.28369140625 263
62.03515625 264
63.30078125 265
66.30859375 266
67.268798828125 267
68.40869140625 268
69.2666015625 269
70.158203125 270
72.02392578125 271
72.7998046875 272
73.755859375 273
75.9423828125 274
76.013671875 275
77.4921875 276
77.57470703125 277
77.9462890625 278
80.177734375 279
87.9249267578125 280
88.4150390625 281
88.669921875 282
89.265625 283
91.5576171875 284
91.75 285
95.23828125 286
95.28125 287
96.974609375 288
97.6787109375 289
99.98828125 290
101.697265625 291
103.716796875 292
104.072265625 293
105.66748046875 294
106.2701416015625 295
106.30160522460938 296
107.5146484375 297
109.03662109375 298
110.9041748046875 299
112.4833984375 300
114.2744140625 301
115.9521484375 302
116.11962890625 303
118.3671875 304
119.3408203125 305
120.76123046875 306
126.70703125 307
131.767578125 308
137.763671875 309
143.291015625 310
174.59765625 311
176.1884765625 312
178.552734375 313
183.6064453125 314
185.974609375 315
191.65283203125 316
210.525390625 317
219.457763671875 318
244.2509765625 319
265.9501953125 320
