0.177001953125 1
0.20703125 2
0.251953125 3
0.26416015625 4
0.26513671875 5
0.2744140625 6
0.287841796875 7
0.2919921875 8
0.3134765625 9
0.3193359375 10
0.369140625 11
0.37109375 12
0.416015625 13
0.52294921875 14
0.53173828125 15
0.55078125 16
0.63031005859375 17
0.71490478515625 18
0.779296875 19
0.82470703125 20
0.8515625 21
0.86474609375 22
0.9423828125 23
0.9521484375 24
0.962890625 25
1.07275390625 26
1.158203125 27
1.208251953125 28
1.425048828125 29
1.431294560432434 30
1.466796875 31
1.51953125 32
1.5419921875 33
1.5830078125 34
1.79345703125 35
1.8232421875 36
1.9267578125 37
2.3359375 38
2.544921875 39
2.622802734375 40
2.7841796875 41
2.9560546875 42
2.993194580078125 43
3.0458984375 44
3.0537109375 45
3.1015625 46
3.158935546875 47
3.224609375 48
3.259033203125 49
3.40625 50
3.453125 51
3.55224609375 52
3.64892578125 53
3.821044921875 54
3.8502197265625 55
4.02734375 56
4.17041015625 57
4.68359375 58
4.724609375 59
5.1015625 60
5.18115234375 61
5.2021484375 62
5.2548828125 63
5.259765625 64
5.30810546875 65
5.37890625 66
5.3837890625 67
5.61474609375 68
5.810546875 69
5.814453125 70
5.9169921875 71
6.0556640625 72
6.08740234375 73
6.14453125 74
6.3828125 75
6.9091796875 76
7.0439453125 77
7.08203125 78
7.12744140625 79
7.296875 80
7.34228515625 81
7.390625 82
7.4541015625 83
8.19921875 84
8.2978515625 85
8.341552734375 86
8.86865234375 87
9.11181640625 88
9.16595458984375 89
9.9287109375 90
10.00390625 91
10.0390625 92
10.051513671875 93
10.06396484375 94
10.412109375 95
10.79296875 96
10.892578125 97
11.25 98
11.865234375 99
12.5673828125 100
12.818603515625 101
13.255615234375 102
13.6826171875 103
13.83251953125 104
14.02099609375 105
14.462890625 106
14.857421875 107
16.2421875 108
16.31005859375 109
16.376953125 110
16.83984375 111
17.56201171875 112
18.012420654296875 113
19.13427734375 114
19.42236328125 115
19.976318359375 116
23.6259765625 117
23.76611328125 118
24.861328125 119
26.123046875 120
26.4912109375 121
28.2509765625 122
29.220703125 123
31.06317138671875 124
32.4326171875 125
34.943359375 126
36.32421875 127
36.40576171875 128
36.4326171875 129
37.11181640625 130
37.298828125 131
37.34375 132
44.46484375 133
44.96044921875 134
45.6708984375 135
45.74267578125 136
45.833984375 137
45.9306640625 138
50.78955078125 139
50.923828125 140
52.41552734375 141
53.631591796875 142
56.1005859375 143
60.28369140625 144
67.268798828125 145
72.7998046875 146
87.9249267578125 147
91.5576171875 148
107.5146484375 149
118.3671875 150
126.70703125 151
131.767578125 152
143.291015625 153
178.552734375 154
191.65283203125 155
219.457763671875 156
