0.177734375 1
0.24609375 2
0.253173828125 3
0.26953125 4
0.28076171875 5
0.32666015625 6
0.38720703125 7
0.5244140625 8
0.735107421875 9
1.6787109375 10
1.68310546875 11
1.69140625 12
1.6953125 13
1.806640625 14
1.8291015625 15
1.8367919921875 16
2.149169921875 17
2.184326171875 18
2.1953125 19
2.2099609375 20
2.557373046875 21
2.712890625 22
3.13525390625 23
3.2021484375 24
3.26953125 25
3.3494644165039063 26
4.3115234375 27
4.693359375 28
5.078125 29
5.124755859375 30
5.2197265625 31
6.857421875 32
6.90283203125 33
7.208984375 34
7.2158203125 35
7.32275390625 36
7.72607421875 37
7.7529296875 38
7.8349609375 39
8.83203125 40
9.037109375 41
10.95703125 42
11.27294921875 43
11.400390625 44
11.9033203125 45
12.06640625 46
12.19921875 47
12.2060546875 48
12.2109375 49
12.828125 50
13.5263671875 51
14.501953125 52
14.562591552734375 53
15.2373046875 54
15.3525390625 55
15.541015625 56
15.61328125 57
15.7119140625 58
16.05078125 59
16.25 60
16.4150390625 61
16.881591796875 62
17.021484375 63
17.1884765625 64
17.40185546875 65
18.5859375 66
18.67578125 67
18.88671875 68
19.025390625 69
19.064453125 70
19.13671875 71
19.39208984375 72
19.43212890625 73
20.73193359375 74
21.53125 75
21.769287109375 76
22.43701171875 77
22.68701171875 78
23.48876953125 79
23.68359375 80
23.8056640625 81
23.9287109375 82
24.8515625 83
24.9521484375 84
25.5478515625 85
26.352783203125 86
26.986328125 87
27.7578125 88
29.0849609375 89
29.13916015625 90
30.6806640625 91
31.712890625 92
33.758056640625 93
33.781005859375 94
34.220703125 95
35.22216796875 96
36.28955078125 97
37.3525390625 98
37.797607421875 99
38.37109375 100
39.1953125 101
39.30078125 102
39.4871826171875 103
39.6396484375 104
40.186279296875 105
40.27099609375 106
41.1512451171875 107
43.177734375 108
45.49072265625 109
49.833251953125 110
50.55859375 111
51.2581787109375 112
51.750732421875 113
52.6328125 114
54.060546875 115
54.712158203125 116
56.22119140625 117
58.37939453125 118
59.53857421875 119
62.03515625 120
63.30078125 121
66.30859375 122
68.40869140625 123
69.2666015625 124
70.158203125 125
72.02392578125 126
73.755859375 127
75.9423828125 128
76.013671875 129
77.4921875 130
77.57470703125 131
77.9462890625 132
80.177734375 133
88.4150390625 134
88.669921875 135
89.265625 136
91.75 137
95.23828125 138
95.28125 139
96.974609375 140
97.6787109375 141
99.98828125 142
101.697265625 143
103.716796875 144
104.072265625 145
105.66748046875 146
106.2701416015625 147
106.30160522460938 148
109.03662109375 149
110.9041748046875 150
112.4833984375 151
114.2744140625 152
115.9521484375 153
116.11962890625 154
119.3408203125 155
120.76123046875 156
137.763671875 157
174.59765625 158
176.1884765625 159
183.6064453125 160
185.974609375 161
210.525390625 162
244.2509765625 163
265.9501953125 164
