0.17578125 1
0.177734375 2
0.181640625 3
0.1875 4
0.19140625 5
0.1953125 6
0.23046875 7
0.4375 8
0.45361328125 9
0.515625 10
0.52880859375 11
0.6875 12
0.78515625 13
0.8466796875 14
0.859375 15
0.8828125 16
0.890625 17
0.947265625 18
0.96484375 19
0.98046875 20
1.005859375 21
1.21484375 22
1.2578125 23
1.38671875 24
1.447265625 25
1.482421875 26
1.48828125 27
1.52734375 28
1.58203125 29
1.80078125 30
2.3310546875 31
3.0146484375 32
3.0302734375 33
3.1669921875 34
3.64404296875 35
4.1015625 36
4.14422607421875 37
4.26953125 38
4.31640625 39
4.421875 40
4.484375 41
4.546875 42
4.640625 43
4.830078125 44
4.9609375 45
4.984375 46
4.9921875 47
5.146484375 48
5.1484375 49
5.63671875 50
5.650390625 51
5.875 52
6.05859375 53
6.37890625 54
6.4296875 55
6.546875 56
6.6005859375 57
7.62890625 58
7.8046875 59
8.1640625 60
8.66796875 61
8.74609375 62
9.1875 63
9.27082633972168 64
9.283203125 65
9.939453125 66
10.13671875 67
10.3515625 68
10.65625 69
10.859375 70
10.929443359375 71
11.337890625 72
11.498046875 73
11.84765625 74
12.15185546875 75
12.1640625 76
12.6041259765625 77
12.90625 78
13.09326171875 79
13.10546875 80
13.125 81
13.37109375 82
14.78125 83
14.8515625 84
15.12890625 85
15.13671875 86
15.20751953125 87
15.4609375 88
15.5546875 89
15.9296875 90
17.2213134765625 91
17.78125 92
17.78125 93
17.93359375 94
18.29296875 95
18.46875 96
18.779296875 97
19.51171875 98
19.72265625 99
20.19140625 100
20.3046875 101
20.744140625 102
21.314453125 103
21.64453125 104
22.05859375 105
22.759765625 106
22.86328125 107
23.01953125 108
23.8984375 109
24.380859375 110
25.2099609375 111
25.24609375 112
25.5859375 113
25.701171875 114
25.85546875 115
26.19921875 116
27.12109375 117
27.1875 118
27.30859375 119
27.84375 120
28.55859375 121
28.92578125 122
28.99609375 123
29.390625 124
30.5 125
31.56640625 126
31.80419921875 127
31.9296875 128
32.30859375 129
32.35546875 130
33.8798828125 131
35.91943359375 132
36.0316162109375 133
36.12109375 134
37.28515625 135
37.537109375 136
37.59375 137
38.08447265625 138
39.5078125 139
39.890625 140
40.56640625 141
40.8388671875 142
41.38671875 143
41.53515625 144
41.76953125 145
42.4345703125 146
42.4375 147
42.96875 148
43.7080078125 149
47.92578125 150
49.09765625 151
50.2861328125 152
50.798828125 153
50.87890625 154
50.93359375 155
51.2890625 156
52.1484375 157
52.20703125 158
52.53125 159
53.6103515625 160
53.779296875 161
55.02734375 162
55.3828125 163
56.54296875 164
57.52734375 165
57.8505859375 166
60.1884765625 167
60.2578125 168
60.515625 169
61.196533203125 170
61.62109375 171
61.69921875 172
62.13671875 173
62.81640625 174
63.22265625 175
64.3828125 176
64.529296875 177
64.9140625 178
65.02734375 179
65.818359375 180
66.05126953125 181
66.42578125 182
66.703125 183
66.95703125 184
67.59765625 185
68.51171875 186
68.71875 187
69.7734375 188
70.166015625 189
72.109375 190
73.5859375 191
74.142578125 192
74.39453125 193
74.67578125 194
75.4423828125 195
75.4619140625 196
77.5830078125 197
78.728271484375 198
79.947265625 199
83.884765625 200
84.5458984375 201
84.90625 202
85.5234375 203
87.0390625 204
88.193359375 205
90.609375 206
92.4921875 207
93.78125 208
95.77734375 209
98.41796875 210
103.10546875 211
103.18994140625 212
105.12109375 213
106.65234375 214
116.58203125 215
117.4375 216
117.8828125 217
120.5859375 218
121.27734375 219
123.3203125 220
125.0625 221
128.65234375 222
129.3515625 223
129.54296875 224
130.119140625 225
130.29296875 226
131.49609375 227
138.0859375 228
141.75 229
148.444091796875 230
150.84765625 231
153.873046875 232
154.06939697265625 233
154.7578125 234
155.5673828125 235
159.4208984375 236
162.60546875 237
168.65625 238
184.51171875 239
186.046875 240
191.11328125 241
191.4228515625 242
215.2861328125 243
215.6171875 244
219.76953125 245
228.02734375 246
230.55859375 247
247.833984375 248
253.5 249
254.1171875 250
264.1640625 251
266.41796875 252
272.01953125 253
281.38232421875 254
290.44970703125 255
292.54296875 256
301.58203125 257
