0.23046875 1
0.4375 2
0.45361328125 3
0.515625 4
0.6875 5
0.78515625 6
0.8466796875 7
0.859375 8
0.98046875 9
1.005859375 10
1.2578125 11
1.38671875 12
1.48828125 13
1.80078125 14
3.0146484375 15
3.0302734375 16
3.1669921875 17
3.64404296875 18
4.1015625 19
4.14422607421875 20
4.26953125 21
4.31640625 22
4.421875 23
4.484375 24
4.640625 25
4.9609375 26
4.9921875 27
5.1484375 28
6.37890625 29
6.4296875 30
6.546875 31
7.62890625 32
7.8046875 33
8.1640625 34
8.74609375 35
9.27082633972168 36
9.283203125 37
9.939453125 38
10.13671875 39
10.3515625 40
10.929443359375 41
11.337890625 42
11.498046875 43
12.90625 44
13.37109375 45
15.12890625 46
15.9296875 47
17.2213134765625 48
17.78125 49
22.05859375 50
23.01953125 51
24.380859375 52
25.5859375 53
25.85546875 54
27.1875 55
28.92578125 56
28.99609375 57
33.8798828125 58
35.91943359375 59
36.12109375 60
37.537109375 61
40.56640625 62
40.8388671875 63
41.38671875 64
42.4345703125 65
42.4375 66
42.96875 67
47.92578125 68
49.09765625 69
50.2861328125 70
50.798828125 71
50.93359375 72
51.2890625 73
52.53125 74
53.6103515625 75
55.3828125 76
56.54296875 77
57.52734375 78
57.8505859375 79
60.1884765625 80
60.2578125 81
60.515625 82
62.81640625 83
63.22265625 84
65.02734375 85
65.818359375 86
66.703125 87
66.95703125 88
68.51171875 89
69.7734375 90
70.166015625 91
73.5859375 92
74.39453125 93
75.4423828125 94
75.4619140625 95
77.5830078125 96
78.728271484375 97
79.947265625 98
83.884765625 99
84.5458984375 100
84.90625 101
85.5234375 102
88.193359375 103
90.609375 104
92.4921875 105
93.78125 106
95.77734375 107
103.10546875 108
117.4375 109
117.8828125 110
120.5859375 111
123.3203125 112
129.3515625 113
138.0859375 114
148.444091796875 115
154.06939697265625 116
155.5673828125 117
159.4208984375 118
168.65625 119
186.046875 120
215.2861328125 121
215.6171875 122
219.76953125 123
228.02734375 124
230.55859375 125
247.833984375 126
