0.17578125 1
0.177734375 2
0.181640625 3
0.1875 4
0.19140625 5
0.1953125 6
0.52880859375 7
0.8828125 8
0.890625 9
0.947265625 10
0.96484375 11
1.21484375 12
1.447265625 13
1.482421875 14
1.52734375 15
1.58203125 16
2.3310546875 17
4.546875 18
4.830078125 19
4.984375 20
5.146484375 21
5.63671875 22
5.650390625 23
5.875 24
6.05859375 25
6.6005859375 26
8.66796875 27
9.1875 28
10.65625 29
10.859375 30
11.84765625 31
12.15185546875 32
12.1640625 33
12.6041259765625 34
13.09326171875 35
13.10546875 36
13.125 37
14.78125 38
14.8515625 39
15.13671875 40
15.20751953125 41
15.4609375 42
15.5546875 43
17.78125 44
17.93359375 45
18.29296875 46
18.46875 47
18.779296875 48
19.51171875 49
19.72265625 50
20.19140625 51
20.3046875 52
20.744140625 53
21.314453125 54
21.64453125 55
22.759765625 56
22.86328125 57
23.8984375 58
25.2099609375 59
25.24609375 60
25.701171875 61
26.19921875 62
27.12109375 63
27.30859375 64
27.84375 65
28.55859375 66
29.390625 67
30.5 68
31.56640625 69
31.80419921875 70
31.9296875 71
32.30859375 72
32.35546875 73
36.0316162109375 74
37.28515625 75
37.59375 76
38.08447265625 77
39.5078125 78
39.890625 79
41.53515625 80
41.76953125 81
43.7080078125 82
50.87890625 83
52.1484375 84
52.20703125 85
53.779296875 86
55.02734375 87
61.196533203125 88
61.62109375 89
61.69921875 90
62.13671875 91
64.3828125 92
64.529296875 93
64.9140625 94
66.05126953125 95
66.42578125 96
67.59765625 97
68.71875 98
72.109375 99
74.142578125 100
74.67578125 101
87.0390625 102
98.41796875 103
103.18994140625 104
105.12109375 105
106.65234375 106
116.58203125 107
121.27734375 108
125.0625 109
128.65234375 110
129.54296875 111
130.119140625 112
130.29296875 113
131.49609375 114
141.75 115
150.84765625 116
153.873046875 117
154.7578125 118
162.60546875 119
184.51171875 120
191.11328125 121
191.4228515625 122
253.5 123
254.1171875 124
264.1640625 125
266.41796875 126
272.01953125 127
281.38232421875 128
290.44970703125 129
292.54296875 130
301.58203125 131
