276.941 1.95373
74.3214 2.32766
579.988 4.50818
709.328 4.36226
178.979 8.62793
214.961 4.91811
249.631 2.41914
1012.57 16.4114
618.712 21.6647
41.22 3.14818
283.682 5.57563
183.031 9.74642
250.31 4.54883
49.6567 4.5727
373.772 10.0247
318.744 6.11224
297.449 4.86055
261.14 4.20267
398.928 6.47389
991.23 31.1666
84.9062 4.35155
93.8125 4.75659
275.268 25.8316
88.4302 2.2383
848.006 11.4375
1635.93 8.56
502.765 9.34867
1450.75 9.61732
188.851 7.4804
221.896 7.27528
788.201 12.1422
311.77 12.3669
374.643 14.2998
194.409 5.10468
1873.94 14.3825
1667.96 12.8187
954.195 13.8855
112.773 4.38785
119.336 4.40012
20.5978 3.39977
1075.01 10.9229
2465.89 20.3327
2561.59 21.9724
252.384 10.5607
182.446 8.98541
317.191 56.1361
5.33761 27.8863
2.82085 1.21012
183.116 4.4087
57.9332 3.91937
2110.19 13.7138
2608.13 14.1353
4772.8 30.8404
161.818 8.0142
513.567 4.81534
273.933 7.60257
3087.85 41.3501
7011.77 36.6297
442.601 48.1743
192.442 34.1408
817.262 67.2541
908.02 28.1046
22.2068 4.59761
699.114 8.03219
1155.71 10.9941
127.802 7.18746
172.95 13.1771
0.618713 0.694695
1.03053 0.848282
0.512024 0.540528
0.550894 0.570967
0.465302 0.527068
1.17598 0.812553
0.323822 0.612361
1.3559 0.857063
1.34406 0.879998
1.35794 0.916028
124.582 14.3727
419.092 6.50938
487.276 7.37724
358.125 5.39136
378.162 5.59431
312.658 60.7518
31.7734 2.61207
49.3158 2.74991
159.848 12.6822
3053.22 24.4136
2550.94 13060.8
19300.7 109800
671.547 24.1184
2145.02 29.7468
3709.92 28.2132
50.4709 8.59079
31.0851 6.23651
278.562 17.9086
1868.87 28.9616
10383.3 38.9737
13.1382 2.8895
2958.48 10.5141
3314.33 12.1842
549.764 13.7818
150.305 9.92983
727.466 39.389
241.454 16.2578
134.189 6.29568
147.169 6.79936
25.377 1.64136
43.7748 2.39299
166.01 5.13082
50.8555 3.3441
48.5939 2.12541
87.6753 2.9831
199.298 16.8217
133.985 3.56402
577.583 21.1502
90.6094 3.98112
79.0063 2.50286
798.525 3.14235
748.369 2.95215
1122.24 3.8638
1261.61 4.77586
1092.43 3.73425
419.599 3.23907
400.466 9.58751
240.078 36.3722
316.127 24.1218
2868.61 54.9468
