248.949 2.69157
235.369 3.90603
179.774 2.76459
135.515 7.62123
91.3924 3.53474
32.1406 3.46223
383.833 4.80108
385.018 5.61974
514.781 12.6898
276.199 2.35188
7175.87 940.616
70.8986 1.12866
19.5822 1.46452
171.879 333.341
181.83 4.45238
0.0480347 0.208422
34.8349 0.605536
707.781 9.12289
22.8375 2.01426
1810.23 8.40848
127.301 25.6607
8893.79 386.358
52.4609 8.22412
800.071 5.79401
418.451 3.23499
375.921 12.9961
487.838 9.70124
739.836 17.4335
5010.11 48.5921
2181.76 18.5079
267.776 62.7179
349.47 10.315
352.526 1.60407
299.781 166.473
221.244 1.49042
759.589 4.08278
721.454 2.91104
66.3984 1.54527
237.398 2.5314
123.82 2.52191
168.961 3.21639
76.6831 1.27405
95.1338 1.4454
134.993 3.1812
76.0781 1.02263
98.125 1.47107
205.508 7.55891
202.941 3.78548
303.28 3.61544
279.98 2.27035
458.023 1.98658
89.4445 2.38283
115.779 1.36361
139.487 0.874961
109.591 2.64798
343.068 42.0217
44.743 98.6369
116.96 1.74679
90.0993 1.28409
923.945 10.8034
572.289 5.9752
50.2845 13.7991
362.409 10.0332
112.164 2.20216
82.8652 8.337
212.616 51.8378
6.81198 9.90833
69.5597 69.1545
55.7687 127.471
0.543243 0.632137
0.444336 0.56592
0.421814 0.0953926
6.41995 6.54784
199.576 21.5273
87.2656 5.0673
112.918 4.63142
114.824 17.8584
27.7718 1.259
929.968 91.7425
1014.75 13.4507
204.986 0.898954
63.5904 15.3443
357.422 5.12261
264.054 4.17657
416.074 7.19222
414.286 2.66306
30.8114 3.94781
14.8434 1.29095
91.2742 19.6685
77.3242 0.914583
204.067 2.70424
276.428 5.44162
514.337 2.38542
38.0303 7.61796
11.5881 3.84393
190.907 37.0806
583.728 38.5836
265.745 10.3864
12.3333 8.28694
92.5273 14.133
320.599 8.9255
606.813 7.70769
450.873 4.97601
6.95645 5.01648
47.7619 4.61398
379.441 2.46279
18.8077 0.255588
171.848 1.42511
718.603 4.26076
59.365 0.980986
138.531 10.7336
2943.21 61.4118
1254.14 78.7297
265.632 313.734
2808.03 31.8395
1201.37 21.6921
113.385 25.2845
602.504 20.7788
454.402 8.0364
493.762 9.62704
10.3682 8.24304
9.21518 0.843152
10.235 3.37758
72.1631 16.7183
108.233 12.375
143.08 45.1785
