1.777886152267456 1
1.9892089366912842 2
2.1246426105499268 3
2.3426544666290283 4
2.4661314487457275 5
2.4762911796569824 6
2.480975389480591 7
2.4870123863220215 8
2.520397663116455 9
2.5612900257110596 10
2.5708470344543457 11
2.6042888164520264 12
2.651623487472534 13
2.9089298248291016 14
3.0510776042938232 15
3.0883498191833496 16
3.1334939002990723 17
3.2949936389923096 18
3.7762107849121094 19
3.951430082321167 20
3.9603891372680664 21
4.502748012542725 22
4.696039199829102 23
5.0041656494140625 24
5.014928340911865 25
5.154771327972412 26
5.496920585632324 27
5.5333662033081055 28
5.8588690757751465 29
6.094875335693359 30
6.252699851989746 31
6.327916622161865 32
7.1299614906311035 33
7.33266544342041 34
7.543209075927734 35
7.670528411865234 36
7.898401260375977 37
8.505743980407715 38
8.703141212463379 39
9.540724754333496 40
9.691564559936523 41
9.708513259887695 42
10.128218650817871 43
10.723175048828125 44
11.091547966003418 45
11.139203071594238 46
12.013200759887695 47
12.17581844329834 48
12.320895195007324 49
12.730213165283203 50
12.785738945007324 51
12.910161972045898 52
12.917181015014648 53
13.136613845825195 54
13.696937561035156 55
13.811471939086914 56
13.845873832702637 57
13.920289993286133 58
13.990330696105957 59
14.032740592956543 60
14.228337287902832 61
14.25590705871582 62
14.511849403381348 63
14.636728286743164 64
14.95801067352295 65
15.120626449584961 66
15.616191864013672 67
15.845754623413086 68
16.61287498474121 69
17.165536880493164 70
17.507720947265625 71
17.688753128051758 72
17.973430633544922 73
18.10386085510254 74
18.890113830566406 75
18.940692901611328 76
19.17552375793457 77
19.73107147216797 78
19.982114791870117 79
20.014419555664063 80
20.501665115356445 81
20.56416130065918 82
20.66469383239746 83
20.809032440185547 84
20.990095138549805 85
21.783355712890625 86
21.829727172851563 87
22.040786743164063 88
22.544776916503906 89
23.13656997680664 90
23.24765968322754 91
23.968246459960938 92
24.03781509399414 93
24.04047966003418 94
24.509552001953125 95
24.518098831176758 96
24.934629440307617 97
25.503570556640625 98
25.50509262084961 99
26.2847900390625 100
26.589744567871094 101
26.769691467285156 102
27.29706573486328 103
27.63338851928711 104
27.87272071838379 105
28.02387237548828 106
28.075637817382813 107
28.122785568237305 108
29.274385452270508 109
29.414155960083008 110
29.728906631469727 111
29.959226608276367 112
32.164119720458984 113
32.33697509765625 114
32.594383239746094 115
32.89922332763672 116
33.115543365478516 117
34.79791259765625 118
35.28156280517578 119
35.52396011352539 120
35.83369445800781 121
35.95912170410156 122
36.76055145263672 123
38.11225128173828 124
38.19114303588867 125
38.6559944152832 126
38.94235610961914 127
38.95844650268555 128
38.987831115722656 129
39.56342697143555 130
39.642295837402344 131
40.823238372802734 132
41.262969970703125 133
41.38792419433594 134
42.406524658203125 135
43.913551330566406 136
45.0921516418457 137
45.2104377746582 138
45.21916580200195 139
45.43971633911133 140
45.985172271728516 141
46.346710205078125 142
47.88227462768555 143
47.993377685546875 144
49.10157775878906 145
49.733394622802734 146
49.85658645629883 147
50.52671813964844 148
51.22080612182617 149
51.606807708740234 150
51.66706085205078 151
52.797508239746094 152
53.34797668457031 153
53.815181732177734 154
54.48153305053711 155
55.67391586303711 156
56.06212615966797 157
57.456329345703125 158
57.506202697753906 159
57.5285758972168 160
57.59336471557617 161
57.72764205932617 162
59.179569244384766 163
60.92160415649414 164
62.419708251953125 165
62.463417053222656 166
64.4194107055664 167
64.94256591796875 168
66.57369995117188 169
68.56990051269531 170
68.96147155761719 171
69.0499496459961 172
69.09585571289063 173
69.9068374633789 174
71.91918182373047 175
72.7054672241211 176
72.93585968017578 177
73.83470916748047 178
74.1696548461914 179
74.84373474121094 180
76.23204803466797 181
76.60309600830078 182
78.17424774169922 183
78.8725814819336 184
79.3175277709961 185
79.71681213378906 186
80.30176544189453 187
80.63561248779297 188
83.3280258178711 189
83.38996124267578 190
84.04989624023438 191
85.94171905517578 192
86.25113677978516 193
87.11033630371094 194
92.87503814697266 195
92.87953186035156 196
93.22767639160156 197
96.3038101196289 198
97.8222427368164 199
99.18106842041016 200
103.08340454101563 201
104.89933013916016 202
105.4053726196289 203
107.03974151611328 204
107.6399917602539 205
109.3878402709961 206
110.18545532226563 207
110.90677642822266 208
111.39151000976563 209
111.5430908203125 210
111.96770477294922 211
112.5739974975586 212
119.6356430053711 213
119.99656677246094 214
121.57263946533203 215
122.69000244140625 216
122.77375793457031 217
123.4888916015625 218
125.12234497070313 219
125.37775421142578 220
125.93158721923828 221
126.5488510131836 222
128.76327514648438 223
130.79188537597656 224
130.81834411621094 225
132.8460235595703 226
134.64630126953125 227
137.82034301757813 228
140.50294494628906 229
149.30694580078125 230
155.04495239257813 231
155.18150329589844 232
157.1043701171875 233
157.9720916748047 234
158.89051818847656 235
159.64385986328125 236
161.66017150878906 237
164.8038787841797 238
167.57098388671875 239
174.72543334960938 240
179.3594970703125 241
188.3004608154297 242
189.7441864013672 243
189.97079467773438 244
190.08657836914063 245
191.42227172851563 246
192.11111450195313 247
197.46853637695313 248
198.2842254638672 249
198.41421508789063 250
202.76966857910156 251
205.19921875 252
205.3106231689453 253
206.50485229492188 254
207.79722595214844 255
217.4666748046875 256
218.0346221923828 257
219.24273681640625 258
221.9878387451172 259
226.03504943847656 260
226.77125549316406 261
235.3616180419922 262
245.5584716796875 263
263.6601867675781 264
264.2548828125 265
266.5780334472656 266
271.356201171875 267
289.8515930175781 268
290.8497314453125 269
298.0712890625 270
298.1096496582031 271
311.1602783203125 272
315.2725524902344 273
316.4246520996094 274
317.18365478515625 275
317.47955322265625 276
320.3746337890625 277
331.5868835449219 278
331.6151123046875 279
335.6783142089844 280
336.9173583984375 281
341.714599609375 282
344.93817138671875 283
371.3799133300781 284
374.51373291015625 285
375.9682312011719 286
376.9375915527344 287
378.66802978515625 288
389.5761413574219 289
436.1296081542969 290
437.96337890625 291
449.6091003417969 292
450.764892578125 293
471.59967041015625 294
474.734619140625 295
476.01654052734375 296
522.288818359375 297
538.5805053710938 298
551.2957763671875 299
557.5621948242188 300
573.8568115234375 301
585.1611938476563 302
601.7208862304688 303
623.2388305664063 304
652.9088134765625 305
677.7337646484375 306
710.771240234375 307
717.7651977539063 308
719.630126953125 309
787.8052368164063 310
790.131591796875 311
790.2752685546875 312
852.7335815429688 313
922.092529296875 314
928.7446899414063 315
1014.4915771484375 316
1045.9921875 317
1095.208984375 318
1108.3363037109375 319
1145.296630859375 320
1207.542724609375 321
1222.83837890625 322
1259.3125 323
1511.476806640625 324
1640.942626953125 325
1888.6854248046875 326
1898.9998779296875 327
1907.043701171875 328
1921.40185546875 329
2347.667724609375 330
2486.296142578125 331
2600.08740234375 332
2627.828369140625 333
2660.72900390625 334
2750.426513671875 335
2755.271728515625 336
3028.63720703125 337
3199.535888671875 338
3256.97021484375 339
3291.1484375 340
3332.6923828125 341
3388.36474609375 342
3912.532958984375 343
5050.0947265625 344
5153.17431640625 345
5415.5830078125 346
6471.7705078125 347
