0.1904296875 1
0.1995849609375 2
0.201171875 3
0.2275390625 4
0.26220703125 5
0.26513671875 6
0.279296875 7
0.2919921875 8
0.2978515625 9
0.29931640625 10
0.2998046875 11
0.3076171875 12
0.318359375 13
0.328857421875 14
0.337890625 15
0.34814453125 16
0.349609375 17
0.4306640625 18
0.43408203125 19
0.45458984375 20
0.53173828125 21
0.5390625 22
0.55126953125 23
0.5562744140625 24
0.560546875 25
0.768798828125 26
0.78125 27
0.794921875 28
0.81689453125 29
0.9365234375 30
0.979248046875 31
0.9931640625 32
1.035888671875 33
1.2919921875 34
1.425323486328125 35
1.5263671875 36
1.5673828125 37
1.6279296875 38
1.70263671875 39
1.70458984375 40
1.7049474716186523 41
1.70703125 42
1.736328125 43
1.798828125 44
1.82763671875 45
2.0675048828125 46
2.18115234375 47
2.184814453125 48
2.185546875 49
2.2398681640625 50
2.3388671875 51
2.359375 52
2.37890625 53
2.38671875 54
2.41259765625 55
2.45361328125 56
2.6298828125 57
2.712646484375 58
2.712890625 59
2.81201171875 60
2.862548828125 61
2.93359375 62
2.9365234375 63
2.95166015625 64
2.974609375 65
3.080078125 66
3.125 67
3.169921875 68
3.201171875 69
3.20703125 70
3.25390625 71
3.3447265625 72
3.4267578125 73
3.5009765625 74
3.51708984375 75
3.5400390625 76
3.58447265625 77
3.7385025024414063 78
3.8076171875 79
3.82421875 80
3.853515625 81
3.9287109375 82
4.01171875 83
4.02783203125 84
4.0498046875 85
4.314453125 86
4.4521484375 87
4.490234375 88
4.552734375 89
4.5771484375 90
4.753662109375 91
4.761962890625 92
4.8701171875 93
4.9794921875 94
5.134765625 95
5.17236328125 96
5.185546875 97
5.1923828125 98
5.22021484375 99
5.29345703125 100
5.306640625 101
5.7197265625 102
5.865966796875 103
5.97265625 104
6.138671875 105
6.31005859375 106
6.5107421875 107
6.56982421875 108
6.69873046875 109
6.755859375 110
6.85107421875 111
6.943359375 112
6.99560546875 113
7.1220703125 114
7.2158203125 115
7.216796875 116
7.296875 117
7.357421875 118
7.51953125 119
7.53515625 120
7.73193359375 121
7.74951171875 122
7.8115234375 123
8.353515625 124
8.4501953125 125
8.8203125 126
9.0703125 127
9.16015625 128
9.42578125 129
9.7529296875 130
9.771484375 131
9.7900390625 132
10.1171875 133
10.1591796875 134
10.2440185546875 135
10.328125 136
11.03125 137
11.125 138
11.130859375 139
11.191650390625 140
11.4122314453125 141
11.444580078125 142
11.703125 143
11.8994140625 144
12.05859375 145
12.2138671875 146
12.466796875 147
12.693359375 148
12.90673828125 149
13.04443359375 150
13.0810546875 151
13.314453125 152
13.78515625 153
14.2099609375 154
14.54052734375 155
14.6982421875 156
15.3203125 157
15.607421875 158
15.67431640625 159
15.7275390625 160
15.857421875 161
15.9375 162
16.0634765625 163
16.2373046875 164
16.4140625 165
16.746826171875 166
17.2998046875 167
17.849609375 168
18.216796875 169
18.2958984375 170
18.337890625 171
18.448638916015625 172
18.4580078125 173
18.537109375 174
18.7294921875 175
18.76806640625 176
18.79248046875 177
18.85595703125 178
19.1953125 179
19.2314453125 180
19.396484375 181
19.4921875 182
19.5419921875 183
19.697265625 184
20.404541015625 185
20.71875 186
21.30615234375 187
21.494140625 188
21.625 189
21.77197265625 190
21.8603515625 191
22.517578125 192
22.6541748046875 193
22.7041015625 194
22.81982421875 195
23.10205078125 196
23.560546875 197
23.80859375 198
23.931640625 199
23.9638671875 200
24.2236328125 201
24.4482421875 202
24.466552734375 203
24.7987060546875 204
26.2130126953125 205
26.37255859375 206
26.4580078125 207
26.650390625 208
26.81201171875 209
26.962890625 210
27.3408203125 211
27.68359375 212
27.91943359375 213
27.96484375 214
28.025390625 215
28.470703125 216
28.537109375 217
28.7958984375 218
29.4736328125 219
30.14453125 220
30.2890625 221
30.72265625 222
30.76171875 223
31.02734375 224
31.509765625 225
32.384765625 226
33.705810546875 227
34.2274169921875 228
34.313232421875 229
34.35205078125 230
34.5478515625 231
34.7154541015625 232
34.7177734375 233
34.72265625 234
34.9609375 235
35.0283203125 236
35.119140625 237
35.185546875 238
35.2177734375 239
35.53173828125 240
35.610107421875 241
35.61767578125 242
36.9541015625 243
36.98046875 244
37.1982421875 245
37.662109375 246
37.74560546875 247
38.21044921875 248
38.232421875 249
38.610595703125 250
40.313446044921875 251
41.822265625 252
42.66162109375 253
43.5361328125 254
44.6806640625 255
44.720703125 256
45.8515625 257
46.61669921875 258
46.65673828125 259
47.16455078125 260
48.730712890625 261
49.212738037109375 262
50.26416015625 263
51.1953125 264
51.197265625 265
53.2587890625 266
55.017822265625 267
56.6171875 268
59.2080078125 269
59.869140625 270
61.416015625 271
62.01171875 272
62.41015625 273
63.673828125 274
64.26171875 275
67.76171875 276
69.833984375 277
71.36083984375 278
72.0966796875 279
72.2222900390625 280
72.43505859375 281
72.529296875 282
73.24609375 283
73.2978515625 284
75.9599609375 285
78.577880859375 286
80.592529296875 287
80.868896484375 288
82.40966796875 289
84.7294921875 290
84.80859375 291
88.28515625 292
88.5888671875 293
89.8076171875 294
91.98388671875 295
92.82421875 296
93.707763671875 297
95.5615234375 298
96.34375 299
96.81298828125 300
97.77880859375 301
97.953857421875 302
98.77841186523438 303
100.194091796875 304
105.26220703125 305
112.3115234375 306
119.14599609375 307
120.615234375 308
124.720703125 309
124.7451171875 310
128.25439453125 311
146.3671875 312
153.111328125 313
154.969970703125 314
158.6376953125 315
179.9189453125 316
182.91796875 317
196.77734375 318
202.974609375 319
255.265625 320
280.075439453125 321
290.6845703125 322
