0.1995849609375 1
0.201171875 2
0.2275390625 3
0.279296875 4
0.2919921875 5
0.2978515625 6
0.29931640625 7
0.3076171875 8
0.328857421875 9
0.337890625 10
0.349609375 11
0.4306640625 12
0.43408203125 13
0.45458984375 14
0.53173828125 15
0.5390625 16
0.55126953125 17
0.5562744140625 18
0.78125 19
0.794921875 20
0.81689453125 21
0.9365234375 22
0.979248046875 23
0.9931640625 24
1.2919921875 25
1.425323486328125 26
1.5263671875 27
1.5673828125 28
1.6279296875 29
1.7049474716186523 30
1.798828125 31
2.2398681640625 32
2.359375 33
2.37890625 34
2.38671875 35
2.41259765625 36
2.45361328125 37
2.6298828125 38
2.712646484375 39
2.81201171875 40
2.862548828125 41
2.93359375 42
2.9365234375 43
2.95166015625 44
2.974609375 45
3.080078125 46
3.169921875 47
3.201171875 48
3.4267578125 49
3.5009765625 50
3.51708984375 51
3.5400390625 52
3.58447265625 53
3.8076171875 54
3.82421875 55
3.853515625 56
3.9287109375 57
4.01171875 58
4.02783203125 59
4.0498046875 60
4.4521484375 61
4.552734375 62
4.5771484375 63
4.753662109375 64
4.8701171875 65
4.9794921875 66
5.17236328125 67
5.185546875 68
5.29345703125 69
5.306640625 70
5.7197265625 71
5.865966796875 72
5.97265625 73
6.138671875 74
6.5107421875 75
6.56982421875 76
6.85107421875 77
7.1220703125 78
7.216796875 79
7.296875 80
7.357421875 81
7.51953125 82
7.53515625 83
8.4501953125 84
8.8203125 85
9.0703125 86
9.16015625 87
9.42578125 88
9.7900390625 89
10.2440185546875 90
10.328125 91
11.03125 92
11.125 93
11.130859375 94
11.4122314453125 95
11.8994140625 96
12.90673828125 97
13.04443359375 98
13.0810546875 99
13.314453125 100
14.2099609375 101
18.2958984375 102
18.448638916015625 103
18.537109375 104
18.76806640625 105
18.79248046875 106
18.85595703125 107
19.2314453125 108
19.396484375 109
19.697265625 110
21.494140625 111
21.625 112
22.517578125 113
23.80859375 114
23.9638671875 115
24.4482421875 116
24.466552734375 117
24.7987060546875 118
26.37255859375 119
26.4580078125 120
26.650390625 121
26.81201171875 122
26.962890625 123
27.3408203125 124
28.470703125 125
28.537109375 126
28.7958984375 127
30.14453125 128
30.2890625 129
30.76171875 130
31.02734375 131
32.384765625 132
34.313232421875 133
34.5478515625 134
34.72265625 135
34.9609375 136
35.0283203125 137
35.119140625 138
35.185546875 139
35.53173828125 140
35.61767578125 141
37.662109375 142
41.822265625 143
42.66162109375 144
44.6806640625 145
46.65673828125 146
55.017822265625 147
78.577880859375 148
80.868896484375 149
84.7294921875 150
97.77880859375 151
120.615234375 152
124.720703125 153
146.3671875 154
154.969970703125 155
196.77734375 156
