0.1904296875 1
0.26220703125 2
0.26513671875 3
0.2998046875 4
0.318359375 5
0.34814453125 6
0.560546875 7
0.768798828125 8
1.035888671875 9
1.70263671875 10
1.70458984375 11
1.70703125 12
1.736328125 13
1.82763671875 14
2.0675048828125 15
2.18115234375 16
2.184814453125 17
2.185546875 18
2.3388671875 19
2.712890625 20
3.125 21
3.20703125 22
3.25390625 23
3.3447265625 24
3.7385025024414063 25
4.314453125 26
4.490234375 27
4.761962890625 28
5.134765625 29
5.1923828125 30
5.22021484375 31
6.31005859375 32
6.69873046875 33
6.755859375 34
6.943359375 35
6.99560546875 36
7.2158203125 37
7.73193359375 38
7.74951171875 39
7.8115234375 40
8.353515625 41
9.7529296875 42
9.771484375 43
10.1171875 44
10.1591796875 45
11.191650390625 46
11.444580078125 47
11.703125 48
12.05859375 49
12.2138671875 50
12.466796875 51
12.693359375 52
13.78515625 53
14.54052734375 54
14.6982421875 55
15.3203125 56
15.607421875 57
15.67431640625 58
15.7275390625 59
15.857421875 60
15.9375 61
16.0634765625 62
16.2373046875 63
16.4140625 64
16.746826171875 65
17.2998046875 66
17.849609375 67
18.216796875 68
18.337890625 69
18.4580078125 70
18.7294921875 71
19.1953125 72
19.4921875 73
19.5419921875 74
20.404541015625 75
20.71875 76
21.30615234375 77
21.77197265625 78
21.8603515625 79
22.6541748046875 80
22.7041015625 81
22.81982421875 82
23.10205078125 83
23.560546875 84
23.931640625 85
24.2236328125 86
26.2130126953125 87
27.68359375 88
27.91943359375 89
27.96484375 90
28.025390625 91
29.4736328125 92
30.72265625 93
31.509765625 94
33.705810546875 95
34.2274169921875 96
34.35205078125 97
34.7154541015625 98
34.7177734375 99
35.2177734375 100
35.610107421875 101
36.9541015625 102
36.98046875 103
37.1982421875 104
37.74560546875 105
38.21044921875 106
38.232421875 107
38.610595703125 108
40.313446044921875 109
43.5361328125 110
44.720703125 111
45.8515625 112
46.61669921875 113
47.16455078125 114
48.730712890625 115
49.212738037109375 116
50.26416015625 117
51.1953125 118
51.197265625 119
53.2587890625 120
56.6171875 121
59.2080078125 122
59.869140625 123
61.416015625 124
62.01171875 125
62.41015625 126
63.673828125 127
64.26171875 128
67.76171875 129
69.833984375 130
71.36083984375 131
72.0966796875 132
72.2222900390625 133
72.43505859375 134
72.529296875 135
73.24609375 136
73.2978515625 137
75.9599609375 138
80.592529296875 139
82.40966796875 140
84.80859375 141
88.28515625 142
88.5888671875 143
89.8076171875 144
91.98388671875 145
92.82421875 146
93.707763671875 147
95.5615234375 148
96.34375 149
96.81298828125 150
97.953857421875 151
98.77841186523438 152
100.194091796875 153
105.26220703125 154
112.3115234375 155
119.14599609375 156
124.7451171875 157
128.25439453125 158
153.111328125 159
158.6376953125 160
179.9189453125 161
182.91796875 162
202.974609375 163
255.265625 164
280.075439453125 165
290.6845703125 166
