1.02657 1
1.03578 2
1.04203 3
1.04499 4
1.04985 5
1.05534 6
1.06783 7
1.07278 8
1.07961 9
1.11404 10
1.12555 11
1.12942 12
1.16027 13
1.16511 14
1.16901 15
1.17065 16
1.17133 17
1.18024 18
1.20486 19
1.22416 20
1.28612 21
1.36753 22
1.43288 23
2.07083 24
2.108 25
2.2002 26
2.35134 27
2.38477 28
2.38491 29
2.58922 30
3.0457 31
3.0621 32
3.07648 33
3.18181 34
3.26451 35
3.26742 36
3.27809 37
3.27866 38
3.29056 39
3.29058 40
3.29856 41
3.32237 42
3.34186 43
3.53404 44
3.54384 45
3.55335 46
3.66291 47
4.14771 48
4.29901 49
4.32162 50
4.33631 51
4.3491 52
4.36026 53
4.7514 54
4.75383 55
4.76282 56
4.94127 57
5.28354 58
5.39015 59
5.52497 60
5.87875 61
6.43402 62
6.47617 63
6.52712 64
6.61743 65
6.69588 66
6.70948 67
6.84921 68
6.92201 69
7.00427 70
7.00513 71
7.03238 72
7.08438 73
7.541 74
7.56314 75
7.62632 76
7.82181 77
7.93069 78
7.9898 79
8.04029 80
8.05621 81
8.4694 82
8.69245 83
8.73096 84
8.79334 85
9.13547 86
9.20543 87
9.25187 88
9.27929 89
9.61359 90
9.72782 91
10.2715 92
10.2961 93
10.5863 94
10.875 95
11.0227 96
11.1299 97
11.2445 98
11.477 99
11.5645 100
11.8761 101
12.0283 102
12.2525 103
12.5218 104
12.5953 105
12.7226 106
13.0693 107
13.4789 108
13.6547 109
13.867 110
14.4991 111
14.6105 112
15.067 113
15.3525 114
15.3729 115
16.0465 116
16.3936 117
16.4449 118
17.7822 119
18.1824 120
18.2446 121
18.2578 122
18.3543 123
19.2459 124
19.282 125
19.3968 126
19.4598 127
19.8937 128
20.1467 129
20.7777 130
21.4236 131
22.6145 132
22.6164 133
23.085 134
23.1225 135
24.0133 136
24.2627 137
24.2746 138
24.339 139
24.7553 140
25.0054 141
25.3221 142
26.321 143
26.3659 144
26.6922 145
26.9295 146
27.7967 147
28.0032 148
28.8805 149
28.9415 150
29.3886 151
29.4737 152
29.6473 153
30.2177 154
30.5113 155
31.6267 156
32.0378 157
32.264 158
32.3291 159
33.3306 160
33.3658 161
34.2637 162
34.4727 163
34.902 164
35.0719 165
35.2886 166
35.407 167
35.7875 168
35.953 169
36.004 170
37.785 171
37.9731 172
38.8607 173
39.3226 174
39.8531 175
39.8954 176
40.2368 177
41.3266 178
42.1454 179
42.3322 180
42.4354 181
42.9707 182
44.0601 183
46.4099 184
47.5763 185
48.0547 186
49.1066 187
50.3304 188
51.6996 189
52.0717 190
52.0832 191
52.1413 192
54.0886 193
54.3838 194
54.9959 195
55.6442 196
55.9724 197
56.0313 198
56.4274 199
56.5329 200
56.8998 201
60.1737 202
61.5405 203
65.5976 204
67.0099 205
67.9812 206
68.2499 207
70.9678 208
71.6898 209
71.78 210
73.9964 211
78.7441 212
78.956 213
80.9898 214
82.1812 215
82.309 216
82.6082 217
83.5293 218
86.2225 219
91.3889 220
91.5358 221
94.0795 222
94.6459 223
95.1526 224
95.4603 225
96.0332 226
98.3111 227
103.79 228
103.857 229
104.315 230
107.395 231
110.193 232
113.502 233
114.24 234
122.22 235
122.728 236
127.244 237
127.375 238
129.472 239
129.785 240
134.885 241
136.428 242
138.048 243
148.827 244
159.31 245
169.328 246
171.636 247
176.273 248
177.557 249
183.247 250
211.919 251
212.259 252
231.101 253
232.489 254
254.008 255
267.062 256
274.671 257
300.448 258
