0.166015625 1
0.16796875 2
0.1727294921875 3
0.173828125 4
0.185546875 5
0.1953125 6
0.203125 7
0.24609375 8
0.253173828125 9
0.265625 10
0.31640625 11
0.3203125 12
0.3701171875 13
0.38311767578125 14
0.396484375 15
0.43359375 16
0.44378662109375 17
0.482421875 18
0.55078125 19
0.553955078125 20
0.57421875 21
0.68359375 22
0.685546875 23
0.7490234375 24
0.794921875 25
0.8525390625 26
0.85888671875 27
0.8603515625 28
0.8720703125 29
0.880859375 30
0.880859375 31
0.939453125 32
0.958984375 33
0.9609375 34
0.96630859375 35
0.97265625 36
1.09375 37
1.10546875 38
1.1328125 39
1.208984375 40
1.236328125 41
1.24560546875 42
1.353515625 43
1.474609375 44
1.50439453125 45
1.516357421875 46
1.59765625 47
1.607421875 48
1.68359375 49
1.72265625 50
1.734375 51
1.73828125 52
1.740234375 53
1.7578125 54
1.8880615234375 55
1.98504638671875 56
2.087890625 57
2.1845703125 58
2.2001953125 59
2.201171875 60
2.22265625 61
2.259765625 62
2.265625 63
2.359375 64
2.384765625 65
2.486328125 66
2.716796875 67
2.728515625 68
2.732421875 69
2.75146484375 70
2.76171875 71
2.986328125 72
2.9921875 73
3.216796875 74
3.21875 75
3.2431640625 76
3.31640625 77
3.357421875 78
3.4189453125 79
3.48046875 80
3.482421875 81
3.6484375 82
3.693359375 83
3.69921875 84
3.7001953125 85
3.744140625 86
3.797607421875 87
3.891845703125 88
3.89453125 89
3.923828125 90
3.949594736099243 91
3.966796875 92
4.16015625 93
4.22607421875 94
4.28515625 95
4.31884765625 96
4.380859375 97
4.619140625 98
4.666015625 99
4.720703125 100
4.853515625 101
4.888671875 102
5.1007080078125 103
5.265625 104
5.369140625 105
5.669921875 106
5.689697265625 107
5.7421875 108
5.744140625 109
5.845703125 110
6.2578125 111
6.2666015625 112
6.287109375 113
6.3203125 114
6.373046875 115
6.9287109375 116
6.9921875 117
7.048828125 118
7.1875 119
7.26953125 120
7.296875 121
7.37109375 122
7.66796875 123
7.802734375 124
7.8046875 125
7.841796875 126
7.982421875 127
8.17626953125 128
8.212890625 129
8.2373046875 130
8.25390625 131
8.255859375 132
8.375 133
8.498046875 134
8.5 135
8.57421875 136
8.6513671875 137
8.7431640625 138
8.765625 139
8.94873046875 140
9.47265625 141
9.61328125 142
9.689453125 143
9.732421875 144
9.779296875 145
9.884765625 146
10.01953125 147
10.0452880859375 148
10.048828125 149
10.21337890625 150
10.251953125 151
10.37109375 152
10.5216064453125 153
10.740234375 154
10.76953125 155
10.7822265625 156
10.791015625 157
10.8203125 158
11.220703125 159
11.56640625 160
11.65234375 161
11.7265625 162
11.79296875 163
11.8369140625 164
11.845703125 165
11.849609375 166
12.09130859375 167
12.095703125 168
12.173828125 169
12.236328125 170
12.31201171875 171
12.6064453125 172
12.802734375 173
12.84423828125 174
13.2265625 175
13.38671875 176
13.533203125 177
13.60601806640625 178
13.609375 179
13.765625 180
13.796875 181
13.798828125 182
13.905517578125 183
13.90625 184
14.005859375 185
14.544921875 186
14.56640625 187
15.171875 188
15.5478515625 189
15.935546875 190
16.06591796875 191
16.15625 192
16.5849609375 193
16.607421875 194
16.7294921875 195
17.0234375 196
17.28515625 197
17.4921875 198
17.6669921875 199
17.701171875 200
17.71875 201
17.736328125 202
17.75 203
17.75 204
17.84326171875 205
18.640625 206
18.9580078125 207
19.3984375 208
20.1796875 209
20.208984375 210
20.37109375 211
20.8466796875 212
20.84765625 213
21.220703125 214
21.25537109375 215
22.767578125 216
22.8623046875 217
22.876953125 218
22.96484375 219
22.986328125 220
23.38671875 221
23.4375 222
23.81494140625 223
24.451171875 224
25.8984375 225
26.134765625 226
27.12890625 227
27.3724365234375 228
27.740234375 229
27.771484375 230
28.15625 231
28.517822265625 232
28.607421875 233
29.6806640625 234
29.80859375 235
30.537109375 236
30.92431640625 237
30.974609375 238
31.095703125 239
31.1412353515625 240
31.783203125 241
31.866943359375 242
32.77899169921875 243
33.087890625 244
33.099609375 245
33.5087890625 246
34.7890625 247
34.998046875 248
37.02764892578125 249
37.47265625 250
38.107666015625 251
39.017578125 252
39.0546875 253
39.10546875 254
39.427734375 255
40.728759765625 256
41.7529296875 257
42.662109375 258
43.21484375 259
43.71044921875 260
44.19873046875 261
45.3359375 262
46.041015625 263
46.955322265625 264
47.8818359375 265
48.12890625 266
49.779296875 267
51.0849609375 268
52.220703125 269
52.533203125 270
52.732421875 271
53.1123046875 272
53.203125 273
53.50341796875 274
53.80859375 275
54.373046875 276
54.796875 277
55.232421875 278
55.40234375 279
56.548828125 280
57.69921875 281
60.248046875 282
61.42578125 283
63.0 284
63.22686767578125 285
63.328125 286
65.57421875 287
66.53466796875 288
66.775390625 289
67.28125 290
68.634765625 291
71.390625 292
74.2470703125 293
76.4033203125 294
76.73828125 295
78.2095947265625 296
79.8984375 297
80.216796875 298
81.25 299
81.2506103515625 300
82.0390625 301
83.125 302
84.08551025390625 303
85.6328125 304
85.763671875 305
90.9541015625 306
94.091796875 307
96.2216796875 308
100.06640625 309
103.728515625 310
104.3837890625 311
122.3203125 312
129.71142578125 313
147.72998046875 314
152.3895721435547 315
156.248046875 316
164.37890625 317
164.978515625 318
190.1015625 319
207.23046875 320
209.7294921875 321
221.697265625 322
228.625 323
230.2998046875 324
233.80419921875 325
254.357421875 326
279.1171875 327
283.375 328
