0.166015625 1
0.16796875 2
0.1727294921875 3
0.173828125 4
0.185546875 5
0.203125 6
0.553955078125 7
0.7490234375 8
0.939453125 9
0.958984375 10
0.96630859375 11
1.09375 12
1.24560546875 13
1.353515625 14
1.50439453125 15
1.59765625 16
1.68359375 17
1.72265625 18
1.73828125 19
1.7578125 20
1.8880615234375 21
1.98504638671875 22
2.1845703125 23
2.22265625 24
2.259765625 25
2.265625 26
2.384765625 27
2.716796875 28
2.728515625 29
2.732421875 30
2.75146484375 31
3.21875 32
3.482421875 33
3.6484375 34
3.693359375 35
3.69921875 36
3.744140625 37
3.797607421875 38
3.891845703125 39
3.923828125 40
4.28515625 41
4.31884765625 42
4.380859375 43
5.265625 44
5.689697265625 45
6.2578125 46
6.287109375 47
6.3203125 48
6.373046875 49
6.9921875 50
7.048828125 51
7.1875 52
7.26953125 53
7.37109375 54
7.802734375 55
7.841796875 56
7.982421875 57
8.212890625 58
8.25390625 59
8.498046875 60
8.94873046875 61
9.47265625 62
9.732421875 63
9.779296875 64
10.01953125 65
10.0452880859375 66
10.048828125 67
10.21337890625 68
10.251953125 69
10.37109375 70
10.5216064453125 71
10.740234375 72
10.76953125 73
10.791015625 74
10.8203125 75
11.220703125 76
11.65234375 77
11.7265625 78
11.79296875 79
11.845703125 80
11.849609375 81
12.095703125 82
12.6064453125 83
12.802734375 84
12.84423828125 85
13.2265625 86
13.38671875 87
13.60601806640625 88
13.765625 89
13.796875 90
13.798828125 91
13.905517578125 92
14.005859375 93
14.56640625 94
15.171875 95
16.06591796875 96
16.5849609375 97
16.7294921875 98
17.28515625 99
17.4921875 100
17.6669921875 101
17.701171875 102
17.736328125 103
17.75 104
17.75 105
17.84326171875 106
18.640625 107
20.37109375 108
20.8466796875 109
20.84765625 110
21.25537109375 111
22.8623046875 112
22.876953125 113
22.986328125 114
23.81494140625 115
27.12890625 116
27.771484375 117
28.517822265625 118
30.537109375 119
31.1412353515625 120
31.866943359375 121
34.7890625 122
34.998046875 123
38.107666015625 124
39.0546875 125
39.10546875 126
39.427734375 127
40.728759765625 128
43.71044921875 129
45.3359375 130
46.041015625 131
46.955322265625 132
52.220703125 133
52.533203125 134
52.732421875 135
53.1123046875 136
53.50341796875 137
54.373046875 138
54.796875 139
55.232421875 140
57.69921875 141
60.248046875 142
63.22686767578125 143
63.328125 144
65.57421875 145
66.53466796875 146
66.775390625 147
74.2470703125 148
76.4033203125 149
76.73828125 150
78.2095947265625 151
80.216796875 152
81.25 153
81.2506103515625 154
82.0390625 155
83.125 156
85.6328125 157
85.763671875 158
100.06640625 159
104.3837890625 160
122.3203125 161
129.71142578125 162
147.72998046875 163
156.248046875 164
164.37890625 165
207.23046875 166
209.7294921875 167
221.697265625 168
228.625 169
233.80419921875 170
254.357421875 171
283.375 172
