0.1953125 1
0.24609375 2
0.253173828125 3
0.265625 4
0.31640625 5
0.3203125 6
0.3701171875 7
0.38311767578125 8
0.396484375 9
0.43359375 10
0.44378662109375 11
0.482421875 12
0.55078125 13
0.57421875 14
0.68359375 15
0.685546875 16
0.794921875 17
0.8525390625 18
0.85888671875 19
0.8603515625 20
0.8720703125 21
0.880859375 22
0.880859375 23
0.9609375 24
0.97265625 25
1.10546875 26
1.1328125 27
1.208984375 28
1.236328125 29
1.474609375 30
1.516357421875 31
1.607421875 32
1.734375 33
1.740234375 34
2.087890625 35
2.2001953125 36
2.201171875 37
2.359375 38
2.486328125 39
2.76171875 40
2.986328125 41
2.9921875 42
3.216796875 43
3.2431640625 44
3.31640625 45
3.357421875 46
3.4189453125 47
3.48046875 48
3.7001953125 49
3.89453125 50
3.949594736099243 51
3.966796875 52
4.16015625 53
4.22607421875 54
4.619140625 55
4.666015625 56
4.720703125 57
4.853515625 58
4.888671875 59
5.1007080078125 60
5.369140625 61
5.669921875 62
5.7421875 63
5.744140625 64
5.845703125 65
6.2666015625 66
6.9287109375 67
7.296875 68
7.66796875 69
7.8046875 70
8.17626953125 71
8.2373046875 72
8.255859375 73
8.375 74
8.5 75
8.57421875 76
8.6513671875 77
8.7431640625 78
8.765625 79
9.61328125 80
9.689453125 81
9.884765625 82
10.7822265625 83
11.56640625 84
11.8369140625 85
12.09130859375 86
12.173828125 87
12.236328125 88
12.31201171875 89
13.533203125 90
13.609375 91
13.90625 92
14.544921875 93
15.5478515625 94
15.935546875 95
16.15625 96
16.607421875 97
17.0234375 98
17.71875 99
18.9580078125 100
19.3984375 101
20.1796875 102
20.208984375 103
21.220703125 104
22.767578125 105
22.96484375 106
23.38671875 107
23.4375 108
24.451171875 109
25.8984375 110
26.134765625 111
27.3724365234375 112
27.740234375 113
28.15625 114
28.607421875 115
29.6806640625 116
29.80859375 117
30.92431640625 118
30.974609375 119
31.095703125 120
31.783203125 121
32.77899169921875 122
33.087890625 123
33.099609375 124
33.5087890625 125
37.02764892578125 126
37.47265625 127
39.017578125 128
41.7529296875 129
42.662109375 130
43.21484375 131
44.19873046875 132
47.8818359375 133
48.12890625 134
49.779296875 135
51.0849609375 136
53.203125 137
53.80859375 138
55.40234375 139
56.548828125 140
61.42578125 141
63.0 142
67.28125 143
68.634765625 144
71.390625 145
79.8984375 146
84.08551025390625 147
90.9541015625 148
94.091796875 149
96.2216796875 150
103.728515625 151
152.3895721435547 152
164.978515625 153
190.1015625 154
230.2998046875 155
279.1171875 156
