1.00828 1
1.00841 2
1.01401 3
1.0145 4
1.02242 5
1.02737 6
1.03603 7
1.0402 8
1.08621 9
1.11129 10
1.73719 11
2.05285 12
2.11269 13
2.34118 14
2.40872 15
2.73573 16
2.76113 17
2.83022 18
3.06497 19
3.06567 20
3.14418 21
3.25607 22
3.35993 23
3.40566 24
3.48021 25
3.68595 26
4.01487 27
4.07125 28
4.11552 29
4.22165 30
4.23553 31
4.2588 32
4.27033 33
4.28053 34
5.04575 35
5.12253 36
5.46225 37
5.69958 38
6.06914 39
6.09257 40
6.15219 41
6.31083 42
6.57402 43
7.09382 44
7.18193 45
7.1974 46
8.13008 47
8.13472 48
8.14071 49
8.1574 50
8.16246 51
9.05524 52
9.18408 53
9.20044 54
9.52747 55
10.6085 56
11.1414 57
11.2039 58
11.2447 59
11.2524 60
11.3281 61
11.5184 62
12.0953 63
12.1783 64
12.2271 65
13.1064 66
13.1877 67
14.0861 68
14.092 69
14.2574 70
14.4459 71
14.4578 72
14.4933 73
15.0734 74
15.1651 75
15.4272 76
16.1229 77
16.579 78
17.2087 79
17.2671 80
17.3956 81
18.5824 82
19.4354 83
19.5416 84
20.1329 85
20.2068 86
20.5066 87
21.0396 88
21.3957 89
22.241 90
22.335 91
22.3833 92
23.2327 93
23.3993 94
23.7148 95
24.4213 96
25.236 97
25.4496 98
25.5072 99
25.8709 100
26.4279 101
27.8764 102
28.8165 103
29.4928 104
29.8135 105
29.993 106
30.5112 107
30.7071 108
32.4269 109
32.7699 110
33.3584 111
33.9246 112
34.3827 113
34.6738 114
36.6916 115
36.7166 116
36.7414 117
38.1743 118
38.4349 119
38.5435 120
38.5779 121
38.9898 122
39.0339 123
39.1973 124
39.2924 125
39.7082 126
40.3786 127
40.9489 128
43.1686 129
43.9356 130
45.1145 131
45.7662 132
47.0599 133
47.2483 134
48.8634 135
49.695 136
51.1471 137
51.3025 138
51.48 139
53.067 140
53.1224 141
53.3677 142
54.6598 143
57.7258 144
59.9718 145
60.5703 146
61.1271 147
62.3584 148
62.6621 149
63.1357 150
65.7216 151
66.0514 152
66.8965 153
67.8275 154
68.2329 155
68.7655 156
68.789 157
69.6649 158
69.9574 159
71.3887 160
72.8681 161
73.8562 162
78.8117 163
79.4329 164
80.5171 165
82.0625 166
82.3306 167
82.4807 168
85.8704 169
87.9342 170
91.9945 171
98.3831 172
98.6258 173
99.0933 174
101.04 175
101.245 176
102.091 177
103.087 178
103.419 179
104.076 180
104.536 181
104.685 182
108.963 183
111.122 184
112.77 185
125.508 186
134.656 187
137.925 188
138.214 189
139.477 190
140.449 191
142.424 192
143.054 193
144.316 194
147.706 195
148.833 196
152.334 197
152.517 198
155.715 199
156.602 200
157.557 201
160.311 202
162.105 203
162.106 204
165.163 205
166.473 206
167.145 207
170.407 208
172.233 209
172.418 210
176.635 211
183.227 212
183.724 213
184.025 214
193.29 215
200.471 216
200.734 217
202.122 218
205.155 219
209.275 220
210.44 221
218.915 222
222.006 223
222.956 224
233.302 225
236.347 226
248.484 227
251.852 228
253.44 229
259.079 230
264.872 231
265.465 232
266.792 233
270.102 234
273.324 235
277.531 236
282.739 237
283.814 238
284.682 239
289.158 240
295.376 241
297.133 242
298.093 243
298.784 244
