1.02242 1
1.02737 2
1.08621 3
1.11129 4
2.05285 5
2.11269 6
2.73573 7
2.76113 8
2.83022 9
3.06497 10
3.06567 11
3.25607 12
3.40566 13
3.68595 14
4.07125 15
4.11552 16
4.22165 17
4.27033 18
5.46225 19
5.69958 20
6.06914 21
6.15219 22
6.57402 23
7.18193 24
8.14071 25
8.16246 26
9.05524 27
9.18408 28
9.20044 29
9.52747 30
10.6085 31
11.2039 32
11.2447 33
11.3281 34
12.0953 35
12.2271 36
13.1877 37
14.0861 38
14.2574 39
14.4459 40
14.4578 41
14.4933 42
15.4272 43
20.1329 44
20.2068 45
22.335 46
22.3833 47
25.236 48
26.4279 49
29.4928 50
29.8135 51
40.3786 52
43.1686 53
45.1145 54
45.7662 55
47.2483 56
49.695 57
51.1471 58
57.7258 59
59.9718 60
60.5703 61
62.3584 62
62.6621 63
66.0514 64
67.8275 65
68.2329 66
68.789 67
69.6649 68
69.9574 69
71.3887 70
72.8681 71
73.8562 72
80.5171 73
82.4807 74
85.8704 75
87.9342 76
99.0933 77
101.245 78
137.925 79
138.214 80
143.054 81
147.706 82
148.833 83
152.517 84
155.715 85
156.602 86
157.557 87
160.311 88
162.105 89
162.106 90
166.473 91
170.407 92
176.635 93
183.227 94
183.724 95
200.734 96
202.122 97
205.155 98
210.44 99
218.915 100
233.302 101
273.324 102
277.531 103
283.814 104
289.158 105
