1.00828 1
1.00841 2
1.01401 3
1.0145 4
1.03603 5
1.0402 6
1.73719 7
2.34118 8
2.40872 9
3.14418 10
3.35993 11
3.48021 12
4.01487 13
4.23553 14
4.2588 15
4.28053 16
5.04575 17
5.12253 18
6.09257 19
6.31083 20
7.09382 21
7.1974 22
8.13008 23
8.13472 24
8.1574 25
11.1414 26
11.2524 27
11.5184 28
12.1783 29
13.1064 30
14.092 31
15.0734 32
15.1651 33
16.1229 34
16.579 35
17.2087 36
17.2671 37
17.3956 38
18.5824 39
19.4354 40
19.5416 41
20.5066 42
21.0396 43
21.3957 44
22.241 45
23.2327 46
23.3993 47
23.7148 48
24.4213 49
25.4496 50
25.5072 51
25.8709 52
27.8764 53
28.8165 54
29.993 55
30.5112 56
30.7071 57
32.4269 58
32.7699 59
33.3584 60
33.9246 61
34.3827 62
34.6738 63
36.6916 64
36.7166 65
36.7414 66
38.1743 67
38.4349 68
38.5435 69
38.5779 70
38.9898 71
39.0339 72
39.1973 73
39.2924 74
39.7082 75
40.9489 76
43.9356 77
47.0599 78
48.8634 79
51.3025 80
51.48 81
53.067 82
53.1224 83
53.3677 84
54.6598 85
61.1271 86
63.1357 87
65.7216 88
66.8965 89
68.7655 90
78.8117 91
79.4329 92
82.0625 93
82.3306 94
91.9945 95
98.3831 96
98.6258 97
101.04 98
102.091 99
103.087 100
103.419 101
104.076 102
104.536 103
104.685 104
108.963 105
111.122 106
112.77 107
125.508 108
134.656 109
139.477 110
140.449 111
142.424 112
144.316 113
152.334 114
165.163 115
167.145 116
172.233 117
172.418 118
184.025 119
193.29 120
200.471 121
209.275 122
222.006 123
222.956 124
236.347 125
248.484 126
251.852 127
253.44 128
259.079 129
264.872 130
265.465 131
266.792 132
270.102 133
282.739 134
284.682 135
295.376 136
297.133 137
298.093 138
298.784 139
