0.154296875 1
0.15716552734375 2
0.16796875 3
0.17138671875 4
0.177734375 5
0.189453125 6
0.1953125 7
0.22998046875 8
0.24951171875 9
0.376953125 10
0.3818359375 11
0.400390625 12
0.4453125 13
0.451171875 14
0.523681640625 15
0.53515625 16
0.537109375 17
0.54296875 18
0.6103515625 19
0.71484375 20
0.748046875 21
0.787109375 22
0.8046875 23
0.82861328125 24
0.845703125 25
0.8505859375 26
0.9423828125 27
0.943359375 28
0.96240234375 29
0.98583984375 30
0.98956298828125 31
1.0517578125 32
1.091796875 33
1.177734375 34
1.177734375 35
1.25390625 36
1.271484375 37
1.431640625 38
1.5146484375 39
1.54345703125 40
1.55224609375 41
1.58984375 42
1.62109375 43
1.6884765625 44
1.7269287109375 45
1.767578125 46
1.818359375 47
1.8302001953125 48
1.921875 49
1.974609375 50
2.1796875 51
2.1875 52
2.25958251953125 53
2.26171875 54
2.29931640625 55
2.36175537109375 56
2.396484375 57
2.48828125 58
2.55322265625 59
2.634765625 60
2.7236328125 61
2.7890625 62
2.828125 63
2.84765625 64
2.9541015625 65
2.96923828125 66
3.1500244140625 67
3.171875 68
3.228515625 69
3.2841796875 70
3.31005859375 71
3.39453125 72
3.5727405548095703 73
3.5859375 74
3.65234375 75
3.705078125 76
3.814453125 77
3.81640625 78
3.845703125 79
3.90234375 80
3.970703125 81
3.9794921875 82
4.080078125 83
4.1748046875 84
4.2041015625 85
4.6455078125 86
4.669921875 87
4.837890625 88
4.89453125 89
4.9716796875 90
5.12109375 91
5.142578125 92
5.22265625 93
5.3050537109375 94
5.3343505859375 95
5.3975830078125 96
5.478515625 97
5.74169921875 98
5.802734375 99
5.84326171875 100
5.84765625 101
5.865234375 102
6.0390625 103
6.0751953125 104
6.201171875 105
6.2216796875 106
6.423828125 107
6.4765625 108
6.69921875 109
6.94921875 110
7.0830078125 111
7.16796875 112
7.2275390625 113
7.291015625 114
7.3515625 115
7.46923828125 116
7.490234375 117
7.560546875 118
7.705078125 119
7.94921875 120
8.2265625 121
8.27734375 122
8.341796875 123
8.4619140625 124
8.509765625 125
8.513671875 126
8.69921875 127
8.78515625 128
8.8203125 129
8.8359375 130
8.921875 131
8.971435546875 132
9.095703125 133
9.515625 134
9.7734375 135
9.80859375 136
9.81640625 137
9.90869140625 138
10.00390625 139
10.1947021484375 140
10.26483154296875 141
10.654296875 142
10.662109375 143
10.90673828125 144
11.267578125 145
11.3095703125 146
11.4677734375 147
11.46875 148
11.740234375 149
11.7421875 150
11.763671875 151
11.857421875 152
11.99267578125 153
12.0634765625 154
12.09375 155
12.1171875 156
12.24609375 157
12.256591796875 158
12.28125 159
12.490234375 160
12.5931396484375 161
12.682861328125 162
13.1328125 163
13.3203125 164
13.54296875 165
13.7998046875 166
13.9404296875 167
13.947265625 168
14.84033203125 169
14.85546875 170
14.92822265625 171
14.9580078125 172
15.30859375 173
15.4189453125 174
15.65576171875 175
15.876953125 176
16.14453125 177
16.318359375 178
16.884765625 179
17.107421875 180
17.8203125 181
17.857421875 182
17.89404296875 183
18.59765625 184
18.61328125 185
18.677734375 186
19.30859375 187
19.32177734375 188
19.4453125 189
19.57421875 190
19.665771484375 191
19.791015625 192
20.001953125 193
20.380859375 194
20.412109375 195
20.6044921875 196
20.9619140625 197
21.105224609375 198
21.169921875 199
21.260498046875 200
21.4296875 201
21.485595703125 202
21.63671875 203
21.990234375 204
22.9453125 205
22.9521484375 206
23.009765625 207
23.21759033203125 208
23.66552734375 209
24.064453125 210
24.4169921875 211
24.77099609375 212
24.91796875 213
25.20703125 214
25.5595703125 215
25.66796875 216
25.798828125 217
27.1318359375 218
27.3935546875 219
27.7822265625 220
27.92578125 221
28.0625 222
28.32421875 223
28.489013671875 224
29.2421875 225
29.35107421875 226
29.88671875 227
30.560546875 228
30.71875 229
30.76171875 230
31.349609375 231
31.6552734375 232
31.67578125 233
31.91796875 234
32.259765625 235
32.615234375 236
34.3623046875 237
34.494140625 238
34.6318359375 239
35.59912109375 240
35.830078125 241
37.87109375 242
37.8798828125 243
38.338134765625 244
38.966796875 245
40.0 246
40.7392578125 247
41.0283203125 248
41.857421875 249
43.205078125 250
44.142578125 251
44.20703125 252
44.398681640625 253
44.48046875 254
45.931640625 255
48.1484375 256
48.21875 257
48.474609375 258
49.326171875 259
50.12109375 260
50.193359375 261
51.22314453125 262
55.244140625 263
55.349609375 264
55.677001953125 265
56.08984375 266
57.08984375 267
57.3740234375 268
57.4609375 269
58.24169921875 270
59.1103515625 271
59.1943359375 272
60.32421875 273
62.0498046875 274
62.21875 275
65.96685791015625 276
66.14892578125 277
67.8388671875 278
70.2578125 279
71.140625 280
72.5458984375 281
74.9946060180664 282
76.267578125 283
77.712890625 284
78.630859375 285
82.35546875 286
83.26171875 287
83.564453125 288
84.330078125 289
84.74609375 290
85.3095703125 291
88.25 292
88.8359375 293
90.197265625 294
91.1875 295
93.02569580078125 296
93.26904296875 297
95.626953125 298
97.59375 299
102.145263671875 300
102.2109375 301
104.35546875 302
110.703125 303
115.97265625 304
119.69482421875 305
120.359375 306
133.23828125 307
133.2578125 308
136.65234375 309
140.9375 310
150.78515625 311
164.67041015625 312
169.2724609375 313
171.0888671875 314
179.4677734375 315
199.50390625 316
214.916015625 317
233.56640625 318
235.73828125 319
241.0791015625 320
248.388427734375 321
289.416015625 322
