0.154296875 1
0.15716552734375 2
0.16796875 3
0.17138671875 4
0.177734375 5
0.189453125 6
0.523681640625 7
0.748046875 8
0.9423828125 9
0.943359375 10
0.98583984375 11
1.0517578125 12
1.25390625 13
1.5146484375 14
1.55224609375 15
1.62109375 16
1.6884765625 17
1.818359375 18
1.8302001953125 19
1.921875 20
2.1796875 21
2.1875 22
2.25958251953125 23
2.26171875 24
2.396484375 25
2.7236328125 26
2.84765625 27
2.96923828125 28
3.171875 29
3.228515625 30
3.705078125 31
3.814453125 32
3.81640625 33
3.90234375 34
3.970703125 35
4.1748046875 36
4.6455078125 37
4.669921875 38
4.89453125 39
4.9716796875 40
5.12109375 41
5.142578125 42
5.22265625 43
5.3050537109375 44
5.3343505859375 45
5.74169921875 46
5.84326171875 47
6.0751953125 48
6.201171875 49
6.2216796875 50
6.4765625 51
6.94921875 52
7.0830078125 53
7.2275390625 54
7.291015625 55
7.46923828125 56
7.490234375 57
7.705078125 58
7.94921875 59
8.27734375 60
8.341796875 61
8.4619140625 62
8.509765625 63
8.69921875 64
8.78515625 65
8.8203125 66
8.8359375 67
8.971435546875 68
9.7734375 69
9.80859375 70
10.654296875 71
10.90673828125 72
11.3095703125 73
11.4677734375 74
11.7421875 75
11.763671875 76
11.857421875 77
11.99267578125 78
12.0634765625 79
12.24609375 80
12.256591796875 81
12.28125 82
12.490234375 83
12.5931396484375 84
12.682861328125 85
13.54296875 86
13.7998046875 87
13.947265625 88
14.92822265625 89
15.30859375 90
15.4189453125 91
15.65576171875 92
15.876953125 93
16.14453125 94
16.318359375 95
17.8203125 96
19.30859375 97
19.57421875 98
19.665771484375 99
20.380859375 100
20.412109375 101
20.6044921875 102
21.260498046875 103
21.4296875 104
21.485595703125 105
21.63671875 106
21.990234375 107
23.009765625 108
23.66552734375 109
24.4169921875 110
25.20703125 111
25.5595703125 112
27.7822265625 113
27.92578125 114
28.32421875 115
30.76171875 116
31.349609375 117
32.259765625 118
37.8798828125 119
38.338134765625 120
40.7392578125 121
43.205078125 122
44.142578125 123
44.20703125 124
44.398681640625 125
48.21875 126
48.474609375 127
50.193359375 128
55.244140625 129
55.349609375 130
56.08984375 131
57.08984375 132
58.24169921875 133
59.1943359375 134
62.0498046875 135
62.21875 136
65.96685791015625 137
66.14892578125 138
67.8388671875 139
71.140625 140
76.267578125 141
84.74609375 142
85.3095703125 143
88.25 144
88.8359375 145
91.1875 146
93.26904296875 147
95.626953125 148
97.59375 149
102.145263671875 150
102.2109375 151
110.703125 152
115.97265625 153
119.69482421875 154
120.359375 155
133.2578125 156
136.65234375 157
150.78515625 158
164.67041015625 159
214.916015625 160
233.56640625 161
235.73828125 162
241.0791015625 163
248.388427734375 164
289.416015625 165
