0.1900634765625 1
0.19482421875 2
0.23046875 3
0.248046875 4
0.25537109375 5
0.26806640625 6
0.2763671875 7
0.277587890625 8
0.27783203125 9
0.2880859375 10
0.310546875 11
0.3271484375 12
0.3271484375 13
0.3291015625 14
0.340087890625 15
0.34765625 16
0.38330078125 17
0.41845703125 18
0.46630859375 19
0.52197265625 20
0.526611328125 21
0.59375 22
0.610107421875 23
0.622314453125 24
0.6650390625 25
0.768798828125 26
0.779052734375 27
0.7969970703125 28
0.80078125 29
0.810302734375 30
0.83203125 31
0.9101520776748657 32
0.915771484375 33
0.9443359375 34
0.976806640625 35
1.0439453125 36
1.08837890625 37
1.0966796875 38
1.137939453125 39
1.169921875 40
1.2216796875 41
1.2373046875 42
1.3409423828125 43
1.39453125 44
1.50048828125 45
1.5263671875 46
1.6484375 47
1.6650390625 48
1.677734375 49
1.734375 50
1.7548828125 51
1.76025390625 52
1.7734375 53
1.7783203125 54
1.80126953125 55
1.80859375 56
1.8173828125 57
1.897216796875 58
2.01171875 59
2.064453125 60
2.20703125 61
2.2431640625 62
2.2867431640625 63
2.296875 64
2.32958984375 65
2.354248046875 66
2.3798828125 67
2.4736328125 68
2.4959716796875 69
2.588134765625 70
2.6162109375 71
2.642578125 72
2.65185546875 73
2.66015625 74
2.715576171875 75
2.7587890625 76
2.7724609375 77
2.857421875 78
2.866607666015625 79
2.974609375 80
3.04345703125 81
3.04974365234375 82
3.072998046875 83
3.1484375 84
3.16357421875 85
3.16357421875 86
3.293701171875 87
3.5888671875 88
3.6932449340820313 89
3.84716796875 90
3.84765625 91
3.869873046875 92
3.938232421875 93
3.974609375 94
4.01904296875 95
4.123046875 96
4.1474609375 97
4.39794921875 98
4.55078125 99
4.5992431640625 100
4.62255859375 101
4.6728515625 102
4.715576171875 103
4.7646484375 104
4.775390625 105
4.93408203125 106
5.197265625 107
5.330078125 108
5.40234375 109
5.536376953125 110
5.6171875 111
5.68505859375 112
5.781005859375 113
5.833984375 114
5.88427734375 115
5.89208984375 116
5.99609375 117
5.9990234375 118
6.03076171875 119
6.0908203125 120
6.0986328125 121
6.234375 122
6.2646484375 123
6.2685546875 124
6.5458984375 125
6.61865234375 126
6.66796875 127
6.681640625 128
6.794921875 129
6.79931640625 130
7.0009765625 131
7.03271484375 132
7.1171875 133
7.140625 134
7.2705078125 135
7.29296875 136
7.30078125 137
7.50537109375 138
7.5908203125 139
7.8466796875 140
8.080078125 141
8.138671875 142
8.166015625 143
8.40283203125 144
8.5107421875 145
8.6513671875 146
8.9296875 147
9.2275390625 148
9.369873046875 149
9.37646484375 150
9.568359375 151
9.767578125 152
9.978515625 153
10.1259765625 154
10.54052734375 155
10.931640625 156
11.37890625 157
11.421875 158
11.443359375 159
11.49609375 160
11.5078125 161
11.576416015625 162
11.81396484375 163
11.8740234375 164
11.8955078125 165
12.119140625 166
12.2412109375 167
12.7384033203125 168
12.78271484375 169
13.015625 170
13.3076171875 171
13.61865234375 172
13.6767578125 173
13.7919921875 174
13.88623046875 175
14.1455078125 176
14.23040771484375 177
14.25244140625 178
14.2996826171875 179
14.311767578125 180
14.3486328125 181
14.58056640625 182
15.0322265625 183
15.2958984375 184
15.43212890625 185
15.705078125 186
16.072265625 187
16.3310546875 188
16.75 189
16.875 190
17.2421875 191
17.38818359375 192
17.72265625 193
17.75048828125 194
18.15087890625 195
18.373046875 196
18.4501953125 197
18.60888671875 198
19.086181640625 199
19.233642578125 200
19.258056640625 201
19.2900390625 202
19.37646484375 203
19.44921875 204
20.073486328125 205
20.60546875 206
20.7822265625 207
20.828125 208
21.1416015625 209
21.3017578125 210
21.3662109375 211
22.2890625 212
22.58984375 213
22.88671875 214
23.2724609375 215
23.306640625 216
23.4681396484375 217
24.1640625 218
24.802734375 219
24.836181640625 220
24.904296875 221
25.7763671875 222
26.673828125 223
27.0595703125 224
27.148681640625 225
27.20361328125 226
27.4892578125 227
27.5966796875 228
27.827362060546875 229
27.9451904296875 230
28.63720703125 231
28.7431640625 232
28.7548828125 233
28.820068359375 234
28.9443359375 235
29.103515625 236
29.1044921875 237
29.11181640625 238
29.69921875 239
30.38037109375 240
30.5946044921875 241
32.4130859375 242
32.49560546875 243
32.87060546875 244
33.501953125 245
33.7662353515625 246
33.818603515625 247
34.2685546875 248
34.2939453125 249
35.1337890625 250
35.1767578125 251
35.2275390625 252
35.82568359375 253
35.93115234375 254
37.5673828125 255
37.8134765625 256
39.470947265625 257
39.6767578125 258
40.37646484375 259
41.195556640625 260
41.408203125 261
42.24267578125 262
42.4638671875 263
43.35888671875 264
43.83935546875 265
45.2333984375 266
45.427734375 267
45.9189453125 268
47.421875 269
47.4375 270
47.701171875 271
48.8916015625 272
48.99072265625 273
49.040283203125 274
49.8896484375 275
51.6826171875 276
52.91796875 277
52.99267578125 278
54.13525390625 279
54.7161865234375 280
54.76708984375 281
56.0771484375 282
57.32421875 283
58.865478515625 284
60.7822265625 285
61.0152587890625 286
62.77880859375 287
63.779296875 288
64.51171875 289
65.3271484375 290
66.2119140625 291
66.9869384765625 292
67.08740234375 293
67.1337890625 294
67.768798828125 295
68.37764739990234 296
69.779296875 297
71.2119140625 298
71.9609375 299
73.5986328125 300
77.03466796875 301
78.742919921875 302
80.1044921875 303
82.6591796875 304
87.2518310546875 305
90.36376953125 306
90.46142578125 307
92.3466796875 308
94.9150390625 309
98.806640625 310
99.281494140625 311
99.890625 312
105.79296875 313
106.507080078125 314
114.8427734375 315
121.90625 316
128.6044921875 317
134.2900390625 318
136.5498046875 319
139.330078125 320
141.7978515625 321
148.23046875 322
159.505615234375 323
175.0712890625 324
219.072509765625 325
222.27978515625 326
241.236328125 327
243.63671875 328
252.36224365234375 329
252.8642578125 330
283.2294921875 331
