0.19482421875 1
0.248046875 2
0.25537109375 3
0.26806640625 4
0.27783203125 5
0.340087890625 6
0.38330078125 7
0.59375 8
0.768798828125 9
1.39453125 10
1.50048828125 11
1.7548828125 12
1.76025390625 13
1.7734375 14
1.7783203125 15
1.80126953125 16
1.80859375 17
1.8173828125 18
1.897216796875 19
2.01171875 20
2.296875 21
2.7587890625 22
2.7724609375 23
3.5888671875 24
3.6932449340820313 25
3.84716796875 26
4.1474609375 27
4.55078125 28
4.5992431640625 29
4.715576171875 30
4.7646484375 31
5.88427734375 32
5.89208984375 33
5.99609375 34
6.03076171875 35
6.2646484375 36
6.61865234375 37
6.794921875 38
7.0009765625 39
7.03271484375 40
7.50537109375 41
7.8466796875 42
8.138671875 43
8.166015625 44
8.40283203125 45
9.369873046875 46
9.37646484375 47
9.568359375 48
9.767578125 49
9.978515625 50
10.931640625 51
11.421875 52
11.49609375 53
11.5078125 54
11.81396484375 55
11.8740234375 56
11.8955078125 57
12.78271484375 58
13.61865234375 59
13.6767578125 60
13.7919921875 61
13.88623046875 62
14.1455078125 63
14.25244140625 64
14.311767578125 65
14.58056640625 66
15.0322265625 67
15.2958984375 68
15.43212890625 69
15.705078125 70
16.072265625 71
16.3310546875 72
16.75 73
16.875 74
17.2421875 75
17.75048828125 76
18.15087890625 77
18.373046875 78
18.4501953125 79
18.60888671875 80
19.086181640625 81
19.233642578125 82
19.2900390625 83
19.37646484375 84
20.073486328125 85
21.1416015625 86
21.3017578125 87
21.3662109375 88
22.2890625 89
22.88671875 90
23.306640625 91
23.4681396484375 92
24.1640625 93
24.802734375 94
24.904296875 95
25.7763671875 96
27.0595703125 97
27.148681640625 98
27.827362060546875 99
27.9451904296875 100
28.7431640625 101
28.9443359375 102
29.103515625 103
29.11181640625 104
29.69921875 105
30.38037109375 106
32.87060546875 107
33.7662353515625 108
33.818603515625 109
34.2685546875 110
34.2939453125 111
35.93115234375 112
37.8134765625 113
39.6767578125 114
40.37646484375 115
41.408203125 116
43.35888671875 117
43.83935546875 118
45.2333984375 119
45.427734375 120
47.421875 121
47.4375 122
47.701171875 123
48.8916015625 124
48.99072265625 125
49.040283203125 126
49.8896484375 127
51.6826171875 128
52.91796875 129
54.7161865234375 130
54.76708984375 131
56.0771484375 132
57.32421875 133
58.865478515625 134
60.7822265625 135
61.0152587890625 136
62.77880859375 137
63.779296875 138
64.51171875 139
65.3271484375 140
67.08740234375 141
67.1337890625 142
67.768798828125 143
68.37764739990234 144
71.2119140625 145
71.9609375 146
73.5986328125 147
77.03466796875 148
78.742919921875 149
80.1044921875 150
82.6591796875 151
87.2518310546875 152
90.46142578125 153
92.3466796875 154
94.9150390625 155
98.806640625 156
99.281494140625 157
99.890625 158
105.79296875 159
121.90625 160
128.6044921875 161
134.2900390625 162
141.7978515625 163
148.23046875 164
159.505615234375 165
175.0712890625 166
241.236328125 167
252.36224365234375 168
252.8642578125 169
283.2294921875 170
