0.1900634765625 1
0.23046875 2
0.2763671875 3
0.277587890625 4
0.2880859375 5
0.310546875 6
0.3271484375 7
0.3271484375 8
0.3291015625 9
0.34765625 10
0.41845703125 11
0.46630859375 12
0.52197265625 13
0.526611328125 14
0.610107421875 15
0.622314453125 16
0.6650390625 17
0.779052734375 18
0.7969970703125 19
0.80078125 20
0.810302734375 21
0.83203125 22
0.9101520776748657 23
0.915771484375 24
0.9443359375 25
0.976806640625 26
1.0439453125 27
1.08837890625 28
1.0966796875 29
1.137939453125 30
1.169921875 31
1.2216796875 32
1.2373046875 33
1.3409423828125 34
1.5263671875 35
1.6484375 36
1.6650390625 37
1.677734375 38
1.734375 39
2.064453125 40
2.20703125 41
2.2431640625 42
2.2867431640625 43
2.32958984375 44
2.354248046875 45
2.3798828125 46
2.4736328125 47
2.4959716796875 48
2.588134765625 49
2.6162109375 50
2.642578125 51
2.65185546875 52
2.66015625 53
2.715576171875 54
2.857421875 55
2.866607666015625 56
2.974609375 57
3.04345703125 58
3.04974365234375 59
3.072998046875 60
3.1484375 61
3.16357421875 62
3.16357421875 63
3.293701171875 64
3.84765625 65
3.869873046875 66
3.938232421875 67
3.974609375 68
4.01904296875 69
4.123046875 70
4.39794921875 71
4.62255859375 72
4.6728515625 73
4.775390625 74
4.93408203125 75
5.197265625 76
5.330078125 77
5.40234375 78
5.536376953125 79
5.6171875 80
5.68505859375 81
5.781005859375 82
5.833984375 83
5.9990234375 84
6.0908203125 85
6.0986328125 86
6.234375 87
6.2685546875 88
6.5458984375 89
6.66796875 90
6.681640625 91
6.79931640625 92
7.1171875 93
7.140625 94
7.2705078125 95
7.29296875 96
7.30078125 97
7.5908203125 98
8.080078125 99
8.5107421875 100
8.6513671875 101
8.9296875 102
9.2275390625 103
10.1259765625 104
10.54052734375 105
11.37890625 106
11.443359375 107
11.576416015625 108
12.119140625 109
12.2412109375 110
12.7384033203125 111
13.015625 112
13.3076171875 113
14.23040771484375 114
14.2996826171875 115
14.3486328125 116
17.38818359375 117
17.72265625 118
19.258056640625 119
19.44921875 120
20.60546875 121
20.7822265625 122
20.828125 123
22.58984375 124
23.2724609375 125
24.836181640625 126
26.673828125 127
27.20361328125 128
27.4892578125 129
27.5966796875 130
28.63720703125 131
28.7548828125 132
28.820068359375 133
29.1044921875 134
30.5946044921875 135
32.4130859375 136
32.49560546875 137
33.501953125 138
35.1337890625 139
35.1767578125 140
35.2275390625 141
35.82568359375 142
37.5673828125 143
39.470947265625 144
41.195556640625 145
42.24267578125 146
42.4638671875 147
45.9189453125 148
52.99267578125 149
54.13525390625 150
66.2119140625 151
66.9869384765625 152
69.779296875 153
90.36376953125 154
106.507080078125 155
114.8427734375 156
136.5498046875 157
139.330078125 158
219.072509765625 159
222.27978515625 160
243.63671875 161
