1 176.166
2 176.161
3 176.075
4 176
5 164.636
6 175.842
7 176
8 178.281
9 176.494
10 175.624
11 176.038
12 176.254
13 176.051
14 175.863
15 176.175
16 171.732
17 176.925
18 176.55
19 173.925
20 176.291
21 176.401
22 175.939
23 176
24 176.001
25 176.396
26 175.93
27 176.184
28 177.34
29 176.289
30 175.961
31 176.085
32 175.988
33 176.176
34 176
35 176.053
36 176.15
37 175.252
38 178.008
39 175.89
40 176.417
41 176.501
42 175.986
43 177.283
44 175.969
45 176.371
46 175.74
47 176.02
48 175.996
49 176.359
50 176.096
51 176.756
52 176.239
53 176.71
54 176.634
55 176.009
56 176.393
57 176.244
58 177.043
59 179.482
60 175.884
61 176.525
62 176.035
63 176.299
64 176.638
65 176.085
66 177.668
67 167.071
68 177.126
69 177.236
70 177.499
71 176.609
72 176.067
73 176.136
74 176.052
75 176.238
76 176.172
77 176.134
78 176.086
79 176
80 176
81 178.215
82 176.095
83 176.577
84 176.058
85 163.195
86 175.752
87 175.944
88 176.103
89 176.211
90 175.802
91 176.001
92 176.005
93 176.014
94 176
95 176.212
96 127.23
97 176.163
98 177.087
99 175.694
100 175.993
101 176.8
102 175.934
103 175.947
104 176.257
105 176.001
106 176.092
107 176.056
108 175.986
109 176.302
110 175.947
111 176.272
112 175.989
113 176.013
114 175.976
115 176.003
116 176.115
117 171.1
118 176.049
119 180.707
120 176.003
121 176.683
122 175.993
123 175.984
124 175.983
125 177.494
126 183.182
127 176.282
128 175.986
129 176.163
130 175.949
131 176.342
132 176.106
133 176.788
134 176.654
135 175.988
136 176.819
137 176.198
138 176.051
139 176.945
140 176.104
141 176.078
142 176.145
143 176.88
144 176.238
145 179.771
146 176.126
147 152.136
148 177.912
149 177.053
150 175.973
151 176.616
152 177.579
153 177.456
154 175.978
155 176.229
156 175.969
157 176.316
158 176.178
159 175.872
160 175.992
161 176.117
162 178.837
100001 87.1569
100002 87.1814
100003 88.5325
100004 86.9629
100005 93.8792
100006 87.1168
100007 87.1323
100008 87.256
100009 78.5686
100010 87.0084
100011 87.0675
100012 87.0313
100013 85.4074
100014 87.0296
100015 88.9917
100016 87.1533
100017 90.2876
100018 87.0585
100019 87.3325
100020 87
100021 87.2516
100022 91.518
100023 87.0017
100024 86.9792
100025 87.0386
100026 85.6769
100027 87.0435
100028 87.2472
100029 87.0007
100030 88.0694
100031 86.962
100032 87.0415
100033 86.9941
100034 87.584
100035 86.9972
100036 87.3152
100037 87.0173
100038 87.6703
100039 87
100040 87.1274
100041 87.1646
100042 86.9975
100043 87.9481
100044 87.2449
100045 86.9899
100046 87.0233
100047 86.9706
100048 86.9951
100049 87.3891
100050 87.7664
100051 88.7543
100052 87.0161
100053 87
100054 87.0018
100055 87.3268
100056 86.9844
100057 87.0773
100058 87.3803
100059 87.9653
100060 87.1524
100061 87.831
100062 87.7988
100063 87.0657
100064 87.093
100065 86.9704
100066 87.1668
100067 87.1097
100068 86.9946
100069 88.9492
100070 87.1554
100071 86.972
100072 87.156
100073 86.9998
100074 86.9872
100075 87.0704
100076 87.1694
100077 86.9985
100078 86.9769
100079 87.0069
100080 87.2319
100081 87.0767
100082 88.1595
100083 89.3595
100084 87.0275
100085 87.0091
100086 87.183
100087 87.1429
100088 87.053
100089 76.68
100090 86.9229
100091 87.3628
100092 87.0173
100093 86.0851
100094 87.2994
100095 89.3761
100096 87.732
100097 87.1052
100098 87.1798
100099 87.247
100100 85.6295
100101 87.3325
100102 87
100103 87
100104 87.2094
100105 87.4914
100106 85.7164
100107 87.0835
100108 87.9993
100109 86.9972
100110 87.1598
100111 87.0471
100112 87.19
100113 87
100114 87.003
100115 87.0038
100116 87.1424
100117 87.024
100118 87.0229
100119 86.9739
100120 87.3654
100121 87.7633
100122 87.2537
100123 87.0901
100124 87.0178
100125 87.4798
100126 87.6263
100127 86.8477
100128 87.416
100129 88.4732
100130 87.0303
100131 87.3035
100132 86.9996
100133 86.8709
100134 87.0852
100135 87.287
100136 86.9935
100137 86.9895
100138 87.6498
100139 87.2051
100140 87.3047
100141 86.9945
100142 87.0322
100143 88.8023
100144 89.7389
100145 87
100146 87.0018
100147 88.2038
100148 87
100149 87.1925
100150 86.9596
100151 86.9421
100152 87.2631
100153 87.0825
100154 86.9877
100155 87.1524
100156 87.042
100157 86.997
200001 52.0801
200002 52.1694
200003 52.0809
200004 52
200005 53.877
200006 52.08
200007 52.0966
200008 53.1831
200009 52.0012
200010 52.0024
200011 52.3672
200012 52.0511
200013 52.6582
200014 52.1383
200015 52.0015
200016 52
200017 52.0053
200018 53.2034
200019 52.075
200020 52.0523
200021 52.5138
200022 51.8791
200023 51.9877
200024 51.9964
200025 51.9997
200026 52.1924
200027 52.5886
200028 52.1454
200029 52.4279
200030 52.0306
200031 52.0952
200032 52.179
200033 52.1848
200034 52
200035 52.0966
200036 52.0564
200037 52.0693
200038 52.5512
200039 52.9751
200040 52.0626
200041 52.036
200042 52
200043 52.2915
200044 52.1866
200045 54.4837
200046 51.2609
200047 52.1008
200048 52.6128
200049 52.0366
200050 52.0026
200051 53.0614
200052 52.1065
200053 52.0298
200054 52.3031
200055 44.7143
200056 52.1101
200057 51.9965
200058 51.7976
200059 52.0475
200060 51.9967
200061 52.0456
200062 52.1531
200063 45.5631
200064 52.0672
200065 56.0061
200066 52.0962
200067 52.0072
200068 52.0082
200069 51.9826
200070 52
200071 52.0836
200072 52.0594
200073 52.0257
200074 52.7587
200075 52.0481
200076 52.0203
200077 51.9969
200078 51.9988
200079 51.9585
200080 51.9837
200081 53.985
200082 52.1257
200083 52
200084 51.9885
200085 52.0997
200086 52.3659
200087 52.1814
200088 51.9989
200089 52.2934
200090 52.3039
200091 53.2298
200092 52.1036
200093 52.1625
200094 51.9991
200095 51.9853
200096 58.0719
200097 51.9961
200098 52.0511
200099 52.186
200100 52.0583
200101 52.2649
200102 51.9427
200103 51.9262
200104 51.9909
200105 52.081
200106 52.2193
200107 51.9798
200108 52.0436
200109 52.2556
200110 52.0232
200111 52.258
200112 52.0505
200113 52.0665
200114 52.02
200115 52.0826
200116 52.4205
200117 52.1648
200118 52.0135
200119 52.2407
200120 52.0031
200121 52.0424
200122 52
200123 53.031
200124 52.081
200125 52.6696
200126 50.6027
200127 52.2573
200128 52.0009
200129 52.9456
200130 51.9818
200131 52.2035
200132 52.0693
200133 53.0254
200134 52.4716
200135 47.2923
200136 52.5069
200137 51.9964
200138 52
200139 52.0109
200140 52.058
200141 51.9987
200142 52.6696
200143 50.0935
200144 52.1005
200145 52.0477
200146 52
200147 52.0294
200148 52.0769
200149 51.9713
200150 51.9858
200151 52.0264
200152 53.0682
300001 35.3774
300002 35.0427
300003 35
300004 35.479
300005 35.7302
300006 35.0218
300007 35.0731
300008 35.2474
300009 35.2311
300010 35.017
300011 35.1539
300012 34.9458
300013 35.7882
300014 35.0402
300015 34.9986
300016 35.6583
300017 35.0203
300018 35
300019 35.1264
300020 34.9989
300021 35.1178
300022 36.547
300023 34.9888
300024 35.0981
300025 35.0593
300026 35.1205
300027 35.1026
300028 34.4035
300029 34.991
300030 34.9989
300031 35.2381
300032 35.1458
300033 35.049
300034 35.0304
300035 34.999
300036 35.506
300037 35.0476
300038 35.0324
300039 34.9968
300040 35.1879
300041 35.6183
300042 35.0934
300043 35.0363
300044 34.9987
300045 35.0607
300046 35.0072
300047 34.9993
300048 35.0446
300049 35.0095
300050 36.6406
300051 35.2338
300052 34.9676
300053 34.6667
300054 35.4768
300055 34.9523
300056 35.103
300057 34.9981
300058 35.0825
300059 35.0046
300060 34.9955
300061 35.0455
300062 35.6754
300063 34.9893
300064 35.0405
300065 35.0265
300066 35.0157
300067 35.1301
300068 31.2813
300069 34.9994
300070 35.4347
300071 34.7434
300072 35
300073 35
300074 35.1918
300075 37.0284
300076 34.9856
300077 35
300078 35.9524
300079 35.0429
300080 35.0283
300081 35.0458
300082 35.1279
300083 35.0355
300084 35.2157
300085 35.1598
300086 35.0006
300087 35.811
300088 35.0149
300089 35.2791
300090 35.0389
300091 35.1003
300092 34.9512
300093 35.0797
300094 35.1261
300095 35.0227
300096 35.1476
300097 35.2704
300098 34.9983
300099 35.0355
300100 35
300101 35.192
300102 35.038
300103 34.9873
300104 35.0245
300105 35.0436
300106 35.3612
300107 35.0014
300108 35
300109 34.9318
300110 35.3745
300111 35.4922
300112 35.0407
300113 35.0128
300114 35.1502
300115 35.0177
300116 35.8166
300117 35.0716
300118 35.0124
300119 35.1921
300120 35.0117
300121 35.5017
300122 34.9763
300123 35.3229
300124 35
300125 35.2565
300126 35.0248
300127 35
300128 35.0338
300129 35.3286
300130 35.2503
300131 35.4212
300132 34.9886
300133 32.2245
300134 35.0004
300135 34.7486
300136 35.0158
300137 35
300138 35.0518
300139 35
300140 35
300141 35.0604
300142 35.4308
400001 17.0056
400002 17.19
400003 17.2836
400004 17.3084
400005 17.0231
400006 16.9964
400007 17.054
400008 17.1153
400009 17.0319
400010 16.9941
400011 17.0039
400012 17.0787
400013 17.3881
400014 17.1581
400015 17.0082
400016 17.0105
400017 17.0971
400018 17.0492
400019 17.198
400020 17.0076
400021 16.9901
400022 17.0073
400023 17.0828
400024 17.0155
400025 17.0501
400026 15.7451
400027 17.0712
400028 17.155
400029 17.0363
400030 17.192
400031 16.9995
400032 16.8779
400033 17.0087
400034 17.7936
400035 17.0089
400036 17.0218
400037 17.0008
400038 17.0317
400039 16.9966
400040 16.3962
400041 17.0665
400042 17.0002
400043 17.1047
400044 17.006
400045 17.7209
400046 17.0946
400047 17.0093
400048 17
400049 17
400050 17.0025
400051 16.9921
400052 17.3332
400053 17.0055
400054 17.152
400055 17.0713
400056 17.0606
400057 17.0131
400058 17
400059 17.4283
400060 17.0257
400061 17.0031
400062 17.0125
400063 17.0059
400064 17.2388
400065 17.0161
400066 17.227
400067 17.4549
400068 17.0166
400069 17
400070 17.0504
400071 16.9997
400072 17.0323
400073 17.1216
400074 16.9988
400075 16.9838
400076 17.019
400077 17.0014
400078 17.1305
400079 17.0819
400080 16.5224
400081 17.3902
400082 17.1368
400083 17.019
400084 17.0453
400085 17.0079
400086 16.99
400087 17.063
400088 17.0707
400089 17.0122
400090 16.9945
400091 17.1319
400092 17.129
400093 17.0573
400094 17.0364
400095 17.0008
400096 17.0222
400097 17.0143
400098 17.1825
400099 17.0748
400100 17.0434
400101 16.9885
400102 17.0002
400103 17.0385
400104 17.0005
400105 17.3205
400106 17
400107 17.0581
400108 17.0149
400109 17.0713
400110 17.3295
400111 16.9949
400112 17
400113 17.0041
400114 17.0012
400115 16.9994
400116 16.9899
400117 17.4304
400118 17.9006
400119 16.9306
400120 17
400121 17.0641
400122 17.0143
400123 17.0076
400124 17.5147
400125 17.2505
400126 17.0331
400127 17.2006
400128 16.9985
400129 17.0891
400130 17.0239
400131 17
400132 17.012
400133 17.0074
400134 17.0233
400135 17.0508
400136 17.0068
400137 17.518
500001 8.01562
500002 8.83186
500003 7.99774
500004 8.01018
500005 8.1677
500006 8.93394
500007 8.01645
500008 8.03974
500009 8.06753
500010 8.02643
500011 7.99841
500012 8.02434
500013 8.40883
500014 8.10568
500015 8.03656
500016 7.99567
500017 8.07346
500018 8.03838
500019 8.02543
500020 8.0002
500021 7.89394
500022 8.00375
500023 7.99809
500024 8.1224
500025 8.00183
500026 8.01463
500027 8.03631
500028 8
500029 8.0234
500030 8.02808
500031 8.05134
500032 8.03963
500033 8.04762
500034 8.15631
500035 8.04408
500036 8.00181
500037 7.99823
500038 8.0291
500039 7.99966
500040 8.12317
500041 8.00064
500042 7.99954
500043 8.10688
500044 8.1541
500045 7.99968
500046 8.03887
500047 8.00394
500048 8.52764
500049 8.07701
500050 7.63793
500051 8.00332
500052 8.11715
500053 8.03825
500054 7.99734
500055 8.01072
500056 8.02148
500057 8.16902
500058 8.03038
500059 8.00415
500060 8.00353
500061 8.14037
500062 7.97143
500063 8.00991
500064 7.8
500065 8.11845
500066 8.22806
500067 8.02252
500068 8.00394
500069 8.01137
500070 8.01005
500071 8.00514
500072 8.07655
500073 8.06548
500074 8.20031
500075 8.06875
500076 8.02538
500077 8
500078 7.99991
500079 7.99942
500080 8
500081 8.04851
500082 7.99966
500083 8
500084 8.03082
500085 8.04432
500086 8.01039
500087 8.09359
500088 8.01137
500089 8.04206
500090 8.00748
500091 7.99915
500092 8.01736
500093 8.0018
500094 8.11075
500095 8.00119
500096 7.9955
500097 8.04578
500098 8.01229
500099 8.0102
500100 8.0497
500101 8
500102 8.03744
500103 7.99866
500104 8.16756
500105 8.00081
500106 8.03773
500107 8.04423
500108 7.99981
500109 8
500110 8.04223
500111 8.21257
500112 7.9996
500113 8.03748
500114 8
500115 8.19964
500116 8
500117 8
500118 8.10389
500119 8
500120 8.00783
500121 8.00659
500122 8
500123 8.03372
500124 8.01482
500125 8.07504
500126 8.0055
500127 8.18681
600001 5.07425
600002 5.05718
600003 5.00163
600004 5.0718
600005 5
600006 5.33987
600007 4.9997
600008 5.00592
600009 5.01865
600010 5.02447
600011 5.00878
600012 5.01224
600013 5.34674
600014 5.05153
600015 5.00076
600016 5
600017 5.09569
600018 5.00538
600019 5.02117
600020 4.99939
600021 4.99868
600022 5.01271
600023 5.21939
600024 5.01047
600025 5.01105
600026 5.01856
600027 5.00017
600028 5.00617
600029 5.02162
600030 5.02375
600031 5.0093
600032 5.01473
600033 5.03594
600034 5.00254
600035 4.93939
600036 4.99993
600037 4.99821
600038 4.99993
600039 5.03042
600040 5.0836
600041 5.00134
600042 5.0014
600043 4.99996
600044 4.99965
600045 5.10768
600046 5.0051
600047 5.05754
600048 5.00253
600049 4.98462
600050 5.03779
600051 5.00641
600052 5.00323
600053 5.09514
600054 4.99821
600055 5.01379
600056 5.00191
600057 5.00235
600058 5.04657
600059 4.99984
600060 5.00256
600061 5.06851
600062 5.12679
600063 5.00703
600064 5.00441
600065 5
600066 5.08188
600067 5.01127
600068 4.80952
600069 5.01215
600070 5.1114
600071 5.04128
600072 4.99973
600073 5.00553
600074 4.99917
600075 5.01061
600076 5.01792
600077 5.01139
600078 4.99861
600079 5.04966
600080 5
600081 5.00206
600082 5.01302
600083 4.9997
600084 5.00647
600085 4.99876
600086 4.99994
600087 5.00091
600088 5.00457
600089 5.05513
600090 5.01811
600091 5.00576
600092 5.00613
600093 4.99991
600094 4.99638
600095 5.1357
600096 4.63077
600097 5.02556
600098 5.01389
600099 5.01044
600100 4.99915
600101 4.9975
600102 5.00165
600103 5.10916
600104 5.03536
600105 5.04266
600106 5.00775
600107 5.04169
600108 5.03115
600109 5.02214
600110 5.05555
600111 5.00258
600112 5.00685
600113 5.00083
600114 5.00886
600115 4.93277
600116 4.99988
600117 5.00766
600118 5.00179
600119 5.08227
700001 3.16786
700002 2.92982
700003 2.99992
700004 3.03818
700005 2.99998
700006 3.05321
700007 3.28723
700008 3.00588
700009 2.99993
700010 3.01746
700011 3.02299
700012 3.00139
700013 3.03454
700014 3.00788
700015 3.08593
700016 3.00323
700017 3.03044
700018 3.00569
700019 3.00705
700020 3.01067
700021 3.05095
700022 3.00212
700023 3.01907
700024 3.01447
700025 3.00507
700026 3.01626
700027 3.02739
700028 3.00919
700029 3.01495
700030 2.99972
700031 3.02606
700032 3.00319
700033 3.0297
700034 2.93939
700035 3.00026
700036 3.05939
700037 3.01207
700038 3.00124
700039 3.00128
700040 2.99977
700041 2.99985
700042 3.05026
700043 3.04517
700044 2.99976
700045 2.99974
700046 3.02279
700047 2.9993
700048 3.0023
700049 3.07163
700050 3.00619
700051 2.99979
700052 3.00551
700053 2.99851
700054 3.00167
700055 3.00494
700056 2.99994
700057 3.04444
700058 2.99999
700059 3.00084
700060 3.05225
700061 2.98
700062 2.98326
700063 3.09674
700064 3.00592
700065 3.00395
700066 3.02178
700067 3.01476
700068 2.99984
700069 3.08906
700070 3.00499
700071 3.03151
700072 2.99998
700073 3.00736
700074 3.01014
700075 3.01434
700076 3.0105
700077 3.0434
700078 3.00414
700079 3.01445
700080 3.00341
700081 3.00015
700082 2.96667
700083 2.99992
700084 3.02445
700085 3.07102
700086 3.0178
700087 2.99994
700088 3.00565
700089 2.99989
700090 3.00442
700091 3.06803
700092 3.00025
700093 2.99874
700094 3.01427
700095 3.00804
700096 3.02312
700097 3.03418
700098 3.04385
700099 2.99995
700100 3.00632
700101 3.0507
700102 3.04995
700103 3.00313
700104 3.0021
700105 3.00678
700106 3
700107 3.00748
700108 3.00131
700109 3.08624
800001 1.09305
800002 1.02056
800003 1.00148
800004 1.03655
800005 1
800006 1.04641
800007 1.01604
800008 1
800009 1
800010 1.02209
800011 1.00183
800012 1.01659
800013 1.00714
800014 1.13239
800015 1.0006
800016 1.27381
800017 2.97059
800018 1.04186
800019 1.00318
800020 1.00893
800021 1.03895
800022 1.014
800023 1.00801
800024 1.00127
800025 1
800026 1
800027 1.00918
800028 1.00803
800029 1.02339
800030 1.00945
800031 1.01446
800032 1.02398
800033 1.00287
800034 1.02893
800035 1.03907
800036 1.00281
800037 1.00606
800038 1.00107
800039 1.02725
800040 1.02175
800041 1.05033
800042 1.01379
800043 1.01096
800044 1.00027
800045 1.03109
800046 1.02244
800047 1.00355
800048 1.00134
800049 1.04457
800050 1.00551
800051 1
800052 1.00204
800053 1
800054 1.03828
800055 1.0648
800056 1.00449
800057 1.00365
800058 1.02147
800059 1.01726
800060 1.05413
800061 1.00323
800062 1.04359
800063 1.00334
800064 1.00376
800065 1.00565
800066 1.01076
800067 1.01081
800068 1.04191
800069 1.00842
800070 1.0138
800071 1.0023
800072 1.004
800073 1.03774
800074 1.01746
800075 1.00557
800076 1.0037
800077 1.04001
800078 1.02293
800079 1.00055
800080 1.0071
800081 1
800082 1.01062
800083 1.05408
800084 1.00442
800085 1
800086 1.0261
800087 1.03305
800088 1
800089 1
800090 1.02827
800091 1.00139
800092 1.00394
800093 1.00627
800094 1.0156
800095 1.00116
800096 1
800097 1
800098 1
800099 1.10556
