0.072632
0.083984
0.131348
0.254150
0.685547
0.808960
1.126038
1.604980
2.802063
2.979736
3.172852
3.384399
3.959717
10.225098
10.259888
12.707031
13.689209
14.193115
14.526367
16.022461
16.936768
18.253906
18.293945
19.575195
24.680664
25.599854
32.078369
32.318848
33.213379
33.222656
35.213013
35.711975
40.046387
41.572632
47.257812
48.392578
50.610596
51.294922
53.585693
57.829590
61.250000
70.865723
71.238525
113.253052
114.393066
117.082397
120.049500
132.303223
145.958008
172.132812
189.277344
204.293945
227.648926
234.651855
237.325195
240.992188
255.073853
260.249023
