0.072632 1
0.083984 2
0.131348 3
0.254150 4
0.685547 5
0.808960 6
1.126038 7
1.604980 8
2.802063 9
2.979736 10
3.172852 11
3.384399 12
3.959717 13
10.225098 14
10.259888 15
12.707031 16
13.689209 17
14.193115 18
14.526367 19
16.022461 20
16.936768 21
18.253906 22
18.293945 23
19.575195 24
24.680664 25
25.599854 26
32.078369 27
32.318848 28
33.213379 29
33.222656 30
35.213013 31
35.711975 32
40.046387 33
41.572632 34
47.257812 35
48.392578 36
50.610596 37
51.294922 38
53.585693 39
57.829590 40
61.250000 41
70.865723 42
71.238525 43
113.253052 44
114.393066 45
117.082397 46
120.049500 47
132.303223 48
145.958008 49
172.132812 50
189.277344 51
204.293945 52
227.648926 53
234.651855 54
237.325195 55
240.992188 56
255.073853 57
260.249023 58
