1 0.0000 0.0000 0.0000 0.0000 0.0000 0.0000 0.0000 0.040
2 0.0000 0.0000 0.0000 0.0000 0.0000 0.0000 0.0010 0.0030 0.0090 0.0110 0.0000 0.097
3 0.0000 0.0000 0.0000 0.0000 0.0000 0.0000 0.0040 0.0070 0.0220 0.0450 0.0920 0.0930 0.0960 0.3630 0.0650 1.030
4 0.0000 0.0000 0.0000 0.0000 0.0000 0.0010 0.0030 0.0130 0.0610 0.1120 0.1700 0.3820 0.2980 0.7400 0.5710 0.8200 3.3020 6.3190 3.0510 16.767
5 0.0000 0.0000 0.0000 0.0000 0.0000 0.0030 0.0100 0.0220 0.0830 0.1000 0.2830 0.7630 0.5990 1.2800 1.0540 1.1350 4.2160 3.1240 13.4530 10.2250 113.3670 528.6800 1.1270 681.923
31 0.0000 0.0000 0.0000 0.0000 0.0000 0.0000 0.0010 0.044
32 0.0000 0.0000 0.0000 0.0000 0.0000 0.0000 0.0030 0.068
33 0.0000 0.0000 0.0000 0.0000 0.0000 0.0000 0.0190 0.090
34 0.0000 0.0000 0.0000 0.0000 0.0000 0.0000 0.0070 0.047
35 0.0000 0.0000 0.0000 0.0000 0.0000 0.0000 0.0180 0.118
36 0.0000 0.0000 0.0000 0.0000 0.0000 0.0000 0.0680 0.150
37 0.0000 0.0000 0.0000 0.0000 0.0000 0.0000 0.0140 0.066
38 0.0000 0.0000 0.0000 0.0000 0.0000 0.0000 0.0120 0.071
39 0.0000 0.0000 0.0000 0.0000 0.0000 0.0000 0.1180 0.270
40 0.0000 0.0000 0.0000 0.0000 0.0010 0.0000 0.0370 0.193
41 0.0000 0.0000 0.0000 0.0000 0.0000 0.0000 0.4850 0.660
42 0.0010 0.0000 0.0010 0.0000 0.0000 0.0000 0.3420 0.558
43 0.0000 0.0000 0.0000 0.0000 0.0010 0.0000 7.3290 7.754
44 0.0000 0.0000 0.0000 0.0000 0.0000 0.0000 0.1500 0.400
45 0.0000 0.0000 0.0000 0.0000 0.0000 0.0000 16.8340 17.478
46 0.0000 0.0000 0.0000 0.0000 0.0020 0.0000 42.0320 43.003
47 0.0000 0.0000 0.0000 0.0000 0.0030 0.0000 802.0990 804.735
51 0.0000 0.0000 0.0000 0.0000 0.0000 0.0120 0.026
52 0.0000 0.0000 0.0000 0.0000 0.0000 0.032
53 0.0000 0.0000 0.0000 0.0000 0.0000 0.0000 0.0000 0.0000 0.0000 0.043
54 0.0000 0.0000 0.0000 0.0000 0.0000 0.0000 0.0000 0.0030 0.119
55 0.0000 0.0000 0.0000 0.0000 0.0000 0.0000 0.0020 0.083
56 0.0000 0.0000 0.0000 0.0000 0.0000 0.0000 0.0000 0.0020 0.084
57 0.0000 0.0000 0.0000 0.0000 0.0010 0.0020 0.140
58 0.0000 0.0000 0.0000 0.0010 0.0000 0.0000 0.0000 0.0000 0.0000 0.0000 0.0000 0.0000 0.0350 0.910
59 0.0000 0.0000 0.0000 0.0000 0.0000 0.0000 0.0000 0.0000 0.0020 0.157
60 0.0000 0.0000 0.0010 0.0000 0.0000 0.0000 0.0000 0.0000 0.0000 0.0000 0.0000 0.0000 0.0010 0.0010 0.0000 0.0000 0.0010 0.0000 0.5360 7.619
61 0.0000 0.0000 0.0000 0.0000 0.0000 0.0000 0.0000 0.0000 0.0000 0.0000 0.0000 0.0000 0.0000 0.0120 1.150
62 0.0000 0.0000 0.0000 0.0010 0.0000 0.0000 0.0000 0.0000 0.0000 0.0000 0.0000 0.0000 0.0010 0.0000 0.7190 2.322
63 0.0000 0.0000 0.0000 0.0000 0.0000 0.0000 0.0000 0.0000 0.0130 0.290
64 0.0000 0.0000 0.0000 0.0000 0.0000 0.0000 0.0000 0.0000 0.0000 0.0000 0.0000 0.0000 0.0000 0.0000 0.1500 2.662
65 0.0000 0.0000 0.0000 0.0010 0.0000 0.0000 0.0000 0.0000 0.0000 0.0110 0.549
66 0.0000 0.0000 0.0000 0.0010 0.0000 0.0000 0.0000 0.0000 0.0000 0.0120 0.538
67 0.0000 0.0000 0.0010 0.0000 0.0000 0.0000 0.0000 0.0000 0.0000 0.0000 0.0000 0.0270 0.0000 0.0000 0.0000 0.0000 0.0220 4.372
68 0.0000 0.0000 0.0000 0.0020 0.0010 0.0000 0.0010 0.0000 0.0000 0.0000 0.0000 0.0000 0.5390 7.710
69 0.0010 0.0000 0.0000 0.0010 0.0000 0.0000 0.0000 0.0000 0.0000 0.0000 0.0770 2.694
70 0.0000 0.0000 0.0010 0.0000 0.0000 0.0000 0.0000 0.0000 0.0270 0.827
71 0.0000 0.0000 0.0000 0.0020 0.0000 0.0000 0.0000 0.0030 0.0110 0.0090 0.0110 0.0130 0.0150 1.3150 10.500
72 0.0000 0.0000 0.0000 0.0020 0.0000 0.0000 0.0000 0.0000 0.0000 0.0090 0.0000 0.0000 0.0000 0.0000 0.0030 0.0000 1.5160 1.4430 0.0000 1.9360 2.0220 1.7100 0.0000 1.7770 3.3430 123.679
73 0.0000 0.0000 0.0000 0.0070 0.0000 0.0010 0.0010 0.0000 0.0090 1.0140 20.508
81 0.0000 0.0000 0.0000 0.0000 0.0000 0.0000 0.0020 0.0010 0.0020 0.0190 0.0150 0.0950 0.2360 0.1430 10.275
111 0.0000 0.0000 0.0010 0.034
112 0.0000 0.0010 0.0010 0.045
113 0.0000 0.0000 0.0120 0.045
114 0.0000 0.0000 0.0010 0.035
115 0.0000 0.0000 0.0020 0.056
116 0.0000 0.0010 0.0020 0.058
117 0.0000 0.0010 0.0050 0.088
118 0.0000 0.0000 0.0020 0.047
119 0.0000 0.0000 0.0020 0.036
120 0.0000 0.0000 0.0030 0.070
121 0.0000 0.0000 0.0020 0.044
122 0.0000 0.0010 0.0020 0.050
123 0.0000 0.0010 0.0090 0.092
124 0.0000 0.0010 0.0100 0.126
125 0.0000 0.0010 0.0090 0.096
126 0.0000 0.0000 0.0140 0.070
127 0.0000 0.0010 0.0270 0.135
128 0.0000 0.0010 0.0220 0.091
129 0.0000 0.0010 0.0100 0.098
130 0.0000 0.0010 0.0150 0.120
131 0.0000 0.0020 0.0240 0.198
132 0.0120 0.0050 0.1020 0.436
133 0.0000 0.0020 0.1650 0.535
134 0.0000 0.0090 11.2860 12.289
135 0.0000 0.0140 2.9320 4.999
136 0.0000 0.0170 93.5810 96.657
137 0.0000 0.0420 15.4780 27.263
138 0.0000 0.0600 119.4880 171.726
139 0.0000 1.5310 638.7860 948.507
141 0.0000 0.0000 0.0000 0.0010 0.0000 0.026
142 0.0000 0.0000 0.0000 0.0010 0.0000 0.0010 0.050
143 0.0000 0.0000 0.0000 0.0000 0.0000 0.0030 0.092
144 0.0000 0.0000 0.0000 0.0000 0.0000 0.0040 0.0120 0.238
145 0.0000 0.0000 0.0000 0.0000 0.0010 0.0000 0.0300 0.367
146 0.0000 0.0000 0.0000 0.0000 0.0000 0.0030 0.0010 0.0010 0.6890 2.182
147 0.0000 0.0000 0.0000 0.0000 0.0010 0.051
148 0.0000 0.0000 0.0000 0.0000 0.0000 0.0020 0.0030 0.176
149 0.0000 0.0000 0.0000 0.0000 0.0000 0.0030 0.0010 0.0010 0.3440 1.851
150 0.0000 0.0000 0.0000 0.0000 0.0000 0.0020 0.096
151 0.0000 0.0000 0.0000 0.0000 0.0000 0.0010 0.0710 0.670
152 0.0000 0.0000 0.0000 0.0000 0.0000 0.0000 0.1430 0.0800 1.235
153 0.0000 0.0000 0.0000 0.0000 0.0010 0.0010 0.0030 0.204
154 0.0000 0.0000 0.0000 0.0000 0.0000 0.0170 0.300
155 0.0000 0.0000 0.0000 0.0010 0.0000 0.0000 0.2630 1.162
156 0.0000 0.0010 0.0000 0.0000 0.0010 0.0060 0.160
157 0.0000 0.0000 0.0000 0.0000 0.0030 0.0160 0.277
158 0.0000 0.0000 0.0000 0.0000 0.0000 0.0040 0.0000 1.2000 3.531
159 0.0000 0.0000 0.0000 0.0000 0.0040 0.0050 0.190
160 0.0000 0.0000 0.0000 0.0000 0.0720 0.0810 1.318
161 0.0000 0.0000 0.0000 0.0000 0.0000 0.0540 0.1520 1.382
162 0.0000 0.0000 0.0000 0.0000 0.0000 0.3460 0.5300 4.156
163 0.0000 0.0000 0.0000 0.0010 0.0010 0.0010 0.0030 0.0590 0.0050 39.8640 77.760
164 0.0000 0.0000 0.0000 0.0010 0.0000 0.0020 0.0020 0.9530 48.1140 119.9360 282.183
171 0.0000 0.0000 0.0000 0.0000 0.0000 0.0000 0.0000 0.0000 0.0000 0.0000 0.020
172 0.0000 0.0000 0.0000 0.0000 0.0000 0.0000 0.0000 0.0000 0.021
173 0.0000 0.0000 0.0000 0.0000 0.0000 0.0000 0.0000 0.0000 0.0000 0.0010 0.058
174 0.0000 0.0000 0.0000 0.0000 0.0000 0.0000 0.0000 0.0000 0.0000 0.0000 0.065
175 0.0000 0.0000 0.0000 0.0000 0.0000 0.0000 0.0000 0.0000 0.0000 0.0000 0.046
176 0.0000 0.0000 0.0000 0.0000 0.0000 0.0000 0.0000 0.0000 0.0000 0.0000 0.035
177 0.0000 0.0000 0.0000 0.0000 0.0000 0.0000 0.0000 0.0000 0.0000 0.0000 0.062
178 0.0000 0.0000 0.0000 0.0000 0.0000 0.0000 0.0000 0.0000 0.0000 0.0010 0.079
179 0.0000 0.0000 0.0000 0.0000 0.0000 0.0000 0.0000 0.0010 0.0000 0.0000 0.088
180 0.0000 0.0000 0.0000 0.0000 0.0000 0.0000 0.0000 0.0000 0.0000 0.0000 0.086
181 0.0000 0.0000 0.0000 0.0000 0.0000 0.0000 0.0000 0.0120 0.0010 0.0000 0.123
182 0.0000 0.0000 0.0000 0.0000 0.0000 0.0000 0.0000 0.0000 0.0000 0.0010 0.070
183 0.0000 0.0000 0.0000 0.0000 0.0000 0.0000 0.0000 0.0010 0.0000 0.0070 0.106
184 0.0000 0.0000 0.0000 0.0000 0.0000 0.0000 0.0000 0.0010 0.0000 0.0060 0.128
185 0.0000 0.0000 0.0000 0.0000 0.0000 0.0000 0.0000 0.0010 0.0000 0.0010 0.133
186 0.0000 0.0000 0.0000 0.0000 0.0000 0.0000 0.0000 0.0010 0.0010 0.0010 0.128
187 0.0000 0.0000 0.0000 0.0000 0.0010 0.0000 0.0000 0.0000 0.0000 0.0010 0.073
188 0.0000 0.0000 0.0000 0.0000 0.0010 0.0000 0.0000 0.0000 0.0000 0.0090 0.126
189 0.0000 0.0000 0.0000 0.0000 0.0000 0.0000 0.0000 0.0010 0.0010 0.0020 0.121
190 0.0000 0.0000 0.0000 0.0000 0.0000 0.0000 0.0000 0.0010 0.0000 0.0030 0.104
191 0.0000 0.0000 0.0000 0.0000 0.0000 0.0000 0.0000 0.0000 0.0000 0.0020 0.126
192 0.0000 0.0000 0.0000 0.0000 0.0000 0.0000 0.0000 0.0010 0.0000 0.0020 0.106
193 0.0000 0.0000 0.0000 0.0000 0.0000 0.0000 0.0000 0.0000 0.0000 0.0120 0.188
194 0.0000 0.0000 0.0000 0.0000 0.0000 0.0000 0.0000 0.0020 0.0000 0.0160 0.242
195 0.0000 0.0000 0.0000 0.0000 0.0010 0.0000 0.0000 0.0000 0.0000 0.0560 0.296
196 0.0000 0.0000 0.0000 0.0000 0.0000 0.0000 0.0000 0.0000 0.0000 0.0050 0.232
197 0.0000 0.0000 0.0000 0.0000 0.0010 0.0000 0.0000 0.0000 0.0000 0.0040 0.223
198 0.0000 0.0000 0.0000 0.0000 0.0000 0.0000 0.0000 0.0000 0.0000 0.0030 0.230
199 0.0000 0.0000 0.0000 0.0000 0.0000 0.0000 0.0000 0.0000 0.0000 0.0070 0.298
200 0.0000 0.0000 0.0000 0.0000 0.0000 0.0000 0.0000 0.0000 0.0000 0.0060 0.300
201 0.0000 0.0000 0.0000 0.0000 0.0000 0.0000 0.0000 0.0010 0.0010 0.0160 0.239
202 0.0000 0.0000 0.0000 0.0000 0.0000 0.0000 0.0000 0.0010 0.0000 0.0090 0.314
203 0.0000 0.0000 0.0000 0.0000 0.0000 0.0000 0.0000 0.0010 0.0000 0.0030 0.352
204 0.0000 0.0000 0.0000 0.0000 0.0000 0.0000 0.0000 0.0010 0.0000 0.0070 0.283
205 0.0000 0.0000 0.0000 0.0000 0.0000 0.0000 0.0000 0.0000 0.0000 0.1060 0.418
206 0.0000 0.0000 0.0000 0.0000 0.0000 0.0000 0.0000 0.0010 0.0000 0.0110 0.394
207 0.0000 0.0000 0.0000 0.0000 0.0000 0.0000 0.0000 0.0010 0.0000 0.0290 0.407
208 0.0000 0.0000 0.0000 0.0000 0.0000 0.0000 0.0000 0.0000 0.0000 0.0060 0.344
209 0.0010 0.0000 0.0000 0.0000 0.0000 0.0000 0.0000 0.0010 0.0000 0.0330 0.516
210 0.0000 0.0000 0.0000 0.0000 0.0000 0.0000 0.0000 0.0000 0.0000 0.0040 0.355
211 0.0000 0.0000 0.0000 0.0000 0.0000 0.0000 0.0000 0.0000 0.0000 0.0060 0.497
212 0.0000 0.0000 0.0000 0.0000 0.0000 0.0000 0.0010 0.0010 0.0000 0.0160 0.497
213 0.0000 0.0000 0.0000 0.0000 0.0000 0.0000 0.0000 0.0010 0.0000 0.0590 0.684
214 0.0000 0.0000 0.0000 0.0000 0.0000 0.0000 0.0000 0.0010 0.0000 0.0530 0.652
215 0.0000 0.0000 0.0000 0.0000 0.0000 0.0000 0.0000 0.0030 0.0010 0.1210 0.576
216 0.0000 0.0000 0.0000 0.0000 0.0000 0.0000 0.0000 0.0000 0.0000 0.0100 0.504
217 0.0000 0.0000 0.0000 0.0000 0.0000 0.0000 0.0000 0.0010 0.0000 0.0360 0.631
218 0.0000 0.0000 0.0000 0.0000 0.0000 0.0000 0.0000 0.0010 0.0000 0.1310 0.903
219 0.0000 0.0000 0.0000 0.0000 0.0010 0.0000 0.0000 0.0010 0.0000 0.0090 0.799
220 0.0000 0.0000 0.0000 0.0000 0.0000 0.0000 0.0000 0.0010 0.0000 0.0910 0.982
221 0.0000 0.0000 0.0000 0.0000 0.0000 0.0000 0.0000 0.0010 0.0000 0.0610 0.783
222 0.0000 0.0000 0.0000 0.0000 0.0000 0.0000 0.0000 0.0010 0.0000 0.0340 0.907
223 0.0000 0.0000 0.0000 0.0000 0.0000 0.0000 0.0000 0.0010 0.0000 0.1170 1.012
224 0.0000 0.0000 0.0000 0.0000 0.0000 0.0000 0.0000 0.0010 0.0000 0.1110 0.756
225 0.0000 0.0000 0.0000 0.0000 0.0000 0.0000 0.0000 0.0070 0.0030 0.0860 0.965
226 0.0000 0.0000 0.0000 0.0000 0.0010 0.0000 0.0000 0.0060 0.0040 0.1210 1.077
227 0.0000 0.0000 0.0000 0.0000 0.0000 0.0000 0.0000 0.0010 0.0000 0.0270 0.775
228 0.0000 0.0000 0.0000 0.0000 0.0000 0.0000 0.0000 0.0020 0.0000 0.0200 1.052
229 0.0000 0.0000 0.0000 0.0000 0.0000 0.0000 0.0000 0.0020 0.0010 1.1470 2.193
230 0.0000 0.0000 0.0000 0.0000 0.0000 0.0000 0.0000 0.0020 0.0000 0.7520 1.865
231 0.0000 0.0000 0.0000 0.0000 0.0000 0.0000 0.0000 0.0020 0.0010 0.5360 1.588
232 0.0000 0.0000 0.0000 0.0000 0.0000 0.0000 0.0000 0.0010 0.0000 0.0200 0.947
233 0.0000 0.0000 0.0000 0.0000 0.0000 0.0000 0.0000 0.0010 0.0000 0.1360 1.305
234 0.0000 0.0000 0.0000 0.0000 0.0010 0.0000 0.0000 0.0010 0.0000 0.0110 0.961
235 0.0000 0.0000 0.0000 0.0000 0.0000 0.0000 0.0000 0.0010 0.0000 3.3820 4.348
236 0.0000 0.0000 0.0000 0.0000 0.0010 0.0000 0.0000 0.0020 0.0000 0.1440 1.227
237 0.0000 0.0000 0.0000 0.0000 0.0000 0.0000 0.0000 0.0010 0.0000 0.7630 1.709
238 0.0000 0.0000 0.0000 0.0000 0.0000 0.0000 0.0000 0.0020 0.0000 0.2310 2.371
239 0.0000 0.0000 0.0000 0.0000 0.0000 0.0000 0.0000 0.0030 0.0010 2.2370 4.105
240 0.0000 0.0000 0.0000 0.0000 0.0000 0.0000 0.0000 0.0020 0.0000 0.3050 1.931
241 0.0000 0.0000 0.0000 0.0000 0.0000 0.0000 0.0000 0.0020 0.0000 0.2860 2.127
242 0.0000 0.0000 0.0000 0.0000 0.0000 0.0000 0.0000 0.0020 0.0000 2.1910 3.663
243 0.0000 0.0000 0.0000 0.0000 0.0000 0.0000 0.0000 0.0030 0.0000 0.1760 2.390
244 0.0000 0.0000 0.0000 0.0000 0.0000 0.0000 0.0000 0.0020 0.0000 1.4190 2.772
245 0.0000 0.0000 0.0000 0.0000 0.0000 0.0000 0.0000 0.0030 0.0000 0.0360 1.956
246 0.0000 0.0000 0.0000 0.0000 0.0000 0.0000 0.0000 0.0030 0.0000 0.0640 2.263
247 0.0000 0.0000 0.0000 0.0000 0.0000 0.0000 0.0000 0.0020 0.0000 1.9970 4.344
248 0.0000 0.0000 0.0000 0.0000 0.0000 0.0000 0.0000 0.0020 0.0000 0.0970 2.235
249 0.0000 0.0000 0.0000 0.0000 0.0000 0.0000 0.0000 0.0030 0.0010 11.0750 13.407
250 0.0000 0.0000 0.0000 0.0000 0.0000 0.0000 0.0000 0.0030 0.0000 0.2380 2.718
251 0.0000 0.0000 0.0000 0.0000 0.0000 0.0000 0.0000 0.0030 0.0000 0.2970 3.068
252 0.0000 0.0000 0.0000 0.0000 0.0000 0.0010 0.0000 0.0020 0.0000 0.2540 2.376
253 0.0000 0.0000 0.0000 0.0000 0.0000 0.0000 0.0000 0.0030 0.0000 8.8320 11.673
254 0.0000 0.0000 0.0000 0.0000 0.0000 0.0000 0.0000 0.0020 0.0000 2.9210 5.501
255 0.0000 0.0000 0.0000 0.0000 0.0000 0.0000 0.0000 0.0020 0.0000 0.5860 3.003
256 0.0000 0.0000 0.0000 0.0000 0.0000 0.0000 0.0000 0.0040 0.0000 7.7610 10.402
257 0.0000 0.0000 0.0000 0.0000 0.0000 0.0000 0.0000 0.0030 0.0000 11.9530 14.743
258 0.0000 0.0000 0.0000 0.0000 0.0000 0.0000 0.0000 0.0030 0.0000 29.0720 32.123
259 0.0000 0.0000 0.0000 0.0000 0.0000 0.0000 0.0000 0.0040 0.0000 47.9390 51.550
260 0.0000 0.0000 0.0000 0.0000 0.0000 0.0000 0.0000 0.0040 0.0000 44.8060 48.893
261 0.0000 0.0000 0.0000 0.0000 0.0000 0.0000 0.0000 0.0040 0.0000 57.6980 61.310
262 0.0000 0.0000 0.0000 0.0000 0.0000 0.0010 0.0000 0.0030 0.0000 11.5280 14.892
263 0.0000 0.0000 0.0000 0.0000 0.0000 0.0000 0.0000 0.0030 0.0000 3.1550 7.029
264 0.0000 0.0000 0.0000 0.0000 0.0000 0.0000 0.0000 0.0040 0.0000 95.5200 99.032
265 0.0000 0.0000 0.0000 0.0000 0.0000 0.0000 0.0000 0.0050 0.0000 2.8900 6.159
266 0.0000 0.0000 0.0000 0.0000 0.0000 0.0000 0.0000 0.0040 0.0000 100.7290 104.871
267 0.0000 0.0000 0.0000 0.0000 0.0000 0.0000 0.0000 0.0050 0.0000 24.6790 28.671
268 0.0000 0.0000 0.0000 0.0000 0.0000 0.0000 0.0000 0.0050 0.0000 62.3400 67.390
269 0.0000 0.0000 0.0000 0.0000 0.0000 0.0000 0.0000 0.0050 0.0000 6.2260 11.283
270 0.0000 0.0000 0.0000 0.0000 0.0000 0.0000 0.0010 0.0040 0.0000 22.4570 26.870
271 0.0000 0.0000 0.0000 0.0000 0.0000 0.0000 0.0000 0.0040 0.0000 15.4020 19.650
272 0.0000 0.0000 0.0000 0.0000 0.0010 0.0000 0.0000 0.0060 0.0010 150.5500 155.156
273 0.0000 0.0000 0.0000 0.0000 0.0000 0.0000 0.0000 0.0040 0.0000 47.0080 51.566
274 0.0000 0.0000 0.0000 0.0000 0.0000 0.0000 0.0000 0.0060 0.0010 0.0360 6.118
275 0.0000 0.0000 0.0000 0.0000 0.0010 0.0000 0.0000 0.0050 0.0000 88.2650 92.946
276 0.0000 0.0000 0.0000 0.0000 0.0000 0.0000 0.0000 0.0060 0.0000 22.7190 30.670
277 0.0000 0.0000 0.0000 0.0000 0.0000 0.0010 0.0000 0.0040 0.0000 0.0270 5.242
278 0.0000 0.0000 0.0000 0.0000 0.0000 0.0000 0.0000 0.0060 0.0000 148.7910 153.769
279 0.0000 0.0000 0.0000 0.0000 0.0000 0.0000 0.0010 0.0070 0.0000 151.5780 157.694
280 0.0000 0.0000 0.0000 0.0000 0.0010 0.0000 0.0000 0.0070 0.0000 1.0520 7.638
281 0.0000 0.0000 0.0000 0.0000 0.0000 0.0000 0.0000 0.0060 0.0000 135.4750 142.140
282 0.0000 0.0000 0.0000 0.0000 0.0000 0.0000 0.0000 0.0060 0.0000 127.7120 133.767
283 0.0000 0.0000 0.0000 0.0000 0.0000 0.0000 0.0000 0.0080 0.0000 0.6300 7.011
284 0.0000 0.0000 0.0000 0.0000 0.0010 0.0000 0.0000 0.0080 0.0000 0.0430 6.646
285 0.0000 0.0000 0.0000 0.0000 0.0000 0.0000 0.0000 0.0040 0.0000 1.6920 6.926
286 0.0000 0.0000 0.0000 0.0000 0.0000 0.0000 0.0000 0.0070 0.0000 177.9280 185.537
287 0.0000 0.0000 0.0000 0.0000 0.0000 0.0000 0.0000 0.0050 0.0000 0.2560 5.489
288 0.0010 0.0000 0.0000 0.0000 0.0000 0.0000 0.0000 0.0070 0.0000 23.8680 32.409
289 0.0000 0.0000 0.0000 0.0000 0.0000 0.0000 0.0000 0.0040 0.0010 183.5360 190.166
290 0.0000 0.0000 0.0000 0.0000 0.0000 0.0000 0.0000 0.0180 0.2560 159.0340 164.994
291 0.0000 0.0000 0.0000 0.0000 0.0010 0.0000 0.0010 0.0040 0.0000 182.3440 189.488
292 0.0000 0.0000 0.0000 0.0000 0.0010 0.0000 0.0000 0.0050 0.0000 294.4200 300.067
293 0.0000 0.0000 0.0000 0.0000 0.0010 0.0000 0.0000 0.0050 0.0000 265.5840 275.256
294 0.0000 0.0000 0.0000 0.0000 0.0000 0.0000 0.0000 0.0040 0.0000 290.9860 299.233
295 0.0000 0.0000 0.0000 0.0000 0.0000 0.0000 0.0000 0.0070 0.0000 35.7390 44.908
296 0.0000 0.0000 0.0000 0.0000 0.0000 0.0000 0.0000 0.0040 0.0010 332.5870 340.426
297 0.0000 0.0000 0.0000 0.0000 0.0000 0.0000 0.0000 0.0070 0.0010 768.1810 778.347
298 0.0000 0.0000 0.0000 0.0000 0.0000 0.0000 0.0000 0.0040 0.0000 369.1900 377.689
299 0.0000 0.0000 0.0000 0.0000 0.0000 0.0000 0.0000 0.0050 0.0010 417.7340 427.909
300 0.0000 0.0000 0.0000 0.0000 0.0000 0.0000 0.0000 0.0060 0.0000 326.0550 337.388
301 0.0000 0.0000 0.0000 0.0000 0.0010 0.0000 0.0000 0.0080 0.0000 724.2290 733.851
302 0.0000 0.0000 0.0000 0.0000 0.0000 0.0000 0.0000 0.0040 0.0000 29.4420 38.082
303 0.0000 0.0000 0.0000 0.0000 0.0000 0.0000 0.0000 0.0070 0.0000 649.5220 659.983
304 0.0000 0.0000 0.0000 0.0000 0.0000 0.0000 0.0000 0.0060 0.0000 441.7690 452.262
305 0.0000 0.0000 0.0000 0.0000 0.0000 0.0000 0.0000 0.0060 0.0000 524.1730 537.010
306 0.0000 0.0000 0.0000 0.0000 0.0000 0.0000 0.0000 0.0050 0.0000 654.9930 662.675
307 0.0000 0.0000 0.0000 0.0000 0.0000 0.0000 0.0000 0.0050 0.0000 611.3990 619.326
308 0.0000 0.0000 0.0000 0.0000 0.0000 0.0000 0.0000 0.0270 0.0110 475.9570 485.051
309 0.0000 0.0000 0.0000 0.0000 0.0000 0.0000 0.0000 0.0070 0.0010 531.9100 547.212
310 0.0000 0.0000 0.0000 0.0000 0.0010 0.0000 0.0000 0.0070 0.0000 501.4510 514.106
311 0.0000 0.0000 0.0000 0.0000 0.0000 0.0000 0.0010 0.0070 0.0000 597.2180 607.679
312 0.0000 0.0000 0.0000 0.0000 0.0000 0.0000 0.0000 0.0070 0.0000 603.6550 618.411
313 0.0000 0.0000 0.0000 0.0000 0.0000 0.0000 0.0000 0.0080 0.0000 1079.0420 1091.563
314 0.0000 0.0000 0.0000 0.0010 0.0010 0.0000 0.0000 0.0050 0.0000 973.0780 984.263
315 0.0000 0.0000 0.0000 0.0000 0.0000 0.0000 0.0000 0.0060 0.0000 1333.8580 1347.187
316 0.0000 0.0000 0.0000 0.0000 0.0000 0.0000 0.0000 0.0080 0.0010 1086.9840 1100.170
317 0.0000 0.0000 0.0000 0.0000 0.0000 0.0000 0.0000 0.0080 0.0000 638.0710 650.021
318 0.0000 0.0000 0.0000 0.0000 0.0000 0.0240 0.9050 4.1960 8.0560 379.987
319 0.0000 0.0000 0.0000 0.0000 0.0000 0.0020 0.0560 0.1190 6.526
320 0.0000 0.0000 0.0000 0.0000 0.0000 0.0200 0.7090 4.0830 3.8890 612.459
321 0.0000 0.0000 0.0010 0.0000 0.0000 0.0930 0.7780 37.244
330 0.0000 0.0000 0.0000 0.0000 0.0000 0.0000 0.0000 0.0000 0.0000 0.038
331 0.0000 0.0000 0.0000 0.0000 0.0000 0.0000 0.0000 0.0000 0.0000 0.0000 0.0060 0.0080 0.0160 0.0440 0.597
332 0.0000 0.0000 0.0000 0.0000 0.0000 0.0000 0.0000 0.0000 0.0000 0.0000 0.0020 0.0120 0.0210 0.0250 0.1260 0.959
333 0.0000 0.0000 0.0010 0.0000 0.0000 0.0000 0.0000 0.0000 0.0000 0.0000 0.0040 0.0540 0.0390 0.1000 0.8080 1.4960 4.6880 11.400
350 0.0000 0.0000 0.0000 0.0000 0.0030 0.0060 0.0220 0.0730 0.2080 24.0460 64.427
351 0.0010 0.0000 0.0000 0.0000 0.0020 0.0170 0.0250 0.0510 0.1950 20.1760 71.057
352 0.0000 0.0000 0.0000 0.0000 0.0020 0.0110 0.0460 0.0820 0.3080 37.6940 80.291
353 0.0000 0.0000 0.0000 0.0010 0.0010 0.0060 0.0180 0.2400 3.2970 19.757
354 0.0000 0.0000 0.0000 0.0000 0.0020 0.0110 0.0260 0.0520 0.1350 14.0670 53.164
355 0.0000 0.0000 0.0000 0.0010 0.0000 0.0260 0.0290 0.0870 0.6210 1.4430 67.5710 279.961
356 0.0000 0.0000 0.0000 0.0000 0.0000 0.0150 0.0380 0.0600 0.3010 51.0980 121.189
357 0.0000 0.0000 0.0000 0.0000 0.0030 0.0170 0.0420 0.1160 0.5190 1.8190 284.7190 511.931
358 0.0000 0.0000 0.0000 0.0000 0.0000 0.0090 0.0550 0.2120 0.5860 42.2820 102.550
359 0.0000 0.0000 0.0000 0.0000 0.0010 0.0090 0.0430 0.1450 0.6190 2.4710 205.3970 383.123
360 0.0000 0.0000 0.0000 0.0000 0.0010 0.0120 0.0630 0.2980 0.9890 1.6820 537.1810 914.571
361 0.0000 0.0000 0.0000 0.0010 0.0000 0.0160 0.0550 0.1150 0.6190 7.8830 420.1760 727.234
410 0.0000 0.0000 0.0000 0.0000 0.0000 0.0000 0.0000 0.0010 0.0020 0.083
411 0.0000 0.0000 0.0000 0.0000 0.0000 0.0000 0.0000 0.0010 0.0000 0.0060 0.164
412 0.0000 0.0000 0.0000 0.0000 0.0000 0.0000 0.0000 0.0010 0.0000 0.0010 0.0170 0.263
413 0.0000 0.0000 0.0000 0.0000 0.0000 0.0010 0.0000 0.0000 0.0010 0.0010 0.0010 0.0280 0.376
414 0.0000 0.0000 0.0000 0.0000 0.0000 0.0000 0.0000 0.0000 0.0010 0.0020 0.0030 0.0060 0.1990 1.008
415 0.0000 0.0000 0.0000 0.0000 0.0000 0.0000 0.0000 0.0000 0.0000 0.0010 0.0040 0.0100 0.0090 0.6190 2.678
416 0.0000 0.0000 0.0000 0.0000 0.0000 0.0000 0.0000 0.0000 0.0000 0.0010 0.0030 0.0100 0.0140 0.0210 0.4110 4.418
417 0.0000 0.0000 0.0000 0.0000 0.0000 0.0000 0.0000 0.0000 0.0000 0.0020 0.088
418 0.0000 0.0000 0.0000 0.0000 0.0000 0.0000 0.0000 0.0010 0.0000 0.0000 0.0090 0.173
419 0.0000 0.0000 0.0000 0.0000 0.0000 0.0000 0.0000 0.0010 0.0010 0.0010 0.0010 0.0230 0.434
420 0.0000 0.0000 0.0000 0.0000 0.0000 0.0000 0.0000 0.0000 0.0010 0.0010 0.0020 0.0020 0.0820 0.813
421 0.0000 0.0000 0.0000 0.0010 0.0000 0.0000 0.0000 0.0010 0.0010 0.0030 0.0040 0.0060 0.0140 0.1860 2.056
422 0.0000 0.0000 0.0000 0.0000 0.0000 0.0000 0.0000 0.0000 0.0010 0.0030 0.0070 0.0110 0.0270 0.0210 2.5700 7.980
423 0.0000 0.0000 0.0000 0.0000 0.0000 0.0010 0.0000 0.0000 0.0000 0.0020 0.0050 0.0120 0.0290 0.0290 0.0390 3.2050 14.648
424 0.0000 0.0000 0.0000 0.0000 0.0000 0.0000 0.0000 0.0010 0.0010 0.0010 0.0080 0.224
425 0.0000 0.0000 0.0000 0.0000 0.0000 0.0000 0.0000 0.0000 0.0000 0.0000 0.0010 0.0230 0.312
426 0.0000 0.0000 0.0000 0.0000 0.0000 0.0000 0.0000 0.0000 0.0000 0.0000 0.0010 0.0010 0.0500 0.534
427 0.0000 0.0000 0.0000 0.0000 0.0000 0.0000 0.0000 0.0010 0.0010 0.0020 0.0030 0.0050 0.0060 0.2090 1.597
428 0.0000 0.0000 0.0000 0.0000 0.0000 0.0000 0.0000 0.0010 0.0010 0.0020 0.0040 0.0060 0.0120 0.0090 0.6460 3.871
429 0.0000 0.0000 0.0000 0.0000 0.0000 0.0000 0.0010 0.0010 0.0000 0.0020 0.0060 0.0150 0.0300 0.0200 0.0310 2.0980 11.897
430 0.0000 0.0000 0.0000 0.0000 0.0000 0.0160 0.0010 0.0000 0.0010 0.0040 0.0110 0.0180 0.0380 0.0340 0.0370 0.0510 4.5600 19.139
431 0.0000 0.0000 0.0000 0.0000 0.0000 0.0000 0.0010 0.0010 0.0020 0.0040 0.0100 0.0190 0.0270 0.0550 0.0440 0.0560 0.2180 12.3680 45.008
432 0.0010 0.0000 0.0000 0.0000 0.0000 0.0000 0.0000 0.0000 0.0020 0.0040 0.0130 0.0240 0.0370 0.0650 0.0500 0.0630 0.2000 0.1240 12.3790 70.085
440 0.0000 0.0000 0.0000 0.0000 0.0000 0.0000 0.0010 0.0020 0.0010 0.0010 0.0030 0.0120 0.0930 0.475
441 0.0000 0.0000 0.0000 0.0000 0.0000 0.0000 0.0000 0.0000 0.0010 0.0010 0.0030 0.0050 0.0390 0.375
442 0.0000 0.0000 0.0000 0.0000 0.0000 0.0000 0.0000 0.0010 0.0000 0.0000 0.0010 0.0050 0.0220 0.172
443 0.0000 0.0000 0.0000 0.0000 0.0000 0.0000 0.0000 0.0000 0.0000 0.0020 0.0020 0.0070 0.1110 0.507
444 0.0000 0.0000 0.0000 0.0000 0.0000 0.0000 0.0010 0.0010 0.0070 0.0160 0.0410 0.0870 0.0540 0.606
445 0.0000 0.0000 0.0000 0.0000 0.0000 0.0000 0.0000 0.0020 0.0030 0.193
446 0.0000 0.0000 0.0000 0.0000 0.0000 0.0000 0.0010 0.0010 0.0020 0.0030 0.0440 0.0440 0.1260 0.883
447 0.0000 0.0000 0.0000 0.0000 0.0000 0.0000 0.0000 0.0000 0.0010 0.0020 0.0050 0.0090 0.0810 0.747
448 0.0000 0.0000 0.0000 0.0000 0.0000 0.0000 0.0000 0.0010 0.0010 0.0030 0.0040 0.0080 0.1650 0.680
449 0.0000 0.0000 0.0000 0.0000 0.0000 0.0000 0.0000 0.0030 0.0030 0.0020 0.0050 0.0090 0.1390 0.698
450 0.0000 0.0000 0.0000 0.0000 0.0000 0.0000 0.0010 0.0070 0.0020 0.0050 0.0150 0.0240 0.8190 2.669
451 0.0000 0.0000 0.0000 0.0000 0.0000 0.0000 0.0010 0.0010 0.0010 0.0040 0.1360 0.1520 2.1420 3.362
452 0.0000 0.0000 0.0000 0.0000 0.0000 0.0000 0.0020 0.0010 0.0010 0.0050 0.1280 0.1810 0.3630 2.389
453 0.0000 0.0000 0.0000 0.0000 0.0000 0.0000 0.0020 0.0190 0.0050 0.0060 0.0140 0.0360 1.4480 4.041
454 0.0000 0.0000 0.0000 0.0000 0.0000 0.0000 0.0020 0.0110 0.0110 0.0080 0.1090 0.1820 0.8910 2.933
455 0.0000 0.0000 0.0000 0.0000 0.0000 0.0000 0.0020 0.0090 0.0280 0.0280 0.0200 0.0300 0.5740 2.583
456 0.0000 0.0000 0.0000 0.0000 0.0000 0.0000 0.0020 0.0130 0.0030 0.0060 0.0160 0.0400 3.4100 6.108
457 0.0000 0.0000 0.0000 0.0000 0.0000 0.0000 0.0030 0.0020 0.0030 0.0060 0.2270 0.2020 1.9310 5.352
458 0.0000 0.0000 0.0000 0.0000 0.0000 0.0000 0.0020 0.0020 0.0030 0.0070 0.0090 0.0270 1.9260 4.442
459 0.0000 0.0000 0.0000 0.0000 0.0000 0.0000 0.0040 0.0020 0.0040 0.0070 0.0160 0.0390 7.8320 11.017
460 0.0000 0.0000 0.0000 0.0000 0.0000 0.0000 0.0040 0.0030 0.0040 0.0070 0.0170 0.0300 2.9740 6.578
461 0.0000 0.0000 0.0000 0.0000 0.0000 0.0000 0.0040 0.0040 0.0050 0.0110 4.6850 1.4810 13.8500 23.584
462 0.0000 0.0000 0.0000 0.0000 0.0000 0.0000 0.0030 0.0140 0.1010 0.2970 0.4440 0.9870 14.6260 20.720
463 0.0000 0.0000 0.0000 0.0000 0.0000 0.0000 0.0040 0.0560 0.2290 0.0510 0.2170 0.5860 19.1540 26.374
464 0.0000 0.0000 0.0000 0.0000 0.0000 0.0000 0.0060 0.1040 0.0160 0.0250 0.0610 0.1180 53.5620 60.356
465 0.0000 0.0000 0.0000 0.0000 0.0000 0.0000 0.0050 0.0810 0.0100 0.0220 0.0520 0.1110 41.3670 48.839
466 0.0000 0.0000 0.0000 0.0000 0.0000 0.0000 0.0040 0.0930 0.0060 0.0140 0.1740 0.4080 31.8640 38.193
467 0.0000 0.0010 0.0000 0.0000 0.0000 0.0000 0.0050 0.1300 0.0300 0.0280 0.0250 0.1140 33.5950 42.056
468 0.0000 0.0000 0.0000 0.0000 0.0000 0.0000 0.0060 0.1100 0.0160 0.0210 0.0510 0.1050 77.5090 85.520
469 0.0000 0.0000 0.0000 0.0000 0.0000 0.0010 0.0070 0.1890 0.0230 0.0340 39.0280 0.2940 159.8360 210.637
470 0.0000 0.0000 0.0000 0.0000 0.0000 0.0000 0.0090 0.2640 0.2090 0.0560 0.0760 0.1870 142.0620 154.760
471 0.0000 0.0000 0.0000 0.0000 0.0000 0.0000 0.0080 0.6780 0.1700 0.1500 0.1840 54.7700 204.9220 271.351
472 0.0000 0.0000 0.0000 0.0000 0.0000 0.0000 0.0070 0.4370 0.0150 0.0910 0.0720 0.1150 140.5550 152.025
473 0.0000 0.0000 0.0000 0.0000 0.0000 0.0000 0.0080 0.1060 0.5050 0.5900 1.8890 25.2240 69.7870 108.395
474 0.0000 0.0000 0.0000 0.0000 0.0010 0.0000 0.0100 0.3000 0.0410 0.0400 0.0300 0.2610 199.1910 212.856
475 0.0000 0.0010 0.0000 0.0000 0.0000 0.0000 0.0080 0.4380 0.3810 0.1710 0.7660 1.7840 100.4510 118.585
476 0.0000 0.0000 0.0000 0.0000 0.0000 0.0000 0.0130 0.4880 0.4260 0.0800 30.8940 77.9210 202.9140 328.031
477 0.0000 0.0000 0.0000 0.0000 0.0000 0.0000 0.0130 0.6430 0.4130 1.0910 1.2790 56.3780 230.7100 308.741
478 0.0000 0.0000 0.0000 0.0000 0.0000 0.0000 0.0090 0.5050 0.0310 0.0400 18.0400 34.0160 317.5990 387.440
479 0.0000 0.0000 0.0000 0.0000 0.0000 0.0000 0.0080 0.4930 0.1140 0.4790 25.0620 25.2310 325.8100 392.257
480 0.0000 0.0000 0.0000 0.0000 0.0000 0.0000 0.0170 1.8620 3.5110 20.2340 18.5460 72.2500 539.2040 683.537
481 0.0000 0.0000 0.0000 0.0000 0.0000 0.0000 0.0170 1.8610 1.0370 45.1070 23.7120 1.9030 1148.5780 1252.108
482 0.0000 0.0000 0.0000 0.0000 0.0000 0.0000 0.0140 0.5880 0.0950 0.0500 0.0650 0.1800 1438.2540 1456.525
483 0.0000 0.0000 0.0000 0.0000 0.0000 0.0000 0.0180 1.9060 0.1900 0.1170 0.3350 1.3190 1566.7780 1592.838
484 0.0000 0.0000 0.0000 0.0000 0.0000 0.0000 0.0180 0.7570 0.0780 0.1880 23.6180 461.6410 1220.8630 1735.756
520 0.0000 0.0000 0.0000 0.0000 0.0000 0.0000 0.0000 0.0000 0.0010 0.0010 0.0000 0.0150 0.0630 1.514
521 0.0000 0.0000 0.0000 0.0000 0.0000 0.0000 0.0000 0.0000 0.0000 0.0010 0.0010 0.0250 0.1890 2.670
522 0.0000 0.0000 0.0000 0.0000 0.0000 0.0000 0.0000 0.0000 0.0000 0.0010 0.0010 0.0310 0.2110 3.613
523 0.0000 0.0000 0.0000 0.0000 0.0000 0.0000 0.0000 0.0010 0.0000 0.0000 0.0010 0.0250 0.1480 3.771
524 0.0000 0.0000 0.0000 0.0000 0.0000 0.0000 0.0000 0.0000 0.0000 0.0000 0.0010 0.0250 0.1800 6.168
525 0.0000 0.0000 0.0000 0.0000 0.0000 0.0000 0.0000 0.0000 0.0000 0.0000 0.0010 0.0160 0.0670 4.209
526 0.0000 0.0000 0.0000 0.0000 0.0000 0.0000 0.0000 0.0000 0.0000 0.0000 0.0010 0.0250 0.1780 8.985
527 0.0000 0.0000 0.0000 0.0000 0.0000 0.0000 0.0000 0.0000 0.0000 0.0010 0.0000 0.0280 0.2000 12.938
528 0.0000 0.0000 0.0000 0.0000 0.0000 0.0000 0.0000 0.0000 0.0010 0.0000 0.0000 0.0270 0.1480 11.175
529 0.0000 0.0000 0.0000 0.0000 0.0000 0.0000 0.0000 0.0000 0.0000 0.0000 0.0010 0.0180 0.0920 16.219
530 0.0000 0.0000 0.0000 0.0000 0.0000 0.0000 0.0000 0.0000 0.0000 0.0000 0.0000 0.0210 0.8480 19.793
531 0.0000 0.0000 0.0000 0.0000 0.0000 0.0000 0.0000 0.0000 0.0000 0.0010 0.0000 0.0270 0.1440 23.173
532 0.0000 0.0000 0.0000 0.0000 0.0000 0.0010 0.0000 0.0000 0.0000 0.0000 0.0000 0.0290 0.2170 47.660
533 0.0000 0.0000 0.0000 0.0000 0.0000 0.0000 0.0000 0.0000 0.0000 0.0000 0.0000 0.0210 0.1280 57.460
534 0.0000 0.0000 0.0000 0.0000 0.0000 0.0000 0.0010 0.0010 0.0010 0.0010 0.0000 0.0310 0.1760 73.919
535 0.0000 0.0000 0.0000 0.0000 0.0000 0.0000 0.0000 0.0000 0.0000 0.0000 0.0010 0.0320 0.2300 141.589
536 0.0000 0.0000 0.0000 0.0000 0.0000 0.0010 0.0000 0.0000 0.0010 0.0000 0.0000 0.0310 0.2180 318.016
537 0.0000 0.0000 0.0000 0.0000 0.0000 0.0000 0.0000 0.0000 0.0000 0.0000 0.0000 0.0310 0.2320 357.594
538 0.0000 0.0000 0.0000 0.0000 0.0000 0.0000 0.0010 0.0000 0.0000 0.0000 0.0010 0.0290 0.1930 1790.441
539 0.0000 0.0000 0.0000 0.0000 0.0000 0.0000 0.0000 0.0010 0.0000 0.0010 0.0000 0.0210 0.1120 1315.447
550 0.0000 0.0000 0.0000 0.0000 0.0000 0.0000 0.0000 0.0000 0.0030 0.074
551 0.0000 0.0000 0.0000 0.0000 0.0000 0.0000 0.0000 0.0000 0.0000 0.0060 0.145
552 0.0000 0.0000 0.0000 0.0000 0.0000 0.0000 0.0000 0.0000 0.0000 0.0000 0.0080 0.319
553 0.0000 0.0000 0.0000 0.0000 0.0010 0.0000 0.0000 0.0000 0.0000 0.0000 0.0120 0.308
554 0.0000 0.0000 0.0000 0.0000 0.0000 0.0000 0.0000 0.0000 0.0000 0.0000 0.0000 0.0220 0.513
555 0.0000 0.0000 0.0000 0.0000 0.0000 0.0000 0.0000 0.0000 0.0000 0.0000 0.0000 0.0010 0.1470 1.565
556 0.0000 0.0000 0.0000 0.0000 0.0000 0.0000 0.0000 0.0000 0.0000 0.0000 0.0000 0.0270 0.6180 1.648
557 0.0000 0.0000 0.0000 0.0000 0.0000 0.0000 0.0000 0.0000 0.0010 0.0000 0.0040 0.0010 0.0010 0.4510 3.436
558 0.0000 0.0000 0.0000 0.0000 0.0000 0.0000 0.0000 0.0000 0.0000 0.0010 0.0030 0.0000 0.0010 0.0010 0.5540 4.039
559 0.0000 0.0000 0.0000 0.0000 0.0000 0.0000 0.0000 0.0000 0.0000 0.0000 0.0060 0.0000 0.0010 0.0020 1.5300 6.586
560 0.0000 0.0000 0.0000 0.0000 0.0000 0.0000 0.0000 0.0000 0.0000 0.0030 0.0000 0.0010 0.0000 0.0010 0.0020 2.9550 14.007
561 0.0000 0.0000 0.0000 0.0000 0.0000 0.0000 0.0000 0.0010 0.0000 0.0050 0.0020 0.0010 0.0020 0.0010 0.0010 0.0030 3.5860 18.787
562 0.0000 0.0000 0.0000 0.0000 0.0000 0.0000 0.0000 0.0000 0.0010 0.0050 0.0010 0.0010 0.0010 0.0020 0.0010 0.0030 6.7800 31.111
563 0.0000 0.0000 0.0000 0.0000 0.0000 0.0000 0.0000 0.0000 0.0010 0.0010 0.0080 0.0010 0.0020 0.0020 0.0040 0.0040 0.0070 16.2190 54.056
564 0.0000 0.0000 0.0000 0.0000 0.0000 0.0000 0.0000 0.0000 0.0010 0.0020 0.0110 0.0030 0.0030 0.0040 0.0050 0.0050 0.0060 0.0100 31.2830 122.273
565 0.0000 0.0000 0.0000 0.0000 0.0000 0.0000 0.0000 0.0000 0.0010 0.0030 0.0120 0.0030 0.0030 0.0030 0.0050 0.0060 0.0060 0.0100 48.7830 175.459
579 0.0000 0.0000 0.0000 0.0000 0.0000 0.0000 0.0000 0.0000 0.0500 3.202
581 0.0000 0.0000 0.0000 0.0000 0.0000 0.0000 0.0000 0.0010 0.0020 10.9000 249.361
599 0.0000 0.0000 0.0000 0.0000 0.0010 0.359
600 0.0000 0.0000 0.0000 0.0000 0.0000 0.0020 0.0040 0.0080 0.0470 2.121
601 0.0000 0.0000 0.0000 0.0000 0.0000 0.0000 0.131
602 0.0000 0.0000 0.0000 0.0000 0.0010 0.249
603 0.0000 0.0000 0.0000 0.0000 0.0010 0.0030 0.0080 1.267
604 0.0000 0.0000 0.0000 0.0000 0.0000 0.0040 0.0080 1.094
605 0.0000 0.0000 0.0000 0.0000 0.0010 0.0030 0.0060 0.0080 0.0840 4.438
606 0.0000 0.0000 0.0000 0.0000 0.0000 0.0000 0.0000 0.151
607 0.0000 0.0000 0.0000 0.0000 0.0000 0.0020 0.0050 0.0120 0.0180 0.1320 5.096
608 0.0000 0.0000 0.0000 0.0000 0.0000 0.0030 0.0050 0.0120 0.0210 0.0480 0.0760 9.149
609 0.0000 0.0000 0.0000 0.0000 0.0000 0.0020 0.0050 0.0130 0.0200 0.0850 5.232
610 0.0000 0.0000 0.0000 0.0000 0.0000 0.0020 0.0050 0.0140 0.0220 0.0420 0.3010 7.631
611 0.0000 0.0000 0.0000 0.0000 0.0000 0.0010 0.0030 0.0170 0.0490 0.0920 2.743
612 0.0000 0.0000 0.0000 0.0000 0.0010 0.0020 0.0040 0.0070 0.0120 0.0270 0.0520 6.013
613 0.0000 0.0000 0.0000 0.0000 0.0000 0.0020 0.0090 0.0580 1.885
614 0.0000 0.0000 0.0000 0.0000 0.0000 0.0010 0.0070 0.0240 0.0870 2.066
615 0.0000 0.0000 0.0000 0.0000 0.0000 0.0020 0.0050 0.0230 0.0420 2.949
616 0.0000 0.0000 0.0000 0.0000 0.0000 0.0010 0.0020 0.0070 0.0110 0.0190 0.0380 4.641
617 0.0000 0.0000 0.0000 0.0000 0.0000 0.0020 0.0030 0.0080 0.0420 0.0280 0.1340 5.142
618 0.0000 0.0000 0.0000 0.0000 0.0010 0.0010 0.0050 0.0080 0.0390 0.0320 0.1800 7.343
619 0.0000 0.0000 0.0000 0.0000 0.0010 0.0050 0.707
620 0.0000 0.0000 0.0000 0.0000 0.244
621 0.0000 0.0000 0.0000 0.0000 0.0010 0.0050 0.0240 1.158
622 0.0000 0.0000 0.0000 0.0000 0.0020 0.0010 0.0130 1.795
623 0.0000 0.0000 0.0000 0.0000 0.0000 0.0040 0.0060 0.671
624 0.0000 0.0000 0.0010 0.0000 0.0000 0.0040 0.0300 1.414
625 0.0000 0.0000 0.0000 0.0000 0.0010 0.0070 0.0120 0.1060 0.1540 4.245
626 0.0000 0.0000 0.0000 0.0000 0.0000 0.0040 0.0120 0.0250 0.0420 0.1880 0.5870 13.073
627 0.0000 0.0000 0.0000 0.0000 0.0000 0.0030 0.0110 0.0420 0.0700 0.3370 0.6200 12.073
628 0.0000 0.0000 0.0000 0.0000 0.0010 0.0040 0.0100 0.0480 0.0780 0.2010 6.509
629 0.0000 0.0000 0.0000 0.0000 0.0000 0.0010 0.0020 0.0000 0.0010 0.0010 0.7190 8.064
630 0.0000 0.0000 0.0000 0.0000 0.0010 0.0020 0.0060 0.0160 0.1080 2.710
631 0.0000 0.0000 0.0000 0.0000 0.0010 0.0030 0.0080 0.0490 0.0890 3.856
632 0.0000 0.0000 0.0000 0.0000 0.0010 0.0030 0.0150 0.0390 0.0820 0.0920 0.7820 12.995
633 0.0000 0.0000 0.0000 0.0000 0.0010 0.0030 0.0120 0.0410 0.0910 0.4390 2.5780 15.885
634 0.0000 0.0000 0.0000 0.0000 0.0000 0.0040 0.0070 0.0130 0.1070 0.1060 8.352
635 0.0000 0.0000 0.0000 0.0000 0.0010 0.0030 0.0090 0.0200 0.0530 0.2370 0.6080 10.024
636 0.0000 0.0000 0.0000 0.0000 0.0010 0.0040 0.0100 0.0590 0.4270 0.5530 6.914
637 0.0000 0.0000 0.0000 0.0000 0.0010 0.0030 0.0150 0.0540 1.2410 3.738
638 0.0000 0.0000 0.0000 0.0000 0.0010 0.0020 0.0070 0.0230 0.3430 3.1500 7.329
639 0.0000 0.0000 0.0000 0.0000 0.0000 0.0000 0.0000 0.0000 0.0020 0.0020 0.0050 0.0120 0.0060 0.0240 0.0370 0.0350 0.0940 4.434
641 0.0000 0.0000 0.0000 0.0000 0.0000 0.0000 0.0000 0.0020 0.0060 0.0060 0.0100 0.0340 0.774
663 0.0000 0.0000 0.0000 0.0000 0.0000 0.0000 0.0010 0.0010 0.0020 0.0020 0.0040 0.0130 0.0190 0.0700 0.1350 0.8670 20.904
685 0.0000 0.0000 0.0000 0.0010 0.0010 0.0010 0.0020 0.0030 0.0120 0.0160 0.0280 0.0350 0.0880 0.4080 0.4740 1.3300 206.3310 281.882
713 0.0000 0.0000 0.002
714 0.0000 0.0000 0.0000 0.0000 0.0000 0.0000 0.0000 0.0000 0.006
715 0.0000 0.0000 0.0000 0.0000 0.0000 0.0000 0.0000 0.0000 0.0010 0.027
716 0.0000 0.0000 0.0000 0.0000 0.0000 0.0000 0.0000 0.0010 0.0010 0.021
717 0.0000 0.0000 0.0000 0.0000 0.0000 0.0000 0.0000 0.0000 0.0010 0.0010 0.0010 0.0020 0.0000 0.051
718 0.0000 0.0000 0.0000 0.0000 0.0000 0.0000 0.0000 0.0010 0.0000 0.0000 0.0010 0.0000 0.0010 0.0040 0.0060 0.0090 0.0020 0.085
719 0.0000 0.0000 0.0000 0.0000 0.0000 0.0000 0.0000 0.0000 0.0010 0.0010 0.0000 0.0010 0.0010 0.0030 0.0030 0.0040 0.0000 0.050
720 0.0000 0.0000 0.0000 0.0000 0.0000 0.0000 0.0000 0.0000 0.0000 0.0020 0.0010 0.048
721 0.0000 0.0000 0.0000 0.0000 0.0000 0.0000 0.0000 0.0000 0.0000 0.0000 0.0000 0.0010 0.0010 0.0020 0.0070 0.0080 0.0120 0.0210 0.0450 0.0740 0.0960 0.1430 0.0920 0.593
722 0.0000 0.0000 0.0000 0.0000 0.0000 0.0000 0.0000 0.0000 0.0000 0.0010 0.0000 0.0010 0.0010 0.0040 0.0070 0.0090 0.0230 0.0230 0.0330 0.0610 0.0790 0.1230 0.1900 0.2080 0.2190 0.1650 0.2590 0.1190 1.675
723 0.0000 0.0000 0.0000 0.0000 0.0000 0.0000 0.0000 0.0000 0.0000 0.0000 0.0010 0.0020 0.0020 0.0110 0.0160 0.0300 0.0460 0.0870 0.1190 0.1970 0.1760 0.2810 0.3860 0.4790 0.5890 0.3080 0.3270 0.4690 0.5930 0.8280 1.1090 2.0350 1.8820 2.8670 3.3100 3.3910 7.1090 9.0760 0.2160 36.490
733 0.0000 0.0000 0.0000 0.0000 0.008
734 0.0000 0.0000 0.0000 0.0000 0.0000 0.023
735 0.0000 0.0000 0.0000 0.0000 0.020
736 0.0000 0.0000 0.0000 0.0000 0.043
737 0.0000 0.0000 0.0000 0.0000 0.0040 0.095
738 0.0000 0.0000 0.0000 0.0010 0.0050 0.093
739 0.0000 0.0000 0.0000 0.0000 0.0030 0.0080 0.154
740 0.0000 0.0000 0.0000 0.0010 0.0120 0.141
741 0.0000 0.0000 0.0000 0.0060 0.0140 0.0680 0.657
742 0.0000 0.0000 0.0000 0.0100 0.2360 1.1650 4.304
743 0.0000 0.0000 0.0000 0.0070 0.0890 0.2930 1.781
744 0.0000 0.0010 0.0000 0.0110 0.1060 0.8630 3.511
745 0.0000 0.0000 0.0000 0.0050 0.2780 3.5860 7.906
746 0.0000 0.0000 0.0000 0.0220 0.2490 1.4800 6.307
747 0.0000 0.0010 0.0000 0.0140 1.1410 2.6570 7.676
748 0.0000 0.0000 0.0000 0.0210 0.5750 2.904
749 0.0000 0.0000 0.0000 0.0550 1.0250 0.4310 9.123
750 0.0000 0.0000 0.0000 0.0670 1.0700 18.7480 33.759
751 0.0000 0.0000 0.0010 0.0000 3.2440 76.4290 122.448
752 0.0000 0.0000 0.0000 0.0010 2.8230 207.6100 254.423
753 0.0000 0.0000 0.0000 0.3630 0.6950 917.6600 59.9790 1093.249
754 0.0000 0.0000 0.0000 0.0000 6.7480 831.0460 969.884
755 0.0000 0.0000 0.0000 0.3040 12.1700 1286.1560 1451.917
763 0.0000 0.0000 0.0000 0.0000 0.0000 0.0000 0.0000 0.0000 0.008
764 0.0000 0.0000 0.0000 0.0000 0.0000 0.0000 0.0000 0.0010 0.043
765 0.0000 0.0000 0.0000 0.0000 0.0000 0.0000 0.0000 0.0010 0.056
766 0.0000 0.0000 0.0000 0.0000 0.0000 0.0000 0.0000 0.0070 0.180
767 0.0000 0.0000 0.0000 0.0000 0.0000 0.0000 0.0000 0.0300 0.318
768 0.0000 0.0000 0.0000 0.0000 0.0000 0.0000 0.0000 0.0330 0.340
769 0.0000 0.0010 0.0000 0.0000 0.0000 0.0000 0.0000 0.0670 0.606
770 0.0000 0.0010 0.0000 0.0000 0.0000 0.0000 0.0000 0.0190 0.302
771 0.0000 0.0000 0.0000 0.0000 0.0000 0.0000 0.0000 0.7410 1.789
772 0.0000 0.0000 0.0000 0.0000 0.0000 0.0000 0.0000 0.1700 2.003
773 0.0000 0.0010 0.0000 0.0000 0.0000 0.0000 0.0000 8.8020 15.547
774 0.0000 0.0010 0.0000 0.0000 0.0000 0.0000 0.0000 18.0860 24.436
775 0.0000 0.0010 0.0000 0.0000 0.0010 0.0000 0.0000 313.5930 334.327
776 0.0010 0.0010 0.0000 0.0000 0.0000 0.0000 0.0000 1157.5680 1218.229
777 0.0000 0.0010 0.0000 0.0000 0.0000 0.0010 0.0000 1443.8470 1545.388
780 0.0000 0.0000 0.0000 0.0000 0.0000 0.0000 0.0000 358.6620 401.158
783 0.0000 0.0000 0.0000 0.0000 0.0000 0.0000 0.055
784 0.0000 0.0000 0.0000 0.0000 0.0000 0.0010 0.057
785 0.0000 0.0000 0.0000 0.0000 0.0000 0.022
786 0.0000 0.0000 0.0000 0.0000 0.049
787 0.0000 0.0000 0.0000 0.0010 0.0010 0.0030 0.0050 0.0040 0.220
788 0.0000 0.0000 0.0000 0.0000 0.0000 0.0020 0.0020 0.0010 0.0020 0.0020 0.0020 0.0080 1.114
789 0.0000 0.0000 0.0000 0.0000 0.0010 0.0010 0.0020 0.0340 0.510
790 0.0000 0.0000 0.0000 0.0010 0.0010 0.0010 0.0040 0.0060 0.0050 0.454
791 0.0000 0.0000 0.0000 0.0000 0.0000 0.0010 0.0020 0.200
792 0.0000 0.0000 0.0000 0.0010 0.0010 0.0010 0.0020 0.0060 0.0180 0.0150 0.467
793 0.0000 0.0000 0.0000 0.0000 0.0010 0.0020 0.0030 0.0050 0.0030 0.223
794 0.0000 0.0000 0.0000 0.0010 0.0010 0.0010 0.0030 0.0060 0.226
795 0.0000 0.0000 0.0000 0.0010 0.0000 0.0010 0.0100 0.0020 0.0550 1.082
796 0.0000 0.0000 0.0000 0.0010 0.0020 0.0020 0.0020 0.0190 1.097
797 0.0000 0.0000 0.0000 0.0020 0.0070 0.0030 0.0500 0.0090 0.0630 0.8320 0.0620 0.1220 0.0220 0.0900 0.0640 1.4600 0.1400 0.4780 0.0720 0.4940 1.7870 0.3030 233.389
798 0.0000 0.0000 0.0000 0.0000 0.0010 0.0010 0.0030 0.0050 0.0040 0.0030 0.0090 0.0070 0.0110 2.030
799 0.0000 0.0000 0.0000 0.0000 0.0010 0.0010 0.0060 0.0020 0.0040 0.796
800 0.0000 0.0000 0.0000 0.0010 0.0040 0.0020 0.0060 0.0170 0.0360 0.0110 0.0300 0.0130 0.0480 0.0090 0.0280 12.514
801 0.0000 0.0000 0.0000 0.0000 0.0010 0.0020 0.0050 0.0040 0.0070 0.732
802 0.0000 0.0000 0.0000 0.0010 0.0010 0.0020 0.0070 0.0160 0.0030 0.0050 0.0080 0.0050 0.0090 0.0440 6.274
803 0.0000 0.0000 0.0000 0.0000 0.0000 0.003
804 0.0000 0.0000 0.0000 0.0000 0.0000 0.0000 0.0000 0.0000 0.004
805 0.0000 0.0000 0.0000 0.0000 0.0000 0.0000 0.0000 0.0000 0.0000 0.0000 0.0000 0.0000 0.0000 0.018
806 0.0000 0.0000 0.0000 0.0000 0.0000 0.0000 0.0000 0.0000 0.0000 0.0000 0.0000 0.0000 0.0000 0.0010 0.0000 0.0000 0.0000 0.0000 0.0000 0.0000 0.0000 0.0000 0.094
807 0.0000 0.0000 0.0000 0.0000 0.0000 0.0000 0.0000 0.0000 0.0000 0.0000 0.0000 0.0000 0.0000 0.0000 0.0010 0.0000 0.0000 0.0030 0.0000 0.0000 0.0000 0.0000 0.0000 0.0000 0.0000 0.0000 0.0000 0.0000 0.0010 0.0010 0.0000 0.0000 0.0000 0.0000 0.0000 0.0000 0.0000 0.0000 0.0000 0.266
808 0.0000 0.0000 0.0000 0.0000 0.0000 0.0000 0.0000 0.0000 0.0000 0.0000 0.0000 0.0000 0.0000 0.0000 0.0000 0.0010 0.0000 0.0000 0.0000 0.0000 0.0000 0.0000 0.0000 0.0000 0.0000 0.0000 0.0000 0.0000 0.0000 0.0000 0.0000 0.0000 0.0000 0.0010 0.0000 0.0000 0.0000 0.0000 0.0000 0.0010 0.0000 0.0000 0.0000 0.0000 0.0000 0.0000 0.0000 0.0000 0.0000 0.0010 0.0000 0.0000 0.0000 0.0000 0.0000 0.0000 0.0000 0.0000 0.0000 0.0010 0.0000 0.0010 0.0000 0.0000 0.0000 0.0000 0.0000 0.0000 0.0000 0.0000 0.0000 0.0000 0.964
809 0.0000 0.0000 0.0000 0.0000 0.0000 0.0000 0.0000 0.0000 0.0000 0.0000 0.0000 0.0000 0.0000 0.0000 0.0000 0.0000 0.0000 0.0000 0.0010 0.0000 0.0010 0.0000 0.0000 0.0000 0.0000 0.0000 0.0000 0.0000 0.0010 0.0000 0.0000 0.0000 0.0000 0.0010 0.0000 0.0000 0.0000 0.0010 0.0010 0.0010 0.0000 0.0000 0.0000 0.0000 0.0010 0.0000 0.0010 0.0000 0.0000 0.0000 0.0010 0.0000 0.0000 0.0000 0.0000 0.0010 0.0010 0.0000 0.0010 0.0000 0.0030 0.0000 0.0000 0.0000 0.0000 0.0010 0.0000 0.0000 0.0000 0.0000 0.0000 0.0000 0.0010 0.0000 0.0000 0.0000 0.0000 0.0000 0.0010 0.0000 0.0010 0.0000 0.0000 0.0000 0.0000 0.0000 0.0000 0.0000 0.0010 0.0000 0.0000 0.0000 0.0010 0.0000 0.0000 0.0000 0.0030 0.0000 0.0010 0.0000 0.0000 0.0000 0.0010 0.0000 0.0010 0.0000 0.0000 0.0020 0.0000 0.0000 0.0000 0.0000 0.0000 0.0000 0.0000 0.0000 0.0000 0.0000 0.0010 0.0000 0.0000 0.0000 0.0000 0.0000 0.0000 0.0020 0.0000 0.0000 0.0010 0.0000 0.0000 0.0000 0.0000 0.0000 0.0000 0.0000 0.0010 7.680
810 0.0000 0.0000 0.0000 0.0000 0.0000 0.0000 0.0000 0.0000 0.0000 0.0000 0.0000 0.0000 0.0000 0.0000 0.0000 0.0000 0.0000 0.0000 0.0000 0.0000 0.0000 0.0000 0.0000 0.0000 0.0000 0.0000 0.0000 0.0000 0.0000 0.0000 0.0000 0.0000 0.0000 0.0000 0.0000 0.0010 0.0000 0.0010 0.0000 0.0000 0.0000 0.0010 0.0000 0.0000 0.0000 0.0000 0.0000 0.0000 0.0000 0.0000 0.0000 0.0000 0.0000 0.0000 0.0000 0.0000 0.0000 0.0000 0.0000 0.0000 0.0000 0.0000 0.0000 0.0000 0.0000 0.0000 0.0000 0.0000 0.0000 0.0000 0.0000 0.0000 0.0000 0.0030 0.0000 0.0000 0.0000 0.0000 0.0000 0.0010 0.0000 0.0000 0.0000 0.0000 0.0000 0.0000 0.0000 0.0020 0.0000 0.0000 0.0000 0.0010 0.0000 0.0010 0.0000 0.0000 0.0000 0.0000 0.0000 0.0010 0.0020 0.0000 0.0000 0.0000 0.0000 0.0000 0.0010 0.0000 0.0000 0.0000 0.0000 0.0010 0.0000 0.0000 0.0000 0.0000 0.0000 0.0000 0.0000 0.0000 0.0000 0.0020 0.0000 0.0010 0.0000 0.0000 0.0010 0.0000 0.0010 0.0010 0.0000 0.0000 0.0000 0.0020 0.0000 0.0000 0.0000 0.0000 0.0000 0.0000 0.0000 0.0000 0.0000 0.0000 0.0000 0.0010 0.0000 0.0010 0.0000 0.0010 0.0000 0.0010 0.0000 0.0000 0.0000 0.0050 0.0010 0.0000 0.0000 0.0000 0.0000 0.0000 0.0000 0.0000 0.0000 0.0000 0.0020 0.0000 0.0000 0.0000 0.0000 0.0010 0.0000 0.0000 0.0000 0.0000 0.0000 0.0000 0.0000 0.0000 0.0000 0.0000 0.0000 0.0030 0.0000 0.0000 0.0000 0.0010 0.0000 0.0000 0.0000 0.0000 0.0000 0.0010 0.0010 0.0000 0.0000 0.0000 0.0000 0.0000 0.0000 0.0050 0.0000 0.0010 0.0000 0.0000 0.0000 0.0010 0.0000 0.0030 0.0000 0.0000 0.0010 0.0000 0.0000 0.0010 0.0000 0.1770 0.0000 0.0010 0.0000 0.0000 0.0000 0.0000 0.0000 0.0000 0.0000 0.0010 0.0000 0.0000 0.0000 0.0000 0.0000 0.0000 0.0060 0.0000 0.0000 0.0000 0.0000 0.0010 0.0000 0.3510 0.0000 0.0000 0.0000 0.0000 0.0000 0.0040 0.0000 0.0010 0.0000 0.0000 0.0000 0.0000 0.0000 0.0060 0.0000 0.0010 0.0000 0.0000 0.0000 0.7350 0.0000 0.0000 0.0000 0.0020 42.634
811 0.0000 0.0000 0.0000 0.0000 0.0000 0.0000 0.0000 0.0000 0.0000 0.0000 0.0000 0.0000 0.0000 0.0000 0.0000 0.0000 0.0000 0.0000 0.0000 0.0000 0.0010 0.0000 0.0000 0.0000 0.0000 0.0000 0.0010 0.0000 0.0000 0.0000 0.0010 0.0000 0.0000 0.0000 0.0010 0.0000 0.0000 0.0000 0.0010 0.0000 0.0020 0.0000 0.0010 0.0000 0.0000 0.0000 0.0000 0.0000 0.0000 0.0000 0.0010 0.0000 0.0010 0.0000 0.0000 0.0000 0.0000 0.0000 0.0000 0.0010 0.0010 0.0000 0.0000 0.0000 0.0000 0.0000 0.0000 0.0000 0.0000 0.0000 0.0010 0.0000 0.0000 0.0000 0.0000 0.0000 0.0010 0.0000 0.0000 0.0000 0.0000 0.0000 0.0000 0.0000 0.0000 0.0000 0.0010 0.0040 0.0010 0.0010 0.0000 0.0000 0.0000 0.0000 0.0010 0.0000 0.0010 0.0000 0.0000 0.0000 0.0010 0.0000 0.0000 0.0000 0.0000 0.0000 0.0010 0.0000 0.0000 0.0000 0.0020 0.0000 0.0000 0.0000 0.0010 0.0000 0.0010 0.0000 0.0000 0.0000 0.0010 0.0000 0.0000 0.0000 0.0000 0.0030 0.0000 0.0000 0.0000 0.0000 0.0000 0.0000 0.0000 0.0000 0.0000 0.0000 0.0010 0.0000 0.0000 0.0000 0.0000 0.0000 0.0000 0.0000 0.0010 0.0000 0.0030 0.0000 0.0000 0.0000 0.0000 0.0000 0.0000 0.0000 0.0000 0.0000 0.0000 0.0000 0.0020 0.0000 0.0000 0.0000 0.0010 0.0000 0.0000 0.0000 0.0000 0.0000 0.0000 0.0000 0.0000 0.0000 0.0000 0.0000 0.0000 0.0000 0.0000 0.0000 0.0000 0.0000 0.0000 0.0050 0.0000 0.0000 0.0010 0.0000 0.0000 0.0000 0.0010 0.0000 0.0010 0.0000 0.0010 0.0000 0.0010 0.0000 0.0010 0.0000 0.0030 0.0000 0.0000 0.0000 0.0000 0.0000 0.0010 0.0000 0.0000 0.0000 0.0030 0.0000 0.0000 0.0000 0.0000 0.0000 0.0010 0.0000 0.0000 0.0000 0.0000 0.0000 0.0010 0.0000 0.0010 0.0000 0.0000 0.0000 0.0010 0.0000 0.0050 0.0000 0.0000 0.0000 0.0000 0.0000 0.0000 0.0000 0.0000 0.0050 0.0000 0.0010 0.0000 0.0000 0.0000 0.0000 0.0000 0.0000 0.0010 0.0000 0.0000 0.0000 0.0000 0.0000 0.0060 0.0000 0.0000 0.0000 0.0010 0.0010 0.0000 0.0000 0.0010 0.0000 0.0010 0.0000 0.0010 0.0000 0.0000 0.0000 0.0000 0.2230 0.0010 0.0000 0.0010 0.0000 0.0000 0.0000 0.0010 0.0010 0.0000 0.0000 0.0000 0.0000 0.0010 0.0070 0.0010 0.0000 0.0000 0.0000 0.0000 0.0000 0.0000 0.0000 0.0000 0.0000 0.0010 0.0000 0.0000 0.0050 0.0000 0.0000 0.0010 0.0000 0.0010 0.0000 0.0000 0.0000 0.0000 0.0000 0.0000 0.0000 0.3550 0.0010 0.0010 0.0000 0.3820 0.0000 0.0010 0.0000 0.0050 0.0000 0.2140 0.0000 0.0000 0.0000 0.0000 0.0000 0.6570 0.0000 0.0000 0.0010 0.0000 0.0000 0.0010 0.0000 0.0070 0.0000 0.0010 0.0000 0.0010 0.0000 0.0020 0.0000 0.0000 0.0000 0.0000 0.0000 0.0010 0.0000 0.4040 0.0000 0.0010 0.0000 0.0000 0.0000 0.0000 0.0000 0.0000 0.0010 0.0000 0.0000 0.0000 0.0000 0.0000 0.0080 0.0000 0.0000 0.0000 0.0000 0.0000 0.0000 0.0000 0.0000 0.0010 0.0000 0.0070 0.0000 0.1730 0.0010 0.0010 0.0000 0.0020 0.0000 0.0010 0.0000 0.0000 0.0000 0.6330 0.0000 0.0010 0.0000 0.4580 0.0000 0.0020 0.0000 0.0010 0.0000 0.0000 0.0000 0.0010 0.4570 0.0000 0.0000 0.0010 0.0000 0.0000 0.0000 0.0010 0.0000 0.7240 0.0000 0.6970 0.0000 0.0010 0.0000 0.0010 0.0000 0.0000 0.0000 0.0000 0.0000 0.0000 0.0000 0.0010 0.0130 0.0000 0.0010 0.0010 0.0010 0.0010 0.0000 0.0010 0.0000 0.0010 0.0120 0.0000 0.0000 0.0000 0.9770 0.0000 0.0000 0.0000 0.0000 0.0000 0.0130 0.0010 0.0000 0.0000 0.0000 0.0000 0.0000 0.0000 0.0010 0.0030 0.0000 0.0000 0.0000 0.0000 0.0000 0.0000 0.0000 0.0000 0.0010 0.0010 0.0000 0.0100 0.0000 0.0000 0.6690 0.0000 0.0000 0.0030 1.4300 0.0010 0.9690 0.0000 0.0000 0.0010 0.0000 0.0000 0.0000 0.0000 1.0720 0.0110 0.9470 0.0000 1.1120 0.0000 0.0000 0.0000 0.0000 0.0000 1.3290 0.0010 0.0000 0.0120 1.1410 0.0000 0.0000 0.0010 1.0850 0.0000 0.7270 0.0010 0.0000 0.0000 0.0050 0.0000 0.0000 0.0000 0.0000 0.0000 1.1480 0.0000 0.0000 0.0110 0.0000 0.0010 0.0000 0.0000 1.4410 0.0010 0.0000 0.0090 279.658
823 0.0010 0.0000 0.0000 0.003
824 0.0000 0.0000 0.0000 0.0000 0.0010 0.018
825 0.0000 0.0000 0.0000 0.0000 0.006
826 0.0000 0.0000 0.0000 0.0000 0.0000 0.021
827 0.0000 0.0000 0.0000 0.0000 0.0000 0.027
828 0.0000 0.0000 0.0000 0.0000 0.0010 0.027
829 0.0000 0.0000 0.0000 0.0000 0.0000 0.023
830 0.0000 0.0000 0.0000 0.0010 0.0010 0.0000 0.029
831 0.0000 0.0000 0.0000 0.0000 0.025
832 0.0000 0.0000 0.0000 0.0010 0.017
833 0.0000 0.0000 0.0000 0.0010 0.0000 0.036
834 0.0000 0.0000 0.0000 0.0020 0.0010 0.041
835 0.0000 0.0000 0.0000 0.0000 0.0010 0.020
836 0.0000 0.0000 0.0000 0.0010 0.0010 0.050
837 0.0000 0.0000 0.0000 0.0010 0.0050 0.063
838 0.0000 0.0000 0.0010 0.0000 0.0000 0.0030 0.067
839 0.0000 0.0000 0.0000 0.0020 0.0020 0.0050 0.073
840 0.0000 0.0000 0.0000 0.0060 0.042
841 0.0000 0.0000 0.0010 0.0020 0.0040 0.0100 0.151
842 0.0000 0.0000 0.0000 0.0000 0.0030 0.0100 0.0100 0.106
843 0.0000 0.0000 0.0000 0.0000 0.0090 0.0230 0.0090 0.191
844 0.0000 0.0000 0.0000 0.0010 0.0570 0.0080 0.186
845 0.0000 0.0000 0.0000 0.0030 0.0020 0.0840 0.0110 0.269
846 0.0000 0.0000 0.0000 0.0110 0.0520 0.0100 0.210
847 0.0000 0.0000 0.0010 0.0020 1.1220 0.0420 1.431
848 0.0000 0.0000 0.0010 0.0130 0.3760 1.4620 4.0830 0.3170 7.376
849 0.0000 0.0000 0.0020 0.0040 0.0280 0.286
850 0.0000 0.0000 0.0020 0.0900 0.0840 0.0140 2.4100 0.2370 3.884
851 0.0000 0.0000 0.0020 0.0280 0.5300 39.8930 1.1240 43.234
852 0.0000 0.0000 0.0000 0.0020 0.0410 4.0450 0.7660 5.901
853 0.0000 0.0000 0.0000 0.0080 0.6940 11.5870 14.611
854 0.0000 0.0000 0.0060 0.0080 3.9440 13.5120 19.409
855 0.0000 0.0000 0.0100 0.1400 0.0120 175.0820 104.1210 288.243
863 0.0000 0.0000 0.0000 0.0000 0.0000 0.0000 0.033
864 0.0000 0.0000 0.0000 0.023
865 0.0000 0.0010 0.0000 0.039
866 0.0000 0.0000 0.0000 0.0000 0.0000 0.022
867 0.0000 0.0000 0.0000 0.0000 0.022
868 0.0000 0.0000 0.0000 0.0000 0.020
869 0.0000 0.0000 0.0000 0.0000 0.0000 0.0000 0.061
870 0.0000 0.0000 0.0000 0.0000 0.0000 0.0010 0.101
871 0.0000 0.0000 0.0000 0.0000 0.0000 0.0010 0.058
872 0.0000 0.0000 0.0000 0.0000 0.0000 0.0010 0.073
873 0.0000 0.0000 0.0000 0.0000 0.0000 0.0020 0.106
874 0.0000 0.0000 0.0000 0.0000 0.0000 0.0000 0.047
875 0.0000 0.0000 0.0000 0.0000 0.0000 0.0000 0.079
876 0.0000 0.0000 0.0000 0.0000 0.0000 0.0000 0.077
877 0.0000 0.0000 0.0000 0.0000 0.0000 0.0000 0.087
878 0.0000 0.0000 0.0000 0.0000 0.0000 0.0020 0.096
879 0.0000 0.0000 0.0000 0.0000 0.0000 0.0000 0.108
880 0.0000 0.0000 0.0000 0.0000 0.0000 0.0020 0.194
881 0.0000 0.0000 0.0000 0.0000 0.0000 0.0030 0.168
882 0.0000 0.0000 0.0000 0.0000 0.0000 0.0080 0.231
883 0.0000 0.0000 0.0000 0.0000 0.0000 0.0070 0.301
884 0.0000 0.0000 0.0000 0.0000 0.0010 0.0270 0.611
885 0.0000 0.0000 0.0000 0.0000 0.0010 0.0360 0.491
886 0.0000 0.0000 0.0000 0.0000 0.0010 0.0390 0.610
887 0.0000 0.0000 0.0010 0.0000 0.0020 0.1780 0.997
888 0.0000 0.0000 0.0000 0.0000 0.0010 0.1640 1.215
889 0.0000 0.0000 0.0000 0.0000 0.0020 0.2180 1.365
890 0.0000 0.0000 0.0000 0.0000 0.0020 0.7020 2.038
891 0.0000 0.0000 0.0000 0.0000 0.0020 0.2920 1.723
892 0.0000 0.0010 0.0000 0.0000 0.0020 0.6550 2.628
