0.004 0.00186567
0.004 0.00373134
0.004 0.00559701
0.004 0.00746269
0.004 0.00932836
0.004 0.011194
0.004 0.0130597
0.004 0.0149254
0.005 0.016791
0.005 0.0186567
0.005 0.0205224
0.005 0.0223881
0.005 0.0242537
0.005 0.0261194
0.005 0.0279851
0.005 0.0298507
0.005 0.0317164
0.005 0.0335821
0.005 0.0354478
0.005 0.0373134
0.006 0.0391791
0.006 0.0410448
0.006 0.0429104
0.006 0.0447761
0.006 0.0466418
0.006 0.0485075
0.006 0.0503731
0.006 0.0522388
0.006 0.0541045
0.006 0.0559701
0.006 0.0578358
0.006 0.0597015
0.007 0.0615672
0.007 0.0634328
0.007 0.0652985
0.007 0.0671642
0.007 0.0690299
0.007 0.0708955
0.007 0.0727612
0.007 0.0746269
0.007 0.0764925
0.008 0.0783582
0.008 0.0802239
0.008 0.0820896
0.008 0.0839552
0.009 0.0858209
0.009 0.0876866
0.009 0.0895522
0.009 0.0914179
0.009 0.0932836
0.009 0.0951493
0.009 0.0970149
0.009 0.0988806
0.009 0.100746
0.009 0.102612
0.009 0.104478
0.01 0.106343
0.01 0.108209
0.01 0.110075
0.01 0.11194
0.011 0.113806
0.011 0.115672
0.011 0.117537
0.011 0.119403
0.011 0.121269
0.011 0.123134
0.011 0.125
0.011 0.126866
0.011 0.128731
0.011 0.130597
0.012 0.132463
0.012 0.134328
0.012 0.136194
0.012 0.13806
0.012 0.139925
0.012 0.141791
0.012 0.143657
0.012 0.145522
0.012 0.147388
0.012 0.149254
0.013 0.151119
0.013 0.152985
0.014 0.154851
0.015 0.156716
0.015 0.158582
0.015 0.160448
0.015 0.162313
0.015 0.164179
0.015 0.166045
0.015 0.16791
0.015 0.169776
0.015 0.171642
0.015 0.173507
0.016 0.175373
0.016 0.177239
0.016 0.179104
0.016 0.18097
0.018 0.182836
0.018 0.184701
0.018 0.186567
0.018 0.188433
0.018 0.190299
0.018 0.192164
0.018 0.19403
0.018 0.195896
0.018 0.197761
0.018 0.199627
0.018 0.201493
0.019 0.203358
0.019 0.205224
0.019 0.20709
0.019 0.208955
0.019 0.210821
0.019 0.212687
0.019 0.214552
0.019 0.216418
0.02 0.218284
0.02 0.220149
0.022 0.222015
0.023 0.223881
0.023 0.225746
0.023 0.227612
0.023 0.229478
0.023 0.231343
0.024 0.233209
0.024 0.235075
0.024 0.23694
0.024 0.238806
0.025 0.240672
0.028 0.242537
0.028 0.244403
0.028 0.246269
0.028 0.248134
0.028 0.25
0.028 0.251866
0.029 0.253731
0.029 0.255597
0.029 0.257463
0.029 0.259328
0.029 0.261194
0.03 0.26306
0.034 0.264925
0.034 0.266791
0.035 0.268657
0.035 0.270522
0.035 0.272388
0.035 0.274254
0.035 0.276119
0.036 0.277985
0.038 0.279851
0.042 0.281716
0.042 0.283582
0.043 0.285448
0.043 0.287313
0.043 0.289179
0.043 0.291045
0.045 0.29291
0.045 0.294776
0.045 0.296642
0.05 0.298507
0.05 0.300373
0.051 0.302239
0.051 0.304104
0.051 0.30597
0.051 0.307836
0.051 0.309701
0.051 0.311567
0.052 0.313433
0.052 0.315299
0.052 0.317164
0.052 0.31903
0.052 0.320896
0.052 0.322761
0.052 0.324627
0.052 0.326493
0.054 0.328358
0.055 0.330224
0.055 0.33209
0.06 0.333955
0.061 0.335821
0.061 0.337687
0.061 0.339552
0.062 0.341418
0.062 0.343284
0.062 0.345149
0.062 0.347015
0.062 0.348881
0.063 0.350746
0.063 0.352612
0.064 0.354478
0.064 0.356343
0.064 0.358209
0.064 0.360075
0.065 0.36194
0.065 0.363806
0.065 0.365672
0.066 0.367537
0.071 0.369403
0.071 0.371269
0.071 0.373134
0.072 0.375
0.073 0.376866
0.073 0.378731
0.074 0.380597
0.074 0.382463
0.075 0.384328
0.075 0.386194
0.075 0.38806
0.075 0.389925
0.082 0.391791
0.082 0.393657
0.082 0.395522
0.083 0.397388
0.083 0.399254
0.084 0.401119
0.084 0.402985
0.085 0.404851
0.086 0.406716
0.086 0.408582
0.087 0.410448
0.091 0.412313
0.091 0.414179
0.091 0.416045
0.092 0.41791
0.092 0.419776
0.093 0.421642
0.095 0.423507
0.096 0.425373
0.096 0.427239
0.097 0.429104
0.102 0.43097
0.102 0.432836
0.102 0.434701
0.102 0.436567
0.103 0.438433
0.104 0.440299
0.105 0.442164
0.106 0.44403
0.106 0.445896
0.106 0.447761
0.106 0.449627
0.108 0.451493
0.108 0.453358
0.108 0.455224
0.112 0.45709
0.114 0.458955
0.117 0.460821
0.117 0.462687
0.117 0.464552
0.12 0.466418
0.122 0.468284
0.122 0.470149
0.124 0.472015
0.124 0.473881
0.124 0.475746
0.125 0.477612
0.127 0.479478
0.129 0.481343
0.129 0.483209
0.13 0.485075
0.132 0.48694
0.135 0.488806
0.136 0.490672
0.138 0.492537
0.138 0.494403
0.14 0.496269
0.141 0.498134
0.145 0.5
0.145 0.501866
0.148 0.503731
0.148 0.505597
0.151 0.507463
0.155 0.509328
0.156 0.511194
0.163 0.51306
0.165 0.514925
0.165 0.516791
0.166 0.518657
0.167 0.520522
0.168 0.522388
0.168 0.524254
0.169 0.526119
0.173 0.527985
0.174 0.529851
0.178 0.531716
0.181 0.533582
0.182 0.535448
0.183 0.537313
0.187 0.539179
0.188 0.541045
0.189 0.54291
0.195 0.544776
0.195 0.546642
0.201 0.548507
0.202 0.550373
0.203 0.552239
0.206 0.554104
0.206 0.55597
0.207 0.557836
0.209 0.559701
0.213 0.561567
0.216 0.563433
0.22 0.565299
0.226 0.567164
0.227 0.56903
0.229 0.570896
0.229 0.572761
0.232 0.574627
0.234 0.576493
0.235 0.578358
0.237 0.580224
0.238 0.58209
0.242 0.583955
0.244 0.585821
0.245 0.587687
0.247 0.589552
0.248 0.591418
0.251 0.593284
0.256 0.595149
0.261 0.597015
0.261 0.598881
0.262 0.600746
0.263 0.602612
0.268 0.604478
0.268 0.606343
0.274 0.608209
0.274 0.610075
0.277 0.61194
0.278 0.613806
0.278 0.615672
0.283 0.617537
0.287 0.619403
0.287 0.621269
0.291 0.623134
0.292 0.625
0.294 0.626866
0.298 0.628731
0.303 0.630597
0.305 0.632463
0.31 0.634328
0.316 0.636194
0.318 0.63806
0.322 0.639925
0.322 0.641791
0.324 0.643657
0.331 0.645522
0.335 0.647388
0.341 0.649254
0.341 0.651119
0.345 0.652985
0.354 0.654851
0.363 0.656716
0.365 0.658582
0.365 0.660448
0.366 0.662313
0.37 0.664179
0.375 0.666045
0.377 0.66791
0.38 0.669776
0.381 0.671642
0.384 0.673507
0.389 0.675373
0.393 0.677239
0.394 0.679104
0.399 0.68097
0.4 0.682836
0.402 0.684701
0.407 0.686567
0.408 0.688433
0.41 0.690299
0.414 0.692164
0.418 0.69403
0.418 0.695896
0.427 0.697761
0.428 0.699627
0.429 0.701493
0.438 0.703358
0.444 0.705224
0.449 0.70709
0.452 0.708955
0.453 0.710821
0.453 0.712687
0.457 0.714552
0.46 0.716418
0.469 0.718284
0.471 0.720149
0.471 0.722015
0.478 0.723881
0.48 0.725746
0.485 0.727612
0.49 0.729478
0.505 0.731343
0.508 0.733209
0.511 0.735075
0.517 0.73694
0.519 0.738806
0.52 0.740672
0.523 0.742537
0.531 0.744403
0.554 0.746269
0.562 0.748134
0.565 0.75
0.572 0.751866
0.578 0.753731
0.593 0.755597
0.595 0.757463
0.621 0.759328
0.637 0.761194
0.654 0.76306
0.662 0.764925
0.667 0.766791
0.67 0.768657
0.678 0.770522
0.708 0.772388
0.728 0.774254
0.734 0.776119
0.746 0.777985
0.757 0.779851
0.76 0.781716
0.818 0.783582
0.87 0.785448
0.912 0.787313
0.979 0.789179
1.006 0.791045
1.084 0.79291
1.335 0.794776
1.372 0.796642
1.402 0.798507
1.522 0.800373
1.546 0.802239
1.623 0.804104
1.638 0.80597
1.685 0.807836
1.763 0.809701
1.769 0.811567
1.82 0.813433
1.945 0.815299
1.954 0.817164
1.98 0.81903
2.096 0.820896
2.106 0.822761
2.121 0.824627
2.125 0.826493
2.188 0.828358
2.284 0.830224
2.284 0.83209
2.408 0.833955
2.415 0.835821
2.48 0.837687
2.827 0.839552
2.999 0.841418
3.191 0.843284
3.437 0.845149
3.479 0.847015
3.681 0.848881
3.785 0.850746
4.25 0.852612
4.962 0.854478
4.968 0.856343
6.098 0.858209
6.54 0.860075
6.838 0.86194
6.988 0.863806
6.999 0.865672
7.012 0.867537
7.368 0.869403
7.382 0.871269
8.138 0.873134
8.567 0.875
8.808 0.876866
8.863 0.878731
9.142 0.880597
9.303 0.882463
9.403 0.884328
9.593 0.886194
9.76 0.88806
9.784 0.889925
9.82 0.891791
10.104 0.893657
10.165 0.895522
10.445 0.897388
10.495 0.899254
10.807 0.901119
11.834 0.902985
12.299 0.904851
12.456 0.906716
12.492 0.908582
14.243 0.910448
14.635 0.912313
15.744 0.914179
17.153 0.916045
17.352 0.91791
19.906 0.919776
26.741 0.921642
30.984 0.923507
38.426 0.925373
38.604 0.927239
43.092 0.929104
43.108 0.93097
44.569 0.932836
45.948 0.934701
52.807 0.936567
52.917 0.938433
54.963 0.940299
56.511 0.942164
59.174 0.94403
63.592 0.945896
72.09 0.947761
79.847 0.949627
81.763 0.951493
82.569 0.953358
84.507 0.955224
86.664 0.95709
90.823 0.958955
103.418 0.960821
105.442 0.962687
107.07 0.964552
109.082 0.966418
119.611 0.968284
130.395 0.970149
138.628 0.972015
146.15 0.973881
209.468 0.975746
213.256 0.977612
276.753 0.979478
285.505 0.981343
287.422 0.983209
358.217 0.985075
358.566 0.98694
376.691 0.988806
382.322 0.990672
477.59 0.992537
545.097 0.994403
565.586 0.996269
599.232 0.998134
916.998 1
