0.003 0.000161786
0.003 0.000323572
0.003 0.000485358
0.003 0.000647144
0.003 0.000808931
0.003 0.000970717
0.003 0.0011325
0.003 0.00129429
0.003 0.00145608
0.003 0.00161786
0.003 0.00177965
0.003 0.00194143
0.003 0.00210322
0.003 0.00226501
0.003 0.00242679
0.003 0.00258858
0.003 0.00275036
0.003 0.00291215
0.003 0.00307394
0.003 0.00323572
0.003 0.00339751
0.003 0.00355929
0.003 0.00372108
0.003 0.00388287
0.003 0.00404465
0.003 0.00420644
0.003 0.00436823
0.004 0.00453001
0.004 0.0046918
0.004 0.00485358
0.004 0.00501537
0.004 0.00517716
0.004 0.00533894
0.004 0.00550073
0.004 0.00566251
0.004 0.0058243
0.004 0.00598609
0.004 0.00614787
0.004 0.00630966
0.004 0.00647144
0.004 0.00663323
0.004 0.00679502
0.004 0.0069568
0.004 0.00711859
0.004 0.00728038
0.004 0.00744216
0.004 0.00760395
0.004 0.00776573
0.004 0.00792752
0.004 0.00808931
0.004 0.00825109
0.004 0.00841288
0.004 0.00857466
0.004 0.00873645
0.004 0.00889824
0.004 0.00906002
0.004 0.00922181
0.004 0.00938359
0.004 0.00954538
0.004 0.00970717
0.004 0.00986895
0.004 0.0100307
0.004 0.0101925
0.004 0.0103543
0.004 0.0105161
0.004 0.0106779
0.004 0.0108397
0.004 0.0110015
0.004 0.0111632
0.004 0.011325
0.004 0.0114868
0.004 0.0116486
0.004 0.0118104
0.004 0.0119722
0.004 0.012134
0.004 0.0122957
0.004 0.0124575
0.004 0.0126193
0.004 0.0127811
0.004 0.0129429
0.004 0.0131047
0.004 0.0132665
0.004 0.0134282
0.004 0.01359
0.004 0.0137518
0.004 0.0139136
0.004 0.0140754
0.004 0.0142372
0.004 0.014399
0.004 0.0145608
0.004 0.0147225
0.004 0.0148843
0.004 0.0150461
0.004 0.0152079
0.004 0.0153697
0.004 0.0155315
0.004 0.0156933
0.004 0.015855
0.004 0.0160168
0.004 0.0161786
0.004 0.0163404
0.004 0.0165022
0.004 0.016664
0.004 0.0168258
0.004 0.0169875
0.004 0.0171493
0.004 0.0173111
0.004 0.0174729
0.004 0.0176347
0.004 0.0177965
0.004 0.0179583
0.004 0.01812
0.004 0.0182818
0.004 0.0184436
0.004 0.0186054
0.004 0.0187672
0.004 0.018929
0.004 0.0190908
0.004 0.0192525
0.004 0.0194143
0.004 0.0195761
0.004 0.0197379
0.004 0.0198997
0.004 0.0200615
0.004 0.0202233
0.004 0.0203851
0.004 0.0205468
0.004 0.0207086
0.004 0.0208704
0.004 0.0210322
0.004 0.021194
0.004 0.0213558
0.004 0.0215176
0.004 0.0216793
0.004 0.0218411
0.004 0.0220029
0.004 0.0221647
0.004 0.0223265
0.004 0.0224883
0.004 0.0226501
0.004 0.0228118
0.004 0.0229736
0.004 0.0231354
0.004 0.0232972
0.004 0.023459
0.004 0.0236208
0.004 0.0237826
0.004 0.0239443
0.004 0.0241061
0.004 0.0242679
0.004 0.0244297
0.005 0.0245915
0.005 0.0247533
0.005 0.0249151
0.005 0.0250768
0.005 0.0252386
0.005 0.0254004
0.005 0.0255622
0.005 0.025724
0.005 0.0258858
0.005 0.0260476
0.005 0.0262094
0.005 0.0263711
0.005 0.0265329
0.005 0.0266947
0.005 0.0268565
0.005 0.0270183
0.005 0.0271801
0.005 0.0273419
0.005 0.0275036
0.005 0.0276654
0.005 0.0278272
0.005 0.027989
0.005 0.0281508
0.005 0.0283126
0.005 0.0284744
0.005 0.0286361
0.005 0.0287979
0.005 0.0289597
0.005 0.0291215
0.005 0.0292833
0.005 0.0294451
0.005 0.0296069
0.005 0.0297686
0.005 0.0299304
0.005 0.0300922
0.005 0.030254
0.005 0.0304158
0.005 0.0305776
0.005 0.0307394
0.005 0.0309011
0.005 0.0310629
0.005 0.0312247
0.005 0.0313865
0.005 0.0315483
0.005 0.0317101
0.005 0.0318719
0.005 0.0320337
0.005 0.0321954
0.005 0.0323572
0.005 0.032519
0.005 0.0326808
0.005 0.0328426
0.005 0.0330044
0.005 0.0331662
0.005 0.0333279
0.005 0.0334897
0.005 0.0336515
0.005 0.0338133
0.005 0.0339751
0.005 0.0341369
0.005 0.0342987
0.005 0.0344604
0.005 0.0346222
0.005 0.034784
0.005 0.0349458
0.005 0.0351076
0.005 0.0352694
0.005 0.0354312
0.005 0.0355929
0.005 0.0357547
0.005 0.0359165
0.005 0.0360783
0.005 0.0362401
0.005 0.0364019
0.005 0.0365637
0.005 0.0367254
0.005 0.0368872
0.005 0.037049
0.005 0.0372108
0.005 0.0373726
0.005 0.0375344
0.005 0.0376962
0.005 0.037858
0.005 0.0380197
0.005 0.0381815
0.005 0.0383433
0.005 0.0385051
0.005 0.0386669
0.005 0.0388287
0.005 0.0389905
0.005 0.0391522
0.005 0.039314
0.005 0.0394758
0.005 0.0396376
0.005 0.0397994
0.005 0.0399612
0.005 0.040123
0.005 0.0402847
0.005 0.0404465
0.005 0.0406083
0.005 0.0407701
0.005 0.0409319
0.005 0.0410937
0.005 0.0412555
0.005 0.0414172
0.005 0.041579
0.005 0.0417408
0.005 0.0419026
0.005 0.0420644
0.005 0.0422262
0.005 0.042388
0.005 0.0425497
0.005 0.0427115
0.005 0.0428733
0.005 0.0430351
0.005 0.0431969
0.005 0.0433587
0.005 0.0435205
0.005 0.0436823
0.005 0.043844
0.005 0.0440058
0.005 0.0441676
0.005 0.0443294
0.005 0.0444912
0.005 0.044653
0.005 0.0448148
0.005 0.0449765
0.005 0.0451383
0.005 0.0453001
0.005 0.0454619
0.005 0.0456237
0.005 0.0457855
0.005 0.0459473
0.005 0.046109
0.005 0.0462708
0.005 0.0464326
0.005 0.0465944
0.005 0.0467562
0.005 0.046918
0.005 0.0470798
0.005 0.0472415
0.005 0.0474033
0.005 0.0475651
0.005 0.0477269
0.005 0.0478887
0.005 0.0480505
0.005 0.0482123
0.005 0.048374
0.005 0.0485358
0.005 0.0486976
0.005 0.0488594
0.005 0.0490212
0.005 0.049183
0.005 0.0493448
0.005 0.0495066
0.005 0.0496683
0.005 0.0498301
0.005 0.0499919
0.005 0.0501537
0.005 0.0503155
0.005 0.0504773
0.005 0.0506391
0.005 0.0508008
0.005 0.0509626
0.005 0.0511244
0.005 0.0512862
0.005 0.051448
0.005 0.0516098
0.005 0.0517716
0.005 0.0519333
0.005 0.0520951
0.005 0.0522569
0.005 0.0524187
0.005 0.0525805
0.005 0.0527423
0.005 0.0529041
0.005 0.0530658
0.005 0.0532276
0.005 0.0533894
0.005 0.0535512
0.005 0.053713
0.005 0.0538748
0.005 0.0540366
0.005 0.0541983
0.005 0.0543601
0.005 0.0545219
0.005 0.0546837
0.005 0.0548455
0.005 0.0550073
0.005 0.0551691
0.005 0.0553309
0.005 0.0554926
0.005 0.0556544
0.005 0.0558162
0.005 0.055978
0.005 0.0561398
0.005 0.0563016
0.005 0.0564634
0.005 0.0566251
0.005 0.0567869
0.005 0.0569487
0.005 0.0571105
0.005 0.0572723
0.005 0.0574341
0.005 0.0575959
0.005 0.0577576
0.005 0.0579194
0.005 0.0580812
0.005 0.058243
0.005 0.0584048
0.005 0.0585666
0.005 0.0587284
0.005 0.0588901
0.005 0.0590519
0.005 0.0592137
0.005 0.0593755
0.005 0.0595373
0.005 0.0596991
0.005 0.0598609
0.005 0.0600227
0.005 0.0601844
0.005 0.0603462
0.005 0.060508
0.005 0.0606698
0.005 0.0608316
0.005 0.0609934
0.005 0.0611552
0.005 0.0613169
0.005 0.0614787
0.005 0.0616405
0.005 0.0618023
0.005 0.0619641
0.005 0.0621259
0.005 0.0622877
0.005 0.0624494
0.005 0.0626112
0.005 0.062773
0.005 0.0629348
0.005 0.0630966
0.005 0.0632584
0.005 0.0634202
0.005 0.0635819
0.005 0.0637437
0.005 0.0639055
0.005 0.0640673
0.005 0.0642291
0.005 0.0643909
0.005 0.0645527
0.005 0.0647144
0.005 0.0648762
0.005 0.065038
0.005 0.0651998
0.005 0.0653616
0.005 0.0655234
0.005 0.0656852
0.005 0.065847
0.005 0.0660087
0.005 0.0661705
0.005 0.0663323
0.005 0.0664941
0.005 0.0666559
0.005 0.0668177
0.005 0.0669795
0.005 0.0671412
0.005 0.067303
0.005 0.0674648
0.005 0.0676266
0.005 0.0677884
0.005 0.0679502
0.005 0.068112
0.005 0.0682737
0.005 0.0684355
0.005 0.0685973
0.005 0.0687591
0.005 0.0689209
0.005 0.0690827
0.005 0.0692445
0.005 0.0694062
0.005 0.069568
0.005 0.0697298
0.005 0.0698916
0.005 0.0700534
0.005 0.0702152
0.005 0.070377
0.005 0.0705387
0.005 0.0707005
0.005 0.0708623
0.005 0.0710241
0.005 0.0711859
0.005 0.0713477
0.005 0.0715095
0.005 0.0716713
0.005 0.071833
0.005 0.0719948
0.005 0.0721566
0.005 0.0723184
0.005 0.0724802
0.005 0.072642
0.005 0.0728038
0.005 0.0729655
0.005 0.0731273
0.005 0.0732891
0.005 0.0734509
0.005 0.0736127
0.005 0.0737745
0.005 0.0739363
0.005 0.074098
0.005 0.0742598
0.005 0.0744216
0.005 0.0745834
0.005 0.0747452
0.005 0.074907
0.005 0.0750688
0.005 0.0752305
0.005 0.0753923
0.005 0.0755541
0.005 0.0757159
0.005 0.0758777
0.005 0.0760395
0.005 0.0762013
0.005 0.076363
0.005 0.0765248
0.005 0.0766866
0.005 0.0768484
0.005 0.0770102
0.005 0.077172
0.005 0.0773338
0.005 0.0774956
0.005 0.0776573
0.005 0.0778191
0.005 0.0779809
0.005 0.0781427
0.005 0.0783045
0.005 0.0784663
0.005 0.0786281
0.005 0.0787898
0.005 0.0789516
0.005 0.0791134
0.005 0.0792752
0.005 0.079437
0.005 0.0795988
0.005 0.0797606
0.005 0.0799223
0.005 0.0800841
0.005 0.0802459
0.005 0.0804077
0.005 0.0805695
0.005 0.0807313
0.005 0.0808931
0.005 0.0810548
0.005 0.0812166
0.005 0.0813784
0.005 0.0815402
0.005 0.081702
0.005 0.0818638
0.005 0.0820256
0.005 0.0821873
0.005 0.0823491
0.005 0.0825109
0.005 0.0826727
0.005 0.0828345
0.005 0.0829963
0.005 0.0831581
0.005 0.0833199
0.005 0.0834816
0.005 0.0836434
0.005 0.0838052
0.005 0.083967
0.005 0.0841288
0.005 0.0842906
0.005 0.0844524
0.005 0.0846141
0.005 0.0847759
0.005 0.0849377
0.005 0.0850995
0.005 0.0852613
0.005 0.0854231
0.005 0.0855849
0.005 0.0857466
0.005 0.0859084
0.005 0.0860702
0.005 0.086232
0.005 0.0863938
0.005 0.0865556
0.005 0.0867174
0.005 0.0868791
0.005 0.0870409
0.005 0.0872027
0.005 0.0873645
0.005 0.0875263
0.005 0.0876881
0.005 0.0878499
0.005 0.0880116
0.005 0.0881734
0.005 0.0883352
0.005 0.088497
0.005 0.0886588
0.005 0.0888206
0.005 0.0889824
0.005 0.0891442
0.005 0.0893059
0.005 0.0894677
0.005 0.0896295
0.005 0.0897913
0.005 0.0899531
0.005 0.0901149
0.005 0.0902767
0.005 0.0904384
0.005 0.0906002
0.005 0.090762
0.005 0.0909238
0.005 0.0910856
0.005 0.0912474
0.005 0.0914092
0.005 0.0915709
0.005 0.0917327
0.005 0.0918945
0.005 0.0920563
0.005 0.0922181
0.005 0.0923799
0.005 0.0925417
0.005 0.0927034
0.005 0.0928652
0.005 0.093027
0.005 0.0931888
0.005 0.0933506
0.005 0.0935124
0.005 0.0936742
0.005 0.0938359
0.005 0.0939977
0.005 0.0941595
0.005 0.0943213
0.005 0.0944831
0.005 0.0946449
0.005 0.0948067
0.005 0.0949685
0.005 0.0951302
0.005 0.095292
0.005 0.0954538
0.005 0.0956156
0.005 0.0957774
0.005 0.0959392
0.005 0.096101
0.005 0.0962627
0.005 0.0964245
0.005 0.0965863
0.005 0.0967481
0.005 0.0969099
0.005 0.0970717
0.005 0.0972335
0.005 0.0973952
0.005 0.097557
0.005 0.0977188
0.005 0.0978806
0.005 0.0980424
0.005 0.0982042
0.005 0.098366
0.005 0.0985277
0.005 0.0986895
0.005 0.0988513
0.005 0.0990131
0.005 0.0991749
0.005 0.0993367
0.005 0.0994985
0.005 0.0996602
0.005 0.099822
0.005 0.0999838
0.005 0.100146
0.005 0.100307
0.005 0.100469
0.005 0.100631
0.005 0.100793
0.005 0.100955
0.005 0.101116
0.005 0.101278
0.005 0.10144
0.005 0.101602
0.005 0.101763
0.005 0.101925
0.005 0.102087
0.005 0.102249
0.005 0.102411
0.005 0.102572
0.005 0.102734
0.005 0.102896
0.005 0.103058
0.005 0.10322
0.005 0.103381
0.005 0.103543
0.005 0.103705
0.005 0.103867
0.005 0.104028
0.005 0.10419
0.005 0.104352
0.005 0.104514
0.005 0.104676
0.005 0.104837
0.005 0.104999
0.005 0.105161
0.005 0.105323
0.005 0.105485
0.005 0.105646
0.005 0.105808
0.005 0.10597
0.005 0.106132
0.005 0.106293
0.005 0.106455
0.005 0.106617
0.005 0.106779
0.005 0.106941
0.005 0.107102
0.005 0.107264
0.005 0.107426
0.005 0.107588
0.005 0.10775
0.005 0.107911
0.005 0.108073
0.005 0.108235
0.005 0.108397
0.005 0.108558
0.005 0.10872
0.005 0.108882
0.005 0.109044
0.005 0.109206
0.005 0.109367
0.005 0.109529
0.005 0.109691
0.005 0.109853
0.005 0.110015
0.005 0.110176
0.005 0.110338
0.005 0.1105
0.005 0.110662
0.005 0.110823
0.005 0.110985
0.005 0.111147
0.005 0.111309
0.005 0.111471
0.005 0.111632
0.005 0.111794
0.005 0.111956
0.005 0.112118
0.005 0.11228
0.005 0.112441
0.005 0.112603
0.005 0.112765
0.005 0.112927
0.005 0.113088
0.005 0.11325
0.005 0.113412
0.005 0.113574
0.005 0.113736
0.005 0.113897
0.005 0.114059
0.005 0.114221
0.005 0.114383
0.005 0.114545
0.005 0.114706
0.005 0.114868
0.005 0.11503
0.005 0.115192
0.005 0.115354
0.005 0.115515
0.005 0.115677
0.005 0.115839
0.005 0.116001
0.005 0.116162
0.005 0.116324
0.005 0.116486
0.005 0.116648
0.005 0.11681
0.005 0.116971
0.005 0.117133
0.005 0.117295
0.005 0.117457
0.005 0.117619
0.005 0.11778
0.005 0.117942
0.005 0.118104
0.005 0.118266
0.005 0.118427
0.005 0.118589
0.005 0.118751
0.005 0.118913
0.005 0.119075
0.005 0.119236
0.005 0.119398
0.005 0.11956
0.005 0.119722
0.005 0.119884
0.005 0.120045
0.005 0.120207
0.005 0.120369
0.005 0.120531
0.005 0.120692
0.005 0.120854
0.005 0.121016
0.005 0.121178
0.005 0.12134
0.005 0.121501
0.005 0.121663
0.005 0.121825
0.005 0.121987
0.005 0.122149
0.005 0.12231
0.005 0.122472
0.005 0.122634
0.005 0.122796
0.005 0.122957
0.005 0.123119
0.005 0.123281
0.005 0.123443
0.005 0.123605
0.005 0.123766
0.005 0.123928
0.005 0.12409
0.005 0.124252
0.005 0.124414
0.005 0.124575
0.005 0.124737
0.005 0.124899
0.005 0.125061
0.005 0.125222
0.005 0.125384
0.005 0.125546
0.005 0.125708
0.005 0.12587
0.005 0.126031
0.005 0.126193
0.005 0.126355
0.005 0.126517
0.005 0.126679
0.005 0.12684
0.005 0.127002
0.005 0.127164
0.005 0.127326
0.005 0.127487
0.005 0.127649
0.005 0.127811
0.005 0.127973
0.005 0.128135
0.005 0.128296
0.005 0.128458
0.005 0.12862
0.005 0.128782
0.005 0.128944
0.005 0.129105
0.005 0.129267
0.005 0.129429
0.005 0.129591
0.005 0.129752
0.005 0.129914
0.005 0.130076
0.005 0.130238
0.005 0.1304
0.005 0.130561
0.005 0.130723
0.005 0.130885
0.005 0.131047
0.005 0.131209
0.005 0.13137
0.005 0.131532
0.005 0.131694
0.005 0.131856
0.005 0.132017
0.005 0.132179
0.005 0.132341
0.005 0.132503
0.005 0.132665
0.005 0.132826
0.005 0.132988
0.005 0.13315
0.005 0.133312
0.005 0.133474
0.005 0.133635
0.005 0.133797
0.005 0.133959
0.005 0.134121
0.005 0.134282
0.005 0.134444
0.005 0.134606
0.005 0.134768
0.005 0.13493
0.005 0.135091
0.005 0.135253
0.005 0.135415
0.005 0.135577
0.005 0.135739
0.005 0.1359
0.005 0.136062
0.005 0.136224
0.005 0.136386
0.005 0.136547
0.005 0.136709
0.005 0.136871
0.005 0.137033
0.005 0.137195
0.005 0.137356
0.005 0.137518
0.005 0.13768
0.005 0.137842
0.005 0.138004
0.005 0.138165
0.005 0.138327
0.005 0.138489
0.005 0.138651
0.005 0.138812
0.005 0.138974
0.005 0.139136
0.005 0.139298
0.005 0.13946
0.005 0.139621
0.005 0.139783
0.005 0.139945
0.005 0.140107
0.005 0.140269
0.005 0.14043
0.006 0.140592
0.006 0.140754
0.006 0.140916
0.006 0.141077
0.006 0.141239
0.006 0.141401
0.006 0.141563
0.006 0.141725
0.006 0.141886
0.006 0.142048
0.006 0.14221
0.006 0.142372
0.006 0.142534
0.006 0.142695
0.006 0.142857
0.006 0.143019
0.006 0.143181
0.006 0.143343
0.006 0.143504
0.006 0.143666
0.006 0.143828
0.006 0.14399
0.006 0.144151
0.006 0.144313
0.006 0.144475
0.006 0.144637
0.006 0.144799
0.006 0.14496
0.006 0.145122
0.006 0.145284
0.006 0.145446
0.006 0.145608
0.006 0.145769
0.006 0.145931
0.006 0.146093
0.006 0.146255
0.006 0.146416
0.006 0.146578
0.006 0.14674
0.006 0.146902
0.006 0.147064
0.006 0.147225
0.006 0.147387
0.006 0.147549
0.006 0.147711
0.006 0.147873
0.006 0.148034
0.006 0.148196
0.006 0.148358
0.006 0.14852
0.006 0.148681
0.006 0.148843
0.006 0.149005
0.006 0.149167
0.006 0.149329
0.006 0.14949
0.006 0.149652
0.006 0.149814
0.006 0.149976
0.006 0.150138
0.006 0.150299
0.006 0.150461
0.006 0.150623
0.006 0.150785
0.006 0.150946
0.006 0.151108
0.006 0.15127
0.006 0.151432
0.006 0.151594
0.006 0.151755
0.006 0.151917
0.006 0.152079
0.006 0.152241
0.006 0.152403
0.006 0.152564
0.006 0.152726
0.006 0.152888
0.006 0.15305
0.006 0.153211
0.006 0.153373
0.006 0.153535
0.006 0.153697
0.006 0.153859
0.006 0.15402
0.006 0.154182
0.006 0.154344
0.006 0.154506
0.006 0.154668
0.006 0.154829
0.006 0.154991
0.006 0.155153
0.006 0.155315
0.006 0.155476
0.006 0.155638
0.006 0.1558
0.006 0.155962
0.006 0.156124
0.006 0.156285
0.006 0.156447
0.006 0.156609
0.006 0.156771
0.006 0.156933
0.006 0.157094
0.006 0.157256
0.006 0.157418
0.006 0.15758
0.006 0.157741
0.006 0.157903
0.006 0.158065
0.006 0.158227
0.006 0.158389
0.006 0.15855
0.006 0.158712
0.006 0.158874
0.006 0.159036
0.006 0.159198
0.006 0.159359
0.006 0.159521
0.006 0.159683
0.006 0.159845
0.006 0.160006
0.006 0.160168
0.006 0.16033
0.006 0.160492
0.006 0.160654
0.006 0.160815
0.006 0.160977
0.006 0.161139
0.006 0.161301
0.006 0.161463
0.006 0.161624
0.006 0.161786
0.006 0.161948
0.006 0.16211
0.006 0.162271
0.006 0.162433
0.006 0.162595
0.006 0.162757
0.006 0.162919
0.006 0.16308
0.006 0.163242
0.006 0.163404
0.006 0.163566
0.006 0.163728
0.006 0.163889
0.006 0.164051
0.006 0.164213
0.006 0.164375
0.006 0.164536
0.006 0.164698
0.006 0.16486
0.006 0.165022
0.006 0.165184
0.006 0.165345
0.006 0.165507
0.006 0.165669
0.006 0.165831
0.006 0.165993
0.006 0.166154
0.006 0.166316
0.006 0.166478
0.006 0.16664
0.006 0.166801
0.006 0.166963
0.006 0.167125
0.006 0.167287
0.006 0.167449
0.006 0.16761
0.006 0.167772
0.006 0.167934
0.006 0.168096
0.006 0.168258
0.006 0.168419
0.006 0.168581
0.006 0.168743
0.006 0.168905
0.006 0.169066
0.006 0.169228
0.006 0.16939
0.006 0.169552
0.006 0.169714
0.006 0.169875
0.006 0.170037
0.006 0.170199
0.006 0.170361
0.006 0.170523
0.006 0.170684
0.006 0.170846
0.006 0.171008
0.006 0.17117
0.006 0.171331
0.006 0.171493
0.006 0.171655
0.006 0.171817
0.006 0.171979
0.006 0.17214
0.006 0.172302
0.006 0.172464
0.006 0.172626
0.006 0.172788
0.006 0.172949
0.006 0.173111
0.006 0.173273
0.006 0.173435
0.006 0.173597
0.006 0.173758
0.006 0.17392
0.006 0.174082
0.006 0.174244
0.006 0.174405
0.006 0.174567
0.006 0.174729
0.006 0.174891
0.006 0.175053
0.006 0.175214
0.006 0.175376
0.006 0.175538
0.006 0.1757
0.006 0.175862
0.006 0.176023
0.006 0.176185
0.006 0.176347
0.006 0.176509
0.006 0.17667
0.006 0.176832
0.006 0.176994
0.006 0.177156
0.006 0.177318
0.006 0.177479
0.006 0.177641
0.006 0.177803
0.006 0.177965
0.006 0.178127
0.006 0.178288
0.006 0.17845
0.006 0.178612
0.006 0.178774
0.006 0.178935
0.006 0.179097
0.006 0.179259
0.006 0.179421
0.006 0.179583
0.006 0.179744
0.006 0.179906
0.006 0.180068
0.006 0.18023
0.006 0.180392
0.006 0.180553
0.006 0.180715
0.006 0.180877
0.006 0.181039
0.006 0.1812
0.006 0.181362
0.006 0.181524
0.006 0.181686
0.006 0.181848
0.006 0.182009
0.006 0.182171
0.006 0.182333
0.006 0.182495
0.006 0.182657
0.006 0.182818
0.006 0.18298
0.006 0.183142
0.006 0.183304
0.006 0.183465
0.006 0.183627
0.006 0.183789
0.006 0.183951
0.006 0.184113
0.006 0.184274
0.006 0.184436
0.006 0.184598
0.006 0.18476
0.006 0.184922
0.006 0.185083
0.006 0.185245
0.006 0.185407
0.006 0.185569
0.006 0.18573
0.006 0.185892
0.006 0.186054
0.006 0.186216
0.006 0.186378
0.006 0.186539
0.006 0.186701
0.006 0.186863
0.006 0.187025
0.006 0.187187
0.006 0.187348
0.006 0.18751
0.006 0.187672
0.006 0.187834
0.006 0.187995
0.006 0.188157
0.006 0.188319
0.006 0.188481
0.006 0.188643
0.006 0.188804
0.006 0.188966
0.006 0.189128
0.006 0.18929
0.006 0.189452
0.006 0.189613
0.006 0.189775
0.006 0.189937
0.006 0.190099
0.006 0.19026
0.006 0.190422
0.006 0.190584
0.006 0.190746
0.006 0.190908
0.006 0.191069
0.006 0.191231
0.006 0.191393
0.006 0.191555
0.006 0.191717
0.006 0.191878
0.006 0.19204
0.006 0.192202
0.006 0.192364
0.006 0.192525
0.006 0.192687
0.006 0.192849
0.006 0.193011
0.006 0.193173
0.006 0.193334
0.006 0.193496
0.006 0.193658
0.006 0.19382
0.006 0.193982
0.006 0.194143
0.006 0.194305
0.006 0.194467
0.006 0.194629
0.006 0.19479
0.006 0.194952
0.006 0.195114
0.006 0.195276
0.006 0.195438
0.006 0.195599
0.006 0.195761
0.006 0.195923
0.006 0.196085
0.006 0.196247
0.006 0.196408
0.006 0.19657
0.006 0.196732
0.006 0.196894
0.006 0.197055
0.006 0.197217
0.006 0.197379
0.006 0.197541
0.006 0.197703
0.006 0.197864
0.006 0.198026
0.006 0.198188
0.006 0.19835
0.006 0.198512
0.006 0.198673
0.006 0.198835
0.006 0.198997
0.006 0.199159
0.006 0.19932
0.006 0.199482
0.006 0.199644
0.006 0.199806
0.006 0.199968
0.006 0.200129
0.006 0.200291
0.006 0.200453
0.006 0.200615
0.006 0.200777
0.006 0.200938
0.006 0.2011
0.006 0.201262
0.006 0.201424
0.006 0.201586
0.006 0.201747
0.006 0.201909
0.006 0.202071
0.006 0.202233
0.006 0.202394
0.006 0.202556
0.006 0.202718
0.006 0.20288
0.006 0.203042
0.006 0.203203
0.006 0.203365
0.006 0.203527
0.006 0.203689
0.006 0.203851
0.006 0.204012
0.006 0.204174
0.006 0.204336
0.006 0.204498
0.006 0.204659
0.006 0.204821
0.006 0.204983
0.006 0.205145
0.006 0.205307
0.006 0.205468
0.006 0.20563
0.006 0.205792
0.006 0.205954
0.006 0.206116
0.006 0.206277
0.006 0.206439
0.006 0.206601
0.006 0.206763
0.006 0.206924
0.006 0.207086
0.006 0.207248
0.006 0.20741
0.006 0.207572
0.006 0.207733
0.006 0.207895
0.006 0.208057
0.006 0.208219
0.006 0.208381
0.006 0.208542
0.006 0.208704
0.006 0.208866
0.006 0.209028
0.006 0.209189
0.006 0.209351
0.006 0.209513
0.006 0.209675
0.006 0.209837
0.006 0.209998
0.006 0.21016
0.006 0.210322
0.006 0.210484
0.006 0.210646
0.006 0.210807
0.006 0.210969
0.006 0.211131
0.006 0.211293
0.006 0.211454
0.006 0.211616
0.006 0.211778
0.006 0.21194
0.006 0.212102
0.006 0.212263
0.006 0.212425
0.006 0.212587
0.006 0.212749
0.006 0.212911
0.006 0.213072
0.006 0.213234
0.006 0.213396
0.006 0.213558
0.006 0.213719
0.006 0.213881
0.006 0.214043
0.006 0.214205
0.006 0.214367
0.006 0.214528
0.006 0.21469
0.006 0.214852
0.006 0.215014
0.006 0.215176
0.006 0.215337
0.006 0.215499
0.006 0.215661
0.006 0.215823
0.006 0.215984
0.006 0.216146
0.006 0.216308
0.006 0.21647
0.006 0.216632
0.006 0.216793
0.006 0.216955
0.006 0.217117
0.006 0.217279
0.006 0.217441
0.006 0.217602
0.006 0.217764
0.006 0.217926
0.006 0.218088
0.006 0.218249
0.006 0.218411
0.006 0.218573
0.006 0.218735
0.006 0.218897
0.006 0.219058
0.006 0.21922
0.006 0.219382
0.006 0.219544
0.006 0.219706
0.006 0.219867
0.006 0.220029
0.006 0.220191
0.006 0.220353
0.006 0.220514
0.006 0.220676
0.006 0.220838
0.006 0.221
0.006 0.221162
0.006 0.221323
0.006 0.221485
0.006 0.221647
0.006 0.221809
0.006 0.221971
0.006 0.222132
0.006 0.222294
0.006 0.222456
0.006 0.222618
0.006 0.222779
0.006 0.222941
0.006 0.223103
0.006 0.223265
0.006 0.223427
0.006 0.223588
0.006 0.22375
0.006 0.223912
0.006 0.224074
0.006 0.224236
0.006 0.224397
0.006 0.224559
0.006 0.224721
0.006 0.224883
0.006 0.225044
0.006 0.225206
0.006 0.225368
0.006 0.22553
0.006 0.225692
0.006 0.225853
0.006 0.226015
0.006 0.226177
0.006 0.226339
0.006 0.226501
0.006 0.226662
0.006 0.226824
0.006 0.226986
0.006 0.227148
0.006 0.227309
0.006 0.227471
0.006 0.227633
0.006 0.227795
0.006 0.227957
0.006 0.228118
0.006 0.22828
0.006 0.228442
0.006 0.228604
0.006 0.228766
0.006 0.228927
0.006 0.229089
0.006 0.229251
0.006 0.229413
0.006 0.229575
0.006 0.229736
0.006 0.229898
0.006 0.23006
0.006 0.230222
0.006 0.230383
0.006 0.230545
0.006 0.230707
0.006 0.230869
0.006 0.231031
0.006 0.231192
0.006 0.231354
0.006 0.231516
0.006 0.231678
0.006 0.23184
0.006 0.232001
0.006 0.232163
0.006 0.232325
0.006 0.232487
0.006 0.232648
0.006 0.23281
0.006 0.232972
0.006 0.233134
0.006 0.233296
0.006 0.233457
0.006 0.233619
0.006 0.233781
0.006 0.233943
0.006 0.234105
0.006 0.234266
0.006 0.234428
0.006 0.23459
0.006 0.234752
0.006 0.234913
0.006 0.235075
0.006 0.235237
0.006 0.235399
0.006 0.235561
0.006 0.235722
0.006 0.235884
0.006 0.236046
0.006 0.236208
0.006 0.23637
0.006 0.236531
0.006 0.236693
0.006 0.236855
0.006 0.237017
0.006 0.237178
0.006 0.23734
0.006 0.237502
0.006 0.237664
0.006 0.237826
0.006 0.237987
0.006 0.238149
0.006 0.238311
0.006 0.238473
0.006 0.238635
0.006 0.238796
0.006 0.238958
0.006 0.23912
0.006 0.239282
0.006 0.239443
0.006 0.239605
0.006 0.239767
0.006 0.239929
0.006 0.240091
0.006 0.240252
0.006 0.240414
0.006 0.240576
0.006 0.240738
0.006 0.2409
0.006 0.241061
0.006 0.241223
0.006 0.241385
0.006 0.241547
0.006 0.241708
0.006 0.24187
0.006 0.242032
0.006 0.242194
0.006 0.242356
0.006 0.242517
0.006 0.242679
0.006 0.242841
0.006 0.243003
0.006 0.243165
0.006 0.243326
0.006 0.243488
0.006 0.24365
0.006 0.243812
0.006 0.243973
0.006 0.244135
0.006 0.244297
0.006 0.244459
0.006 0.244621
0.006 0.244782
0.006 0.244944
0.006 0.245106
0.006 0.245268
0.006 0.24543
0.006 0.245591
0.006 0.245753
0.006 0.245915
0.006 0.246077
0.006 0.246238
0.006 0.2464
0.006 0.246562
0.006 0.246724
0.006 0.246886
0.006 0.247047
0.006 0.247209
0.006 0.247371
0.006 0.247533
0.006 0.247695
0.006 0.247856
0.006 0.248018
0.006 0.24818
0.006 0.248342
0.006 0.248503
0.006 0.248665
0.006 0.248827
0.006 0.248989
0.006 0.249151
0.006 0.249312
0.006 0.249474
0.006 0.249636
0.006 0.249798
0.006 0.24996
0.006 0.250121
0.006 0.250283
0.006 0.250445
0.006 0.250607
0.006 0.250768
0.006 0.25093
0.006 0.251092
0.006 0.251254
0.006 0.251416
0.006 0.251577
0.006 0.251739
0.006 0.251901
0.006 0.252063
0.006 0.252225
0.006 0.252386
0.006 0.252548
0.006 0.25271
0.006 0.252872
0.006 0.253033
0.006 0.253195
0.006 0.253357
0.006 0.253519
0.006 0.253681
0.006 0.253842
0.006 0.254004
0.006 0.254166
0.006 0.254328
0.006 0.25449
0.006 0.254651
0.006 0.254813
0.006 0.254975
0.006 0.255137
0.006 0.255298
0.006 0.25546
0.006 0.255622
0.006 0.255784
0.006 0.255946
0.006 0.256107
0.006 0.256269
0.006 0.256431
0.006 0.256593
0.006 0.256755
0.006 0.256916
0.006 0.257078
0.006 0.25724
0.006 0.257402
0.006 0.257564
0.006 0.257725
0.006 0.257887
0.006 0.258049
0.006 0.258211
0.006 0.258372
0.006 0.258534
0.006 0.258696
0.006 0.258858
0.006 0.25902
0.006 0.259181
0.006 0.259343
0.006 0.259505
0.006 0.259667
0.006 0.259829
0.006 0.25999
0.006 0.260152
0.006 0.260314
0.006 0.260476
0.006 0.260637
0.006 0.260799
0.006 0.260961
0.006 0.261123
0.006 0.261285
0.006 0.261446
0.006 0.261608
0.006 0.26177
0.006 0.261932
0.006 0.262094
0.006 0.262255
0.007 0.262417
0.007 0.262579
0.007 0.262741
0.007 0.262902
0.007 0.263064
0.007 0.263226
0.007 0.263388
0.007 0.26355
0.007 0.263711
0.007 0.263873
0.007 0.264035
0.007 0.264197
0.007 0.264359
0.007 0.26452
0.007 0.264682
0.007 0.264844
0.007 0.265006
0.007 0.265167
0.007 0.265329
0.007 0.265491
0.007 0.265653
0.007 0.265815
0.007 0.265976
0.007 0.266138
0.007 0.2663
0.007 0.266462
0.007 0.266624
0.007 0.266785
0.007 0.266947
0.007 0.267109
0.007 0.267271
0.007 0.267432
0.007 0.267594
0.007 0.267756
0.007 0.267918
0.007 0.26808
0.007 0.268241
0.007 0.268403
0.007 0.268565
0.007 0.268727
0.007 0.268889
0.007 0.26905
0.007 0.269212
0.007 0.269374
0.007 0.269536
0.007 0.269697
0.007 0.269859
0.007 0.270021
0.007 0.270183
0.007 0.270345
0.007 0.270506
0.007 0.270668
0.007 0.27083
0.007 0.270992
0.007 0.271154
0.007 0.271315
0.007 0.271477
0.007 0.271639
0.007 0.271801
0.007 0.271962
0.007 0.272124
0.007 0.272286
0.007 0.272448
0.007 0.27261
0.007 0.272771
0.007 0.272933
0.007 0.273095
0.007 0.273257
0.007 0.273419
0.007 0.27358
0.007 0.273742
0.007 0.273904
0.007 0.274066
0.007 0.274227
0.007 0.274389
0.007 0.274551
0.007 0.274713
0.007 0.274875
0.007 0.275036
0.007 0.275198
0.007 0.27536
0.007 0.275522
0.007 0.275684
0.007 0.275845
0.007 0.276007
0.007 0.276169
0.007 0.276331
0.007 0.276492
0.007 0.276654
0.007 0.276816
0.007 0.276978
0.007 0.27714
0.007 0.277301
0.007 0.277463
0.007 0.277625
0.007 0.277787
0.007 0.277949
0.007 0.27811
0.007 0.278272
0.007 0.278434
0.007 0.278596
0.007 0.278757
0.007 0.278919
0.007 0.279081
0.007 0.279243
0.007 0.279405
0.007 0.279566
0.007 0.279728
0.007 0.27989
0.007 0.280052
0.007 0.280214
0.007 0.280375
0.007 0.280537
0.007 0.280699
0.007 0.280861
0.007 0.281022
0.007 0.281184
0.007 0.281346
0.007 0.281508
0.007 0.28167
0.007 0.281831
0.007 0.281993
0.007 0.282155
0.007 0.282317
0.007 0.282479
0.007 0.28264
0.007 0.282802
0.007 0.282964
0.007 0.283126
0.007 0.283287
0.007 0.283449
0.007 0.283611
0.007 0.283773
0.007 0.283935
0.007 0.284096
0.007 0.284258
0.007 0.28442
0.007 0.284582
0.007 0.284744
0.007 0.284905
0.007 0.285067
0.007 0.285229
0.007 0.285391
0.007 0.285552
0.007 0.285714
0.007 0.285876
0.007 0.286038
0.007 0.2862
0.007 0.286361
0.007 0.286523
0.007 0.286685
0.007 0.286847
0.007 0.287009
0.007 0.28717
0.007 0.287332
0.007 0.287494
0.007 0.287656
0.007 0.287818
0.007 0.287979
0.007 0.288141
0.007 0.288303
0.007 0.288465
0.007 0.288626
0.007 0.288788
0.007 0.28895
0.007 0.289112
0.007 0.289274
0.007 0.289435
0.007 0.289597
0.007 0.289759
0.007 0.289921
0.007 0.290083
0.007 0.290244
0.007 0.290406
0.007 0.290568
0.007 0.29073
0.007 0.290891
0.007 0.291053
0.007 0.291215
0.007 0.291377
0.007 0.291539
0.007 0.2917
0.007 0.291862
0.007 0.292024
0.007 0.292186
0.007 0.292348
0.007 0.292509
0.007 0.292671
0.007 0.292833
0.007 0.292995
0.007 0.293156
0.007 0.293318
0.007 0.29348
0.007 0.293642
0.007 0.293804
0.007 0.293965
0.007 0.294127
0.007 0.294289
0.007 0.294451
0.007 0.294613
0.007 0.294774
0.007 0.294936
0.007 0.295098
0.007 0.29526
0.007 0.295421
0.007 0.295583
0.007 0.295745
0.007 0.295907
0.007 0.296069
0.007 0.29623
0.007 0.296392
0.007 0.296554
0.007 0.296716
0.007 0.296878
0.007 0.297039
0.007 0.297201
0.007 0.297363
0.007 0.297525
0.007 0.297686
0.007 0.297848
0.007 0.29801
0.007 0.298172
0.007 0.298334
0.007 0.298495
0.007 0.298657
0.007 0.298819
0.007 0.298981
0.007 0.299143
0.007 0.299304
0.007 0.299466
0.007 0.299628
0.007 0.29979
0.007 0.299951
0.007 0.300113
0.007 0.300275
0.007 0.300437
0.007 0.300599
0.007 0.30076
0.007 0.300922
0.007 0.301084
0.007 0.301246
0.007 0.301408
0.007 0.301569
0.007 0.301731
0.007 0.301893
0.007 0.302055
0.007 0.302216
0.007 0.302378
0.007 0.30254
0.007 0.302702
0.007 0.302864
0.007 0.303025
0.007 0.303187
0.007 0.303349
0.007 0.303511
0.007 0.303673
0.007 0.303834
0.007 0.303996
0.007 0.304158
0.007 0.30432
0.007 0.304481
0.007 0.304643
0.007 0.304805
0.007 0.304967
0.007 0.305129
0.007 0.30529
0.007 0.305452
0.007 0.305614
0.007 0.305776
0.007 0.305938
0.007 0.306099
0.007 0.306261
0.007 0.306423
0.007 0.306585
0.007 0.306746
0.007 0.306908
0.007 0.30707
0.007 0.307232
0.007 0.307394
0.007 0.307555
0.007 0.307717
0.007 0.307879
0.007 0.308041
0.007 0.308203
0.007 0.308364
0.007 0.308526
0.007 0.308688
0.007 0.30885
0.007 0.309011
0.007 0.309173
0.007 0.309335
0.007 0.309497
0.007 0.309659
0.007 0.30982
0.007 0.309982
0.007 0.310144
0.007 0.310306
0.007 0.310468
0.007 0.310629
0.007 0.310791
0.007 0.310953
0.007 0.311115
0.007 0.311276
0.007 0.311438
0.007 0.3116
0.007 0.311762
0.007 0.311924
0.007 0.312085
0.007 0.312247
0.007 0.312409
0.007 0.312571
0.007 0.312733
0.007 0.312894
0.007 0.313056
0.008 0.313218
0.008 0.31338
0.008 0.313541
0.008 0.313703
0.008 0.313865
0.008 0.314027
0.008 0.314189
0.008 0.31435
0.008 0.314512
0.008 0.314674
0.008 0.314836
0.008 0.314998
0.008 0.315159
0.008 0.315321
0.008 0.315483
0.008 0.315645
0.008 0.315807
0.008 0.315968
0.008 0.31613
0.008 0.316292
0.008 0.316454
0.008 0.316615
0.008 0.316777
0.008 0.316939
0.008 0.317101
0.008 0.317263
0.008 0.317424
0.008 0.317586
0.008 0.317748
0.008 0.31791
0.008 0.318072
0.008 0.318233
0.008 0.318395
0.008 0.318557
0.008 0.318719
0.008 0.31888
0.008 0.319042
0.008 0.319204
0.008 0.319366
0.008 0.319528
0.008 0.319689
0.008 0.319851
0.008 0.320013
0.008 0.320175
0.008 0.320337
0.008 0.320498
0.008 0.32066
0.008 0.320822
0.008 0.320984
0.008 0.321145
0.008 0.321307
0.008 0.321469
0.008 0.321631
0.008 0.321793
0.008 0.321954
0.008 0.322116
0.008 0.322278
0.008 0.32244
0.008 0.322602
0.008 0.322763
0.008 0.322925
0.008 0.323087
0.008 0.323249
0.008 0.32341
0.008 0.323572
0.008 0.323734
0.008 0.323896
0.008 0.324058
0.008 0.324219
0.008 0.324381
0.008 0.324543
0.008 0.324705
0.008 0.324867
0.008 0.325028
0.008 0.32519
0.008 0.325352
0.008 0.325514
0.008 0.325675
0.008 0.325837
0.008 0.325999
0.008 0.326161
0.008 0.326323
0.008 0.326484
0.008 0.326646
0.008 0.326808
0.008 0.32697
0.008 0.327132
0.008 0.327293
0.008 0.327455
0.008 0.327617
0.008 0.327779
0.008 0.32794
0.008 0.328102
0.008 0.328264
0.008 0.328426
0.008 0.328588
0.008 0.328749
0.008 0.328911
0.008 0.329073
0.008 0.329235
0.008 0.329397
0.008 0.329558
0.008 0.32972
0.008 0.329882
0.008 0.330044
0.008 0.330205
0.008 0.330367
0.008 0.330529
0.008 0.330691
0.008 0.330853
0.008 0.331014
0.008 0.331176
0.008 0.331338
0.008 0.3315
0.008 0.331662
0.008 0.331823
0.008 0.331985
0.008 0.332147
0.008 0.332309
0.008 0.33247
0.008 0.332632
0.008 0.332794
0.008 0.332956
0.008 0.333118
0.008 0.333279
0.008 0.333441
0.008 0.333603
0.008 0.333765
0.008 0.333927
0.008 0.334088
0.008 0.33425
0.008 0.334412
0.008 0.334574
0.008 0.334735
0.008 0.334897
0.008 0.335059
0.008 0.335221
0.008 0.335383
0.008 0.335544
0.008 0.335706
0.008 0.335868
0.008 0.33603
0.008 0.336192
0.008 0.336353
0.008 0.336515
0.008 0.336677
0.008 0.336839
0.008 0.337
0.008 0.337162
0.008 0.337324
0.008 0.337486
0.008 0.337648
0.008 0.337809
0.008 0.337971
0.008 0.338133
0.008 0.338295
0.008 0.338457
0.008 0.338618
0.008 0.33878
0.008 0.338942
0.008 0.339104
0.008 0.339265
0.008 0.339427
0.008 0.339589
0.008 0.339751
0.008 0.339913
0.008 0.340074
0.008 0.340236
0.008 0.340398
0.008 0.34056
0.008 0.340722
0.008 0.340883
0.008 0.341045
0.008 0.341207
0.008 0.341369
0.008 0.34153
0.008 0.341692
0.008 0.341854
0.008 0.342016
0.008 0.342178
0.008 0.342339
0.008 0.342501
0.008 0.342663
0.008 0.342825
0.008 0.342987
0.008 0.343148
0.008 0.34331
0.008 0.343472
0.008 0.343634
0.008 0.343796
0.008 0.343957
0.008 0.344119
0.008 0.344281
0.008 0.344443
0.008 0.344604
0.008 0.344766
0.008 0.344928
0.008 0.34509
0.008 0.345252
0.008 0.345413
0.008 0.345575
0.008 0.345737
0.008 0.345899
0.008 0.346061
0.008 0.346222
0.008 0.346384
0.008 0.346546
0.008 0.346708
0.008 0.346869
0.008 0.347031
0.008 0.347193
0.008 0.347355
0.008 0.347517
0.008 0.347678
0.008 0.34784
0.008 0.348002
0.008 0.348164
0.008 0.348326
0.008 0.348487
0.008 0.348649
0.008 0.348811
0.008 0.348973
0.008 0.349134
0.008 0.349296
0.008 0.349458
0.008 0.34962
0.008 0.349782
0.008 0.349943
0.008 0.350105
0.008 0.350267
0.008 0.350429
0.008 0.350591
0.008 0.350752
0.008 0.350914
0.008 0.351076
0.008 0.351238
0.008 0.351399
0.008 0.351561
0.009 0.351723
0.009 0.351885
0.009 0.352047
0.009 0.352208
0.009 0.35237
0.009 0.352532
0.009 0.352694
0.009 0.352856
0.009 0.353017
0.009 0.353179
0.009 0.353341
0.009 0.353503
0.009 0.353664
0.009 0.353826
0.009 0.353988
0.009 0.35415
0.009 0.354312
0.009 0.354473
0.009 0.354635
0.009 0.354797
0.009 0.354959
0.009 0.355121
0.009 0.355282
0.009 0.355444
0.009 0.355606
0.009 0.355768
0.009 0.355929
0.009 0.356091
0.009 0.356253
0.009 0.356415
0.009 0.356577
0.009 0.356738
0.009 0.3569
0.009 0.357062
0.009 0.357224
0.009 0.357386
0.009 0.357547
0.009 0.357709
0.009 0.357871
0.009 0.358033
0.009 0.358194
0.009 0.358356
0.009 0.358518
0.009 0.35868
0.009 0.358842
0.009 0.359003
0.009 0.359165
0.009 0.359327
0.009 0.359489
0.009 0.359651
0.009 0.359812
0.009 0.359974
0.009 0.360136
0.009 0.360298
0.009 0.360459
0.009 0.360621
0.009 0.360783
0.009 0.360945
0.009 0.361107
0.009 0.361268
0.009 0.36143
0.009 0.361592
0.009 0.361754
0.009 0.361916
0.009 0.362077
0.009 0.362239
0.009 0.362401
0.009 0.362563
0.009 0.362724
0.009 0.362886
0.009 0.363048
0.009 0.36321
0.009 0.363372
0.009 0.363533
0.009 0.363695
0.009 0.363857
0.009 0.364019
0.009 0.364181
0.009 0.364342
0.009 0.364504
0.009 0.364666
0.009 0.364828
0.009 0.364989
0.009 0.365151
0.009 0.365313
0.009 0.365475
0.009 0.365637
0.009 0.365798
0.009 0.36596
0.009 0.366122
0.009 0.366284
0.009 0.366446
0.009 0.366607
0.009 0.366769
0.009 0.366931
0.009 0.367093
0.009 0.367254
0.009 0.367416
0.009 0.367578
0.009 0.36774
0.009 0.367902
0.009 0.368063
0.009 0.368225
0.009 0.368387
0.009 0.368549
0.009 0.368711
0.009 0.368872
0.009 0.369034
0.009 0.369196
0.009 0.369358
0.009 0.369519
0.009 0.369681
0.009 0.369843
0.009 0.370005
0.009 0.370167
0.009 0.370328
0.009 0.37049
0.009 0.370652
0.009 0.370814
0.009 0.370976
0.009 0.371137
0.009 0.371299
0.009 0.371461
0.009 0.371623
0.009 0.371785
0.009 0.371946
0.009 0.372108
0.009 0.37227
0.009 0.372432
0.009 0.372593
0.009 0.372755
0.009 0.372917
0.009 0.373079
0.009 0.373241
0.009 0.373402
0.009 0.373564
0.009 0.373726
0.009 0.373888
0.009 0.37405
0.009 0.374211
0.009 0.374373
0.009 0.374535
0.009 0.374697
0.009 0.374858
0.009 0.37502
0.009 0.375182
0.009 0.375344
0.009 0.375506
0.009 0.375667
0.009 0.375829
0.009 0.375991
0.009 0.376153
0.009 0.376315
0.009 0.376476
0.009 0.376638
0.009 0.3768
0.009 0.376962
0.009 0.377123
0.009 0.377285
0.009 0.377447
0.009 0.377609
0.009 0.377771
0.009 0.377932
0.009 0.378094
0.009 0.378256
0.009 0.378418
0.009 0.37858
0.009 0.378741
0.009 0.378903
0.009 0.379065
0.009 0.379227
0.009 0.379388
0.009 0.37955
0.009 0.379712
0.009 0.379874
0.009 0.380036
0.009 0.380197
0.009 0.380359
0.009 0.380521
0.009 0.380683
0.009 0.380845
0.009 0.381006
0.009 0.381168
0.009 0.38133
0.009 0.381492
0.009 0.381653
0.009 0.381815
0.009 0.381977
0.009 0.382139
0.009 0.382301
0.009 0.382462
0.009 0.382624
0.009 0.382786
0.009 0.382948
0.009 0.38311
0.009 0.383271
0.009 0.383433
0.009 0.383595
0.009 0.383757
0.009 0.383918
0.009 0.38408
0.009 0.384242
0.009 0.384404
0.009 0.384566
0.009 0.384727
0.009 0.384889
0.009 0.385051
0.009 0.385213
0.009 0.385375
0.009 0.385536
0.009 0.385698
0.009 0.38586
0.009 0.386022
0.009 0.386183
0.009 0.386345
0.009 0.386507
0.009 0.386669
0.009 0.386831
0.009 0.386992
0.009 0.387154
0.009 0.387316
0.009 0.387478
0.009 0.38764
0.009 0.387801
0.009 0.387963
0.009 0.388125
0.009 0.388287
0.009 0.388448
0.009 0.38861
0.009 0.388772
0.009 0.388934
0.009 0.389096
0.009 0.389257
0.009 0.389419
0.009 0.389581
0.009 0.389743
0.009 0.389905
0.009 0.390066
0.009 0.390228
0.009 0.39039
0.009 0.390552
0.009 0.390713
0.009 0.390875
0.009 0.391037
0.009 0.391199
0.009 0.391361
0.009 0.391522
0.009 0.391684
0.009 0.391846
0.009 0.392008
0.009 0.39217
0.009 0.392331
0.01 0.392493
0.01 0.392655
0.01 0.392817
0.01 0.392978
0.01 0.39314
0.01 0.393302
0.01 0.393464
0.01 0.393626
0.01 0.393787
0.01 0.393949
0.01 0.394111
0.01 0.394273
0.01 0.394435
0.01 0.394596
0.01 0.394758
0.01 0.39492
0.01 0.395082
0.01 0.395243
0.01 0.395405
0.01 0.395567
0.01 0.395729
0.01 0.395891
0.01 0.396052
0.01 0.396214
0.01 0.396376
0.01 0.396538
0.01 0.3967
0.01 0.396861
0.01 0.397023
0.01 0.397185
0.01 0.397347
0.01 0.397508
0.01 0.39767
0.01 0.397832
0.01 0.397994
0.01 0.398156
0.01 0.398317
0.01 0.398479
0.01 0.398641
0.01 0.398803
0.01 0.398965
0.01 0.399126
0.01 0.399288
0.01 0.39945
0.01 0.399612
0.01 0.399773
0.01 0.399935
0.01 0.400097
0.01 0.400259
0.01 0.400421
0.01 0.400582
0.01 0.400744
0.01 0.400906
0.01 0.401068
0.01 0.40123
0.01 0.401391
0.01 0.401553
0.01 0.401715
0.01 0.401877
0.01 0.402039
0.01 0.4022
0.01 0.402362
0.01 0.402524
0.01 0.402686
0.01 0.402847
0.01 0.403009
0.01 0.403171
0.01 0.403333
0.01 0.403495
0.01 0.403656
0.01 0.403818
0.01 0.40398
0.01 0.404142
0.01 0.404304
0.01 0.404465
0.01 0.404627
0.01 0.404789
0.01 0.404951
0.01 0.405112
0.01 0.405274
0.01 0.405436
0.01 0.405598
0.01 0.40576
0.01 0.405921
0.01 0.406083
0.01 0.406245
0.01 0.406407
0.01 0.406569
0.01 0.40673
0.01 0.406892
0.01 0.407054
0.01 0.407216
0.01 0.407377
0.01 0.407539
0.01 0.407701
0.01 0.407863
0.01 0.408025
0.01 0.408186
0.01 0.408348
0.01 0.40851
0.01 0.408672
0.01 0.408834
0.01 0.408995
0.01 0.409157
0.01 0.409319
0.01 0.409481
0.01 0.409642
0.01 0.409804
0.01 0.409966
0.01 0.410128
0.01 0.41029
0.01 0.410451
0.01 0.410613
0.01 0.410775
0.01 0.410937
0.01 0.411099
0.01 0.41126
0.01 0.411422
0.01 0.411584
0.01 0.411746
0.01 0.411907
0.01 0.412069
0.01 0.412231
0.01 0.412393
0.01 0.412555
0.01 0.412716
0.01 0.412878
0.01 0.41304
0.01 0.413202
0.01 0.413364
0.01 0.413525
0.01 0.413687
0.01 0.413849
0.01 0.414011
0.01 0.414172
0.01 0.414334
0.01 0.414496
0.01 0.414658
0.01 0.41482
0.01 0.414981
0.01 0.415143
0.01 0.415305
0.01 0.415467
0.01 0.415629
0.01 0.41579
0.01 0.415952
0.01 0.416114
0.01 0.416276
0.01 0.416437
0.01 0.416599
0.01 0.416761
0.01 0.416923
0.01 0.417085
0.01 0.417246
0.01 0.417408
0.01 0.41757
0.01 0.417732
0.01 0.417894
0.01 0.418055
0.01 0.418217
0.01 0.418379
0.01 0.418541
0.01 0.418702
0.01 0.418864
0.01 0.419026
0.01 0.419188
0.01 0.41935
0.01 0.419511
0.01 0.419673
0.01 0.419835
0.01 0.419997
0.01 0.420159
0.01 0.42032
0.01 0.420482
0.01 0.420644
0.01 0.420806
0.01 0.420967
0.01 0.421129
0.01 0.421291
0.01 0.421453
0.01 0.421615
0.01 0.421776
0.01 0.421938
0.01 0.4221
0.01 0.422262
0.01 0.422424
0.01 0.422585
0.01 0.422747
0.01 0.422909
0.01 0.423071
0.01 0.423232
0.01 0.423394
0.01 0.423556
0.01 0.423718
0.01 0.42388
0.01 0.424041
0.01 0.424203
0.01 0.424365
0.01 0.424527
0.01 0.424689
0.01 0.42485
0.01 0.425012
0.01 0.425174
0.01 0.425336
0.01 0.425497
0.01 0.425659
0.01 0.425821
0.01 0.425983
0.01 0.426145
0.01 0.426306
0.01 0.426468
0.01 0.42663
0.01 0.426792
0.01 0.426954
0.01 0.427115
0.01 0.427277
0.01 0.427439
0.01 0.427601
0.01 0.427762
0.01 0.427924
0.01 0.428086
0.01 0.428248
0.01 0.42841
0.01 0.428571
0.01 0.428733
0.01 0.428895
0.01 0.429057
0.01 0.429219
0.01 0.42938
0.01 0.429542
0.01 0.429704
0.01 0.429866
0.01 0.430028
0.01 0.430189
0.01 0.430351
0.01 0.430513
0.01 0.430675
0.01 0.430836
0.01 0.430998
0.01 0.43116
0.01 0.431322
0.01 0.431484
0.01 0.431645
0.01 0.431807
0.01 0.431969
0.01 0.432131
0.01 0.432293
0.01 0.432454
0.01 0.432616
0.01 0.432778
0.01 0.43294
0.01 0.433101
0.01 0.433263
0.01 0.433425
0.01 0.433587
0.01 0.433749
0.01 0.43391
0.01 0.434072
0.01 0.434234
0.01 0.434396
0.01 0.434558
0.01 0.434719
0.01 0.434881
0.01 0.435043
0.01 0.435205
0.01 0.435366
0.01 0.435528
0.01 0.43569
0.01 0.435852
0.01 0.436014
0.01 0.436175
0.01 0.436337
0.01 0.436499
0.01 0.436661
0.01 0.436823
0.01 0.436984
0.01 0.437146
0.01 0.437308
0.01 0.43747
0.01 0.437631
0.01 0.437793
0.01 0.437955
0.01 0.438117
0.01 0.438279
0.01 0.43844
0.01 0.438602
0.01 0.438764
0.01 0.438926
0.01 0.439088
0.01 0.439249
0.01 0.439411
0.01 0.439573
0.01 0.439735
0.01 0.439896
0.01 0.440058
0.01 0.44022
0.01 0.440382
0.01 0.440544
0.01 0.440705
0.01 0.440867
0.01 0.441029
0.01 0.441191
0.01 0.441353
0.01 0.441514
0.01 0.441676
0.01 0.441838
0.01 0.442
0.01 0.442161
0.01 0.442323
0.01 0.442485
0.01 0.442647
0.01 0.442809
0.01 0.44297
0.01 0.443132
0.01 0.443294
0.01 0.443456
0.01 0.443618
0.01 0.443779
0.01 0.443941
0.01 0.444103
0.01 0.444265
0.01 0.444426
0.01 0.444588
0.01 0.44475
0.01 0.444912
0.01 0.445074
0.01 0.445235
0.01 0.445397
0.01 0.445559
0.01 0.445721
0.01 0.445883
0.01 0.446044
0.01 0.446206
0.01 0.446368
0.01 0.44653
0.01 0.446691
0.01 0.446853
0.01 0.447015
0.01 0.447177
0.01 0.447339
0.01 0.4475
0.011 0.447662
0.011 0.447824
0.011 0.447986
0.011 0.448148
0.011 0.448309
0.011 0.448471
0.011 0.448633
0.011 0.448795
0.011 0.448956
0.011 0.449118
0.011 0.44928
0.011 0.449442
0.011 0.449604
0.011 0.449765
0.011 0.449927
0.011 0.450089
0.011 0.450251
0.011 0.450413
0.011 0.450574
0.011 0.450736
0.011 0.450898
0.011 0.45106
0.011 0.451221
0.011 0.451383
0.011 0.451545
0.011 0.451707
0.011 0.451869
0.011 0.45203
0.011 0.452192
0.011 0.452354
0.011 0.452516
0.011 0.452678
0.011 0.452839
0.011 0.453001
0.011 0.453163
0.011 0.453325
0.011 0.453486
0.011 0.453648
0.011 0.45381
0.011 0.453972
0.011 0.454134
0.011 0.454295
0.011 0.454457
0.011 0.454619
0.011 0.454781
0.011 0.454943
0.011 0.455104
0.011 0.455266
0.011 0.455428
0.011 0.45559
0.011 0.455751
0.011 0.455913
0.011 0.456075
0.011 0.456237
0.011 0.456399
0.011 0.45656
0.011 0.456722
0.011 0.456884
0.011 0.457046
0.011 0.457208
0.011 0.457369
0.011 0.457531
0.011 0.457693
0.011 0.457855
0.011 0.458017
0.011 0.458178
0.011 0.45834
0.011 0.458502
0.011 0.458664
0.011 0.458825
0.011 0.458987
0.011 0.459149
0.011 0.459311
0.011 0.459473
0.011 0.459634
0.011 0.459796
0.011 0.459958
0.011 0.46012
0.011 0.460282
0.011 0.460443
0.012 0.460605
0.012 0.460767
0.012 0.460929
0.012 0.46109
0.012 0.461252
0.012 0.461414
0.012 0.461576
0.012 0.461738
0.012 0.461899
0.012 0.462061
0.012 0.462223
0.012 0.462385
0.012 0.462547
0.012 0.462708
0.012 0.46287
0.012 0.463032
0.012 0.463194
0.012 0.463355
0.012 0.463517
0.012 0.463679
0.012 0.463841
0.012 0.464003
0.012 0.464164
0.012 0.464326
0.012 0.464488
0.012 0.46465
0.012 0.464812
0.012 0.464973
0.012 0.465135
0.012 0.465297
0.012 0.465459
0.012 0.46562
0.012 0.465782
0.012 0.465944
0.012 0.466106
0.012 0.466268
0.012 0.466429
0.012 0.466591
0.012 0.466753
0.012 0.466915
0.012 0.467077
0.012 0.467238
0.012 0.4674
0.012 0.467562
0.012 0.467724
0.012 0.467885
0.012 0.468047
0.012 0.468209
0.012 0.468371
0.012 0.468533
0.012 0.468694
0.012 0.468856
0.012 0.469018
0.012 0.46918
0.012 0.469342
0.012 0.469503
0.012 0.469665
0.012 0.469827
0.012 0.469989
0.012 0.47015
0.012 0.470312
0.012 0.470474
0.012 0.470636
0.012 0.470798
0.012 0.470959
0.012 0.471121
0.012 0.471283
0.012 0.471445
0.012 0.471607
0.012 0.471768
0.012 0.47193
0.012 0.472092
0.012 0.472254
0.012 0.472415
0.012 0.472577
0.012 0.472739
0.012 0.472901
0.012 0.473063
0.012 0.473224
0.012 0.473386
0.012 0.473548
0.012 0.47371
0.012 0.473872
0.012 0.474033
0.012 0.474195
0.012 0.474357
0.012 0.474519
0.012 0.47468
0.012 0.474842
0.012 0.475004
0.012 0.475166
0.012 0.475328
0.012 0.475489
0.012 0.475651
0.012 0.475813
0.012 0.475975
0.012 0.476137
0.012 0.476298
0.012 0.47646
0.012 0.476622
0.012 0.476784
0.012 0.476945
0.012 0.477107
0.012 0.477269
0.012 0.477431
0.012 0.477593
0.012 0.477754
0.012 0.477916
0.012 0.478078
0.012 0.47824
0.012 0.478402
0.012 0.478563
0.012 0.478725
0.012 0.478887
0.012 0.479049
0.012 0.47921
0.012 0.479372
0.012 0.479534
0.012 0.479696
0.013 0.479858
0.013 0.480019
0.013 0.480181
0.013 0.480343
0.013 0.480505
0.013 0.480667
0.013 0.480828
0.013 0.48099
0.013 0.481152
0.013 0.481314
0.013 0.481475
0.013 0.481637
0.013 0.481799
0.013 0.481961
0.013 0.482123
0.013 0.482284
0.013 0.482446
0.013 0.482608
0.013 0.48277
0.013 0.482932
0.013 0.483093
0.013 0.483255
0.013 0.483417
0.013 0.483579
0.013 0.48374
0.013 0.483902
0.013 0.484064
0.013 0.484226
0.013 0.484388
0.013 0.484549
0.013 0.484711
0.013 0.484873
0.013 0.485035
0.013 0.485197
0.013 0.485358
0.013 0.48552
0.013 0.485682
0.013 0.485844
0.013 0.486006
0.013 0.486167
0.013 0.486329
0.013 0.486491
0.013 0.486653
0.013 0.486814
0.013 0.486976
0.013 0.487138
0.013 0.4873
0.013 0.487462
0.013 0.487623
0.013 0.487785
0.013 0.487947
0.013 0.488109
0.013 0.488271
0.013 0.488432
0.013 0.488594
0.013 0.488756
0.013 0.488918
0.013 0.489079
0.013 0.489241
0.013 0.489403
0.013 0.489565
0.013 0.489727
0.013 0.489888
0.013 0.49005
0.013 0.490212
0.013 0.490374
0.013 0.490536
0.013 0.490697
0.013 0.490859
0.013 0.491021
0.013 0.491183
0.013 0.491344
0.013 0.491506
0.013 0.491668
0.013 0.49183
0.013 0.491992
0.013 0.492153
0.013 0.492315
0.013 0.492477
0.013 0.492639
0.013 0.492801
0.013 0.492962
0.013 0.493124
0.013 0.493286
0.013 0.493448
0.013 0.493609
0.013 0.493771
0.013 0.493933
0.013 0.494095
0.013 0.494257
0.013 0.494418
0.013 0.49458
0.013 0.494742
0.013 0.494904
0.013 0.495066
0.013 0.495227
0.013 0.495389
0.013 0.495551
0.013 0.495713
0.013 0.495874
0.013 0.496036
0.013 0.496198
0.013 0.49636
0.013 0.496522
0.013 0.496683
0.013 0.496845
0.013 0.497007
0.013 0.497169
0.013 0.497331
0.013 0.497492
0.013 0.497654
0.013 0.497816
0.013 0.497978
0.013 0.498139
0.013 0.498301
0.013 0.498463
0.013 0.498625
0.013 0.498787
0.013 0.498948
0.013 0.49911
0.013 0.499272
0.013 0.499434
0.013 0.499596
0.013 0.499757
0.013 0.499919
0.014 0.500081
0.014 0.500243
0.014 0.500404
0.014 0.500566
0.014 0.500728
0.014 0.50089
0.014 0.501052
0.014 0.501213
0.014 0.501375
0.014 0.501537
0.014 0.501699
0.014 0.501861
0.014 0.502022
0.014 0.502184
0.014 0.502346
0.014 0.502508
0.014 0.502669
0.014 0.502831
0.014 0.502993
0.014 0.503155
0.014 0.503317
0.014 0.503478
0.014 0.50364
0.014 0.503802
0.014 0.503964
0.014 0.504126
0.014 0.504287
0.014 0.504449
0.014 0.504611
0.014 0.504773
0.014 0.504934
0.014 0.505096
0.015 0.505258
0.015 0.50542
0.015 0.505582
0.015 0.505743
0.015 0.505905
0.015 0.506067
0.015 0.506229
0.015 0.506391
0.015 0.506552
0.015 0.506714
0.015 0.506876
0.015 0.507038
0.015 0.507199
0.015 0.507361
0.015 0.507523
0.015 0.507685
0.015 0.507847
0.015 0.508008
0.015 0.50817
0.015 0.508332
0.015 0.508494
0.015 0.508656
0.015 0.508817
0.015 0.508979
0.015 0.509141
0.015 0.509303
0.015 0.509464
0.015 0.509626
0.015 0.509788
0.015 0.50995
0.015 0.510112
0.015 0.510273
0.015 0.510435
0.015 0.510597
0.015 0.510759
0.015 0.510921
0.015 0.511082
0.015 0.511244
0.015 0.511406
0.015 0.511568
0.015 0.511729
0.015 0.511891
0.015 0.512053
0.015 0.512215
0.015 0.512377
0.015 0.512538
0.015 0.5127
0.015 0.512862
0.015 0.513024
0.015 0.513186
0.015 0.513347
0.015 0.513509
0.015 0.513671
0.015 0.513833
0.015 0.513994
0.015 0.514156
0.015 0.514318
0.015 0.51448
0.015 0.514642
0.015 0.514803
0.015 0.514965
0.015 0.515127
0.015 0.515289
0.015 0.515451
0.015 0.515612
0.015 0.515774
0.015 0.515936
0.015 0.516098
0.015 0.51626
0.015 0.516421
0.015 0.516583
0.015 0.516745
0.015 0.516907
0.015 0.517068
0.015 0.51723
0.015 0.517392
0.015 0.517554
0.015 0.517716
0.015 0.517877
0.015 0.518039
0.015 0.518201
0.015 0.518363
0.015 0.518525
0.016 0.518686
0.016 0.518848
0.016 0.51901
0.016 0.519172
0.016 0.519333
0.016 0.519495
0.016 0.519657
0.016 0.519819
0.016 0.519981
0.016 0.520142
0.016 0.520304
0.016 0.520466
0.016 0.520628
0.016 0.52079
0.016 0.520951
0.016 0.521113
0.016 0.521275
0.016 0.521437
0.016 0.521598
0.016 0.52176
0.016 0.521922
0.016 0.522084
0.016 0.522246
0.016 0.522407
0.016 0.522569
0.016 0.522731
0.016 0.522893
0.016 0.523055
0.016 0.523216
0.016 0.523378
0.016 0.52354
0.016 0.523702
0.016 0.523863
0.016 0.524025
0.016 0.524187
0.016 0.524349
0.016 0.524511
0.016 0.524672
0.016 0.524834
0.016 0.524996
0.016 0.525158
0.016 0.52532
0.016 0.525481
0.016 0.525643
0.016 0.525805
0.016 0.525967
0.016 0.526128
0.016 0.52629
0.016 0.526452
0.016 0.526614
0.016 0.526776
0.016 0.526937
0.016 0.527099
0.016 0.527261
0.016 0.527423
0.016 0.527585
0.016 0.527746
0.016 0.527908
0.016 0.52807
0.016 0.528232
0.016 0.528393
0.016 0.528555
0.016 0.528717
0.016 0.528879
0.016 0.529041
0.016 0.529202
0.016 0.529364
0.016 0.529526
0.016 0.529688
0.016 0.52985
0.016 0.530011
0.016 0.530173
0.016 0.530335
0.016 0.530497
0.016 0.530658
0.016 0.53082
0.016 0.530982
0.016 0.531144
0.016 0.531306
0.016 0.531467
0.016 0.531629
0.016 0.531791
0.016 0.531953
0.016 0.532115
0.016 0.532276
0.016 0.532438
0.016 0.5326
0.016 0.532762
0.016 0.532923
0.016 0.533085
0.016 0.533247
0.016 0.533409
0.016 0.533571
0.016 0.533732
0.016 0.533894
0.016 0.534056
0.016 0.534218
0.016 0.53438
0.016 0.534541
0.016 0.534703
0.016 0.534865
0.016 0.535027
0.016 0.535188
0.016 0.53535
0.016 0.535512
0.016 0.535674
0.016 0.535836
0.016 0.535997
0.016 0.536159
0.016 0.536321
0.016 0.536483
0.016 0.536645
0.016 0.536806
0.017 0.536968
0.017 0.53713
0.017 0.537292
0.017 0.537453
0.017 0.537615
0.017 0.537777
0.017 0.537939
0.017 0.538101
0.017 0.538262
0.017 0.538424
0.017 0.538586
0.017 0.538748
0.017 0.53891
0.017 0.539071
0.017 0.539233
0.017 0.539395
0.017 0.539557
0.017 0.539718
0.017 0.53988
0.017 0.540042
0.017 0.540204
0.017 0.540366
0.017 0.540527
0.017 0.540689
0.017 0.540851
0.017 0.541013
0.017 0.541175
0.017 0.541336
0.017 0.541498
0.017 0.54166
0.017 0.541822
0.017 0.541983
0.018 0.542145
0.018 0.542307
0.018 0.542469
0.018 0.542631
0.018 0.542792
0.018 0.542954
0.018 0.543116
0.018 0.543278
0.018 0.54344
0.018 0.543601
0.018 0.543763
0.018 0.543925
0.018 0.544087
0.018 0.544249
0.018 0.54441
0.018 0.544572
0.018 0.544734
0.018 0.544896
0.019 0.545057
0.019 0.545219
0.019 0.545381
0.019 0.545543
0.019 0.545705
0.019 0.545866
0.019 0.546028
0.019 0.54619
0.019 0.546352
0.019 0.546514
0.019 0.546675
0.019 0.546837
0.019 0.546999
0.019 0.547161
0.019 0.547322
0.019 0.547484
0.019 0.547646
0.019 0.547808
0.019 0.54797
0.019 0.548131
0.019 0.548293
0.019 0.548455
0.019 0.548617
0.019 0.548779
0.019 0.54894
0.019 0.549102
0.019 0.549264
0.019 0.549426
0.019 0.549587
0.019 0.549749
0.019 0.549911
0.019 0.550073
0.019 0.550235
0.019 0.550396
0.019 0.550558
0.019 0.55072
0.019 0.550882
0.019 0.551044
0.019 0.551205
0.019 0.551367
0.019 0.551529
0.019 0.551691
0.019 0.551852
0.019 0.552014
0.019 0.552176
0.019 0.552338
0.019 0.5525
0.019 0.552661
0.019 0.552823
0.019 0.552985
0.019 0.553147
0.019 0.553309
0.019 0.55347
0.019 0.553632
0.019 0.553794
0.019 0.553956
0.019 0.554117
0.019 0.554279
0.019 0.554441
0.019 0.554603
0.019 0.554765
0.019 0.554926
0.019 0.555088
0.019 0.55525
0.019 0.555412
0.019 0.555574
0.019 0.555735
0.019 0.555897
0.019 0.556059
0.019 0.556221
0.019 0.556382
0.019 0.556544
0.019 0.556706
0.019 0.556868
0.019 0.55703
0.019 0.557191
0.019 0.557353
0.019 0.557515
0.02 0.557677
0.02 0.557839
0.02 0.558
0.02 0.558162
0.02 0.558324
0.02 0.558486
0.02 0.558647
0.02 0.558809
0.02 0.558971
0.02 0.559133
0.02 0.559295
0.02 0.559456
0.02 0.559618
0.02 0.55978
0.02 0.559942
0.02 0.560104
0.02 0.560265
0.02 0.560427
0.02 0.560589
0.02 0.560751
0.02 0.560912
0.02 0.561074
0.02 0.561236
0.02 0.561398
0.02 0.56156
0.02 0.561721
0.02 0.561883
0.02 0.562045
0.02 0.562207
0.02 0.562369
0.02 0.56253
0.02 0.562692
0.02 0.562854
0.02 0.563016
0.02 0.563177
0.02 0.563339
0.02 0.563501
0.02 0.563663
0.02 0.563825
0.02 0.563986
0.02 0.564148
0.02 0.56431
0.02 0.564472
0.02 0.564634
0.02 0.564795
0.02 0.564957
0.02 0.565119
0.02 0.565281
0.02 0.565442
0.02 0.565604
0.02 0.565766
0.02 0.565928
0.02 0.56609
0.02 0.566251
0.02 0.566413
0.02 0.566575
0.02 0.566737
0.02 0.566899
0.02 0.56706
0.02 0.567222
0.02 0.567384
0.02 0.567546
0.02 0.567707
0.02 0.567869
0.02 0.568031
0.02 0.568193
0.02 0.568355
0.02 0.568516
0.02 0.568678
0.02 0.56884
0.02 0.569002
0.02 0.569164
0.021 0.569325
0.021 0.569487
0.021 0.569649
0.021 0.569811
0.021 0.569972
0.021 0.570134
0.021 0.570296
0.021 0.570458
0.021 0.57062
0.021 0.570781
0.021 0.570943
0.021 0.571105
0.021 0.571267
0.021 0.571429
0.021 0.57159
0.021 0.571752
0.021 0.571914
0.021 0.572076
0.021 0.572238
0.022 0.572399
0.022 0.572561
0.022 0.572723
0.022 0.572885
0.022 0.573046
0.022 0.573208
0.023 0.57337
0.023 0.573532
0.023 0.573694
0.023 0.573855
0.023 0.574017
0.023 0.574179
0.023 0.574341
0.023 0.574503
0.023 0.574664
0.023 0.574826
0.023 0.574988
0.023 0.57515
0.023 0.575311
0.023 0.575473
0.023 0.575635
0.023 0.575797
0.023 0.575959
0.023 0.57612
0.023 0.576282
0.023 0.576444
0.023 0.576606
0.023 0.576768
0.023 0.576929
0.023 0.577091
0.023 0.577253
0.023 0.577415
0.023 0.577576
0.023 0.577738
0.023 0.5779
0.023 0.578062
0.023 0.578224
0.023 0.578385
0.023 0.578547
0.023 0.578709
0.023 0.578871
0.024 0.579033
0.024 0.579194
0.024 0.579356
0.024 0.579518
0.024 0.57968
0.024 0.579841
0.024 0.580003
0.024 0.580165
0.024 0.580327
0.024 0.580489
0.024 0.58065
0.024 0.580812
0.024 0.580974
0.024 0.581136
0.024 0.581298
0.024 0.581459
0.024 0.581621
0.024 0.581783
0.024 0.581945
0.024 0.582106
0.024 0.582268
0.024 0.58243
0.024 0.582592
0.024 0.582754
0.024 0.582915
0.024 0.583077
0.024 0.583239
0.024 0.583401
0.024 0.583563
0.024 0.583724
0.024 0.583886
0.024 0.584048
0.024 0.58421
0.024 0.584371
0.024 0.584533
0.024 0.584695
0.024 0.584857
0.024 0.585019
0.024 0.58518
0.024 0.585342
0.024 0.585504
0.024 0.585666
0.024 0.585828
0.024 0.585989
0.024 0.586151
0.024 0.586313
0.024 0.586475
0.024 0.586636
0.024 0.586798
0.024 0.58696
0.024 0.587122
0.024 0.587284
0.024 0.587445
0.024 0.587607
0.024 0.587769
0.024 0.587931
0.024 0.588093
0.024 0.588254
0.024 0.588416
0.024 0.588578
0.024 0.58874
0.024 0.588901
0.024 0.589063
0.024 0.589225
0.024 0.589387
0.024 0.589549
0.024 0.58971
0.024 0.589872
0.024 0.590034
0.024 0.590196
0.024 0.590358
0.024 0.590519
0.024 0.590681
0.024 0.590843
0.024 0.591005
0.024 0.591166
0.024 0.591328
0.024 0.59149
0.024 0.591652
0.024 0.591814
0.024 0.591975
0.024 0.592137
0.024 0.592299
0.024 0.592461
0.024 0.592623
0.024 0.592784
0.024 0.592946
0.024 0.593108
0.024 0.59327
0.025 0.593431
0.025 0.593593
0.025 0.593755
0.025 0.593917
0.025 0.594079
0.025 0.59424
0.025 0.594402
0.025 0.594564
0.025 0.594726
0.025 0.594888
0.025 0.595049
0.025 0.595211
0.025 0.595373
0.025 0.595535
0.025 0.595696
0.025 0.595858
0.025 0.59602
0.025 0.596182
0.025 0.596344
0.025 0.596505
0.025 0.596667
0.025 0.596829
0.025 0.596991
0.025 0.597153
0.025 0.597314
0.025 0.597476
0.025 0.597638
0.025 0.5978
0.025 0.597961
0.025 0.598123
0.025 0.598285
0.025 0.598447
0.026 0.598609
0.026 0.59877
0.026 0.598932
0.026 0.599094
0.026 0.599256
0.026 0.599418
0.026 0.599579
0.026 0.599741
0.026 0.599903
0.026 0.600065
0.026 0.600227
0.027 0.600388
0.028 0.60055
0.028 0.600712
0.028 0.600874
0.028 0.601035
0.028 0.601197
0.028 0.601359
0.028 0.601521
0.028 0.601683
0.028 0.601844
0.028 0.602006
0.028 0.602168
0.028 0.60233
0.029 0.602492
0.029 0.602653
0.029 0.602815
0.029 0.602977
0.029 0.603139
0.029 0.6033
0.029 0.603462
0.029 0.603624
0.029 0.603786
0.029 0.603948
0.029 0.604109
0.029 0.604271
0.029 0.604433
0.029 0.604595
0.029 0.604757
0.029 0.604918
0.029 0.60508
0.029 0.605242
0.029 0.605404
0.029 0.605565
0.029 0.605727
0.029 0.605889
0.029 0.606051
0.029 0.606213
0.029 0.606374
0.029 0.606536
0.029 0.606698
0.029 0.60686
0.029 0.607022
0.029 0.607183
0.029 0.607345
0.029 0.607507
0.029 0.607669
0.029 0.60783
0.029 0.607992
0.029 0.608154
0.029 0.608316
0.029 0.608478
0.029 0.608639
0.029 0.608801
0.029 0.608963
0.029 0.609125
0.029 0.609287
0.029 0.609448
0.029 0.60961
0.029 0.609772
0.029 0.609934
0.029 0.610095
0.029 0.610257
0.029 0.610419
0.029 0.610581
0.029 0.610743
0.029 0.610904
0.029 0.611066
0.03 0.611228
0.03 0.61139
0.03 0.611552
0.03 0.611713
0.03 0.611875
0.03 0.612037
0.03 0.612199
0.03 0.61236
0.03 0.612522
0.03 0.612684
0.03 0.612846
0.03 0.613008
0.03 0.613169
0.03 0.613331
0.03 0.613493
0.03 0.613655
0.03 0.613817
0.03 0.613978
0.03 0.61414
0.03 0.614302
0.03 0.614464
0.03 0.614625
0.03 0.614787
0.03 0.614949
0.03 0.615111
0.03 0.615273
0.03 0.615434
0.03 0.615596
0.03 0.615758
0.031 0.61592
0.031 0.616082
0.031 0.616243
0.031 0.616405
0.031 0.616567
0.031 0.616729
0.031 0.61689
0.031 0.617052
0.031 0.617214
0.031 0.617376
0.031 0.617538
0.031 0.617699
0.031 0.617861
0.031 0.618023
0.031 0.618185
0.031 0.618347
0.031 0.618508
0.031 0.61867
0.032 0.618832
0.032 0.618994
0.032 0.619155
0.032 0.619317
0.032 0.619479
0.032 0.619641
0.032 0.619803
0.032 0.619964
0.032 0.620126
0.032 0.620288
0.032 0.62045
0.032 0.620612
0.032 0.620773
0.032 0.620935
0.033 0.621097
0.033 0.621259
0.033 0.62142
0.033 0.621582
0.033 0.621744
0.033 0.621906
0.034 0.622068
0.034 0.622229
0.034 0.622391
0.034 0.622553
0.035 0.622715
0.035 0.622877
0.035 0.623038
0.035 0.6232
0.035 0.623362
0.035 0.623524
0.035 0.623685
0.035 0.623847
0.035 0.624009
0.035 0.624171
0.035 0.624333
0.035 0.624494
0.035 0.624656
0.035 0.624818
0.035 0.62498
0.035 0.625142
0.035 0.625303
0.035 0.625465
0.035 0.625627
0.035 0.625789
0.035 0.62595
0.035 0.626112
0.035 0.626274
0.035 0.626436
0.035 0.626598
0.035 0.626759
0.035 0.626921
0.035 0.627083
0.035 0.627245
0.035 0.627407
0.035 0.627568
0.036 0.62773
0.036 0.627892
0.036 0.628054
0.036 0.628215
0.036 0.628377
0.036 0.628539
0.036 0.628701
0.036 0.628863
0.036 0.629024
0.036 0.629186
0.036 0.629348
0.036 0.62951
0.036 0.629672
0.036 0.629833
0.036 0.629995
0.036 0.630157
0.036 0.630319
0.036 0.630481
0.036 0.630642
0.036 0.630804
0.036 0.630966
0.036 0.631128
0.036 0.631289
0.036 0.631451
0.036 0.631613
0.036 0.631775
0.036 0.631937
0.036 0.632098
0.036 0.63226
0.036 0.632422
0.036 0.632584
0.036 0.632746
0.036 0.632907
0.036 0.633069
0.036 0.633231
0.036 0.633393
0.036 0.633554
0.036 0.633716
0.036 0.633878
0.036 0.63404
0.037 0.634202
0.037 0.634363
0.037 0.634525
0.037 0.634687
0.037 0.634849
0.037 0.635011
0.037 0.635172
0.037 0.635334
0.037 0.635496
0.037 0.635658
0.037 0.635819
0.037 0.635981
0.037 0.636143
0.037 0.636305
0.037 0.636467
0.037 0.636628
0.037 0.63679
0.037 0.636952
0.037 0.637114
0.037 0.637276
0.038 0.637437
0.038 0.637599
0.038 0.637761
0.038 0.637923
0.038 0.638084
0.038 0.638246
0.038 0.638408
0.038 0.63857
0.038 0.638732
0.038 0.638893
0.038 0.639055
0.038 0.639217
0.038 0.639379
0.038 0.639541
0.038 0.639702
0.038 0.639864
0.038 0.640026
0.038 0.640188
0.038 0.640349
0.038 0.640511
0.038 0.640673
0.038 0.640835
0.038 0.640997
0.038 0.641158
0.038 0.64132
0.038 0.641482
0.038 0.641644
0.038 0.641806
0.038 0.641967
0.039 0.642129
0.039 0.642291
0.039 0.642453
0.039 0.642614
0.039 0.642776
0.039 0.642938
0.039 0.6431
0.039 0.643262
0.039 0.643423
0.039 0.643585
0.039 0.643747
0.039 0.643909
0.039 0.644071
0.039 0.644232
0.04 0.644394
0.04 0.644556
0.04 0.644718
0.04 0.644879
0.04 0.645041
0.041 0.645203
0.041 0.645365
0.042 0.645527
0.042 0.645688
0.042 0.64585
0.042 0.646012
0.042 0.646174
0.042 0.646336
0.042 0.646497
0.043 0.646659
0.043 0.646821
0.043 0.646983
0.043 0.647144
0.043 0.647306
0.043 0.647468
0.043 0.64763
0.043 0.647792
0.043 0.647953
0.043 0.648115
0.043 0.648277
0.043 0.648439
0.043 0.648601
0.043 0.648762
0.043 0.648924
0.043 0.649086
0.043 0.649248
0.043 0.649409
0.043 0.649571
0.043 0.649733
0.043 0.649895
0.043 0.650057
0.043 0.650218
0.043 0.65038
0.043 0.650542
0.043 0.650704
0.043 0.650866
0.043 0.651027
0.043 0.651189
0.043 0.651351
0.043 0.651513
0.043 0.651674
0.044 0.651836
0.044 0.651998
0.044 0.65216
0.044 0.652322
0.044 0.652483
0.044 0.652645
0.044 0.652807
0.044 0.652969
0.044 0.653131
0.044 0.653292
0.044 0.653454
0.044 0.653616
0.044 0.653778
0.044 0.653939
0.044 0.654101
0.044 0.654263
0.044 0.654425
0.044 0.654587
0.044 0.654748
0.045 0.65491
0.045 0.655072
0.045 0.655234
0.045 0.655396
0.045 0.655557
0.045 0.655719
0.045 0.655881
0.045 0.656043
0.045 0.656204
0.045 0.656366
0.045 0.656528
0.045 0.65669
0.045 0.656852
0.045 0.657013
0.045 0.657175
0.045 0.657337
0.045 0.657499
0.045 0.657661
0.045 0.657822
0.045 0.657984
0.045 0.658146
0.045 0.658308
0.045 0.65847
0.045 0.658631
0.046 0.658793
0.046 0.658955
0.046 0.659117
0.046 0.659278
0.046 0.65944
0.046 0.659602
0.046 0.659764
0.046 0.659926
0.046 0.660087
0.046 0.660249
0.046 0.660411
0.046 0.660573
0.046 0.660735
0.047 0.660896
0.047 0.661058
0.047 0.66122
0.047 0.661382
0.047 0.661543
0.047 0.661705
0.047 0.661867
0.047 0.662029
0.047 0.662191
0.047 0.662352
0.047 0.662514
0.048 0.662676
0.048 0.662838
0.049 0.663
0.05 0.663161
0.05 0.663323
0.051 0.663485
0.051 0.663647
0.051 0.663808
0.051 0.66397
0.051 0.664132
0.051 0.664294
0.051 0.664456
0.051 0.664617
0.052 0.664779
0.052 0.664941
0.052 0.665103
0.052 0.665265
0.052 0.665426
0.052 0.665588
0.052 0.66575
0.052 0.665912
0.052 0.666073
0.052 0.666235
0.052 0.666397
0.052 0.666559
0.052 0.666721
0.052 0.666882
0.053 0.667044
0.053 0.667206
0.053 0.667368
0.053 0.66753
0.053 0.667691
0.053 0.667853
0.053 0.668015
0.053 0.668177
0.054 0.668338
0.054 0.6685
0.054 0.668662
0.054 0.668824
0.054 0.668986
0.054 0.669147
0.054 0.669309
0.054 0.669471
0.054 0.669633
0.054 0.669795
0.054 0.669956
0.054 0.670118
0.054 0.67028
0.054 0.670442
0.054 0.670603
0.054 0.670765
0.054 0.670927
0.054 0.671089
0.054 0.671251
0.054 0.671412
0.054 0.671574
0.054 0.671736
0.054 0.671898
0.055 0.67206
0.055 0.672221
0.055 0.672383
0.055 0.672545
0.055 0.672707
0.055 0.672868
0.055 0.67303
0.055 0.673192
0.055 0.673354
0.055 0.673516
0.055 0.673677
0.055 0.673839
0.055 0.674001
0.055 0.674163
0.055 0.674325
0.055 0.674486
0.055 0.674648
0.055 0.67481
0.055 0.674972
0.055 0.675133
0.055 0.675295
0.055 0.675457
0.055 0.675619
0.055 0.675781
0.055 0.675942
0.055 0.676104
0.056 0.676266
0.056 0.676428
0.056 0.67659
0.056 0.676751
0.056 0.676913
0.056 0.677075
0.056 0.677237
0.056 0.677398
0.056 0.67756
0.056 0.677722
0.056 0.677884
0.056 0.678046
0.057 0.678207
0.057 0.678369
0.057 0.678531
0.06 0.678693
0.061 0.678855
0.061 0.679016
0.061 0.679178
0.062 0.67934
0.062 0.679502
0.062 0.679663
0.062 0.679825
0.062 0.679987
0.062 0.680149
0.062 0.680311
0.062 0.680472
0.063 0.680634
0.063 0.680796
0.063 0.680958
0.063 0.68112
0.064 0.681281
0.064 0.681443
0.064 0.681605
0.064 0.681767
0.064 0.681928
0.064 0.68209
0.064 0.682252
0.064 0.682414
0.064 0.682576
0.064 0.682737
0.064 0.682899
0.064 0.683061
0.064 0.683223
0.064 0.683385
0.064 0.683546
0.064 0.683708
0.064 0.68387
0.064 0.684032
0.064 0.684193
0.064 0.684355
0.064 0.684517
0.064 0.684679
0.064 0.684841
0.065 0.685002
0.065 0.685164
0.065 0.685326
0.065 0.685488
0.065 0.68565
0.065 0.685811
0.065 0.685973
0.065 0.686135
0.065 0.686297
0.065 0.686459
0.065 0.68662
0.065 0.686782
0.065 0.686944
0.065 0.687106
0.065 0.687267
0.065 0.687429
0.065 0.687591
0.065 0.687753
0.065 0.687915
0.065 0.688076
0.065 0.688238
0.065 0.6884
0.065 0.688562
0.065 0.688724
0.065 0.688885
0.065 0.689047
0.065 0.689209
0.065 0.689371
0.065 0.689532
0.065 0.689694
0.065 0.689856
0.065 0.690018
0.065 0.69018
0.065 0.690341
0.065 0.690503
0.065 0.690665
0.065 0.690827
0.065 0.690989
0.065 0.69115
0.066 0.691312
0.066 0.691474
0.066 0.691636
0.066 0.691797
0.066 0.691959
0.066 0.692121
0.066 0.692283
0.066 0.692445
0.066 0.692606
0.066 0.692768
0.066 0.69293
0.066 0.693092
0.066 0.693254
0.066 0.693415
0.066 0.693577
0.066 0.693739
0.066 0.693901
0.066 0.694062
0.066 0.694224
0.066 0.694386
0.066 0.694548
0.066 0.69471
0.066 0.694871
0.067 0.695033
0.067 0.695195
0.067 0.695357
0.067 0.695519
0.067 0.69568
0.067 0.695842
0.067 0.696004
0.067 0.696166
0.067 0.696327
0.067 0.696489
0.067 0.696651
0.067 0.696813
0.067 0.696975
0.067 0.697136
0.067 0.697298
0.068 0.69746
0.068 0.697622
0.068 0.697784
0.069 0.697945
0.069 0.698107
0.071 0.698269
0.071 0.698431
0.071 0.698592
0.071 0.698754
0.072 0.698916
0.072 0.699078
0.072 0.69924
0.072 0.699401
0.072 0.699563
0.072 0.699725
0.072 0.699887
0.073 0.700049
0.073 0.70021
0.073 0.700372
0.073 0.700534
0.074 0.700696
0.074 0.700857
0.074 0.701019
0.074 0.701181
0.074 0.701343
0.074 0.701505
0.074 0.701666
0.074 0.701828
0.074 0.70199
0.074 0.702152
0.074 0.702314
0.074 0.702475
0.074 0.702637
0.075 0.702799
0.075 0.702961
0.075 0.703122
0.075 0.703284
0.075 0.703446
0.075 0.703608
0.075 0.70377
0.075 0.703931
0.075 0.704093
0.075 0.704255
0.075 0.704417
0.075 0.704579
0.075 0.70474
0.075 0.704902
0.075 0.705064
0.075 0.705226
0.075 0.705387
0.075 0.705549
0.075 0.705711
0.075 0.705873
0.075 0.706035
0.075 0.706196
0.075 0.706358
0.075 0.70652
0.076 0.706682
0.076 0.706844
0.076 0.707005
0.076 0.707167
0.076 0.707329
0.076 0.707491
0.076 0.707652
0.076 0.707814
0.076 0.707976
0.076 0.708138
0.076 0.7083
0.076 0.708461
0.076 0.708623
0.076 0.708785
0.076 0.708947
0.076 0.709109
0.076 0.70927
0.076 0.709432
0.076 0.709594
0.076 0.709756
0.076 0.709917
0.076 0.710079
0.076 0.710241
0.076 0.710403
0.076 0.710565
0.076 0.710726
0.076 0.710888
0.076 0.71105
0.076 0.711212
0.076 0.711374
0.076 0.711535
0.076 0.711697
0.077 0.711859
0.077 0.712021
0.077 0.712182
0.077 0.712344
0.077 0.712506
0.077 0.712668
0.077 0.71283
0.077 0.712991
0.077 0.713153
0.077 0.713315
0.077 0.713477
0.077 0.713639
0.077 0.7138
0.077 0.713962
0.077 0.714124
0.077 0.714286
0.077 0.714448
0.077 0.714609
0.077 0.714771
0.077 0.714933
0.078 0.715095
0.078 0.715256
0.078 0.715418
0.078 0.71558
0.08 0.715742
0.081 0.715904
0.082 0.716065
0.082 0.716227
0.082 0.716389
0.082 0.716551
0.082 0.716713
0.082 0.716874
0.083 0.717036
0.083 0.717198
0.083 0.71736
0.083 0.717521
0.084 0.717683
0.084 0.717845
0.084 0.718007
0.084 0.718169
0.084 0.71833
0.085 0.718492
0.085 0.718654
0.085 0.718816
0.085 0.718978
0.085 0.719139
0.085 0.719301
0.085 0.719463
0.085 0.719625
0.085 0.719786
0.085 0.719948
0.085 0.72011
0.085 0.720272
0.085 0.720434
0.085 0.720595
0.085 0.720757
0.085 0.720919
0.085 0.721081
0.086 0.721243
0.086 0.721404
0.086 0.721566
0.086 0.721728
0.086 0.72189
0.086 0.722051
0.086 0.722213
0.086 0.722375
0.086 0.722537
0.086 0.722699
0.086 0.72286
0.086 0.723022
0.086 0.723184
0.086 0.723346
0.086 0.723508
0.086 0.723669
0.086 0.723831
0.086 0.723993
0.087 0.724155
0.087 0.724316
0.087 0.724478
0.087 0.72464
0.087 0.724802
0.087 0.724964
0.087 0.725125
0.087 0.725287
0.087 0.725449
0.087 0.725611
0.087 0.725773
0.087 0.725934
0.087 0.726096
0.087 0.726258
0.087 0.72642
0.087 0.726581
0.087 0.726743
0.087 0.726905
0.087 0.727067
0.087 0.727229
0.087 0.72739
0.087 0.727552
0.087 0.727714
0.088 0.727876
0.088 0.728038
0.088 0.728199
0.088 0.728361
0.088 0.728523
0.088 0.728685
0.088 0.728846
0.088 0.729008
0.088 0.72917
0.088 0.729332
0.088 0.729494
0.088 0.729655
0.089 0.729817
0.09 0.729979
0.09 0.730141
0.09 0.730303
0.09 0.730464
0.09 0.730626
0.09 0.730788
0.091 0.73095
0.091 0.731111
0.091 0.731273
0.091 0.731435
0.091 0.731597
0.091 0.731759
0.091 0.73192
0.091 0.732082
0.091 0.732244
0.091 0.732406
0.091 0.732568
0.091 0.732729
0.092 0.732891
0.092 0.733053
0.092 0.733215
0.092 0.733376
0.093 0.733538
0.093 0.7337
0.093 0.733862
0.094 0.734024
0.094 0.734185
0.094 0.734347
0.094 0.734509
0.094 0.734671
0.094 0.734833
0.095 0.734994
0.095 0.735156
0.095 0.735318
0.095 0.73548
0.095 0.735641
0.095 0.735803
0.095 0.735965
0.095 0.736127
0.095 0.736289
0.096 0.73645
0.096 0.736612
0.096 0.736774
0.096 0.736936
0.096 0.737098
0.096 0.737259
0.096 0.737421
0.096 0.737583
0.096 0.737745
0.096 0.737906
0.096 0.738068
0.096 0.73823
0.096 0.738392
0.096 0.738554
0.096 0.738715
0.096 0.738877
0.096 0.739039
0.096 0.739201
0.096 0.739363
0.096 0.739524
0.096 0.739686
0.096 0.739848
0.097 0.74001
0.097 0.740171
0.097 0.740333
0.097 0.740495
0.097 0.740657
0.097 0.740819
0.097 0.74098
0.097 0.741142
0.097 0.741304
0.097 0.741466
0.097 0.741628
0.097 0.741789
0.097 0.741951
0.097 0.742113
0.097 0.742275
0.097 0.742436
0.097 0.742598
0.097 0.74276
0.097 0.742922
0.098 0.743084
0.098 0.743245
0.098 0.743407
0.098 0.743569
0.098 0.743731
0.098 0.743893
0.098 0.744054
0.098 0.744216
0.098 0.744378
0.098 0.74454
0.098 0.744702
0.098 0.744863
0.098 0.745025
0.098 0.745187
0.098 0.745349
0.098 0.74551
0.098 0.745672
0.098 0.745834
0.098 0.745996
0.098 0.746158
0.098 0.746319
0.098 0.746481
0.098 0.746643
0.098 0.746805
0.099 0.746967
0.099 0.747128
0.099 0.74729
0.099 0.747452
0.099 0.747614
0.099 0.747775
0.099 0.747937
0.099 0.748099
0.099 0.748261
0.099 0.748423
0.099 0.748584
0.099 0.748746
0.099 0.748908
0.099 0.74907
0.099 0.749232
0.099 0.749393
0.099 0.749555
0.099 0.749717
0.099 0.749879
0.099 0.75004
0.099 0.750202
0.1 0.750364
0.1 0.750526
0.1 0.750688
0.1 0.750849
0.1 0.751011
0.1 0.751173
0.1 0.751335
0.1 0.751497
0.1 0.751658
0.1 0.75182
0.1 0.751982
0.1 0.752144
0.1 0.752305
0.1 0.752467
0.1 0.752629
0.1 0.752791
0.1 0.752953
0.1 0.753114
0.1 0.753276
0.1 0.753438
0.1 0.7536
0.1 0.753762
0.1 0.753923
0.1 0.754085
0.101 0.754247
0.101 0.754409
0.101 0.75457
0.101 0.754732
0.101 0.754894
0.101 0.755056
0.101 0.755218
0.101 0.755379
0.101 0.755541
0.101 0.755703
0.101 0.755865
0.101 0.756027
0.101 0.756188
0.101 0.75635
0.101 0.756512
0.101 0.756674
0.101 0.756835
0.101 0.756997
0.101 0.757159
0.101 0.757321
0.101 0.757483
0.101 0.757644
0.101 0.757806
0.101 0.757968
0.101 0.75813
0.101 0.758292
0.102 0.758453
0.102 0.758615
0.102 0.758777
0.102 0.758939
0.102 0.7591
0.102 0.759262
0.102 0.759424
0.102 0.759586
0.102 0.759748
0.102 0.759909
0.102 0.760071
0.102 0.760233
0.102 0.760395
0.102 0.760557
0.102 0.760718
0.102 0.76088
0.102 0.761042
0.102 0.761204
0.102 0.761365
0.102 0.761527
0.102 0.761689
0.102 0.761851
0.103 0.762013
0.103 0.762174
0.103 0.762336
0.103 0.762498
0.103 0.76266
0.103 0.762822
0.103 0.762983
0.103 0.763145
0.103 0.763307
0.103 0.763469
0.103 0.76363
0.103 0.763792
0.103 0.763954
0.103 0.764116
0.103 0.764278
0.103 0.764439
0.103 0.764601
0.103 0.764763
0.103 0.764925
0.103 0.765087
0.104 0.765248
0.104 0.76541
0.104 0.765572
0.104 0.765734
0.104 0.765895
0.104 0.766057
0.104 0.766219
0.104 0.766381
0.104 0.766543
0.104 0.766704
0.104 0.766866
0.104 0.767028
0.104 0.76719
0.104 0.767352
0.104 0.767513
0.104 0.767675
0.104 0.767837
0.104 0.767999
0.104 0.76816
0.104 0.768322
0.104 0.768484
0.104 0.768646
0.104 0.768808
0.104 0.768969
0.104 0.769131
0.104 0.769293
0.104 0.769455
0.104 0.769617
0.104 0.769778
0.104 0.76994
0.105 0.770102
0.105 0.770264
0.105 0.770425
0.105 0.770587
0.105 0.770749
0.105 0.770911
0.105 0.771073
0.105 0.771234
0.105 0.771396
0.105 0.771558
0.105 0.77172
0.105 0.771882
0.105 0.772043
0.105 0.772205
0.105 0.772367
0.105 0.772529
0.105 0.772691
0.105 0.772852
0.105 0.773014
0.105 0.773176
0.105 0.773338
0.105 0.773499
0.105 0.773661
0.105 0.773823
0.105 0.773985
0.106 0.774147
0.106 0.774308
0.106 0.77447
0.106 0.774632
0.106 0.774794
0.106 0.774956
0.106 0.775117
0.106 0.775279
0.106 0.775441
0.106 0.775603
0.106 0.775764
0.106 0.775926
0.106 0.776088
0.106 0.77625
0.106 0.776412
0.106 0.776573
0.106 0.776735
0.106 0.776897
0.106 0.777059
0.106 0.777221
0.106 0.777382
0.106 0.777544
0.106 0.777706
0.106 0.777868
0.106 0.778029
0.107 0.778191
0.107 0.778353
0.107 0.778515
0.107 0.778677
0.107 0.778838
0.107 0.779
0.107 0.779162
0.107 0.779324
0.107 0.779486
0.107 0.779647
0.107 0.779809
0.107 0.779971
0.107 0.780133
0.107 0.780294
0.107 0.780456
0.107 0.780618
0.107 0.78078
0.107 0.780942
0.107 0.781103
0.107 0.781265
0.107 0.781427
0.107 0.781589
0.107 0.781751
0.107 0.781912
0.107 0.782074
0.107 0.782236
0.107 0.782398
0.107 0.782559
0.107 0.782721
0.107 0.782883
0.107 0.783045
0.107 0.783207
0.107 0.783368
0.107 0.78353
0.107 0.783692
0.107 0.783854
0.107 0.784016
0.107 0.784177
0.108 0.784339
0.108 0.784501
0.108 0.784663
0.108 0.784824
0.108 0.784986
0.108 0.785148
0.108 0.78531
0.108 0.785472
0.108 0.785633
0.108 0.785795
0.108 0.785957
0.108 0.786119
0.108 0.786281
0.108 0.786442
0.108 0.786604
0.108 0.786766
0.108 0.786928
0.108 0.787089
0.108 0.787251
0.108 0.787413
0.108 0.787575
0.108 0.787737
0.108 0.787898
0.108 0.78806
0.108 0.788222
0.108 0.788384
0.108 0.788546
0.108 0.788707
0.108 0.788869
0.108 0.789031
0.108 0.789193
0.108 0.789354
0.108 0.789516
0.108 0.789678
0.108 0.78984
0.108 0.790002
0.108 0.790163
0.108 0.790325
0.109 0.790487
0.109 0.790649
0.109 0.790811
0.109 0.790972
0.109 0.791134
0.109 0.791296
0.109 0.791458
0.109 0.791619
0.109 0.791781
0.109 0.791943
0.109 0.792105
0.109 0.792267
0.109 0.792428
0.109 0.79259
0.109 0.792752
0.109 0.792914
0.109 0.793076
0.109 0.793237
0.109 0.793399
0.109 0.793561
0.109 0.793723
0.109 0.793884
0.109 0.794046
0.109 0.794208
0.109 0.79437
0.109 0.794532
0.109 0.794693
0.109 0.794855
0.11 0.795017
0.11 0.795179
0.11 0.795341
0.11 0.795502
0.11 0.795664
0.11 0.795826
0.11 0.795988
0.11 0.796149
0.11 0.796311
0.11 0.796473
0.11 0.796635
0.11 0.796797
0.11 0.796958
0.11 0.79712
0.11 0.797282
0.11 0.797444
0.11 0.797606
0.11 0.797767
0.11 0.797929
0.11 0.798091
0.11 0.798253
0.11 0.798414
0.11 0.798576
0.11 0.798738
0.11 0.7989
0.11 0.799062
0.111 0.799223
0.111 0.799385
0.111 0.799547
0.111 0.799709
0.111 0.799871
0.111 0.800032
0.111 0.800194
0.111 0.800356
0.111 0.800518
0.111 0.80068
0.111 0.800841
0.111 0.801003
0.111 0.801165
0.111 0.801327
0.111 0.801488
0.111 0.80165
0.111 0.801812
0.111 0.801974
0.111 0.802136
0.111 0.802297
0.111 0.802459
0.111 0.802621
0.111 0.802783
0.111 0.802945
0.111 0.803106
0.112 0.803268
0.112 0.80343
0.112 0.803592
0.112 0.803753
0.112 0.803915
0.112 0.804077
0.112 0.804239
0.112 0.804401
0.112 0.804562
0.112 0.804724
0.112 0.804886
0.112 0.805048
0.112 0.80521
0.112 0.805371
0.112 0.805533
0.112 0.805695
0.112 0.805857
0.112 0.806018
0.112 0.80618
0.112 0.806342
0.112 0.806504
0.112 0.806666
0.112 0.806827
0.112 0.806989
0.113 0.807151
0.113 0.807313
0.113 0.807475
0.113 0.807636
0.113 0.807798
0.113 0.80796
0.113 0.808122
0.113 0.808283
0.113 0.808445
0.113 0.808607
0.113 0.808769
0.113 0.808931
0.113 0.809092
0.113 0.809254
0.113 0.809416
0.113 0.809578
0.114 0.80974
0.114 0.809901
0.114 0.810063
0.114 0.810225
0.114 0.810387
0.114 0.810548
0.114 0.81071
0.114 0.810872
0.114 0.811034
0.114 0.811196
0.114 0.811357
0.114 0.811519
0.114 0.811681
0.114 0.811843
0.114 0.812005
0.114 0.812166
0.114 0.812328
0.114 0.81249
0.114 0.812652
0.114 0.812813
0.114 0.812975
0.114 0.813137
0.115 0.813299
0.115 0.813461
0.115 0.813622
0.115 0.813784
0.115 0.813946
0.115 0.814108
0.115 0.81427
0.115 0.814431
0.115 0.814593
0.115 0.814755
0.115 0.814917
0.115 0.815078
0.115 0.81524
0.115 0.815402
0.115 0.815564
0.115 0.815726
0.115 0.815887
0.115 0.816049
0.116 0.816211
0.116 0.816373
0.116 0.816535
0.116 0.816696
0.116 0.816858
0.116 0.81702
0.116 0.817182
0.116 0.817343
0.116 0.817505
0.116 0.817667
0.116 0.817829
0.116 0.817991
0.116 0.818152
0.116 0.818314
0.116 0.818476
0.116 0.818638
0.116 0.8188
0.116 0.818961
0.116 0.819123
0.116 0.819285
0.116 0.819447
0.117 0.819608
0.117 0.81977
0.117 0.819932
0.117 0.820094
0.117 0.820256
0.117 0.820417
0.117 0.820579
0.117 0.820741
0.117 0.820903
0.117 0.821065
0.117 0.821226
0.117 0.821388
0.117 0.82155
0.117 0.821712
0.117 0.821873
0.117 0.822035
0.117 0.822197
0.117 0.822359
0.117 0.822521
0.117 0.822682
0.117 0.822844
0.117 0.823006
0.117 0.823168
0.117 0.82333
0.117 0.823491
0.118 0.823653
0.118 0.823815
0.118 0.823977
0.118 0.824138
0.118 0.8243
0.118 0.824462
0.118 0.824624
0.118 0.824786
0.118 0.824947
0.118 0.825109
0.118 0.825271
0.118 0.825433
0.118 0.825595
0.118 0.825756
0.118 0.825918
0.118 0.82608
0.118 0.826242
0.118 0.826403
0.118 0.826565
0.118 0.826727
0.118 0.826889
0.118 0.827051
0.118 0.827212
0.118 0.827374
0.118 0.827536
0.118 0.827698
0.119 0.82786
0.119 0.828021
0.119 0.828183
0.119 0.828345
0.119 0.828507
0.119 0.828669
0.119 0.82883
0.119 0.828992
0.119 0.829154
0.119 0.829316
0.119 0.829477
0.119 0.829639
0.119 0.829801
0.119 0.829963
0.119 0.830125
0.119 0.830286
0.119 0.830448
0.119 0.83061
0.119 0.830772
0.12 0.830934
0.12 0.831095
0.12 0.831257
0.12 0.831419
0.12 0.831581
0.12 0.831742
0.12 0.831904
0.12 0.832066
0.12 0.832228
0.12 0.83239
0.12 0.832551
0.12 0.832713
0.12 0.832875
0.12 0.833037
0.12 0.833199
0.12 0.83336
0.12 0.833522
0.12 0.833684
0.12 0.833846
0.121 0.834007
0.121 0.834169
0.121 0.834331
0.121 0.834493
0.121 0.834655
0.121 0.834816
0.121 0.834978
0.121 0.83514
0.121 0.835302
0.121 0.835464
0.121 0.835625
0.122 0.835787
0.122 0.835949
0.122 0.836111
0.122 0.836272
0.122 0.836434
0.122 0.836596
0.122 0.836758
0.123 0.83692
0.123 0.837081
0.123 0.837243
0.123 0.837405
0.123 0.837567
0.123 0.837729
0.123 0.83789
0.124 0.838052
0.124 0.838214
0.124 0.838376
0.124 0.838537
0.124 0.838699
0.124 0.838861
0.124 0.839023
0.125 0.839185
0.125 0.839346
0.125 0.839508
0.125 0.83967
0.126 0.839832
0.126 0.839994
0.127 0.840155
0.127 0.840317
0.127 0.840479
0.127 0.840641
0.127 0.840802
0.127 0.840964
0.127 0.841126
0.127 0.841288
0.127 0.84145
0.127 0.841611
0.127 0.841773
0.127 0.841935
0.128 0.842097
0.128 0.842259
0.128 0.84242
0.128 0.842582
0.128 0.842744
0.128 0.842906
0.128 0.843067
0.128 0.843229
0.128 0.843391
0.129 0.843553
0.129 0.843715
0.129 0.843876
0.129 0.844038
0.129 0.8442
0.129 0.844362
0.129 0.844524
0.129 0.844685
0.129 0.844847
0.129 0.845009
0.129 0.845171
0.13 0.845332
0.13 0.845494
0.13 0.845656
0.13 0.845818
0.13 0.84598
0.13 0.846141
0.13 0.846303
0.13 0.846465
0.13 0.846627
0.13 0.846789
0.13 0.84695
0.13 0.847112
0.13 0.847274
0.13 0.847436
0.13 0.847597
0.13 0.847759
0.13 0.847921
0.13 0.848083
0.13 0.848245
0.131 0.848406
0.131 0.848568
0.131 0.84873
0.131 0.848892
0.131 0.849054
0.131 0.849215
0.131 0.849377
0.131 0.849539
0.131 0.849701
0.131 0.849862
0.131 0.850024
0.132 0.850186
0.132 0.850348
0.132 0.85051
0.132 0.850671
0.132 0.850833
0.133 0.850995
0.134 0.851157
0.134 0.851319
0.135 0.85148
0.135 0.851642
0.135 0.851804
0.136 0.851966
0.136 0.852127
0.136 0.852289
0.137 0.852451
0.137 0.852613
0.137 0.852775
0.137 0.852936
0.138 0.853098
0.138 0.85326
0.138 0.853422
0.138 0.853584
0.138 0.853745
0.138 0.853907
0.138 0.854069
0.138 0.854231
0.138 0.854392
0.139 0.854554
0.139 0.854716
0.139 0.854878
0.139 0.85504
0.139 0.855201
0.139 0.855363
0.14 0.855525
0.14 0.855687
0.14 0.855849
0.14 0.85601
0.14 0.856172
0.14 0.856334
0.14 0.856496
0.14 0.856657
0.141 0.856819
0.142 0.856981
0.142 0.857143
0.142 0.857305
0.142 0.857466
0.142 0.857628
0.142 0.85779
0.143 0.857952
0.143 0.858114
0.143 0.858275
0.143 0.858437
0.143 0.858599
0.145 0.858761
0.145 0.858923
0.145 0.859084
0.146 0.859246
0.146 0.859408
0.146 0.85957
0.147 0.859731
0.147 0.859893
0.147 0.860055
0.148 0.860217
0.148 0.860379
0.148 0.86054
0.148 0.860702
0.148 0.860864
0.148 0.861026
0.148 0.861188
0.149 0.861349
0.149 0.861511
0.149 0.861673
0.149 0.861835
0.149 0.861996
0.149 0.862158
0.149 0.86232
0.15 0.862482
0.15 0.862644
0.15 0.862805
0.15 0.862967
0.15 0.863129
0.151 0.863291
0.151 0.863453
0.151 0.863614
0.151 0.863776
0.151 0.863938
0.152 0.8641
0.152 0.864261
0.152 0.864423
0.152 0.864585
0.152 0.864747
0.152 0.864909
0.152 0.86507
0.153 0.865232
0.153 0.865394
0.153 0.865556
0.153 0.865718
0.153 0.865879
0.153 0.866041
0.153 0.866203
0.153 0.866365
0.154 0.866526
0.154 0.866688
0.154 0.86685
0.155 0.867012
0.155 0.867174
0.155 0.867335
0.156 0.867497
0.156 0.867659
0.156 0.867821
0.157 0.867983
0.157 0.868144
0.157 0.868306
0.158 0.868468
0.159 0.86863
0.159 0.868791
0.159 0.868953
0.159 0.869115
0.159 0.869277
0.159 0.869439
0.16 0.8696
0.16 0.869762
0.161 0.869924
0.161 0.870086
0.162 0.870248
0.163 0.870409
0.163 0.870571
0.163 0.870733
0.163 0.870895
0.164 0.871056
0.164 0.871218
0.164 0.87138
0.164 0.871542
0.164 0.871704
0.165 0.871865
0.165 0.872027
0.165 0.872189
0.165 0.872351
0.165 0.872513
0.165 0.872674
0.166 0.872836
0.166 0.872998
0.166 0.87316
0.167 0.873321
0.168 0.873483
0.168 0.873645
0.168 0.873807
0.168 0.873969
0.168 0.87413
0.168 0.874292
0.168 0.874454
0.169 0.874616
0.169 0.874778
0.169 0.874939
0.169 0.875101
0.17 0.875263
0.17 0.875425
0.17 0.875586
0.17 0.875748
0.17 0.87591
0.171 0.876072
0.171 0.876234
0.172 0.876395
0.172 0.876557
0.172 0.876719
0.172 0.876881
0.173 0.877043
0.173 0.877204
0.173 0.877366
0.173 0.877528
0.173 0.87769
0.173 0.877851
0.174 0.878013
0.174 0.878175
0.174 0.878337
0.174 0.878499
0.174 0.87866
0.175 0.878822
0.175 0.878984
0.175 0.879146
0.175 0.879308
0.175 0.879469
0.176 0.879631
0.176 0.879793
0.177 0.879955
0.177 0.880116
0.178 0.880278
0.178 0.88044
0.178 0.880602
0.179 0.880764
0.179 0.880925
0.179 0.881087
0.18 0.881249
0.18 0.881411
0.18 0.881573
0.18 0.881734
0.181 0.881896
0.181 0.882058
0.181 0.88222
0.182 0.882381
0.182 0.882543
0.182 0.882705
0.182 0.882867
0.182 0.883029
0.183 0.88319
0.183 0.883352
0.183 0.883514
0.183 0.883676
0.184 0.883838
0.184 0.883999
0.184 0.884161
0.184 0.884323
0.184 0.884485
0.185 0.884646
0.185 0.884808
0.185 0.88497
0.187 0.885132
0.187 0.885294
0.187 0.885455
0.187 0.885617
0.188 0.885779
0.188 0.885941
0.188 0.886103
0.188 0.886264
0.188 0.886426
0.189 0.886588
0.189 0.88675
0.189 0.886912
0.189 0.887073
0.189 0.887235
0.189 0.887397
0.189 0.887559
0.19 0.88772
0.19 0.887882
0.19 0.888044
0.191 0.888206
0.191 0.888368
0.191 0.888529
0.192 0.888691
0.192 0.888853
0.194 0.889015
0.195 0.889177
0.195 0.889338
0.195 0.8895
0.196 0.889662
0.196 0.889824
0.196 0.889985
0.196 0.890147
0.196 0.890309
0.197 0.890471
0.199 0.890633
0.199 0.890794
0.201 0.890956
0.201 0.891118
0.201 0.89128
0.201 0.891442
0.201 0.891603
0.202 0.891765
0.202 0.891927
0.202 0.892089
0.203 0.89225
0.203 0.892412
0.203 0.892574
0.203 0.892736
0.204 0.892898
0.204 0.893059
0.204 0.893221
0.204 0.893383
0.205 0.893545
0.205 0.893707
0.206 0.893868
0.206 0.89403
0.206 0.894192
0.206 0.894354
0.206 0.894515
0.207 0.894677
0.207 0.894839
0.207 0.895001
0.208 0.895163
0.208 0.895324
0.208 0.895486
0.209 0.895648
0.209 0.89581
0.21 0.895972
0.21 0.896133
0.21 0.896295
0.21 0.896457
0.211 0.896619
0.211 0.89678
0.211 0.896942
0.212 0.897104
0.212 0.897266
0.213 0.897428
0.213 0.897589
0.213 0.897751
0.213 0.897913
0.214 0.898075
0.214 0.898237
0.214 0.898398
0.215 0.89856
0.216 0.898722
0.217 0.898884
0.217 0.899045
0.218 0.899207
0.218 0.899369
0.218 0.899531
0.219 0.899693
0.219 0.899854
0.219 0.900016
0.219 0.900178
0.219 0.90034
0.219 0.900502
0.219 0.900663
0.22 0.900825
0.22 0.900987
0.221 0.901149
0.221 0.90131
0.222 0.901472
0.222 0.901634
0.223 0.901796
0.223 0.901958
0.223 0.902119
0.223 0.902281
0.224 0.902443
0.225 0.902605
0.226 0.902767
0.226 0.902928
0.226 0.90309
0.227 0.903252
0.227 0.903414
0.228 0.903575
0.229 0.903737
0.229 0.903899
0.229 0.904061
0.23 0.904223
0.231 0.904384
0.232 0.904546
0.232 0.904708
0.232 0.90487
0.233 0.905032
0.233 0.905193
0.234 0.905355
0.234 0.905517
0.234 0.905679
0.234 0.90584
0.234 0.906002
0.234 0.906164
0.235 0.906326
0.235 0.906488
0.236 0.906649
0.237 0.906811
0.237 0.906973
0.238 0.907135
0.238 0.907297
0.239 0.907458
0.239 0.90762
0.239 0.907782
0.239 0.907944
0.239 0.908105
0.239 0.908267
0.239 0.908429
0.24 0.908591
0.241 0.908753
0.241 0.908914
0.242 0.909076
0.242 0.909238
0.242 0.9094
0.242 0.909562
0.242 0.909723
0.243 0.909885
0.243 0.910047
0.243 0.910209
0.243 0.91037
0.243 0.910532
0.244 0.910694
0.244 0.910856
0.244 0.911018
0.244 0.911179
0.245 0.911341
0.247 0.911503
0.247 0.911665
0.248 0.911827
0.248 0.911988
0.248 0.91215
0.249 0.912312
0.25 0.912474
0.25 0.912635
0.251 0.912797
0.251 0.912959
0.251 0.913121
0.251 0.913283
0.251 0.913444
0.252 0.913606
0.252 0.913768
0.252 0.91393
0.253 0.914092
0.254 0.914253
0.254 0.914415
0.255 0.914577
0.256 0.914739
0.256 0.914901
0.256 0.915062
0.257 0.915224
0.258 0.915386
0.261 0.915548
0.261 0.915709
0.261 0.915871
0.262 0.916033
0.262 0.916195
0.262 0.916357
0.263 0.916518
0.263 0.91668
0.263 0.916842
0.264 0.917004
0.265 0.917166
0.265 0.917327
0.266 0.917489
0.267 0.917651
0.267 0.917813
0.268 0.917974
0.268 0.918136
0.269 0.918298
0.269 0.91846
0.27 0.918622
0.27 0.918783
0.271 0.918945
0.272 0.919107
0.273 0.919269
0.273 0.919431
0.273 0.919592
0.273 0.919754
0.273 0.919916
0.274 0.920078
0.274 0.920239
0.274 0.920401
0.275 0.920563
0.276 0.920725
0.276 0.920887
0.277 0.921048
0.277 0.92121
0.277 0.921372
0.277 0.921534
0.278 0.921696
0.278 0.921857
0.278 0.922019
0.281 0.922181
0.281 0.922343
0.281 0.922504
0.283 0.922666
0.283 0.922828
0.285 0.92299
0.287 0.923152
0.287 0.923313
0.287 0.923475
0.288 0.923637
0.289 0.923799
0.289 0.923961
0.29 0.924122
0.29 0.924284
0.291 0.924446
0.291 0.924608
0.291 0.924769
0.292 0.924931
0.292 0.925093
0.292 0.925255
0.292 0.925417
0.293 0.925578
0.294 0.92574
0.294 0.925902
0.297 0.926064
0.298 0.926226
0.298 0.926387
0.3 0.926549
0.302 0.926711
0.302 0.926873
0.303 0.927034
0.303 0.927196
0.304 0.927358
0.305 0.92752
0.305 0.927682
0.306 0.927843
0.306 0.928005
0.308 0.928167
0.309 0.928329
0.31 0.928491
0.312 0.928652
0.314 0.928814
0.316 0.928976
0.316 0.929138
0.318 0.929299
0.32 0.929461
0.322 0.929623
0.322 0.929785
0.324 0.929947
0.324 0.930108
0.324 0.93027
0.327 0.930432
0.329 0.930594
0.33 0.930756
0.33 0.930917
0.33 0.931079
0.331 0.931241
0.332 0.931403
0.332 0.931564
0.333 0.931726
0.335 0.931888
0.335 0.93205
0.336 0.932212
0.337 0.932373
0.339 0.932535
0.34 0.932697
0.341 0.932859
0.341 0.933021
0.342 0.933182
0.345 0.933344
0.345 0.933506
0.348 0.933668
0.349 0.933829
0.35 0.933991
0.354 0.934153
0.357 0.934315
0.358 0.934477
0.359 0.934638
0.361 0.9348
0.362 0.934962
0.363 0.935124
0.365 0.935286
0.365 0.935447
0.366 0.935609
0.366 0.935771
0.368 0.935933
0.37 0.936094
0.372 0.936256
0.375 0.936418
0.377 0.93658
0.377 0.936742
0.378 0.936903
0.38 0.937065
0.38 0.937227
0.381 0.937389
0.382 0.937551
0.382 0.937712
0.384 0.937874
0.384 0.938036
0.387 0.938198
0.388 0.938359
0.389 0.938521
0.39 0.938683
0.39 0.938845
0.391 0.939007
0.393 0.939168
0.393 0.93933
0.394 0.939492
0.394 0.939654
0.394 0.939816
0.395 0.939977
0.395 0.940139
0.395 0.940301
0.398 0.940463
0.399 0.940624
0.4 0.940786
0.402 0.940948
0.402 0.94111
0.403 0.941272
0.405 0.941433
0.406 0.941595
0.407 0.941757
0.407 0.941919
0.408 0.942081
0.41 0.942242
0.414 0.942404
0.414 0.942566
0.415 0.942728
0.418 0.94289
0.418 0.943051
0.423 0.943213
0.423 0.943375
0.425 0.943537
0.425 0.943698
0.426 0.94386
0.426 0.944022
0.427 0.944184
0.428 0.944346
0.429 0.944507
0.432 0.944669
0.435 0.944831
0.435 0.944993
0.436 0.945155
0.437 0.945316
0.437 0.945478
0.438 0.94564
0.438 0.945802
0.438 0.945963
0.44 0.946125
0.444 0.946287
0.446 0.946449
0.446 0.946611
0.449 0.946772
0.45 0.946934
0.451 0.947096
0.452 0.947258
0.452 0.94742
0.453 0.947581
0.453 0.947743
0.454 0.947905
0.457 0.948067
0.459 0.948228
0.46 0.94839
0.46 0.948552
0.462 0.948714
0.463 0.948876
0.469 0.949037
0.469 0.949199
0.471 0.949361
0.471 0.949523
0.474 0.949685
0.476 0.949846
0.478 0.950008
0.48 0.95017
0.484 0.950332
0.485 0.950493
0.486 0.950655
0.488 0.950817
0.489 0.950979
0.49 0.951141
0.492 0.951302
0.495 0.951464
0.496 0.951626
0.5 0.951788
0.5 0.95195
0.503 0.952111
0.504 0.952273
0.505 0.952435
0.508 0.952597
0.508 0.952758
0.508 0.95292
0.511 0.953082
0.517 0.953244
0.519 0.953406
0.519 0.953567
0.52 0.953729
0.523 0.953891
0.523 0.954053
0.531 0.954215
0.531 0.954376
0.539 0.954538
0.544 0.9547
0.546 0.954862
0.546 0.955023
0.553 0.955185
0.554 0.955347
0.558 0.955509
0.559 0.955671
0.562 0.955832
0.562 0.955994
0.565 0.956156
0.568 0.956318
0.572 0.95648
0.575 0.956641
0.577 0.956803
0.578 0.956965
0.58 0.957127
0.585 0.957288
0.59 0.95745
0.59 0.957612
0.593 0.957774
0.595 0.957936
0.595 0.958097
0.605 0.958259
0.607 0.958421
0.609 0.958583
0.615 0.958745
0.617 0.958906
0.62 0.959068
0.621 0.95923
0.622 0.959392
0.625 0.959553
0.631 0.959715
0.632 0.959877
0.637 0.960039
0.647 0.960201
0.65 0.960362
0.654 0.960524
0.662 0.960686
0.665 0.960848
0.667 0.96101
0.667 0.961171
0.67 0.961333
0.671 0.961495
0.678 0.961657
0.678 0.961818
0.68 0.96198
0.692 0.962142
0.694 0.962304
0.708 0.962466
0.709 0.962627
0.717 0.962789
0.726 0.962951
0.728 0.963113
0.731 0.963275
0.734 0.963436
0.736 0.963598
0.743 0.96376
0.744 0.963922
0.745 0.964083
0.746 0.964245
0.757 0.964407
0.76 0.964569
0.76 0.964731
0.764 0.964892
0.774 0.965054
0.775 0.965216
0.777 0.965378
0.793 0.96554
0.811 0.965701
0.813 0.965863
0.818 0.966025
0.824 0.966187
0.848 0.966348
0.851 0.96651
0.853 0.966672
0.87 0.966834
0.888 0.966996
0.888 0.967157
0.889 0.967319
0.9 0.967481
0.902 0.967643
0.908 0.967805
0.912 0.967966
0.917 0.968128
0.918 0.96829
0.925 0.968452
0.954 0.968613
0.962 0.968775
0.979 0.968937
0.988 0.969099
1.006 0.969261
1.023 0.969422
1.037 0.969584
1.054 0.969746
1.061 0.969908
1.073 0.97007
1.084 0.970231
1.157 0.970393
1.182 0.970555
1.187 0.970717
1.202 0.970878
1.205 0.97104
1.252 0.971202
1.312 0.971364
1.334 0.971526
1.335 0.971687
1.372 0.971849
1.396 0.972011
1.402 0.972173
1.403 0.972335
1.506 0.972496
1.522 0.972658
1.523 0.97282
1.545 0.972982
1.546 0.973144
1.55 0.973305
1.589 0.973467
1.623 0.973629
1.638 0.973791
1.684 0.973952
1.685 0.974114
1.705 0.974276
1.758 0.974438
1.763 0.9746
1.769 0.974761
1.805 0.974923
1.82 0.975085
1.945 0.975247
1.954 0.975409
1.98 0.97557
1.983 0.975732
1.992 0.975894
1.999 0.976056
2.096 0.976217
2.106 0.976379
2.121 0.976541
2.125 0.976703
2.156 0.976865
2.188 0.977026
2.254 0.977188
2.279 0.97735
2.284 0.977512
2.284 0.977674
2.333 0.977835
2.35 0.977997
2.393 0.978159
2.408 0.978321
2.415 0.978482
2.48 0.978644
2.653 0.978806
2.734 0.978968
2.783 0.97913
2.804 0.979291
2.827 0.979453
2.925 0.979615
2.999 0.979777
3.143 0.979939
3.191 0.9801
3.222 0.980262
3.24 0.980424
3.407 0.980586
3.437 0.980747
3.479 0.980909
3.681 0.981071
3.765 0.981233
3.785 0.981395
3.814 0.981556
3.815 0.981718
3.831 0.98188
3.856 0.982042
4.143 0.982204
4.25 0.982365
4.462 0.982527
4.701 0.982689
4.768 0.982851
4.81 0.983012
4.962 0.983174
4.966 0.983336
4.968 0.983498
5.717 0.98366
5.94 0.983821
6.084 0.983983
6.098 0.984145
6.295 0.984307
6.358 0.984469
6.535 0.98463
6.54 0.984792
6.838 0.984954
6.859 0.985116
6.988 0.985277
6.999 0.985439
7.012 0.985601
7.368 0.985763
7.382 0.985925
8.138 0.986086
8.567 0.986248
8.808 0.98641
8.863 0.986572
9.142 0.986734
9.248 0.986895
9.303 0.987057
9.403 0.987219
9.467 0.987381
9.564 0.987542
9.593 0.987704
9.719 0.987866
9.76 0.988028
9.784 0.98819
9.82 0.988351
9.908 0.988513
10.104 0.988675
10.165 0.988837
10.445 0.988999
10.495 0.98916
10.807 0.989322
11.174 0.989484
11.241 0.989646
11.834 0.989807
12.237 0.989969
12.299 0.990131
12.456 0.990293
12.492 0.990455
12.606 0.990616
14.064 0.990778
14.243 0.99094
14.28 0.991102
14.635 0.991264
15.744 0.991425
17.153 0.991587
17.352 0.991749
17.894 0.991911
19.152 0.992072
19.906 0.992234
20.01 0.992396
26.741 0.992558
30.984 0.99272
33.084 0.992881
38.426 0.993043
38.604 0.993205
43.092 0.993367
43.108 0.993529
44.569 0.99369
45.948 0.993852
47.125 0.994014
47.703 0.994176
52.807 0.994337
52.917 0.994499
54.963 0.994661
56.511 0.994823
59.174 0.994985
63.592 0.995146
72.09 0.995308
79.847 0.99547
81.763 0.995632
82.569 0.995794
84.507 0.995955
86.664 0.996117
90.823 0.996279
103.418 0.996441
105.442 0.996602
107.07 0.996764
109.082 0.996926
119.611 0.997088
130.395 0.99725
138.628 0.997411
146.15 0.997573
209.468 0.997735
213.256 0.997897
276.753 0.998059
285.505 0.99822
287.422 0.998382
358.217 0.998544
358.566 0.998706
359.499 0.998867
376.691 0.999029
382.322 0.999191
477.59 0.999353
545.097 0.999515
565.586 0.999676
599.232 0.999838
916.998 1
