0 0.000177148
0 0.000354296
0 0.000531444
0 0.000708592
0 0.00088574
0 0.00106289
0 0.00124004
0 0.00141718
0 0.00159433
0 0.00177148
0 0.00194863
0 0.00212578
0 0.00230292
0 0.00248007
0 0.00265722
0 0.00283437
0 0.00301151
0 0.00318866
0 0.00336581
0 0.00354296
0 0.00372011
0 0.00389725
0 0.0040744
0 0.00425155
0 0.0044287
0 0.00460585
0 0.00478299
0 0.00496014
0 0.00513729
0 0.00531444
0 0.00549159
0 0.00566873
0 0.00584588
0 0.00602303
0 0.00620018
0 0.00637733
0 0.00655447
0 0.00673162
0 0.00690877
0 0.00708592
0 0.00726306
0 0.00744021
0 0.00761736
0 0.00779451
0 0.00797166
0 0.0081488
0 0.00832595
0 0.0085031
0 0.00868025
0 0.0088574
0 0.00903454
0 0.00921169
0 0.00938884
0 0.00956599
0 0.00974314
0 0.00992028
0 0.0100974
0 0.0102746
0 0.0104517
0 0.0106289
0 0.010806
0 0.0109832
0 0.0111603
0 0.0113375
0 0.0115146
0 0.0116918
0 0.0118689
0 0.0120461
0 0.0122232
0 0.0124004
0 0.0125775
0 0.0127547
0 0.0129318
0 0.0131089
0 0.0132861
0 0.0134632
0 0.0136404
0 0.0138175
0 0.0139947
0 0.0141718
0 0.014349
0 0.0145261
0 0.0147033
0 0.0148804
0 0.0150576
0 0.0152347
0 0.0154119
0 0.015589
0 0.0157662
0 0.0159433
0 0.0161205
0 0.0162976
0 0.0164748
0 0.0166519
0 0.0168291
0 0.0170062
0 0.0171833
0 0.0173605
0 0.0175376
0 0.0177148
0 0.0178919
0 0.0180691
0 0.0182462
0 0.0184234
0 0.0186005
0 0.0187777
0 0.0189548
0 0.019132
0 0.0193091
0 0.0194863
0 0.0196634
0 0.0198406
0 0.0200177
0 0.0201949
0 0.020372
0 0.0205492
0 0.0207263
0 0.0209035
0 0.0210806
0 0.0212578
0 0.0214349
0 0.021612
0 0.0217892
0 0.0219663
0 0.0221435
0 0.0223206
0 0.0224978
0 0.0226749
0 0.0228521
0 0.0230292
0 0.0232064
0 0.0233835
0 0.0235607
0 0.0237378
0 0.023915
0 0.0240921
0 0.0242693
0 0.0244464
0 0.0246236
0 0.0248007
0 0.0249779
0 0.025155
0 0.0253322
0 0.0255093
0 0.0256864
0 0.0258636
0 0.0260407
0 0.0262179
0 0.026395
0 0.0265722
0 0.0267493
0 0.0269265
0 0.0271036
0 0.0272808
0 0.0274579
0 0.0276351
0 0.0278122
0 0.0279894
0 0.0281665
0 0.0283437
0 0.0285208
0 0.028698
0 0.0288751
0 0.0290523
0 0.0292294
0 0.0294066
0 0.0295837
0 0.0297609
0 0.029938
0 0.0301151
0 0.0302923
0 0.0304694
0 0.0306466
0 0.0308237
0 0.0310009
0 0.031178
0 0.0313552
0 0.0315323
0 0.0317095
0 0.0318866
0 0.0320638
0 0.0322409
0 0.0324181
0 0.0325952
0 0.0327724
0 0.0329495
0 0.0331267
0 0.0333038
0 0.033481
0 0.0336581
0 0.0338353
0 0.0340124
0 0.0341895
0 0.0343667
0 0.0345438
0 0.034721
0 0.0348981
0 0.0350753
0 0.0352524
0 0.0354296
0 0.0356067
0 0.0357839
0 0.035961
0 0.0361382
0 0.0363153
0 0.0364925
0 0.0366696
0 0.0368468
0 0.0370239
0 0.0372011
0 0.0373782
0 0.0375554
0 0.0377325
0 0.0379097
0 0.0380868
0 0.038264
0 0.0384411
0 0.0386182
0 0.0387954
0 0.0389725
0 0.0391497
0 0.0393268
0 0.039504
0 0.0396811
0 0.0398583
0 0.0400354
0 0.0402126
0 0.0403897
0 0.0405669
0 0.040744
0 0.0409212
0 0.0410983
0 0.0412755
0 0.0414526
0 0.0416298
0 0.0418069
0 0.0419841
0 0.0421612
0 0.0423384
0 0.0425155
0 0.0426926
0 0.0428698
0 0.0430469
0 0.0432241
0 0.0434012
0 0.0435784
0 0.0437555
0 0.0439327
0 0.0441098
0 0.044287
0 0.0444641
0 0.0446413
0 0.0448184
0 0.0449956
0 0.0451727
0 0.0453499
0 0.045527
0 0.0457042
0 0.0458813
0 0.0460585
0 0.0462356
0 0.0464128
0 0.0465899
0 0.0467671
0 0.0469442
0 0.0471213
0 0.0472985
0 0.0474756
0 0.0476528
0 0.0478299
0 0.0480071
0 0.0481842
0 0.0483614
0 0.0485385
0 0.0487157
0 0.0488928
0 0.04907
0 0.0492471
0 0.0494243
0 0.0496014
0 0.0497786
0 0.0499557
0 0.0501329
0 0.05031
0 0.0504872
0 0.0506643
0 0.0508415
0 0.0510186
0 0.0511957
0 0.0513729
0 0.05155
0 0.0517272
0 0.0519043
0 0.0520815
0 0.0522586
0 0.0524358
0 0.0526129
0 0.0527901
0 0.0529672
0 0.0531444
0 0.0533215
0 0.0534987
0 0.0536758
0 0.053853
0 0.0540301
0 0.0542073
0 0.0543844
0 0.0545616
0 0.0547387
0 0.0549159
0 0.055093
0 0.0552702
0 0.0554473
0 0.0556244
0 0.0558016
0 0.0559787
0 0.0561559
0 0.056333
0 0.0565102
0 0.0566873
0 0.0568645
0 0.0570416
0 0.0572188
0 0.0573959
0 0.0575731
0 0.0577502
0 0.0579274
0 0.0581045
0 0.0582817
0 0.0584588
0 0.058636
0 0.0588131
0 0.0589903
0 0.0591674
0 0.0593446
0 0.0595217
0 0.0596988
0 0.059876
0 0.0600531
0 0.0602303
0 0.0604074
0 0.0605846
0 0.0607617
0 0.0609389
0 0.061116
0 0.0612932
0 0.0614703
0 0.0616475
0 0.0618246
0 0.0620018
0 0.0621789
0 0.0623561
0 0.0625332
0 0.0627104
0 0.0628875
0 0.0630647
0 0.0632418
0 0.063419
0 0.0635961
0 0.0637733
0 0.0639504
0 0.0641275
0 0.0643047
0 0.0644818
0 0.064659
0 0.0648361
0 0.0650133
0 0.0651904
0 0.0653676
0 0.0655447
0 0.0657219
0 0.065899
0 0.0660762
0 0.0662533
0 0.0664305
0 0.0666076
0 0.0667848
0 0.0669619
0 0.0671391
0 0.0673162
0 0.0674934
0 0.0676705
0 0.0678477
0 0.0680248
0 0.0682019
0 0.0683791
0 0.0685562
0 0.0687334
0 0.0689105
0 0.0690877
0 0.0692648
0 0.069442
0 0.0696191
0 0.0697963
0 0.0699734
0 0.0701506
0 0.0703277
0 0.0705049
0 0.070682
0 0.0708592
0 0.0710363
0 0.0712135
0 0.0713906
0 0.0715678
0 0.0717449
0 0.0719221
0 0.0720992
0 0.0722764
0 0.0724535
0 0.0726306
0 0.0728078
0 0.0729849
0 0.0731621
0 0.0733392
0 0.0735164
0 0.0736935
0 0.0738707
0 0.0740478
0 0.074225
0 0.0744021
0 0.0745793
0 0.0747564
0 0.0749336
0 0.0751107
0 0.0752879
0 0.075465
0 0.0756422
0 0.0758193
0 0.0759965
0 0.0761736
0 0.0763508
0 0.0765279
0 0.076705
0 0.0768822
0 0.0770593
0 0.0772365
0 0.0774136
0 0.0775908
0 0.0777679
0 0.0779451
0 0.0781222
0 0.0782994
0 0.0784765
0 0.0786537
0 0.0788308
0 0.079008
0 0.0791851
0 0.0793623
0 0.0795394
0 0.0797166
0 0.0798937
0 0.0800709
0 0.080248
0 0.0804252
0 0.0806023
0 0.0807795
0 0.0809566
0 0.0811337
0 0.0813109
0 0.081488
0 0.0816652
0 0.0818423
0 0.0820195
0 0.0821966
0 0.0823738
0 0.0825509
0 0.0827281
0 0.0829052
0 0.0830824
0 0.0832595
0 0.0834367
0 0.0836138
0 0.083791
0 0.0839681
0 0.0841453
0 0.0843224
0 0.0844996
0 0.0846767
0 0.0848539
0 0.085031
0 0.0852081
0 0.0853853
0 0.0855624
0 0.0857396
0 0.0859167
0 0.0860939
0 0.086271
0 0.0864482
0 0.0866253
0 0.0868025
0 0.0869796
0 0.0871568
0 0.0873339
0 0.0875111
0 0.0876882
0 0.0878654
0 0.0880425
0 0.0882197
0 0.0883968
0 0.088574
0 0.0887511
0 0.0889283
0 0.0891054
0 0.0892826
0 0.0894597
0 0.0896368
0 0.089814
0 0.0899911
0 0.0901683
0 0.0903454
0 0.0905226
0 0.0906997
0 0.0908769
0 0.091054
0 0.0912312
0 0.0914083
0 0.0915855
0 0.0917626
0 0.0919398
0 0.0921169
0 0.0922941
0 0.0924712
0 0.0926484
0 0.0928255
0 0.0930027
0 0.0931798
0 0.093357
0 0.0935341
0 0.0937112
0 0.0938884
0 0.0940655
0 0.0942427
0 0.0944198
0 0.094597
0 0.0947741
0 0.0949513
0 0.0951284
0 0.0953056
0 0.0954827
0 0.0956599
0 0.095837
0 0.0960142
0 0.0961913
0 0.0963685
0 0.0965456
0 0.0967228
0 0.0968999
0 0.0970771
0 0.0972542
0 0.0974314
0 0.0976085
0 0.0977857
0 0.0979628
0 0.0981399
0 0.0983171
0 0.0984942
0 0.0986714
0 0.0988485
0 0.0990257
0 0.0992028
0 0.09938
0 0.0995571
0 0.0997343
0 0.0999114
0 0.100089
0 0.100266
0 0.100443
0 0.10062
0 0.100797
0 0.100974
0 0.101151
0 0.101329
0 0.101506
0 0.101683
0 0.10186
0 0.102037
0 0.102214
0 0.102391
0 0.102569
0 0.102746
0 0.102923
0 0.1031
0 0.103277
0 0.103454
0 0.103632
0 0.103809
0 0.103986
0 0.104163
0 0.10434
0 0.104517
0 0.104694
0 0.104872
0 0.105049
0 0.105226
0 0.105403
0 0.10558
0 0.105757
0 0.105934
0 0.106112
0 0.106289
0 0.106466
0 0.106643
0 0.10682
0 0.106997
0 0.107174
0 0.107352
0 0.107529
0 0.107706
0 0.107883
0 0.10806
0 0.108237
0 0.108415
0 0.108592
0 0.108769
0 0.108946
0 0.109123
0 0.1093
0 0.109477
0 0.109655
0 0.109832
0 0.110009
0 0.110186
0 0.110363
0 0.11054
0 0.110717
0 0.110895
0 0.111072
0 0.111249
0 0.111426
0 0.111603
0 0.11178
0 0.111957
0 0.112135
0 0.112312
0 0.112489
0 0.112666
0 0.112843
0 0.11302
0 0.113198
0 0.113375
0 0.113552
0 0.113729
0 0.113906
0 0.114083
0 0.11426
0 0.114438
0 0.114615
0 0.114792
0 0.114969
0 0.115146
0 0.115323
0 0.1155
0 0.115678
0 0.115855
0 0.116032
0 0.116209
0 0.116386
0 0.116563
0 0.11674
0 0.116918
0 0.117095
0 0.117272
0 0.117449
0 0.117626
0 0.117803
0 0.117981
0 0.118158
0 0.118335
0 0.118512
0 0.118689
0 0.118866
0 0.119043
0 0.119221
0 0.119398
0 0.119575
0 0.119752
0 0.119929
0 0.120106
0 0.120283
0 0.120461
0 0.120638
0 0.120815
0 0.120992
0 0.121169
0 0.121346
0 0.121523
0 0.121701
0 0.121878
0 0.122055
0 0.122232
0 0.122409
0 0.122586
0 0.122764
0 0.122941
0 0.123118
0 0.123295
0 0.123472
0 0.123649
0 0.123826
0 0.124004
0 0.124181
0 0.124358
0 0.124535
0 0.124712
0 0.124889
0 0.125066
0 0.125244
0 0.125421
0 0.125598
0 0.125775
0 0.125952
0 0.126129
0 0.126306
0 0.126484
0 0.126661
0 0.126838
0 0.127015
0 0.127192
0 0.127369
0 0.127547
0 0.127724
0 0.127901
0 0.128078
0 0.128255
0 0.128432
0 0.128609
0 0.128787
0 0.128964
0 0.129141
0 0.129318
0 0.129495
0 0.129672
0 0.129849
0 0.130027
0 0.130204
0 0.130381
0 0.130558
0 0.130735
0 0.130912
0 0.131089
0 0.131267
0 0.131444
0 0.131621
0 0.131798
0 0.131975
0 0.132152
0 0.132329
0 0.132507
0 0.132684
0 0.132861
0 0.133038
0 0.133215
0 0.133392
0 0.13357
0 0.133747
0 0.133924
0 0.134101
0 0.134278
0 0.134455
0 0.134632
0 0.13481
0 0.134987
0 0.135164
0 0.135341
0 0.135518
0 0.135695
0 0.135872
0 0.13605
0 0.136227
0 0.136404
0 0.136581
0 0.136758
0 0.136935
0 0.137112
0 0.13729
0 0.137467
0 0.137644
0 0.137821
0 0.137998
0 0.138175
0 0.138353
0 0.13853
0 0.138707
0 0.138884
0 0.139061
0 0.139238
0 0.139415
0 0.139593
0 0.13977
0 0.139947
0 0.140124
0 0.140301
0 0.140478
0 0.140655
0 0.140833
0 0.14101
0 0.141187
0 0.141364
0 0.141541
0 0.141718
0 0.141895
0 0.142073
0 0.14225
0 0.142427
0 0.142604
0 0.142781
0 0.142958
0 0.143136
0 0.143313
0 0.14349
0 0.143667
0 0.143844
0 0.144021
0 0.144198
0 0.144376
0 0.144553
0 0.14473
0 0.144907
0 0.145084
0 0.145261
0 0.145438
0 0.145616
0 0.145793
0 0.14597
0 0.146147
0 0.146324
0 0.146501
0 0.146678
0 0.146856
0 0.147033
0 0.14721
0 0.147387
0 0.147564
0 0.147741
0 0.147919
0 0.148096
0 0.148273
0 0.14845
0 0.148627
0 0.148804
0 0.148981
0 0.149159
0 0.149336
0 0.149513
0 0.14969
0 0.149867
0 0.150044
0 0.150221
0 0.150399
0 0.150576
0 0.150753
0 0.15093
0 0.151107
0 0.151284
0 0.151461
0 0.151639
0 0.151816
0 0.151993
0 0.15217
0 0.152347
0 0.152524
0 0.152702
0 0.152879
0 0.153056
0 0.153233
0 0.15341
0 0.153587
0 0.153764
0 0.153942
0 0.154119
0 0.154296
0 0.154473
0 0.15465
0 0.154827
0 0.155004
0 0.155182
0 0.155359
0 0.155536
0 0.155713
0 0.15589
0 0.156067
0 0.156244
0 0.156422
0 0.156599
0 0.156776
0 0.156953
0 0.15713
0 0.157307
0 0.157484
0 0.157662
0 0.157839
0 0.158016
0 0.158193
0 0.15837
0 0.158547
0 0.158725
0 0.158902
0 0.159079
0 0.159256
0 0.159433
0 0.15961
0 0.159787
0 0.159965
0 0.160142
0 0.160319
0 0.160496
0 0.160673
0 0.16085
0 0.161027
0 0.161205
0 0.161382
0 0.161559
0 0.161736
0 0.161913
0 0.16209
0 0.162267
0 0.162445
0 0.162622
0 0.162799
0 0.162976
0 0.163153
0 0.16333
0 0.163508
0 0.163685
0 0.163862
0 0.164039
0 0.164216
0 0.164393
0 0.16457
0 0.164748
0 0.164925
0 0.165102
0 0.165279
0 0.165456
0 0.165633
0 0.16581
0 0.165988
0 0.166165
0 0.166342
0 0.166519
0 0.166696
0 0.166873
0 0.16705
0 0.167228
0 0.167405
0 0.167582
0 0.167759
0 0.167936
0 0.168113
0 0.168291
0 0.168468
0 0.168645
0 0.168822
0 0.168999
0 0.169176
0 0.169353
0 0.169531
0 0.169708
0 0.169885
0 0.170062
0 0.170239
0 0.170416
0 0.170593
0 0.170771
0 0.170948
0 0.171125
0 0.171302
0 0.171479
0 0.171656
0 0.171833
0 0.172011
0 0.172188
0 0.172365
0 0.172542
0 0.172719
0 0.172896
0 0.173074
0 0.173251
0 0.173428
0 0.173605
0 0.173782
0 0.173959
0 0.174136
0 0.174314
0 0.174491
0 0.174668
0 0.174845
0 0.175022
0 0.175199
0 0.175376
0 0.175554
0 0.175731
0 0.175908
0 0.176085
0 0.176262
0 0.176439
0 0.176616
0 0.176794
0 0.176971
0 0.177148
0 0.177325
0 0.177502
0 0.177679
0 0.177857
0 0.178034
0 0.178211
0 0.178388
0 0.178565
0 0.178742
0 0.178919
0 0.179097
0 0.179274
0 0.179451
0 0.179628
0 0.179805
0 0.179982
0 0.180159
0 0.180337
0 0.180514
0 0.180691
0 0.180868
0 0.181045
0 0.181222
0 0.181399
0 0.181577
0 0.181754
0 0.181931
0 0.182108
0 0.182285
0 0.182462
0 0.18264
0 0.182817
0 0.182994
0 0.183171
0 0.183348
0 0.183525
0 0.183702
0 0.18388
0 0.184057
0 0.184234
0 0.184411
0 0.184588
0 0.184765
0 0.184942
0 0.18512
0 0.185297
0 0.185474
0 0.185651
0 0.185828
0 0.186005
0 0.186182
0 0.18636
0 0.186537
0 0.186714
0 0.186891
0 0.187068
0 0.187245
0 0.187422
0 0.1876
0 0.187777
0 0.187954
0 0.188131
0 0.188308
0 0.188485
0 0.188663
0 0.18884
0 0.189017
0 0.189194
0 0.189371
0 0.189548
0 0.189725
0 0.189903
0 0.19008
0 0.190257
0 0.190434
0 0.190611
0 0.190788
0 0.190965
0 0.191143
0 0.19132
0 0.191497
0 0.191674
0 0.191851
0 0.192028
0 0.192205
0 0.192383
0 0.19256
0 0.192737
0 0.192914
0 0.193091
0 0.193268
0 0.193446
0 0.193623
0 0.1938
0 0.193977
0 0.194154
0 0.194331
0 0.194508
0 0.194686
0 0.194863
0 0.19504
0 0.195217
0 0.195394
0 0.195571
0 0.195748
0 0.195926
0 0.196103
0 0.19628
0 0.196457
0 0.196634
0 0.196811
0 0.196988
0 0.197166
0 0.197343
0 0.19752
0 0.197697
0 0.197874
0 0.198051
0 0.198229
0 0.198406
0 0.198583
0 0.19876
0 0.198937
0 0.199114
0 0.199291
0 0.199469
0 0.199646
0 0.199823
0 0.2
0 0.200177
0 0.200354
0 0.200531
0 0.200709
0 0.200886
0 0.201063
0 0.20124
0 0.201417
0 0.201594
0 0.201771
0 0.201949
0 0.202126
0 0.202303
0 0.20248
0 0.202657
0 0.202834
0 0.203012
0 0.203189
0 0.203366
0 0.203543
0 0.20372
0 0.203897
0 0.204074
0 0.204252
0 0.204429
0 0.204606
0 0.204783
0 0.20496
0 0.205137
0 0.205314
0 0.205492
0 0.205669
0 0.205846
0 0.206023
0 0.2062
0 0.206377
0 0.206554
0 0.206732
0 0.206909
0 0.207086
0 0.207263
0 0.20744
0 0.207617
0 0.207795
0 0.207972
0 0.208149
0 0.208326
0 0.208503
0 0.20868
0 0.208857
0 0.209035
0 0.209212
0 0.209389
0 0.209566
0 0.209743
0 0.20992
0 0.210097
0 0.210275
0 0.210452
0 0.210629
0 0.210806
0 0.210983
0 0.21116
0 0.211337
0 0.211515
0 0.211692
0 0.211869
0 0.212046
0 0.212223
0 0.2124
0 0.212578
0 0.212755
0 0.212932
0 0.213109
0 0.213286
0 0.213463
0 0.21364
0 0.213818
0 0.213995
0 0.214172
0 0.214349
0 0.214526
0 0.214703
0 0.21488
0 0.215058
0 0.215235
0 0.215412
0 0.215589
0 0.215766
0 0.215943
0 0.21612
0 0.216298
0 0.216475
0 0.216652
0 0.216829
0 0.217006
0 0.217183
0 0.21736
0 0.217538
0 0.217715
0 0.217892
0 0.218069
0 0.218246
0 0.218423
0 0.218601
0 0.218778
0 0.218955
0 0.219132
0 0.219309
0 0.219486
0 0.219663
0 0.219841
0 0.220018
0 0.220195
0 0.220372
0 0.220549
0 0.220726
0 0.220903
0 0.221081
0 0.221258
0 0.221435
0 0.221612
0 0.221789
0 0.221966
0 0.222143
0 0.222321
0 0.222498
0 0.222675
0 0.222852
0 0.223029
0 0.223206
0 0.223384
0 0.223561
0 0.223738
0 0.223915
0 0.224092
0 0.224269
0 0.224446
0 0.224624
0 0.224801
0 0.224978
0 0.225155
0 0.225332
0 0.225509
0 0.225686
0 0.225864
0 0.226041
0 0.226218
0 0.226395
0 0.226572
0 0.226749
0 0.226926
0 0.227104
0 0.227281
0 0.227458
0 0.227635
0 0.227812
0 0.227989
0 0.228167
0 0.228344
0 0.228521
0 0.228698
0 0.228875
0 0.229052
0 0.229229
0 0.229407
0 0.229584
0 0.229761
0 0.229938
0 0.230115
0 0.230292
0 0.230469
0 0.230647
0 0.230824
0 0.231001
0 0.231178
0 0.231355
0 0.231532
0 0.231709
0 0.231887
0 0.232064
0 0.232241
0 0.232418
0 0.232595
0 0.232772
0 0.23295
0 0.233127
0 0.233304
0 0.233481
0 0.233658
0 0.233835
0 0.234012
0 0.23419
0 0.234367
0 0.234544
0 0.234721
0 0.234898
0 0.235075
0 0.235252
0 0.23543
0 0.235607
0 0.235784
0 0.235961
0 0.236138
0 0.236315
0 0.236492
0 0.23667
0 0.236847
0 0.237024
0 0.237201
0 0.237378
0 0.237555
0 0.237733
0 0.23791
0 0.238087
0 0.238264
0 0.238441
0 0.238618
0 0.238795
0 0.238973
0 0.23915
0 0.239327
0 0.239504
0 0.239681
0 0.239858
0 0.240035
0 0.240213
0 0.24039
0 0.240567
0 0.240744
0 0.240921
0 0.241098
0 0.241275
0 0.241453
0 0.24163
0 0.241807
0 0.241984
0 0.242161
0 0.242338
0 0.242516
0 0.242693
0 0.24287
0 0.243047
0 0.243224
0 0.243401
0 0.243578
0 0.243756
0 0.243933
0 0.24411
0 0.244287
0 0.244464
0 0.244641
0 0.244818
0 0.244996
0 0.245173
0 0.24535
0 0.245527
0 0.245704
0 0.245881
0 0.246058
0 0.246236
0 0.246413
0 0.24659
0 0.246767
0 0.246944
0 0.247121
0 0.247298
0 0.247476
0 0.247653
0 0.24783
0 0.248007
0 0.248184
0 0.248361
0 0.248539
0 0.248716
0 0.248893
0 0.24907
0 0.249247
0 0.249424
0 0.249601
0 0.249779
0 0.249956
0 0.250133
0 0.25031
0 0.250487
0 0.250664
0 0.250841
0 0.251019
0 0.251196
0 0.251373
0 0.25155
0 0.251727
0 0.251904
0 0.252081
0 0.252259
0 0.252436
0 0.252613
0 0.25279
0 0.252967
0 0.253144
0 0.253322
0 0.253499
0 0.253676
0 0.253853
0 0.25403
0 0.254207
0 0.254384
0 0.254562
0 0.254739
0 0.254916
0 0.255093
0 0.25527
0 0.255447
0 0.255624
0 0.255802
0 0.255979
0 0.256156
0 0.256333
0 0.25651
0 0.256687
0 0.256864
0 0.257042
0 0.257219
0 0.257396
0 0.257573
0 0.25775
0 0.257927
0 0.258105
0 0.258282
0 0.258459
0 0.258636
0 0.258813
0 0.25899
0 0.259167
0 0.259345
0 0.259522
0 0.259699
0 0.259876
0 0.260053
0 0.26023
0 0.260407
0 0.260585
0 0.260762
0 0.260939
0 0.261116
0 0.261293
0 0.26147
0 0.261647
0 0.261825
0 0.262002
0 0.262179
0 0.262356
0 0.262533
0 0.26271
0 0.262888
0 0.263065
0 0.263242
0 0.263419
0 0.263596
0 0.263773
0 0.26395
0 0.264128
0 0.264305
0 0.264482
0 0.264659
0 0.264836
0 0.265013
0 0.26519
0 0.265368
0 0.265545
0 0.265722
0 0.265899
0 0.266076
0 0.266253
0 0.26643
0 0.266608
0 0.266785
0 0.266962
0 0.267139
0 0.267316
0 0.267493
0 0.267671
0 0.267848
0 0.268025
0 0.268202
0 0.268379
0 0.268556
0 0.268733
0 0.268911
0 0.269088
0 0.269265
0 0.269442
0 0.269619
0 0.269796
0 0.269973
0 0.270151
0 0.270328
0 0.270505
0 0.270682
0 0.270859
0 0.271036
0 0.271213
0 0.271391
0 0.271568
0 0.271745
0 0.271922
0 0.272099
0 0.272276
0 0.272453
0 0.272631
0 0.272808
0 0.272985
0 0.273162
0 0.273339
0 0.273516
0 0.273694
0 0.273871
0 0.274048
0 0.274225
0 0.274402
0 0.274579
0 0.274756
0 0.274934
0 0.275111
0 0.275288
0 0.275465
0 0.275642
0 0.275819
0 0.275996
0 0.276174
0 0.276351
0 0.276528
0 0.276705
0 0.276882
0 0.277059
0 0.277236
0 0.277414
0 0.277591
0 0.277768
0 0.277945
0 0.278122
0 0.278299
0 0.278477
0 0.278654
0 0.278831
0 0.279008
0 0.279185
0 0.279362
0 0.279539
0 0.279717
0 0.279894
0 0.280071
0 0.280248
0 0.280425
0 0.280602
0 0.280779
0 0.280957
0 0.281134
0 0.281311
0 0.281488
0 0.281665
0 0.281842
0 0.282019
0 0.282197
0 0.282374
0 0.282551
0 0.282728
0 0.282905
0 0.283082
0 0.28326
0 0.283437
0 0.283614
0 0.283791
0 0.283968
0 0.284145
0 0.284322
0 0.2845
0 0.284677
0 0.284854
0 0.285031
0 0.285208
0 0.285385
0 0.285562
0 0.28574
0 0.285917
0 0.286094
0 0.286271
0 0.286448
0 0.286625
0 0.286802
0 0.28698
0 0.287157
0 0.287334
0 0.287511
0 0.287688
0 0.287865
0 0.288043
0 0.28822
0 0.288397
0 0.288574
0 0.288751
0 0.288928
0 0.289105
0 0.289283
0 0.28946
0 0.289637
0 0.289814
0 0.289991
0 0.290168
0 0.290345
0 0.290523
0 0.2907
0 0.290877
0 0.291054
0 0.291231
0 0.291408
0 0.291585
0 0.291763
0 0.29194
0 0.292117
0 0.292294
0 0.292471
0 0.292648
0 0.292826
0 0.293003
0 0.29318
0 0.293357
0 0.293534
0 0.293711
0 0.293888
0 0.294066
0 0.294243
0 0.29442
0 0.294597
0 0.294774
0 0.294951
0 0.295128
0 0.295306
0 0.295483
0 0.29566
0 0.295837
0 0.296014
0 0.296191
0 0.296368
0 0.296546
0 0.296723
0 0.2969
0 0.297077
0 0.297254
0 0.297431
0 0.297609
0 0.297786
0 0.297963
0 0.29814
0 0.298317
0 0.298494
0 0.298671
0 0.298849
0 0.299026
0 0.299203
0 0.29938
0 0.299557
0 0.299734
0 0.299911
0 0.300089
0 0.300266
0 0.300443
0 0.30062
0 0.300797
0 0.300974
0 0.301151
0 0.301329
0 0.301506
0 0.301683
0 0.30186
0 0.302037
0 0.302214
0 0.302391
0 0.302569
0 0.302746
0 0.302923
0 0.3031
0 0.303277
0 0.303454
0 0.303632
0 0.303809
0 0.303986
0 0.304163
0 0.30434
0 0.304517
0 0.304694
0 0.304872
0 0.305049
0 0.305226
0 0.305403
0 0.30558
0 0.305757
0 0.305934
0 0.306112
0 0.306289
0 0.306466
0 0.306643
0 0.30682
0 0.306997
0 0.307174
0 0.307352
0 0.307529
0 0.307706
0 0.307883
0 0.30806
0 0.308237
0 0.308415
0 0.308592
0 0.308769
0 0.308946
0 0.309123
0 0.3093
0 0.309477
0 0.309655
0 0.309832
0 0.310009
0 0.310186
0 0.310363
0 0.31054
0 0.310717
0 0.310895
0 0.311072
0 0.311249
0 0.311426
0 0.311603
0 0.31178
0 0.311957
0 0.312135
0 0.312312
0 0.312489
0 0.312666
0 0.312843
0 0.31302
0 0.313198
0 0.313375
0 0.313552
0 0.313729
0 0.313906
0 0.314083
0 0.31426
0 0.314438
0 0.314615
0 0.314792
0 0.314969
0 0.315146
0 0.315323
0 0.3155
0 0.315678
0 0.315855
0 0.316032
0 0.316209
0 0.316386
0 0.316563
0 0.31674
0 0.316918
0 0.317095
0 0.317272
0 0.317449
0 0.317626
0 0.317803
0 0.317981
0 0.318158
0 0.318335
0 0.318512
0 0.318689
0 0.318866
0 0.319043
0 0.319221
0 0.319398
0 0.319575
0 0.319752
0 0.319929
0 0.320106
0 0.320283
0 0.320461
0 0.320638
0 0.320815
0 0.320992
0 0.321169
0 0.321346
0 0.321523
0 0.321701
0 0.321878
0 0.322055
0 0.322232
0 0.322409
0 0.322586
0 0.322764
0 0.322941
0 0.323118
0 0.323295
0 0.323472
0 0.323649
0 0.323826
0 0.324004
0 0.324181
0 0.324358
0 0.324535
0 0.324712
0 0.324889
0 0.325066
0 0.325244
0 0.325421
0 0.325598
0 0.325775
0 0.325952
0 0.326129
0 0.326306
0 0.326484
0 0.326661
0 0.326838
0 0.327015
0 0.327192
0 0.327369
0 0.327547
0 0.327724
0 0.327901
0 0.328078
0 0.328255
0 0.328432
0 0.328609
0 0.328787
0 0.328964
0 0.329141
0 0.329318
0 0.329495
0 0.329672
0 0.329849
0 0.330027
0 0.330204
0 0.330381
0 0.330558
0 0.330735
0 0.330912
0 0.331089
0 0.331267
0 0.331444
0 0.331621
0 0.331798
0 0.331975
0 0.332152
0 0.332329
0 0.332507
0 0.332684
0 0.332861
0 0.333038
0 0.333215
0 0.333392
0 0.33357
0 0.333747
0 0.333924
0 0.334101
0 0.334278
0 0.334455
0 0.334632
0 0.33481
0 0.334987
0 0.335164
0 0.335341
0 0.335518
0 0.335695
0 0.335872
0 0.33605
0 0.336227
0 0.336404
0 0.336581
0 0.336758
0 0.336935
0 0.337112
0 0.33729
0 0.337467
0 0.337644
0 0.337821
0 0.337998
0 0.338175
0 0.338353
0 0.33853
0 0.338707
0 0.338884
0 0.339061
0 0.339238
0 0.339415
0 0.339593
0 0.33977
0 0.339947
0 0.340124
0 0.340301
0 0.340478
0 0.340655
0 0.340833
0 0.34101
0 0.341187
0 0.341364
0 0.341541
0 0.341718
0 0.341895
0 0.342073
0 0.34225
0 0.342427
0 0.342604
0 0.342781
0 0.342958
0 0.343136
0 0.343313
0 0.34349
0 0.343667
0 0.343844
0 0.344021
0 0.344198
0 0.344376
0 0.344553
0 0.34473
0 0.344907
0 0.345084
0 0.345261
0 0.345438
0 0.345616
0 0.345793
0 0.34597
0 0.346147
0 0.346324
0 0.346501
0 0.346678
0 0.346856
0 0.347033
0 0.34721
0 0.347387
0 0.347564
0 0.347741
0 0.347919
0 0.348096
0 0.348273
0 0.34845
0 0.348627
0 0.348804
0 0.348981
0 0.349159
0 0.349336
0 0.349513
0 0.34969
0 0.349867
0 0.350044
0 0.350221
0 0.350399
0 0.350576
0 0.350753
0 0.35093
0 0.351107
0 0.351284
0 0.351461
0 0.351639
0 0.351816
0 0.351993
0 0.35217
0 0.352347
0 0.352524
0 0.352702
0 0.352879
0 0.353056
0 0.353233
0 0.35341
0 0.353587
0 0.353764
0 0.353942
0 0.354119
0 0.354296
0 0.354473
0 0.35465
0 0.354827
0 0.355004
0 0.355182
0 0.355359
0 0.355536
0 0.355713
0 0.35589
0 0.356067
0 0.356244
0 0.356422
0 0.356599
0 0.356776
0 0.356953
0 0.35713
0 0.357307
0 0.357484
0 0.357662
0 0.357839
0 0.358016
0 0.358193
0 0.35837
0 0.358547
0 0.358725
0 0.358902
0 0.359079
0 0.359256
0 0.359433
0 0.35961
0 0.359787
0 0.359965
0 0.360142
0 0.360319
0 0.360496
0 0.360673
0 0.36085
0 0.361027
0 0.361205
0 0.361382
0 0.361559
0 0.361736
0 0.361913
0 0.36209
0 0.362267
0 0.362445
0 0.362622
0 0.362799
0 0.362976
0 0.363153
0 0.36333
0 0.363508
0 0.363685
0 0.363862
0 0.364039
0 0.364216
0 0.364393
0 0.36457
0 0.364748
0 0.364925
0 0.365102
0 0.365279
0 0.365456
0 0.365633
0 0.36581
0 0.365988
0 0.366165
0 0.366342
0 0.366519
0 0.366696
0 0.366873
0 0.36705
0 0.367228
0 0.367405
0 0.367582
0 0.367759
0 0.367936
0 0.368113
0 0.368291
0 0.368468
0 0.368645
0 0.368822
0 0.368999
0 0.369176
0 0.369353
0 0.369531
0 0.369708
0 0.369885
0 0.370062
0 0.370239
0 0.370416
0 0.370593
0 0.370771
0 0.370948
0 0.371125
0 0.371302
0 0.371479
0 0.371656
0 0.371833
0 0.372011
0 0.372188
0 0.372365
0 0.372542
0 0.372719
0 0.372896
0 0.373074
0 0.373251
0 0.373428
0 0.373605
0 0.373782
0 0.373959
0 0.374136
0 0.374314
0 0.374491
0 0.374668
0 0.374845
0 0.375022
0 0.375199
0 0.375376
0 0.375554
0 0.375731
0 0.375908
0 0.376085
0 0.376262
0 0.376439
0 0.376616
0 0.376794
0 0.376971
0 0.377148
0 0.377325
0 0.377502
0 0.377679
0 0.377857
0 0.378034
0 0.378211
0 0.378388
0 0.378565
0 0.378742
0 0.378919
0 0.379097
0 0.379274
0 0.379451
0 0.379628
0 0.379805
0 0.379982
0 0.380159
0 0.380337
0 0.380514
0 0.380691
0 0.380868
0 0.381045
0 0.381222
0 0.381399
0 0.381577
0 0.381754
0 0.381931
0 0.382108
0 0.382285
0 0.382462
0 0.38264
0 0.382817
0 0.382994
0 0.383171
0 0.383348
0 0.383525
0 0.383702
0 0.38388
0 0.384057
0 0.384234
0 0.384411
0 0.384588
0 0.384765
0 0.384942
0 0.38512
0 0.385297
0 0.385474
0 0.385651
0 0.385828
0 0.386005
0 0.386182
0 0.38636
0 0.386537
0 0.386714
0 0.386891
0 0.387068
0 0.387245
0 0.387422
0 0.3876
0 0.387777
0 0.387954
0 0.388131
0 0.388308
0 0.388485
0 0.388663
0 0.38884
0 0.389017
0 0.389194
0 0.389371
0 0.389548
0 0.389725
0 0.389903
0 0.39008
0 0.390257
0 0.390434
0 0.390611
0 0.390788
0 0.390965
0 0.391143
0 0.39132
0 0.391497
0 0.391674
0 0.391851
0 0.392028
0 0.392205
0 0.392383
0 0.39256
0 0.392737
0 0.392914
0 0.393091
0 0.393268
0 0.393446
0 0.393623
0 0.3938
0 0.393977
0 0.394154
0 0.394331
0 0.394508
0 0.394686
0 0.394863
0 0.39504
0 0.395217
0 0.395394
0 0.395571
0 0.395748
0 0.395926
0 0.396103
0 0.39628
0 0.396457
0 0.396634
0 0.396811
0 0.396988
0 0.397166
0 0.397343
0 0.39752
0 0.397697
0 0.397874
0 0.398051
0 0.398229
0 0.398406
0 0.398583
0 0.39876
0 0.398937
0 0.399114
0 0.399291
0 0.399469
0 0.399646
0 0.399823
0 0.4
0 0.400177
0 0.400354
0 0.400531
0 0.400709
0 0.400886
0 0.401063
0 0.40124
0 0.401417
0 0.401594
0 0.401771
0 0.401949
0 0.402126
0 0.402303
0 0.40248
0 0.402657
0 0.402834
0 0.403012
0 0.403189
0 0.403366
0 0.403543
0 0.40372
0 0.403897
0 0.404074
0 0.404252
0 0.404429
0 0.404606
0 0.404783
0 0.40496
0 0.405137
0 0.405314
0 0.405492
0 0.405669
0 0.405846
0 0.406023
0 0.4062
0 0.406377
0 0.406554
0 0.406732
0 0.406909
0 0.407086
0 0.407263
0 0.40744
0 0.407617
0 0.407795
0 0.407972
0 0.408149
0 0.408326
0 0.408503
0 0.40868
0 0.408857
0 0.409035
0 0.409212
0 0.409389
0 0.409566
0 0.409743
0 0.40992
0 0.410097
0 0.410275
0 0.410452
0 0.410629
0 0.410806
0 0.410983
0 0.41116
0 0.411337
0 0.411515
0 0.411692
0 0.411869
0 0.412046
0 0.412223
0 0.4124
0 0.412578
0 0.412755
0 0.412932
0 0.413109
0 0.413286
0 0.413463
0 0.41364
0 0.413818
0 0.413995
0 0.414172
0 0.414349
0 0.414526
0 0.414703
0 0.41488
0 0.415058
0 0.415235
0 0.415412
0 0.415589
0 0.415766
0 0.415943
0 0.41612
0 0.416298
0 0.416475
0 0.416652
0 0.416829
0 0.417006
0 0.417183
0 0.41736
0 0.417538
0 0.417715
0 0.417892
0 0.418069
0 0.418246
0 0.418423
0 0.418601
0 0.418778
0 0.418955
0 0.419132
0 0.419309
0 0.419486
0 0.419663
0 0.419841
0 0.420018
0 0.420195
0 0.420372
0 0.420549
0 0.420726
0 0.420903
0 0.421081
0 0.421258
0 0.421435
0 0.421612
0 0.421789
0 0.421966
0 0.422143
0 0.422321
0 0.422498
0 0.422675
0 0.422852
0 0.423029
0 0.423206
0 0.423384
0 0.423561
0 0.423738
0 0.423915
0 0.424092
0 0.424269
0 0.424446
0 0.424624
0 0.424801
0 0.424978
0 0.425155
0 0.425332
0 0.425509
0 0.425686
0 0.425864
0 0.426041
0 0.426218
0 0.426395
0 0.426572
0 0.426749
0 0.426926
0 0.427104
0 0.427281
0 0.427458
0 0.427635
0 0.427812
0 0.427989
0 0.428167
0 0.428344
0 0.428521
0 0.428698
0 0.428875
0 0.429052
0 0.429229
0 0.429407
0 0.429584
0 0.429761
0 0.429938
0 0.430115
0 0.430292
0 0.430469
0 0.430647
0 0.430824
0 0.431001
0 0.431178
0 0.431355
0 0.431532
0 0.431709
0 0.431887
0 0.432064
0 0.432241
0 0.432418
0 0.432595
0 0.432772
0 0.43295
0 0.433127
0 0.433304
0 0.433481
0 0.433658
0 0.433835
0 0.434012
0 0.43419
0 0.434367
0 0.434544
0 0.434721
0 0.434898
0 0.435075
0 0.435252
0 0.43543
0 0.435607
0 0.435784
0 0.435961
0 0.436138
0 0.436315
0 0.436492
0 0.43667
0 0.436847
0 0.437024
0 0.437201
0 0.437378
0 0.437555
0 0.437733
0 0.43791
0 0.438087
0 0.438264
0 0.438441
0 0.438618
0 0.438795
0 0.438973
0 0.43915
0 0.439327
0 0.439504
0 0.439681
0 0.439858
0 0.440035
0 0.440213
0 0.44039
0 0.440567
0 0.440744
0 0.440921
0 0.441098
0 0.441275
0 0.441453
0 0.44163
0 0.441807
0 0.441984
0 0.442161
0 0.442338
0 0.442516
0 0.442693
0 0.44287
0 0.443047
0 0.443224
0 0.443401
0 0.443578
0 0.443756
0 0.443933
0 0.44411
0 0.444287
0 0.444464
0 0.444641
0 0.444818
0 0.444996
0 0.445173
0 0.44535
0 0.445527
0 0.445704
0 0.445881
0 0.446058
0 0.446236
0 0.446413
0 0.44659
0 0.446767
0 0.446944
0 0.447121
0 0.447298
0 0.447476
0 0.447653
0 0.44783
0 0.448007
0 0.448184
0 0.448361
0 0.448539
0 0.448716
0 0.448893
0 0.44907
0 0.449247
0 0.449424
0 0.449601
0 0.449779
0 0.449956
0 0.450133
0 0.45031
0 0.450487
0 0.450664
0 0.450841
0 0.451019
0 0.451196
0 0.451373
0 0.45155
0 0.451727
0 0.451904
0 0.452081
0 0.452259
0 0.452436
0 0.452613
0 0.45279
0 0.452967
0 0.453144
0 0.453322
0 0.453499
0 0.453676
0 0.453853
0 0.45403
0 0.454207
0 0.454384
0 0.454562
0 0.454739
0 0.454916
0 0.455093
0 0.45527
0 0.455447
0 0.455624
0 0.455802
0 0.455979
0 0.456156
0 0.456333
0 0.45651
0 0.456687
0 0.456864
0 0.457042
0 0.457219
0 0.457396
0 0.457573
0 0.45775
0 0.457927
0 0.458105
0 0.458282
0 0.458459
0 0.458636
0 0.458813
0 0.45899
0 0.459167
0 0.459345
0 0.459522
0 0.459699
0 0.459876
0 0.460053
0 0.46023
0 0.460407
0 0.460585
0 0.460762
0 0.460939
0 0.461116
0 0.461293
0 0.46147
0 0.461647
0 0.461825
0 0.462002
0 0.462179
0 0.462356
0 0.462533
0 0.46271
0 0.462888
0 0.463065
0 0.463242
0 0.463419
0 0.463596
0 0.463773
0 0.46395
0 0.464128
0 0.464305
0 0.464482
0 0.464659
0 0.464836
0 0.465013
0 0.46519
0 0.465368
0 0.465545
0 0.465722
0 0.465899
0 0.466076
0 0.466253
0 0.46643
0 0.466608
0 0.466785
0 0.466962
0 0.467139
0 0.467316
0 0.467493
0 0.467671
0 0.467848
0 0.468025
0 0.468202
0 0.468379
0 0.468556
0 0.468733
0 0.468911
0 0.469088
0 0.469265
0 0.469442
0 0.469619
0 0.469796
0 0.469973
0 0.470151
0 0.470328
0 0.470505
0 0.470682
0 0.470859
0 0.471036
0 0.471213
0 0.471391
0 0.471568
0 0.471745
0 0.471922
0 0.472099
0 0.472276
0 0.472453
0 0.472631
0 0.472808
0 0.472985
0 0.473162
0 0.473339
0 0.473516
0 0.473694
0 0.473871
0 0.474048
0 0.474225
0 0.474402
0 0.474579
0 0.474756
0 0.474934
0 0.475111
0 0.475288
0 0.475465
0 0.475642
0 0.475819
0 0.475996
0 0.476174
0 0.476351
0 0.476528
0 0.476705
0 0.476882
0 0.477059
0 0.477236
0 0.477414
0 0.477591
0 0.477768
0 0.477945
0 0.478122
0 0.478299
0 0.478477
0 0.478654
0 0.478831
0 0.479008
0 0.479185
0 0.479362
0 0.479539
0 0.479717
0 0.479894
0 0.480071
0 0.480248
0 0.480425
0 0.480602
0 0.480779
0 0.480957
0 0.481134
0 0.481311
0 0.481488
0 0.481665
0 0.481842
0 0.482019
0 0.482197
0 0.482374
0 0.482551
0 0.482728
0 0.482905
0 0.483082
0 0.48326
0 0.483437
0 0.483614
0 0.483791
0 0.483968
0 0.484145
0 0.484322
0 0.4845
0 0.484677
0 0.484854
0 0.485031
0 0.485208
0 0.485385
0 0.485562
0 0.48574
0 0.485917
0 0.486094
0 0.486271
0 0.486448
0 0.486625
0 0.486802
0 0.48698
0 0.487157
0 0.487334
0 0.487511
0 0.487688
0 0.487865
0 0.488043
0 0.48822
0 0.488397
0 0.488574
0 0.488751
0 0.488928
0 0.489105
0 0.489283
0 0.48946
0 0.489637
0 0.489814
0 0.489991
0 0.490168
0 0.490345
0 0.490523
0 0.4907
0 0.490877
0 0.491054
0 0.491231
0 0.491408
0 0.491585
0 0.491763
0 0.49194
0 0.492117
0 0.492294
0 0.492471
0 0.492648
0 0.492826
0 0.493003
0 0.49318
0 0.493357
0 0.493534
0 0.493711
0 0.493888
0 0.494066
0 0.494243
0 0.49442
0 0.494597
0 0.494774
0 0.494951
0 0.495128
0 0.495306
0 0.495483
0 0.49566
0 0.495837
0 0.496014
0 0.496191
0 0.496368
0 0.496546
0 0.496723
0 0.4969
0 0.497077
0 0.497254
0 0.497431
0 0.497609
0 0.497786
0 0.497963
0 0.49814
0 0.498317
0 0.498494
0 0.498671
0 0.498849
0 0.499026
0 0.499203
0 0.49938
0 0.499557
0 0.499734
0 0.499911
0 0.500089
0 0.500266
0 0.500443
0 0.50062
0 0.500797
0 0.500974
0 0.501151
0 0.501329
0 0.501506
0 0.501683
0 0.50186
0 0.502037
0 0.502214
0 0.502391
0 0.502569
0 0.502746
0 0.502923
0 0.5031
0 0.503277
0 0.503454
0 0.503632
0 0.503809
0 0.503986
0 0.504163
0 0.50434
0 0.504517
0 0.504694
0 0.504872
0 0.505049
0 0.505226
0 0.505403
0 0.50558
0 0.505757
0 0.505934
0 0.506112
0 0.506289
0 0.506466
0 0.506643
0 0.50682
0 0.506997
0 0.507174
0 0.507352
0 0.507529
0 0.507706
0 0.507883
0 0.50806
0 0.508237
0 0.508415
0 0.508592
0 0.508769
0 0.508946
0 0.509123
0 0.5093
0 0.509477
0 0.509655
0 0.509832
0 0.510009
0 0.510186
0 0.510363
0 0.51054
0 0.510717
0 0.510895
0 0.511072
0 0.511249
0 0.511426
0 0.511603
0 0.51178
0 0.511957
0 0.512135
0 0.512312
0 0.512489
0 0.512666
0 0.512843
0 0.51302
0 0.513198
0 0.513375
0 0.513552
0 0.513729
0 0.513906
0 0.514083
0 0.51426
0 0.514438
0 0.514615
0 0.514792
0 0.514969
0 0.515146
0 0.515323
0 0.5155
0 0.515678
0 0.515855
0 0.516032
0 0.516209
0 0.516386
0 0.516563
0 0.51674
0 0.516918
0 0.517095
0 0.517272
0 0.517449
0 0.517626
0 0.517803
0 0.517981
0 0.518158
0 0.518335
0 0.518512
0 0.518689
0 0.518866
0 0.519043
0 0.519221
0 0.519398
0 0.519575
0 0.519752
0 0.519929
0 0.520106
0 0.520283
0 0.520461
0 0.520638
0 0.520815
0 0.520992
0 0.521169
0 0.521346
0 0.521523
0 0.521701
0 0.521878
0 0.522055
0 0.522232
0 0.522409
0 0.522586
0 0.522764
0 0.522941
0 0.523118
0 0.523295
0 0.523472
0 0.523649
0 0.523826
0 0.524004
0 0.524181
0 0.524358
0 0.524535
0 0.524712
0 0.524889
0 0.525066
0 0.525244
0 0.525421
0 0.525598
0 0.525775
0 0.525952
0 0.526129
0 0.526306
0 0.526484
0 0.526661
0 0.526838
0 0.527015
0 0.527192
0 0.527369
0 0.527547
0 0.527724
0 0.527901
0 0.528078
0 0.528255
0 0.528432
0 0.528609
0 0.528787
0 0.528964
0 0.529141
0 0.529318
0 0.529495
0 0.529672
0 0.529849
0 0.530027
0 0.530204
0 0.530381
0 0.530558
0 0.530735
0 0.530912
0 0.531089
0 0.531267
0 0.531444
0 0.531621
0 0.531798
0 0.531975
0 0.532152
0 0.532329
0 0.532507
0 0.532684
0 0.532861
0 0.533038
0 0.533215
0 0.533392
0 0.53357
0 0.533747
0 0.533924
0 0.534101
0 0.534278
0 0.534455
0 0.534632
0 0.53481
0 0.534987
0 0.535164
0 0.535341
0 0.535518
0 0.535695
0 0.535872
0 0.53605
0 0.536227
0 0.536404
0 0.536581
0 0.536758
0 0.536935
0 0.537112
0 0.53729
0 0.537467
0 0.537644
0 0.537821
0 0.537998
0 0.538175
0 0.538353
0 0.53853
0 0.538707
0 0.538884
0 0.539061
0 0.539238
0 0.539415
0 0.539593
0 0.53977
0 0.539947
0 0.540124
0 0.540301
0 0.540478
0 0.540655
0 0.540833
0 0.54101
0 0.541187
0 0.541364
0 0.541541
0 0.541718
0 0.541895
0 0.542073
0 0.54225
0 0.542427
0 0.542604
0 0.542781
0 0.542958
0 0.543136
0 0.543313
0 0.54349
0 0.543667
0 0.543844
0 0.544021
0 0.544198
0 0.544376
0 0.544553
0 0.54473
0 0.544907
0 0.545084
0 0.545261
0 0.545438
0 0.545616
0 0.545793
0 0.54597
0 0.546147
0 0.546324
0 0.546501
0 0.546678
0 0.546856
0 0.547033
0 0.54721
0 0.547387
0 0.547564
0 0.547741
0 0.547919
0 0.548096
0 0.548273
0 0.54845
0 0.548627
0 0.548804
0 0.548981
0 0.549159
0 0.549336
0 0.549513
0 0.54969
0 0.549867
0 0.550044
0 0.550221
0 0.550399
0 0.550576
0 0.550753
0 0.55093
0 0.551107
0 0.551284
0 0.551461
0 0.551639
0 0.551816
0 0.551993
0 0.55217
0 0.552347
0 0.552524
0 0.552702
0 0.552879
0 0.553056
0 0.553233
0 0.55341
0 0.553587
0 0.553764
0 0.553942
0 0.554119
0 0.554296
0 0.554473
0 0.55465
0 0.554827
0 0.555004
0 0.555182
0 0.555359
0 0.555536
0 0.555713
0 0.55589
0 0.556067
0 0.556244
0 0.556422
0 0.556599
0 0.556776
0 0.556953
0 0.55713
0 0.557307
0 0.557484
0 0.557662
0 0.557839
0 0.558016
0 0.558193
0 0.55837
0 0.558547
0 0.558725
0 0.558902
0 0.559079
0 0.559256
0 0.559433
0 0.55961
0 0.559787
0 0.559965
0 0.560142
0 0.560319
0 0.560496
0 0.560673
0 0.56085
0 0.561027
0 0.561205
0 0.561382
0 0.561559
0 0.561736
0 0.561913
0 0.56209
0 0.562267
0 0.562445
0 0.562622
0 0.562799
0 0.562976
0 0.563153
0 0.56333
0 0.563508
0 0.563685
0 0.563862
0 0.564039
0 0.564216
0 0.564393
0 0.56457
0 0.564748
0 0.564925
0 0.565102
0 0.565279
0 0.565456
0 0.565633
0 0.56581
0 0.565988
0 0.566165
0 0.566342
0 0.566519
0 0.566696
0 0.566873
0 0.56705
0 0.567228
0 0.567405
0 0.567582
0 0.567759
0 0.567936
0 0.568113
0 0.568291
0 0.568468
0 0.568645
0 0.568822
0 0.568999
0 0.569176
0 0.569353
0 0.569531
0 0.569708
0 0.569885
0 0.570062
0 0.570239
0 0.570416
0 0.570593
0 0.570771
0 0.570948
0 0.571125
0 0.571302
0 0.571479
0 0.571656
0 0.571833
0 0.572011
0 0.572188
0 0.572365
0 0.572542
0 0.572719
0 0.572896
0 0.573074
0 0.573251
0 0.573428
0 0.573605
0 0.573782
0 0.573959
0 0.574136
0 0.574314
0 0.574491
0 0.574668
0 0.574845
0 0.575022
0 0.575199
0 0.575376
0 0.575554
0 0.575731
0 0.575908
0 0.576085
0 0.576262
0 0.576439
0 0.576616
0 0.576794
0 0.576971
0 0.577148
0 0.577325
0 0.577502
0 0.577679
0 0.577857
0 0.578034
0 0.578211
0 0.578388
0 0.578565
0 0.578742
0 0.578919
0 0.579097
0 0.579274
0 0.579451
0 0.579628
0 0.579805
0 0.579982
0 0.580159
0 0.580337
0 0.580514
0 0.580691
0 0.580868
0 0.581045
0 0.581222
0 0.581399
0 0.581577
0 0.581754
0 0.581931
0 0.582108
0 0.582285
0 0.582462
0 0.58264
0 0.582817
0 0.582994
0 0.583171
0 0.583348
0 0.583525
0 0.583702
0 0.58388
0 0.584057
0 0.584234
0 0.584411
0 0.584588
0 0.584765
0 0.584942
0 0.58512
0 0.585297
0 0.585474
0 0.585651
0 0.585828
0 0.586005
0 0.586182
0 0.58636
0 0.586537
0 0.586714
0 0.586891
0 0.587068
0 0.587245
0 0.587422
0 0.5876
0 0.587777
0 0.587954
0 0.588131
0 0.588308
0 0.588485
0 0.588663
0 0.58884
0 0.589017
0 0.589194
0 0.589371
0 0.589548
0 0.589725
0 0.589903
0 0.59008
0 0.590257
0 0.590434
0 0.590611
0 0.590788
0 0.590965
0 0.591143
0 0.59132
0 0.591497
0 0.591674
0 0.591851
0 0.592028
0 0.592205
0 0.592383
0 0.59256
0 0.592737
0 0.592914
0 0.593091
0 0.593268
0 0.593446
0 0.593623
0 0.5938
0 0.593977
0 0.594154
0 0.594331
0 0.594508
0 0.594686
0 0.594863
0 0.59504
0 0.595217
0 0.595394
0 0.595571
0 0.595748
0 0.595926
0 0.596103
0 0.59628
0 0.596457
0 0.596634
0 0.596811
0 0.596988
0 0.597166
0 0.597343
0 0.59752
0 0.597697
0 0.597874
0 0.598051
0 0.598229
0 0.598406
0 0.598583
0 0.59876
0 0.598937
0 0.599114
0 0.599291
0 0.599469
0 0.599646
0 0.599823
0 0.6
0 0.600177
0 0.600354
0 0.600531
0 0.600709
0 0.600886
0 0.601063
0 0.60124
0 0.601417
0 0.601594
0 0.601771
0 0.601949
0 0.602126
0 0.602303
0 0.60248
0 0.602657
0 0.602834
0 0.603012
0 0.603189
0 0.603366
0 0.603543
0 0.60372
0 0.603897
0 0.604074
0 0.604252
0 0.604429
0 0.604606
0 0.604783
0 0.60496
0 0.605137
0 0.605314
0 0.605492
0 0.605669
0 0.605846
0 0.606023
0 0.6062
0 0.606377
0 0.606554
0 0.606732
0 0.606909
0 0.607086
0 0.607263
0 0.60744
0 0.607617
0 0.607795
0 0.607972
0 0.608149
0 0.608326
0 0.608503
0 0.60868
0 0.608857
0 0.609035
0 0.609212
0 0.609389
0 0.609566
0 0.609743
0 0.60992
0 0.610097
0 0.610275
0 0.610452
0 0.610629
0 0.610806
0 0.610983
0 0.61116
0 0.611337
0 0.611515
0 0.611692
0 0.611869
0 0.612046
0 0.612223
0 0.6124
0 0.612578
0 0.612755
0 0.612932
0 0.613109
0 0.613286
0 0.613463
0 0.61364
0 0.613818
0 0.613995
0 0.614172
0 0.614349
0 0.614526
0 0.614703
0 0.61488
0 0.615058
0 0.615235
0 0.615412
0 0.615589
0 0.615766
0 0.615943
0 0.61612
0 0.616298
0 0.616475
0 0.616652
0 0.616829
0 0.617006
0 0.617183
0 0.61736
0 0.617538
0 0.617715
0 0.617892
0 0.618069
0 0.618246
0 0.618423
0 0.618601
0 0.618778
0 0.618955
0 0.619132
0 0.619309
0 0.619486
0 0.619663
0 0.619841
0 0.620018
0 0.620195
0 0.620372
0 0.620549
0 0.620726
0 0.620903
0 0.621081
0 0.621258
0 0.621435
0 0.621612
0 0.621789
0 0.621966
0 0.622143
0 0.622321
0 0.622498
0 0.622675
0 0.622852
0 0.623029
0 0.623206
0 0.623384
0 0.623561
0 0.623738
0 0.623915
0 0.624092
0 0.624269
0 0.624446
0 0.624624
0 0.624801
0 0.624978
0 0.625155
0 0.625332
0 0.625509
0 0.625686
0 0.625864
0 0.626041
0 0.626218
0 0.626395
0 0.626572
0 0.626749
0 0.626926
0 0.627104
0 0.627281
0 0.627458
0 0.627635
0 0.627812
0 0.627989
0 0.628167
0 0.628344
0 0.628521
0 0.628698
0 0.628875
0 0.629052
0 0.629229
0 0.629407
0 0.629584
0 0.629761
0 0.629938
0 0.630115
0 0.630292
0 0.630469
0 0.630647
0 0.630824
0 0.631001
0 0.631178
0 0.631355
0 0.631532
0 0.631709
0 0.631887
0 0.632064
0 0.632241
0 0.632418
0 0.632595
0 0.632772
0 0.63295
0 0.633127
0 0.633304
0 0.633481
0 0.633658
0 0.633835
0 0.634012
0 0.63419
0 0.634367
0 0.634544
0 0.634721
0 0.634898
0 0.635075
0 0.635252
0 0.63543
0 0.635607
0 0.635784
0 0.635961
0 0.636138
0 0.636315
0 0.636492
0 0.63667
0 0.636847
0 0.637024
0 0.637201
0 0.637378
0 0.637555
0 0.637733
0 0.63791
0 0.638087
0 0.638264
0 0.638441
0 0.638618
0 0.638795
0 0.638973
0 0.63915
0 0.639327
0 0.639504
0 0.639681
0 0.639858
0 0.640035
0 0.640213
0 0.64039
0 0.640567
0 0.640744
0 0.640921
0 0.641098
0 0.641275
0 0.641453
0 0.64163
0 0.641807
0 0.641984
0 0.642161
0 0.642338
0 0.642516
0 0.642693
0 0.64287
0 0.643047
0 0.643224
0 0.643401
0 0.643578
0 0.643756
0 0.643933
0 0.64411
0 0.644287
0 0.644464
0 0.644641
0 0.644818
0 0.644996
0 0.645173
0 0.64535
0 0.645527
0 0.645704
0 0.645881
0 0.646058
0 0.646236
0 0.646413
0 0.64659
0 0.646767
0 0.646944
0 0.647121
0 0.647298
0 0.647476
0 0.647653
0 0.64783
0 0.648007
0 0.648184
0 0.648361
0 0.648539
0 0.648716
0 0.648893
0 0.64907
0 0.649247
0 0.649424
0 0.649601
0 0.649779
0 0.649956
0 0.650133
0 0.65031
0 0.650487
0 0.650664
0 0.650841
0 0.651019
0 0.651196
0 0.651373
0 0.65155
0 0.651727
0 0.651904
0 0.652081
0 0.652259
0 0.652436
0 0.652613
0 0.65279
0 0.652967
0 0.653144
0 0.653322
0 0.653499
0 0.653676
0 0.653853
0 0.65403
0 0.654207
0 0.654384
0 0.654562
0 0.654739
0 0.654916
0 0.655093
0 0.65527
0 0.655447
0 0.655624
0 0.655802
0 0.655979
0 0.656156
0 0.656333
0 0.65651
0 0.656687
0 0.656864
0 0.657042
0 0.657219
0 0.657396
0 0.657573
0 0.65775
0 0.657927
0 0.658105
0 0.658282
0 0.658459
0 0.658636
0 0.658813
0 0.65899
0 0.659167
0 0.659345
0 0.659522
0 0.659699
0 0.659876
0 0.660053
0 0.66023
0 0.660407
0 0.660585
0 0.660762
0 0.660939
0 0.661116
0 0.661293
0 0.66147
0 0.661647
0 0.661825
0 0.662002
0 0.662179
0 0.662356
0 0.662533
0 0.66271
0 0.662888
0 0.663065
0 0.663242
0 0.663419
0 0.663596
0 0.663773
0 0.66395
0 0.664128
0 0.664305
0 0.664482
0 0.664659
0 0.664836
0 0.665013
0 0.66519
0 0.665368
0 0.665545
0 0.665722
0 0.665899
0 0.666076
0 0.666253
0 0.66643
0 0.666608
0 0.666785
0 0.666962
0 0.667139
0 0.667316
0 0.667493
0 0.667671
0 0.667848
0 0.668025
0 0.668202
0 0.668379
0 0.668556
0 0.668733
0 0.668911
0 0.669088
0 0.669265
0 0.669442
0 0.669619
0 0.669796
0 0.669973
0 0.670151
0 0.670328
0 0.670505
0 0.670682
0 0.670859
0 0.671036
0 0.671213
0 0.671391
0 0.671568
0 0.671745
0 0.671922
0 0.672099
0 0.672276
0 0.672453
0 0.672631
0 0.672808
0 0.672985
0 0.673162
0 0.673339
0 0.673516
0 0.673694
0 0.673871
0 0.674048
0 0.674225
0 0.674402
0 0.674579
0 0.674756
0 0.674934
0 0.675111
0 0.675288
0 0.675465
0 0.675642
0 0.675819
0 0.675996
0 0.676174
0 0.676351
0 0.676528
0 0.676705
0 0.676882
0 0.677059
0 0.677236
0 0.677414
0 0.677591
0 0.677768
0 0.677945
0 0.678122
0 0.678299
0 0.678477
0 0.678654
0 0.678831
0 0.679008
0 0.679185
0 0.679362
0 0.679539
0 0.679717
0 0.679894
0 0.680071
0 0.680248
0 0.680425
0 0.680602
0 0.680779
0 0.680957
0 0.681134
0 0.681311
0 0.681488
0 0.681665
0 0.681842
0 0.682019
0 0.682197
0 0.682374
0 0.682551
0 0.682728
0 0.682905
0 0.683082
0 0.68326
0 0.683437
0 0.683614
0 0.683791
0 0.683968
0 0.684145
0 0.684322
0 0.6845
0 0.684677
0 0.684854
0 0.685031
0 0.685208
0 0.685385
0 0.685562
0 0.68574
0 0.685917
0 0.686094
0 0.686271
0 0.686448
0 0.686625
0 0.686802
0 0.68698
0 0.687157
0 0.687334
0 0.687511
0 0.687688
0 0.687865
0 0.688043
0 0.68822
0 0.688397
0 0.688574
0 0.688751
0 0.688928
0 0.689105
0 0.689283
0 0.68946
0 0.689637
0 0.689814
0 0.689991
0 0.690168
0 0.690345
0 0.690523
0 0.6907
0 0.690877
0 0.691054
0 0.691231
0 0.691408
0 0.691585
0 0.691763
0 0.69194
0 0.692117
0 0.692294
0 0.692471
0 0.692648
0 0.692826
0 0.693003
0 0.69318
0 0.693357
0 0.693534
0 0.693711
0 0.693888
0 0.694066
0 0.694243
0 0.69442
0 0.694597
0 0.694774
0 0.694951
0 0.695128
0 0.695306
0 0.695483
0 0.69566
0 0.695837
0 0.696014
0 0.696191
0 0.696368
0 0.696546
0 0.696723
0 0.6969
0 0.697077
0 0.697254
0 0.697431
0 0.697609
0 0.697786
0 0.697963
0 0.69814
0 0.698317
0 0.698494
0 0.698671
0 0.698849
0 0.699026
0 0.699203
0 0.69938
0 0.699557
0 0.699734
0 0.699911
0 0.700089
0 0.700266
0 0.700443
0 0.70062
0 0.700797
0 0.700974
0 0.701151
0 0.701329
0 0.701506
0 0.701683
0 0.70186
0 0.702037
0 0.702214
0 0.702391
0 0.702569
0.001 0.702746
0.001 0.702923
0.001 0.7031
0.001 0.703277
0.001 0.703454
0.001 0.703632
0.001 0.703809
0.001 0.703986
0.001 0.704163
0.001 0.70434
0.001 0.704517
0.001 0.704694
0.001 0.704872
0.001 0.705049
0.001 0.705226
0.001 0.705403
0.001 0.70558
0.001 0.705757
0.001 0.705934
0.001 0.706112
0.001 0.706289
0.001 0.706466
0.001 0.706643
0.001 0.70682
0.001 0.706997
0.001 0.707174
0.001 0.707352
0.001 0.707529
0.001 0.707706
0.001 0.707883
0.001 0.70806
0.001 0.708237
0.001 0.708415
0.001 0.708592
0.001 0.708769
0.001 0.708946
0.001 0.709123
0.001 0.7093
0.001 0.709477
0.001 0.709655
0.001 0.709832
0.001 0.710009
0.001 0.710186
0.001 0.710363
0.001 0.71054
0.001 0.710717
0.001 0.710895
0.001 0.711072
0.001 0.711249
0.001 0.711426
0.001 0.711603
0.001 0.71178
0.001 0.711957
0.001 0.712135
0.001 0.712312
0.001 0.712489
0.001 0.712666
0.001 0.712843
0.001 0.71302
0.001 0.713198
0.001 0.713375
0.001 0.713552
0.001 0.713729
0.001 0.713906
0.001 0.714083
0.001 0.71426
0.001 0.714438
0.001 0.714615
0.001 0.714792
0.001 0.714969
0.001 0.715146
0.001 0.715323
0.001 0.7155
0.001 0.715678
0.001 0.715855
0.001 0.716032
0.001 0.716209
0.001 0.716386
0.001 0.716563
0.001 0.71674
0.001 0.716918
0.001 0.717095
0.001 0.717272
0.001 0.717449
0.001 0.717626
0.001 0.717803
0.001 0.717981
0.001 0.718158
0.001 0.718335
0.001 0.718512
0.001 0.718689
0.001 0.718866
0.001 0.719043
0.001 0.719221
0.001 0.719398
0.001 0.719575
0.001 0.719752
0.001 0.719929
0.001 0.720106
0.001 0.720283
0.001 0.720461
0.001 0.720638
0.001 0.720815
0.001 0.720992
0.001 0.721169
0.001 0.721346
0.001 0.721523
0.001 0.721701
0.001 0.721878
0.001 0.722055
0.001 0.722232
0.001 0.722409
0.001 0.722586
0.001 0.722764
0.001 0.722941
0.001 0.723118
0.001 0.723295
0.001 0.723472
0.001 0.723649
0.001 0.723826
0.001 0.724004
0.001 0.724181
0.001 0.724358
0.001 0.724535
0.001 0.724712
0.001 0.724889
0.001 0.725066
0.001 0.725244
0.001 0.725421
0.001 0.725598
0.001 0.725775
0.001 0.725952
0.001 0.726129
0.001 0.726306
0.001 0.726484
0.001 0.726661
0.001 0.726838
0.001 0.727015
0.001 0.727192
0.001 0.727369
0.001 0.727547
0.001 0.727724
0.001 0.727901
0.001 0.728078
0.001 0.728255
0.001 0.728432
0.001 0.728609
0.001 0.728787
0.001 0.728964
0.001 0.729141
0.001 0.729318
0.001 0.729495
0.001 0.729672
0.001 0.729849
0.001 0.730027
0.001 0.730204
0.001 0.730381
0.001 0.730558
0.001 0.730735
0.001 0.730912
0.001 0.731089
0.001 0.731267
0.001 0.731444
0.001 0.731621
0.001 0.731798
0.001 0.731975
0.001 0.732152
0.001 0.732329
0.001 0.732507
0.001 0.732684
0.001 0.732861
0.001 0.733038
0.001 0.733215
0.001 0.733392
0.001 0.73357
0.001 0.733747
0.001 0.733924
0.001 0.734101
0.001 0.734278
0.001 0.734455
0.001 0.734632
0.001 0.73481
0.001 0.734987
0.001 0.735164
0.001 0.735341
0.001 0.735518
0.001 0.735695
0.001 0.735872
0.001 0.73605
0.001 0.736227
0.001 0.736404
0.001 0.736581
0.001 0.736758
0.001 0.736935
0.001 0.737112
0.001 0.73729
0.001 0.737467
0.001 0.737644
0.001 0.737821
0.001 0.737998
0.001 0.738175
0.001 0.738353
0.001 0.73853
0.001 0.738707
0.001 0.738884
0.001 0.739061
0.001 0.739238
0.001 0.739415
0.001 0.739593
0.001 0.73977
0.001 0.739947
0.001 0.740124
0.001 0.740301
0.001 0.740478
0.001 0.740655
0.001 0.740833
0.001 0.74101
0.001 0.741187
0.001 0.741364
0.001 0.741541
0.001 0.741718
0.001 0.741895
0.001 0.742073
0.001 0.74225
0.001 0.742427
0.001 0.742604
0.001 0.742781
0.001 0.742958
0.001 0.743136
0.001 0.743313
0.001 0.74349
0.001 0.743667
0.001 0.743844
0.001 0.744021
0.001 0.744198
0.001 0.744376
0.001 0.744553
0.001 0.74473
0.001 0.744907
0.001 0.745084
0.001 0.745261
0.001 0.745438
0.001 0.745616
0.001 0.745793
0.001 0.74597
0.001 0.746147
0.001 0.746324
0.001 0.746501
0.001 0.746678
0.001 0.746856
0.001 0.747033
0.001 0.74721
0.001 0.747387
0.001 0.747564
0.001 0.747741
0.001 0.747919
0.001 0.748096
0.001 0.748273
0.001 0.74845
0.001 0.748627
0.001 0.748804
0.001 0.748981
0.001 0.749159
0.001 0.749336
0.001 0.749513
0.001 0.74969
0.001 0.749867
0.001 0.750044
0.001 0.750221
0.001 0.750399
0.001 0.750576
0.001 0.750753
0.001 0.75093
0.001 0.751107
0.001 0.751284
0.001 0.751461
0.001 0.751639
0.001 0.751816
0.001 0.751993
0.001 0.75217
0.001 0.752347
0.001 0.752524
0.001 0.752702
0.001 0.752879
0.001 0.753056
0.001 0.753233
0.001 0.75341
0.001 0.753587
0.001 0.753764
0.001 0.753942
0.001 0.754119
0.001 0.754296
0.001 0.754473
0.001 0.75465
0.001 0.754827
0.001 0.755004
0.001 0.755182
0.001 0.755359
0.001 0.755536
0.001 0.755713
0.001 0.75589
0.001 0.756067
0.001 0.756244
0.001 0.756422
0.001 0.756599
0.001 0.756776
0.001 0.756953
0.001 0.75713
0.001 0.757307
0.001 0.757484
0.001 0.757662
0.001 0.757839
0.001 0.758016
0.001 0.758193
0.001 0.75837
0.001 0.758547
0.001 0.758725
0.001 0.758902
0.001 0.759079
0.001 0.759256
0.001 0.759433
0.001 0.75961
0.001 0.759787
0.001 0.759965
0.001 0.760142
0.001 0.760319
0.001 0.760496
0.001 0.760673
0.001 0.76085
0.001 0.761027
0.001 0.761205
0.001 0.761382
0.001 0.761559
0.001 0.761736
0.001 0.761913
0.001 0.76209
0.001 0.762267
0.001 0.762445
0.001 0.762622
0.001 0.762799
0.001 0.762976
0.001 0.763153
0.001 0.76333
0.001 0.763508
0.001 0.763685
0.001 0.763862
0.001 0.764039
0.001 0.764216
0.001 0.764393
0.001 0.76457
0.001 0.764748
0.001 0.764925
0.001 0.765102
0.001 0.765279
0.001 0.765456
0.001 0.765633
0.001 0.76581
0.001 0.765988
0.001 0.766165
0.001 0.766342
0.001 0.766519
0.001 0.766696
0.001 0.766873
0.001 0.76705
0.001 0.767228
0.001 0.767405
0.001 0.767582
0.001 0.767759
0.001 0.767936
0.001 0.768113
0.001 0.768291
0.001 0.768468
0.001 0.768645
0.001 0.768822
0.001 0.768999
0.001 0.769176
0.001 0.769353
0.001 0.769531
0.001 0.769708
0.001 0.769885
0.001 0.770062
0.001 0.770239
0.001 0.770416
0.001 0.770593
0.001 0.770771
0.001 0.770948
0.001 0.771125
0.001 0.771302
0.001 0.771479
0.001 0.771656
0.001 0.771833
0.001 0.772011
0.001 0.772188
0.001 0.772365
0.001 0.772542
0.001 0.772719
0.001 0.772896
0.001 0.773074
0.001 0.773251
0.001 0.773428
0.001 0.773605
0.001 0.773782
0.001 0.773959
0.001 0.774136
0.001 0.774314
0.001 0.774491
0.001 0.774668
0.001 0.774845
0.001 0.775022
0.001 0.775199
0.001 0.775376
0.001 0.775554
0.001 0.775731
0.001 0.775908
0.001 0.776085
0.001 0.776262
0.001 0.776439
0.001 0.776616
0.001 0.776794
0.001 0.776971
0.001 0.777148
0.001 0.777325
0.001 0.777502
0.001 0.777679
0.001 0.777857
0.001 0.778034
0.001 0.778211
0.001 0.778388
0.001 0.778565
0.001 0.778742
0.001 0.778919
0.001 0.779097
0.001 0.779274
0.001 0.779451
0.001 0.779628
0.001 0.779805
0.001 0.779982
0.001 0.780159
0.001 0.780337
0.001 0.780514
0.001 0.780691
0.001 0.780868
0.001 0.781045
0.001 0.781222
0.001 0.781399
0.001 0.781577
0.001 0.781754
0.001 0.781931
0.001 0.782108
0.001 0.782285
0.001 0.782462
0.001 0.78264
0.001 0.782817
0.001 0.782994
0.001 0.783171
0.001 0.783348
0.001 0.783525
0.001 0.783702
0.001 0.78388
0.001 0.784057
0.001 0.784234
0.001 0.784411
0.001 0.784588
0.001 0.784765
0.001 0.784942
0.001 0.78512
0.001 0.785297
0.001 0.785474
0.001 0.785651
0.001 0.785828
0.001 0.786005
0.001 0.786182
0.001 0.78636
0.001 0.786537
0.001 0.786714
0.001 0.786891
0.001 0.787068
0.001 0.787245
0.001 0.787422
0.001 0.7876
0.001 0.787777
0.001 0.787954
0.001 0.788131
0.001 0.788308
0.001 0.788485
0.001 0.788663
0.001 0.78884
0.001 0.789017
0.001 0.789194
0.001 0.789371
0.001 0.789548
0.001 0.789725
0.001 0.789903
0.001 0.79008
0.001 0.790257
0.001 0.790434
0.001 0.790611
0.001 0.790788
0.001 0.790965
0.001 0.791143
0.001 0.79132
0.001 0.791497
0.001 0.791674
0.001 0.791851
0.001 0.792028
0.001 0.792205
0.001 0.792383
0.001 0.79256
0.001 0.792737
0.001 0.792914
0.001 0.793091
0.001 0.793268
0.001 0.793446
0.001 0.793623
0.001 0.7938
0.001 0.793977
0.001 0.794154
0.001 0.794331
0.001 0.794508
0.001 0.794686
0.001 0.794863
0.001 0.79504
0.001 0.795217
0.001 0.795394
0.001 0.795571
0.001 0.795748
0.001 0.795926
0.001 0.796103
0.001 0.79628
0.001 0.796457
0.001 0.796634
0.001 0.796811
0.001 0.796988
0.001 0.797166
0.001 0.797343
0.001 0.79752
0.001 0.797697
0.001 0.797874
0.001 0.798051
0.001 0.798229
0.001 0.798406
0.001 0.798583
0.001 0.79876
0.001 0.798937
0.001 0.799114
0.001 0.799291
0.001 0.799469
0.001 0.799646
0.001 0.799823
0.001 0.8
0.001 0.800177
0.001 0.800354
0.001 0.800531
0.001 0.800709
0.001 0.800886
0.001 0.801063
0.001 0.80124
0.001 0.801417
0.001 0.801594
0.001 0.801771
0.001 0.801949
0.001 0.802126
0.001 0.802303
0.001 0.80248
0.001 0.802657
0.001 0.802834
0.001 0.803012
0.001 0.803189
0.001 0.803366
0.001 0.803543
0.001 0.80372
0.001 0.803897
0.001 0.804074
0.001 0.804252
0.001 0.804429
0.001 0.804606
0.001 0.804783
0.001 0.80496
0.001 0.805137
0.001 0.805314
0.001 0.805492
0.001 0.805669
0.001 0.805846
0.001 0.806023
0.001 0.8062
0.001 0.806377
0.001 0.806554
0.001 0.806732
0.001 0.806909
0.001 0.807086
0.001 0.807263
0.001 0.80744
0.001 0.807617
0.001 0.807795
0.001 0.807972
0.001 0.808149
0.001 0.808326
0.001 0.808503
0.001 0.80868
0.001 0.808857
0.001 0.809035
0.001 0.809212
0.001 0.809389
0.001 0.809566
0.001 0.809743
0.001 0.80992
0.001 0.810097
0.001 0.810275
0.001 0.810452
0.001 0.810629
0.001 0.810806
0.001 0.810983
0.001 0.81116
0.001 0.811337
0.001 0.811515
0.001 0.811692
0.001 0.811869
0.001 0.812046
0.001 0.812223
0.001 0.8124
0.001 0.812578
0.001 0.812755
0.001 0.812932
0.001 0.813109
0.001 0.813286
0.001 0.813463
0.001 0.81364
0.002 0.813818
0.002 0.813995
0.002 0.814172
0.002 0.814349
0.002 0.814526
0.002 0.814703
0.002 0.81488
0.002 0.815058
0.002 0.815235
0.002 0.815412
0.002 0.815589
0.002 0.815766
0.002 0.815943
0.002 0.81612
0.002 0.816298
0.002 0.816475
0.002 0.816652
0.002 0.816829
0.002 0.817006
0.002 0.817183
0.002 0.81736
0.002 0.817538
0.002 0.817715
0.002 0.817892
0.002 0.818069
0.002 0.818246
0.002 0.818423
0.002 0.818601
0.002 0.818778
0.002 0.818955
0.002 0.819132
0.002 0.819309
0.002 0.819486
0.002 0.819663
0.002 0.819841
0.002 0.820018
0.002 0.820195
0.002 0.820372
0.002 0.820549
0.002 0.820726
0.002 0.820903
0.002 0.821081
0.002 0.821258
0.002 0.821435
0.002 0.821612
0.002 0.821789
0.002 0.821966
0.002 0.822143
0.002 0.822321
0.002 0.822498
0.002 0.822675
0.002 0.822852
0.002 0.823029
0.002 0.823206
0.002 0.823384
0.002 0.823561
0.002 0.823738
0.002 0.823915
0.002 0.824092
0.002 0.824269
0.002 0.824446
0.002 0.824624
0.002 0.824801
0.002 0.824978
0.002 0.825155
0.002 0.825332
0.002 0.825509
0.002 0.825686
0.002 0.825864
0.002 0.826041
0.002 0.826218
0.002 0.826395
0.002 0.826572
0.002 0.826749
0.002 0.826926
0.002 0.827104
0.002 0.827281
0.002 0.827458
0.002 0.827635
0.002 0.827812
0.002 0.827989
0.002 0.828167
0.002 0.828344
0.002 0.828521
0.002 0.828698
0.002 0.828875
0.002 0.829052
0.002 0.829229
0.002 0.829407
0.002 0.829584
0.002 0.829761
0.002 0.829938
0.002 0.830115
0.002 0.830292
0.002 0.830469
0.002 0.830647
0.002 0.830824
0.002 0.831001
0.002 0.831178
0.002 0.831355
0.002 0.831532
0.002 0.831709
0.002 0.831887
0.002 0.832064
0.002 0.832241
0.002 0.832418
0.002 0.832595
0.002 0.832772
0.002 0.83295
0.002 0.833127
0.002 0.833304
0.002 0.833481
0.002 0.833658
0.002 0.833835
0.002 0.834012
0.002 0.83419
0.002 0.834367
0.002 0.834544
0.002 0.834721
0.002 0.834898
0.002 0.835075
0.002 0.835252
0.002 0.83543
0.002 0.835607
0.002 0.835784
0.002 0.835961
0.002 0.836138
0.002 0.836315
0.002 0.836492
0.002 0.83667
0.002 0.836847
0.002 0.837024
0.002 0.837201
0.002 0.837378
0.002 0.837555
0.002 0.837733
0.002 0.83791
0.002 0.838087
0.002 0.838264
0.002 0.838441
0.002 0.838618
0.002 0.838795
0.002 0.838973
0.002 0.83915
0.002 0.839327
0.002 0.839504
0.002 0.839681
0.002 0.839858
0.002 0.840035
0.002 0.840213
0.003 0.84039
0.003 0.840567
0.003 0.840744
0.003 0.840921
0.003 0.841098
0.003 0.841275
0.003 0.841453
0.003 0.84163
0.003 0.841807
0.003 0.841984
0.003 0.842161
0.003 0.842338
0.003 0.842516
0.003 0.842693
0.003 0.84287
0.003 0.843047
0.003 0.843224
0.003 0.843401
0.003 0.843578
0.003 0.843756
0.003 0.843933
0.003 0.84411
0.003 0.844287
0.003 0.844464
0.003 0.844641
0.003 0.844818
0.003 0.844996
0.003 0.845173
0.003 0.84535
0.003 0.845527
0.003 0.845704
0.003 0.845881
0.003 0.846058
0.003 0.846236
0.003 0.846413
0.003 0.84659
0.003 0.846767
0.003 0.846944
0.003 0.847121
0.003 0.847298
0.003 0.847476
0.003 0.847653
0.003 0.84783
0.003 0.848007
0.003 0.848184
0.003 0.848361
0.003 0.848539
0.003 0.848716
0.003 0.848893
0.003 0.84907
0.003 0.849247
0.003 0.849424
0.003 0.849601
0.003 0.849779
0.003 0.849956
0.003 0.850133
0.003 0.85031
0.003 0.850487
0.003 0.850664
0.003 0.850841
0.003 0.851019
0.003 0.851196
0.003 0.851373
0.003 0.85155
0.003 0.851727
0.003 0.851904
0.003 0.852081
0.003 0.852259
0.003 0.852436
0.003 0.852613
0.003 0.85279
0.003 0.852967
0.003 0.853144
0.003 0.853322
0.003 0.853499
0.003 0.853676
0.003 0.853853
0.003 0.85403
0.003 0.854207
0.003 0.854384
0.003 0.854562
0.003 0.854739
0.003 0.854916
0.003 0.855093
0.003 0.85527
0.003 0.855447
0.004 0.855624
0.004 0.855802
0.004 0.855979
0.004 0.856156
0.004 0.856333
0.004 0.85651
0.004 0.856687
0.004 0.856864
0.004 0.857042
0.004 0.857219
0.004 0.857396
0.004 0.857573
0.004 0.85775
0.004 0.857927
0.004 0.858105
0.004 0.858282
0.004 0.858459
0.004 0.858636
0.004 0.858813
0.004 0.85899
0.004 0.859167
0.004 0.859345
0.004 0.859522
0.004 0.859699
0.004 0.859876
0.004 0.860053
0.004 0.86023
0.004 0.860407
0.004 0.860585
0.004 0.860762
0.004 0.860939
0.004 0.861116
0.004 0.861293
0.004 0.86147
0.004 0.861647
0.004 0.861825
0.004 0.862002
0.004 0.862179
0.004 0.862356
0.004 0.862533
0.004 0.86271
0.004 0.862888
0.004 0.863065
0.004 0.863242
0.004 0.863419
0.004 0.863596
0.004 0.863773
0.004 0.86395
0.004 0.864128
0.004 0.864305
0.004 0.864482
0.004 0.864659
0.004 0.864836
0.004 0.865013
0.004 0.86519
0.004 0.865368
0.004 0.865545
0.004 0.865722
0.004 0.865899
0.004 0.866076
0.004 0.866253
0.004 0.86643
0.004 0.866608
0.005 0.866785
0.005 0.866962
0.005 0.867139
0.005 0.867316
0.005 0.867493
0.005 0.867671
0.005 0.867848
0.005 0.868025
0.005 0.868202
0.005 0.868379
0.005 0.868556
0.005 0.868733
0.005 0.868911
0.005 0.869088
0.005 0.869265
0.005 0.869442
0.005 0.869619
0.005 0.869796
0.005 0.869973
0.005 0.870151
0.005 0.870328
0.005 0.870505
0.005 0.870682
0.005 0.870859
0.005 0.871036
0.005 0.871213
0.005 0.871391
0.005 0.871568
0.005 0.871745
0.006 0.871922
0.006 0.872099
0.006 0.872276
0.006 0.872453
0.006 0.872631
0.006 0.872808
0.006 0.872985
0.006 0.873162
0.006 0.873339
0.006 0.873516
0.006 0.873694
0.006 0.873871
0.006 0.874048
0.006 0.874225
0.006 0.874402
0.006 0.874579
0.006 0.874756
0.006 0.874934
0.006 0.875111
0.006 0.875288
0.006 0.875465
0.006 0.875642
0.006 0.875819
0.006 0.875996
0.006 0.876174
0.006 0.876351
0.006 0.876528
0.006 0.876705
0.006 0.876882
0.007 0.877059
0.007 0.877236
0.007 0.877414
0.007 0.877591
0.007 0.877768
0.007 0.877945
0.007 0.878122
0.007 0.878299
0.007 0.878477
0.007 0.878654
0.007 0.878831
0.007 0.879008
0.007 0.879185
0.007 0.879362
0.007 0.879539
0.007 0.879717
0.007 0.879894
0.007 0.880071
0.007 0.880248
0.007 0.880425
0.007 0.880602
0.007 0.880779
0.007 0.880957
0.007 0.881134
0.008 0.881311
0.008 0.881488
0.008 0.881665
0.008 0.881842
0.008 0.882019
0.008 0.882197
0.008 0.882374
0.008 0.882551
0.008 0.882728
0.008 0.882905
0.008 0.883082
0.008 0.88326
0.008 0.883437
0.008 0.883614
0.008 0.883791
0.009 0.883968
0.009 0.884145
0.009 0.884322
0.009 0.8845
0.009 0.884677
0.009 0.884854
0.009 0.885031
0.009 0.885208
0.009 0.885385
0.009 0.885562
0.009 0.88574
0.009 0.885917
0.009 0.886094
0.009 0.886271
0.009 0.886448
0.009 0.886625
0.009 0.886802
0.01 0.88698
0.01 0.887157
0.01 0.887334
0.01 0.887511
0.01 0.887688
0.01 0.887865
0.01 0.888043
0.01 0.88822
0.01 0.888397
0.01 0.888574
0.01 0.888751
0.01 0.888928
0.01 0.889105
0.01 0.889283
0.01 0.88946
0.01 0.889637
0.01 0.889814
0.01 0.889991
0.011 0.890168
0.011 0.890345
0.011 0.890523
0.011 0.8907
0.011 0.890877
0.011 0.891054
0.011 0.891231
0.011 0.891408
0.011 0.891585
0.011 0.891763
0.011 0.89194
0.011 0.892117
0.011 0.892294
0.011 0.892471
0.011 0.892648
0.011 0.892826
0.011 0.893003
0.012 0.89318
0.012 0.893357
0.012 0.893534
0.012 0.893711
0.012 0.893888
0.012 0.894066
0.012 0.894243
0.012 0.89442
0.012 0.894597
0.012 0.894774
0.013 0.894951
0.013 0.895128
0.013 0.895306
0.014 0.895483
0.014 0.89566
0.014 0.895837
0.014 0.896014
0.014 0.896191
0.014 0.896368
0.015 0.896546
0.015 0.896723
0.015 0.8969
0.015 0.897077
0.015 0.897254
0.015 0.897431
0.015 0.897609
0.015 0.897786
0.015 0.897963
0.015 0.89814
0.015 0.898317
0.015 0.898494
0.016 0.898671
0.016 0.898849
0.016 0.899026
0.016 0.899203
0.016 0.89938
0.016 0.899557
0.016 0.899734
0.016 0.899911
0.017 0.900089
0.017 0.900266
0.017 0.900443
0.017 0.90062
0.017 0.900797
0.017 0.900974
0.018 0.901151
0.018 0.901329
0.018 0.901506
0.018 0.901683
0.019 0.90186
0.019 0.902037
0.019 0.902214
0.019 0.902391
0.019 0.902569
0.019 0.902746
0.019 0.902923
0.019 0.9031
0.019 0.903277
0.02 0.903454
0.02 0.903632
0.02 0.903809
0.02 0.903986
0.02 0.904163
0.02 0.90434
0.02 0.904517
0.02 0.904694
0.021 0.904872
0.021 0.905049
0.021 0.905226
0.021 0.905403
0.021 0.90558
0.021 0.905757
0.021 0.905934
0.021 0.906112
0.021 0.906289
0.022 0.906466
0.022 0.906643
0.022 0.90682
0.022 0.906997
0.023 0.907174
0.023 0.907352
0.023 0.907529
0.023 0.907706
0.023 0.907883
0.023 0.90806
0.024 0.908237
0.024 0.908415
0.024 0.908592
0.024 0.908769
0.024 0.908946
0.025 0.909123
0.025 0.9093
0.025 0.909477
0.025 0.909655
0.025 0.909832
0.025 0.910009
0.026 0.910186
0.026 0.910363
0.026 0.91054
0.026 0.910717
0.027 0.910895
0.028 0.911072
0.028 0.911249
0.028 0.911426
0.028 0.911603
0.029 0.91178
0.029 0.911957
0.029 0.912135
0.029 0.912312
0.029 0.912489
0.029 0.912666
0.03 0.912843
0.03 0.91302
0.03 0.913198
0.03 0.913375
0.03 0.913552
0.03 0.913729
0.03 0.913906
0.03 0.914083
0.032 0.91426
0.032 0.914438
0.032 0.914615
0.033 0.914792
0.033 0.914969
0.033 0.915146
0.033 0.915323
0.035 0.9155
0.035 0.915678
0.035 0.915855
0.036 0.916032
0.037 0.916209
0.037 0.916386
0.037 0.916563
0.037 0.91674
0.037 0.916918
0.038 0.917095
0.038 0.917272
0.039 0.917449
0.039 0.917626
0.039 0.917803
0.04 0.917981
0.04 0.918158
0.04 0.918335
0.041 0.918512
0.041 0.918689
0.041 0.918866
0.041 0.919043
0.041 0.919221
0.042 0.919398
0.043 0.919575
0.043 0.919752
0.044 0.919929
0.045 0.920106
0.045 0.920283
0.046 0.920461
0.046 0.920638
0.047 0.920815
0.047 0.920992
0.047 0.921169
0.047 0.921346
0.048 0.921523
0.048 0.921701
0.048 0.921878
0.048 0.922055
0.05 0.922232
0.05 0.922409
0.051 0.922586
0.051 0.922764
0.051 0.922941
0.052 0.923118
0.053 0.923295
0.053 0.923472
0.056 0.923649
0.056 0.923826
0.057 0.924004
0.057 0.924181
0.058 0.924358
0.058 0.924535
0.058 0.924712
0.059 0.924889
0.06 0.925066
0.061 0.925244
0.063 0.925421
0.064 0.925598
0.064 0.925775
0.065 0.925952
0.067 0.926129
0.067 0.926306
0.068 0.926484
0.069 0.926661
0.069 0.926838
0.069 0.927015
0.07 0.927192
0.071 0.927369
0.072 0.927547
0.073 0.927724
0.073 0.927901
0.073 0.928078
0.074 0.928255
0.075 0.928432
0.075 0.928609
0.076 0.928787
0.076 0.928964
0.078 0.929141
0.078 0.929318
0.079 0.929495
0.079 0.929672
0.079 0.929849
0.08 0.930027
0.081 0.930204
0.081 0.930381
0.081 0.930558
0.081 0.930735
0.082 0.930912
0.083 0.931089
0.083 0.931267
0.083 0.931444
0.084 0.931621
0.085 0.931798
0.087 0.931975
0.087 0.932152
0.087 0.932329
0.088 0.932507
0.088 0.932684
0.091 0.932861
0.092 0.933038
0.093 0.933215
0.093 0.933392
0.094 0.93357
0.094 0.933747
0.094 0.933924
0.096 0.934101
0.096 0.934278
0.097 0.934455
0.1 0.934632
0.1 0.93481
0.103 0.934987
0.106 0.935164
0.107 0.935341
0.109 0.935518
0.109 0.935695
0.11 0.935872
0.111 0.93605
0.113 0.936227
0.116 0.936404
0.117 0.936581
0.117 0.936758
0.119 0.936935
0.12 0.937112
0.122 0.93729
0.13 0.937467
0.13 0.937644
0.13 0.937821
0.13 0.937998
0.132 0.938175
0.137 0.938353
0.138 0.93853
0.141 0.938707
0.144 0.938884
0.147 0.939061
0.153 0.939238
0.153 0.939415
0.156 0.939593
0.159 0.93977
0.164 0.939947
0.166 0.940124
0.167 0.940301
0.168 0.940478
0.169 0.940655
0.17 0.940833
0.17 0.94101
0.172 0.941187
0.174 0.941364
0.176 0.941541
0.176 0.941718
0.176 0.941895
0.18 0.942073
0.181 0.94225
0.185 0.942427
0.185 0.942604
0.189 0.942781
0.189 0.942958
0.189 0.943136
0.191 0.943313
0.206 0.94349
0.206 0.943667
0.207 0.943844
0.208 0.944021
0.215 0.944198
0.215 0.944376
0.218 0.944553
0.219 0.94473
0.221 0.944907
0.221 0.945084
0.221 0.945261
0.222 0.945438
0.223 0.945616
0.223 0.945793
0.224 0.94597
0.225 0.946147
0.225 0.946324
0.226 0.946501
0.227 0.946678
0.231 0.946856
0.231 0.947033
0.232 0.94721
0.238 0.947387
0.241 0.947564
0.244 0.947741
0.248 0.947919
0.249 0.948096
0.253 0.948273
0.255 0.94845
0.255 0.948627
0.257 0.948804
0.257 0.948981
0.26 0.949159
0.262 0.949336
0.264 0.949513
0.265 0.94969
0.265 0.949867
0.267 0.950044
0.269 0.950221
0.275 0.950399
0.278 0.950576
0.28 0.950753
0.281 0.95093
0.288 0.951107
0.301 0.951284
0.309 0.951461
0.327 0.951639
0.33 0.951816
0.331 0.951993
0.336 0.95217
0.342 0.952347
0.346 0.952524
0.349 0.952702
0.36 0.952879
0.36 0.953056
0.362 0.953233
0.371 0.95341
0.373 0.953587
0.376 0.953764
0.38 0.953942
0.387 0.954119
0.394 0.954296
0.394 0.954473
0.396 0.95465
0.404 0.954827
0.413 0.955004
0.414 0.955182
0.419 0.955359
0.422 0.955536
0.422 0.955713
0.422 0.95589
0.426 0.956067
0.426 0.956244
0.429 0.956422
0.434 0.956599
0.445 0.956776
0.45 0.956953
0.465 0.95713
0.47 0.957307
0.473 0.957484
0.479 0.957662
0.479 0.957839
0.492 0.958016
0.494 0.958193
0.5 0.95837
0.5 0.958547
0.501 0.958725
0.505 0.958902
0.505 0.959079
0.511 0.959256
0.516 0.959433
0.522 0.95961
0.522 0.959787
0.538 0.959965
0.545 0.960142
0.552 0.960319
0.554 0.960496
0.555 0.960673
0.559 0.96085
0.581 0.961027
0.585 0.961205
0.595 0.961382
0.597 0.961559
0.599 0.961736
0.602 0.961913
0.607 0.96209
0.612 0.962267
0.613 0.962445
0.615 0.962622
0.618 0.962799
0.626 0.962976
0.627 0.963153
0.628 0.96333
0.63 0.963508
0.658 0.963685
0.666 0.963862
0.669 0.964039
0.674 0.964216
0.677 0.964393
0.702 0.96457
0.721 0.964748
0.748 0.964925
0.786 0.965102
0.799 0.965279
0.826 0.965456
0.831 0.965633
0.845 0.96581
0.877 0.965988
0.882 0.966165
0.886 0.966342
0.897 0.966519
0.9 0.966696
0.9 0.966873
0.918 0.96705
0.942 0.967228
0.943 0.967405
0.945 0.967582
0.981 0.967759
0.984 0.967936
0.995 0.968113
0.995 0.968291
0.998 0.968468
1.014 0.968645
1.032 0.968822
1.035 0.968999
1.046 0.969176
1.053 0.969353
1.055 0.969531
1.058 0.969708
1.065 0.969885
1.121 0.970062
1.133 0.970239
1.135 0.970416
1.137 0.970593
1.191 0.970771
1.197 0.970948
1.21 0.971125
1.223 0.971302
1.23 0.971479
1.233 0.971656
1.245 0.971833
1.258 0.972011
1.287 0.972188
1.305 0.972365
1.333 0.972542
1.374 0.972719
1.374 0.972896
1.38 0.973074
1.384 0.973251
1.384 0.973428
1.404 0.973605
1.41 0.973782
1.471 0.973959
1.481 0.974136
1.548 0.974314
1.57 0.974491
1.628 0.974668
1.65 0.974845
1.728 0.975022
1.786 0.975199
1.906 0.975376
1.99 0.975554
2.018 0.975731
2.046 0.975908
2.065 0.976085
2.089 0.976262
2.103 0.976439
2.109 0.976616
2.111 0.976794
2.199 0.976971
2.224 0.977148
2.231 0.977325
2.238 0.977502
2.293 0.977679
2.305 0.977857
2.31 0.978034
2.349 0.978211
2.35 0.978388
2.371 0.978565
2.38 0.978742
2.389 0.978919
2.391 0.979097
2.477 0.979274
2.503 0.979451
2.568 0.979628
2.734 0.979805
2.843 0.979982
2.876 0.980159
2.893 0.980337
2.952 0.980514
2.984 0.980691
3.019 0.980868
3.101 0.981045
3.13 0.981222
3.316 0.981399
3.335 0.981577
3.341 0.981754
3.376 0.981931
3.511 0.982108
3.557 0.982285
3.594 0.982462
3.606 0.98264
3.609 0.982817
3.793 0.982994
3.818 0.983171
3.936 0.983348
3.954 0.983525
4.153 0.983702
4.364 0.98388
4.39 0.984057
4.435 0.984234
4.539 0.984411
4.544 0.984588
4.578 0.984765
4.664 0.984942
4.671 0.98512
4.706 0.985297
4.715 0.985474
4.751 0.985651
4.812 0.985828
4.888 0.986005
4.95 0.986182
5.21 0.98636
5.251 0.986537
5.52 0.986714
5.669 0.986891
5.782 0.987068
6.15 0.987245
6.329 0.987422
6.378 0.9876
6.446 0.987777
6.493 0.987954
6.612 0.988131
6.655 0.988308
6.739 0.988485
6.776 0.988663
7.021 0.98884
7.068 0.989017
7.083 0.989194
7.092 0.989371
7.564 0.989548
7.847 0.989725
7.889 0.989903
7.91 0.99008
8.108 0.990257
8.352 0.990434
8.488 0.990611
8.507 0.990788
8.681 0.990965
9.067 0.991143
9.181 0.99132
9.377 0.991497
9.715 0.991674
10.236 0.991851
10.452 0.992028
10.671 0.992205
10.809 0.992383
10.952 0.99256
11.004 0.992737
11.359 0.992914
11.679 0.993091
11.685 0.993268
11.723 0.993446
12.072 0.993623
12.184 0.9938
13.185 0.993977
13.48 0.994154
13.672 0.994331
16.252 0.994508
16.278 0.994686
16.532 0.994863
17.483 0.99504
18.72 0.995217
19.24 0.995394
19.849 0.995571
20.424 0.995748
21.684 0.995926
23.988 0.996103
25.608 0.99628
26.872 0.996457
28.038 0.996634
32.378 0.996811
33.529 0.996988
35.344 0.997166
35.414 0.997343
42.044 0.99752
46.711 0.997697
46.841 0.997874
47.71 0.998051
50.683 0.998229
51.445 0.998406
52.839 0.998583
53.81 0.99876
58.866 0.998937
63.317 0.999114
66.999 0.999291
132.962 0.999469
154.864 0.999646
172.911 0.999823
1176.89 1
