0 0.00186567
0 0.00373134
0 0.00559701
0 0.00746269
0 0.00932836
0 0.011194
0 0.0130597
0 0.0149254
0 0.016791
0 0.0186567
0 0.0205224
0 0.0223881
0 0.0242537
0 0.0261194
0.001 0.0279851
0.001 0.0298507
0.001 0.0317164
0.001 0.0335821
0.001 0.0354478
0.001 0.0373134
0.001 0.0391791
0.001 0.0410448
0.001 0.0429104
0.001 0.0447761
0.001 0.0466418
0.001 0.0485075
0.001 0.0503731
0.001 0.0522388
0.001 0.0541045
0.001 0.0559701
0.001 0.0578358
0.001 0.0597015
0.001 0.0615672
0.001 0.0634328
0.001 0.0652985
0.001 0.0671642
0.001 0.0690299
0.001 0.0708955
0.001 0.0727612
0.001 0.0746269
0.001 0.0764925
0.001 0.0783582
0.001 0.0802239
0.001 0.0820896
0.001 0.0839552
0.001 0.0858209
0.001 0.0876866
0.001 0.0895522
0.001 0.0914179
0.001 0.0932836
0.001 0.0951493
0.001 0.0970149
0.001 0.0988806
0.001 0.100746
0.002 0.102612
0.002 0.104478
0.002 0.106343
0.002 0.108209
0.002 0.110075
0.002 0.11194
0.002 0.113806
0.002 0.115672
0.002 0.117537
0.002 0.119403
0.002 0.121269
0.002 0.123134
0.002 0.125
0.002 0.126866
0.003 0.128731
0.003 0.130597
0.003 0.132463
0.003 0.134328
0.003 0.136194
0.003 0.13806
0.003 0.139925
0.004 0.141791
0.004 0.143657
0.004 0.145522
0.004 0.147388
0.004 0.149254
0.004 0.151119
0.005 0.152985
0.005 0.154851
0.005 0.156716
0.005 0.158582
0.005 0.160448
0.006 0.162313
0.006 0.164179
0.006 0.166045
0.006 0.16791
0.007 0.169776
0.007 0.171642
0.007 0.173507
0.007 0.175373
0.007 0.177239
0.007 0.179104
0.008 0.18097
0.008 0.182836
0.008 0.184701
0.008 0.186567
0.008 0.188433
0.008 0.190299
0.008 0.192164
0.008 0.19403
0.009 0.195896
0.009 0.197761
0.009 0.199627
0.009 0.201493
0.01 0.203358
0.011 0.205224
0.011 0.20709
0.011 0.208955
0.011 0.210821
0.012 0.212687
0.012 0.214552
0.012 0.216418
0.013 0.218284
0.013 0.220149
0.013 0.222015
0.014 0.223881
0.014 0.225746
0.014 0.227612
0.015 0.229478
0.015 0.231343
0.016 0.233209
0.016 0.235075
0.016 0.23694
0.017 0.238806
0.019 0.240672
0.021 0.242537
0.021 0.244403
0.022 0.246269
0.022 0.248134
0.022 0.25
0.022 0.251866
0.023 0.253731
0.023 0.255597
0.024 0.257463
0.025 0.259328
0.025 0.261194
0.026 0.26306
0.027 0.264925
0.028 0.266791
0.029 0.268657
0.029 0.270522
0.029 0.272388
0.03 0.274254
0.03 0.276119
0.031 0.277985
0.032 0.279851
0.033 0.281716
0.033 0.283582
0.036 0.285448
0.036 0.287313
0.036 0.289179
0.038 0.291045
0.038 0.29291
0.039 0.294776
0.04 0.296642
0.04 0.298507
0.041 0.300373
0.041 0.302239
0.042 0.304104
0.043 0.30597
0.045 0.307836
0.047 0.309701
0.049 0.311567
0.05 0.313433
0.05 0.315299
0.053 0.317164
0.054 0.31903
0.055 0.320896
0.056 0.322761
0.056 0.324627
0.059 0.326493
0.059 0.328358
0.062 0.330224
0.062 0.33209
0.062 0.333955
0.063 0.335821
0.064 0.337687
0.065 0.339552
0.071 0.341418
0.077 0.343284
0.079 0.345149
0.082 0.347015
0.084 0.348881
0.085 0.350746
0.09 0.352612
0.092 0.354478
0.094 0.356343
0.096 0.358209
0.098 0.360075
0.099 0.36194
0.1 0.363806
0.103 0.365672
0.106 0.367537
0.106 0.369403
0.106 0.371269
0.107 0.373134
0.109 0.375
0.109 0.376866
0.109 0.378731
0.11 0.380597
0.111 0.382463
0.115 0.384328
0.116 0.386194
0.117 0.38806
0.118 0.389925
0.12 0.391791
0.123 0.393657
0.129 0.395522
0.129 0.397388
0.131 0.399254
0.133 0.401119
0.134 0.402985
0.144 0.404851
0.146 0.406716
0.146 0.408582
0.148 0.410448
0.15 0.412313
0.157 0.414179
0.158 0.416045
0.159 0.41791
0.161 0.419776
0.167 0.421642
0.168 0.423507
0.169 0.425373
0.175 0.427239
0.18 0.429104
0.181 0.43097
0.182 0.432836
0.188 0.434701
0.188 0.436567
0.199 0.438433
0.2 0.440299
0.205 0.442164
0.206 0.44403
0.208 0.445896
0.217 0.447761
0.219 0.449627
0.225 0.451493
0.231 0.453358
0.244 0.455224
0.249 0.45709
0.249 0.458955
0.254 0.460821
0.262 0.462687
0.269 0.464552
0.275 0.466418
0.282 0.468284
0.287 0.470149
0.288 0.472015
0.302 0.473881
0.312 0.475746
0.313 0.477612
0.314 0.479478
0.317 0.481343
0.322 0.483209
0.334 0.485075
0.339 0.48694
0.352 0.488806
0.369 0.490672
0.39 0.492537
0.399 0.494403
0.401 0.496269
0.41 0.498134
0.411 0.5
0.42 0.501866
0.441 0.503731
0.443 0.505597
0.461 0.507463
0.476 0.509328
0.482 0.511194
0.483 0.51306
0.49 0.514925
0.505 0.516791
0.512 0.518657
0.514 0.520522
0.57 0.522388
0.581 0.524254
0.581 0.526119
0.583 0.527985
0.588 0.529851
0.615 0.531716
0.631 0.533582
0.634 0.535448
0.658 0.537313
0.66 0.539179
0.671 0.541045
0.688 0.54291
0.731 0.544776
0.755 0.546642
0.764 0.548507
0.768 0.550373
0.778 0.552239
0.807 0.554104
0.872 0.55597
0.882 0.557836
0.895 0.559701
0.9 0.561567
0.906 0.563433
0.926 0.565299
0.934 0.567164
0.944 0.56903
0.951 0.570896
0.963 0.572761
0.971 0.574627
0.996 0.576493
1.003 0.578358
1.074 0.580224
1.102 0.58209
1.112 0.583955
1.123 0.585821
1.126 0.587687
1.154 0.589552
1.182 0.591418
1.206 0.593284
1.217 0.595149
1.222 0.597015
1.238 0.598881
1.269 0.600746
1.294 0.602612
1.386 0.604478
1.397 0.606343
1.482 0.608209
1.493 0.610075
1.516 0.61194
1.553 0.613806
1.576 0.615672
1.582 0.617537
1.629 0.619403
1.648 0.621269
1.66 0.623134
1.681 0.625
1.698 0.626866
1.701 0.628731
1.829 0.630597
1.835 0.632463
1.97 0.634328
2.05 0.636194
2.059 0.63806
2.084 0.639925
2.215 0.641791
2.219 0.643657
2.227 0.645522
2.297 0.647388
2.361 0.649254
2.401 0.651119
2.499 0.652985
2.592 0.654851
2.678 0.656716
2.707 0.658582
2.786 0.660448
2.864 0.662313
3.04 0.664179
3.075 0.666045
3.126 0.66791
3.21 0.669776
3.3 0.671642
3.305 0.673507
3.343 0.675373
3.446 0.677239
3.481 0.679104
3.651 0.68097
3.919 0.682836
3.945 0.684701
4.093 0.686567
4.172 0.688433
4.25 0.690299
4.359 0.692164
4.451 0.69403
4.694 0.695896
4.948 0.697761
5.069 0.699627
5.125 0.701493
5.624 0.703358
5.729 0.705224
5.754 0.70709
5.951 0.708955
6.189 0.710821
6.237 0.712687
6.483 0.714552
6.799 0.716418
6.859 0.718284
6.937 0.720149
7.041 0.722015
7.118 0.723881
7.692 0.725746
7.756 0.727612
8.073 0.729478
8.342 0.731343
8.585 0.733209
8.685 0.735075
8.876 0.73694
9.118 0.738806
9.467 0.740672
10.093 0.742537
10.228 0.744403
10.265 0.746269
10.675 0.748134
11.055 0.75
11.223 0.751866
11.233 0.753731
11.484 0.755597
11.566 0.757463
11.943 0.759328
12.18 0.761194
12.259 0.76306
13.094 0.764925
13.59 0.766791
13.636 0.768657
15.176 0.770522
15.177 0.772388
15.3 0.774254
15.999 0.776119
16.171 0.777985
17.027 0.779851
17.459 0.781716
17.598 0.783582
17.797 0.785448
18.256 0.787313
18.977 0.789179
19.26 0.791045
19.591 0.79291
20.903 0.794776
21.131 0.796642
21.288 0.798507
23.103 0.800373
23.302 0.802239
23.737 0.804104
24.21 0.80597
24.578 0.807836
26.147 0.809701
27.226 0.811567
28.031 0.813433
28.663 0.815299
28.773 0.817164
29.062 0.81903
29.336 0.820896
31.441 0.822761
32.068 0.824627
34.752 0.826493
35.414 0.828358
36.101 0.830224
37.542 0.83209
38.526 0.833955
38.554 0.835821
39.002 0.837687
39.054 0.839552
44.886 0.841418
47.458 0.843284
49.19 0.845149
50.991 0.847015
51.388 0.848881
51.546 0.850746
51.605 0.852612
51.608 0.854478
52.152 0.856343
52.881 0.858209
53.959 0.860075
54.635 0.86194
54.826 0.863806
55.7 0.865672
55.715 0.867537
56.766 0.869403
56.917 0.871269
57.933 0.873134
59.365 0.875
60.218 0.876866
60.654 0.878731
62.961 0.880597
70.098 0.882463
70.377 0.884328
71.001 0.886194
91.636 0.88806
93.989 0.889925
94.93 0.891791
98.741 0.893657
101.034 0.895522
108.725 0.897388
110.547 0.899254
114.958 0.901119
116.529 0.902985
123.796 0.904851
125.363 0.906716
128.329 0.908582
129.975 0.910448
142.727 0.912313
142.766 0.914179
143.055 0.916045
147.056 0.91791
152.223 0.919776
154.703 0.921642
157.549 0.923507
163.574 0.925373
166.232 0.927239
167.051 0.929104
168.865 0.93097
169.094 0.932836
173.888 0.934701
174.124 0.936567
200.755 0.938433
204.723 0.940299
204.923 0.942164
213.271 0.94403
217.246 0.945896
226.477 0.947761
270.607 0.949627
277.294 0.951493
279.787 0.953358
282.513 0.955224
301.188 0.95709
340.696 0.958955
344.451 0.960821
368.985 0.962687
402.918 0.964552
403.394 0.966418
403.849 0.968284
412.19 0.970149
447.733 0.972015
484.119 0.973881
568.131 0.975746
617.458 0.977612
677.318 0.979478
901.146 0.981343
934.109 0.983209
947.589 0.985075
1066.52 0.98694
1177.69 0.988806
1178.1 0.990672
1289.18 0.992537
1320.4 0.994403
1406.33 0.996269
1416.5 0.998134
1506.11 1
