0 0.000161786
0 0.000323572
0 0.000485358
0 0.000647144
0 0.000808931
0 0.000970717
0 0.0011325
0 0.00129429
0 0.00145608
0 0.00161786
0 0.00177965
0 0.00194143
0 0.00210322
0 0.00226501
0 0.00242679
0 0.00258858
0 0.00275036
0 0.00291215
0 0.00307394
0 0.00323572
0 0.00339751
0 0.00355929
0 0.00372108
0 0.00388287
0 0.00404465
0 0.00420644
0 0.00436823
0 0.00453001
0 0.0046918
0 0.00485358
0 0.00501537
0 0.00517716
0 0.00533894
0 0.00550073
0 0.00566251
0 0.0058243
0 0.00598609
0 0.00614787
0 0.00630966
0 0.00647144
0 0.00663323
0 0.00679502
0 0.0069568
0 0.00711859
0 0.00728038
0 0.00744216
0 0.00760395
0 0.00776573
0 0.00792752
0 0.00808931
0 0.00825109
0 0.00841288
0 0.00857466
0 0.00873645
0 0.00889824
0 0.00906002
0 0.00922181
0 0.00938359
0 0.00954538
0 0.00970717
0 0.00986895
0 0.0100307
0 0.0101925
0 0.0103543
0 0.0105161
0 0.0106779
0 0.0108397
0 0.0110015
0 0.0111632
0 0.011325
0 0.0114868
0 0.0116486
0 0.0118104
0 0.0119722
0 0.012134
0 0.0122957
0 0.0124575
0 0.0126193
0 0.0127811
0 0.0129429
0 0.0131047
0 0.0132665
0 0.0134282
0 0.01359
0 0.0137518
0 0.0139136
0 0.0140754
0 0.0142372
0 0.014399
0 0.0145608
0 0.0147225
0 0.0148843
0 0.0150461
0 0.0152079
0 0.0153697
0 0.0155315
0 0.0156933
0 0.015855
0 0.0160168
0 0.0161786
0 0.0163404
0 0.0165022
0 0.016664
0 0.0168258
0 0.0169875
0 0.0171493
0 0.0173111
0 0.0174729
0 0.0176347
0 0.0177965
0 0.0179583
0 0.01812
0 0.0182818
0 0.0184436
0 0.0186054
0 0.0187672
0 0.018929
0 0.0190908
0 0.0192525
0 0.0194143
0 0.0195761
0 0.0197379
0 0.0198997
0 0.0200615
0 0.0202233
0 0.0203851
0 0.0205468
0 0.0207086
0 0.0208704
0 0.0210322
0 0.021194
0 0.0213558
0 0.0215176
0 0.0216793
0 0.0218411
0 0.0220029
0 0.0221647
0 0.0223265
0 0.0224883
0 0.0226501
0 0.0228118
0 0.0229736
0 0.0231354
0 0.0232972
0 0.023459
0 0.0236208
0 0.0237826
0 0.0239443
0 0.0241061
0 0.0242679
0 0.0244297
0 0.0245915
0 0.0247533
0 0.0249151
0 0.0250768
0 0.0252386
0 0.0254004
0 0.0255622
0 0.025724
0 0.0258858
0 0.0260476
0 0.0262094
0 0.0263711
0 0.0265329
0 0.0266947
0 0.0268565
0 0.0270183
0 0.0271801
0 0.0273419
0 0.0275036
0 0.0276654
0 0.0278272
0 0.027989
0 0.0281508
0 0.0283126
0 0.0284744
0 0.0286361
0 0.0287979
0 0.0289597
0 0.0291215
0 0.0292833
0 0.0294451
0 0.0296069
0 0.0297686
0 0.0299304
0 0.0300922
0 0.030254
0 0.0304158
0 0.0305776
0 0.0307394
0 0.0309011
0 0.0310629
0 0.0312247
0 0.0313865
0 0.0315483
0 0.0317101
0 0.0318719
0 0.0320337
0 0.0321954
0 0.0323572
0 0.032519
0 0.0326808
0 0.0328426
0 0.0330044
0 0.0331662
0 0.0333279
0 0.0334897
0 0.0336515
0 0.0338133
0 0.0339751
0 0.0341369
0 0.0342987
0 0.0344604
0 0.0346222
0 0.034784
0 0.0349458
0 0.0351076
0 0.0352694
0 0.0354312
0 0.0355929
0 0.0357547
0 0.0359165
0 0.0360783
0 0.0362401
0 0.0364019
0 0.0365637
0 0.0367254
0 0.0368872
0 0.037049
0 0.0372108
0 0.0373726
0 0.0375344
0 0.0376962
0 0.037858
0 0.0380197
0 0.0381815
0 0.0383433
0 0.0385051
0 0.0386669
0 0.0388287
0 0.0389905
0 0.0391522
0 0.039314
0 0.0394758
0 0.0396376
0 0.0397994
0 0.0399612
0 0.040123
0 0.0402847
0 0.0404465
0 0.0406083
0 0.0407701
0 0.0409319
0 0.0410937
0 0.0412555
0 0.0414172
0 0.041579
0 0.0417408
0 0.0419026
0 0.0420644
0 0.0422262
0 0.042388
0 0.0425497
0 0.0427115
0 0.0428733
0 0.0430351
0 0.0431969
0 0.0433587
0 0.0435205
0 0.0436823
0 0.043844
0 0.0440058
0 0.0441676
0 0.0443294
0 0.0444912
0 0.044653
0 0.0448148
0 0.0449765
0 0.0451383
0 0.0453001
0 0.0454619
0 0.0456237
0 0.0457855
0 0.0459473
0 0.046109
0 0.0462708
0 0.0464326
0 0.0465944
0 0.0467562
0 0.046918
0 0.0470798
0 0.0472415
0 0.0474033
0 0.0475651
0 0.0477269
0 0.0478887
0 0.0480505
0 0.0482123
0 0.048374
0 0.0485358
0 0.0486976
0 0.0488594
0 0.0490212
0 0.049183
0 0.0493448
0 0.0495066
0 0.0496683
0 0.0498301
0 0.0499919
0 0.0501537
0 0.0503155
0 0.0504773
0 0.0506391
0 0.0508008
0 0.0509626
0 0.0511244
0 0.0512862
0 0.051448
0 0.0516098
0 0.0517716
0 0.0519333
0 0.0520951
0 0.0522569
0 0.0524187
0 0.0525805
0 0.0527423
0 0.0529041
0 0.0530658
0 0.0532276
0 0.0533894
0 0.0535512
0 0.053713
0 0.0538748
0 0.0540366
0 0.0541983
0 0.0543601
0 0.0545219
0 0.0546837
0 0.0548455
0 0.0550073
0 0.0551691
0 0.0553309
0 0.0554926
0 0.0556544
0 0.0558162
0 0.055978
0 0.0561398
0 0.0563016
0 0.0564634
0 0.0566251
0 0.0567869
0 0.0569487
0 0.0571105
0 0.0572723
0 0.0574341
0 0.0575959
0 0.0577576
0 0.0579194
0 0.0580812
0 0.058243
0 0.0584048
0 0.0585666
0 0.0587284
0 0.0588901
0 0.0590519
0 0.0592137
0 0.0593755
0 0.0595373
0 0.0596991
0 0.0598609
0 0.0600227
0 0.0601844
0 0.0603462
0 0.060508
0 0.0606698
0 0.0608316
0 0.0609934
0 0.0611552
0 0.0613169
0 0.0614787
0 0.0616405
0 0.0618023
0 0.0619641
0 0.0621259
0 0.0622877
0 0.0624494
0 0.0626112
0 0.062773
0 0.0629348
0 0.0630966
0 0.0632584
0 0.0634202
0 0.0635819
0 0.0637437
0 0.0639055
0 0.0640673
0 0.0642291
0 0.0643909
0 0.0645527
0 0.0647144
0 0.0648762
0 0.065038
0 0.0651998
0 0.0653616
0 0.0655234
0 0.0656852
0 0.065847
0 0.0660087
0 0.0661705
0 0.0663323
0 0.0664941
0 0.0666559
0 0.0668177
0 0.0669795
0 0.0671412
0 0.067303
0 0.0674648
0 0.0676266
0 0.0677884
0 0.0679502
0 0.068112
0 0.0682737
0 0.0684355
0 0.0685973
0 0.0687591
0 0.0689209
0 0.0690827
0 0.0692445
0 0.0694062
0 0.069568
0 0.0697298
0 0.0698916
0 0.0700534
0 0.0702152
0 0.070377
0 0.0705387
0 0.0707005
0 0.0708623
0 0.0710241
0 0.0711859
0 0.0713477
0 0.0715095
0 0.0716713
0 0.071833
0 0.0719948
0 0.0721566
0 0.0723184
0 0.0724802
0 0.072642
0 0.0728038
0 0.0729655
0 0.0731273
0 0.0732891
0 0.0734509
0 0.0736127
0 0.0737745
0 0.0739363
0 0.074098
0 0.0742598
0 0.0744216
0 0.0745834
0 0.0747452
0 0.074907
0 0.0750688
0 0.0752305
0 0.0753923
0 0.0755541
0 0.0757159
0 0.0758777
0 0.0760395
0 0.0762013
0 0.076363
0 0.0765248
0 0.0766866
0 0.0768484
0 0.0770102
0 0.077172
0 0.0773338
0 0.0774956
0 0.0776573
0 0.0778191
0 0.0779809
0 0.0781427
0 0.0783045
0 0.0784663
0 0.0786281
0 0.0787898
0 0.0789516
0 0.0791134
0 0.0792752
0 0.079437
0 0.0795988
0 0.0797606
0 0.0799223
0 0.0800841
0 0.0802459
0 0.0804077
0 0.0805695
0 0.0807313
0 0.0808931
0 0.0810548
0 0.0812166
0 0.0813784
0 0.0815402
0 0.081702
0 0.0818638
0 0.0820256
0 0.0821873
0 0.0823491
0 0.0825109
0 0.0826727
0 0.0828345
0 0.0829963
0 0.0831581
0 0.0833199
0 0.0834816
0 0.0836434
0 0.0838052
0 0.083967
0 0.0841288
0 0.0842906
0 0.0844524
0 0.0846141
0 0.0847759
0 0.0849377
0 0.0850995
0 0.0852613
0 0.0854231
0 0.0855849
0 0.0857466
0 0.0859084
0 0.0860702
0 0.086232
0 0.0863938
0 0.0865556
0 0.0867174
0 0.0868791
0 0.0870409
0 0.0872027
0 0.0873645
0 0.0875263
0 0.0876881
0 0.0878499
0 0.0880116
0 0.0881734
0 0.0883352
0 0.088497
0 0.0886588
0 0.0888206
0 0.0889824
0 0.0891442
0 0.0893059
0 0.0894677
0 0.0896295
0 0.0897913
0 0.0899531
0 0.0901149
0 0.0902767
0 0.0904384
0 0.0906002
0 0.090762
0 0.0909238
0 0.0910856
0 0.0912474
0 0.0914092
0 0.0915709
0 0.0917327
0 0.0918945
0 0.0920563
0 0.0922181
0 0.0923799
0 0.0925417
0 0.0927034
0 0.0928652
0 0.093027
0 0.0931888
0 0.0933506
0 0.0935124
0 0.0936742
0 0.0938359
0 0.0939977
0 0.0941595
0 0.0943213
0 0.0944831
0 0.0946449
0 0.0948067
0 0.0949685
0 0.0951302
0 0.095292
0 0.0954538
0 0.0956156
0 0.0957774
0 0.0959392
0 0.096101
0 0.0962627
0 0.0964245
0 0.0965863
0 0.0967481
0 0.0969099
0 0.0970717
0 0.0972335
0 0.0973952
0 0.097557
0 0.0977188
0 0.0978806
0 0.0980424
0 0.0982042
0 0.098366
0 0.0985277
0 0.0986895
0 0.0988513
0 0.0990131
0 0.0991749
0 0.0993367
0 0.0994985
0 0.0996602
0 0.099822
0 0.0999838
0 0.100146
0 0.100307
0 0.100469
0 0.100631
0 0.100793
0 0.100955
0 0.101116
0 0.101278
0 0.10144
0 0.101602
0 0.101763
0 0.101925
0 0.102087
0 0.102249
0 0.102411
0 0.102572
0 0.102734
0 0.102896
0 0.103058
0 0.10322
0 0.103381
0 0.103543
0 0.103705
0 0.103867
0 0.104028
0 0.10419
0 0.104352
0 0.104514
0 0.104676
0 0.104837
0 0.104999
0 0.105161
0 0.105323
0 0.105485
0 0.105646
0 0.105808
0 0.10597
0 0.106132
0 0.106293
0 0.106455
0 0.106617
0 0.106779
0 0.106941
0 0.107102
0 0.107264
0 0.107426
0 0.107588
0 0.10775
0 0.107911
0 0.108073
0 0.108235
0 0.108397
0 0.108558
0 0.10872
0 0.108882
0 0.109044
0 0.109206
0 0.109367
0 0.109529
0 0.109691
0 0.109853
0 0.110015
0 0.110176
0 0.110338
0 0.1105
0 0.110662
0 0.110823
0 0.110985
0 0.111147
0 0.111309
0 0.111471
0 0.111632
0 0.111794
0 0.111956
0 0.112118
0 0.11228
0 0.112441
0 0.112603
0 0.112765
0 0.112927
0 0.113088
0 0.11325
0 0.113412
0 0.113574
0 0.113736
0 0.113897
0 0.114059
0 0.114221
0 0.114383
0 0.114545
0 0.114706
0 0.114868
0 0.11503
0 0.115192
0 0.115354
0 0.115515
0 0.115677
0 0.115839
0 0.116001
0 0.116162
0 0.116324
0 0.116486
0 0.116648
0 0.11681
0 0.116971
0 0.117133
0 0.117295
0 0.117457
0 0.117619
0 0.11778
0 0.117942
0 0.118104
0 0.118266
0 0.118427
0 0.118589
0 0.118751
0 0.118913
0 0.119075
0 0.119236
0 0.119398
0 0.11956
0 0.119722
0 0.119884
0 0.120045
0 0.120207
0 0.120369
0 0.120531
0 0.120692
0 0.120854
0 0.121016
0 0.121178
0 0.12134
0 0.121501
0 0.121663
0 0.121825
0 0.121987
0 0.122149
0 0.12231
0 0.122472
0 0.122634
0 0.122796
0 0.122957
0 0.123119
0 0.123281
0 0.123443
0 0.123605
0 0.123766
0 0.123928
0 0.12409
0 0.124252
0 0.124414
0 0.124575
0 0.124737
0 0.124899
0 0.125061
0 0.125222
0 0.125384
0 0.125546
0 0.125708
0 0.12587
0 0.126031
0 0.126193
0 0.126355
0 0.126517
0 0.126679
0 0.12684
0 0.127002
0 0.127164
0 0.127326
0 0.127487
0 0.127649
0 0.127811
0 0.127973
0 0.128135
0 0.128296
0 0.128458
0 0.12862
0 0.128782
0 0.128944
0 0.129105
0 0.129267
0 0.129429
0 0.129591
0 0.129752
0 0.129914
0 0.130076
0 0.130238
0 0.1304
0 0.130561
0 0.130723
0 0.130885
0 0.131047
0 0.131209
0 0.13137
0 0.131532
0 0.131694
0 0.131856
0 0.132017
0 0.132179
0 0.132341
0 0.132503
0 0.132665
0 0.132826
0 0.132988
0 0.13315
0 0.133312
0 0.133474
0 0.133635
0 0.133797
0 0.133959
0 0.134121
0 0.134282
0 0.134444
0 0.134606
0 0.134768
0 0.13493
0 0.135091
0 0.135253
0 0.135415
0 0.135577
0 0.135739
0 0.1359
0 0.136062
0 0.136224
0 0.136386
0 0.136547
0 0.136709
0 0.136871
0 0.137033
0 0.137195
0 0.137356
0 0.137518
0 0.13768
0 0.137842
0 0.138004
0 0.138165
0 0.138327
0 0.138489
0 0.138651
0 0.138812
0 0.138974
0 0.139136
0 0.139298
0 0.13946
0 0.139621
0 0.139783
0 0.139945
0 0.140107
0 0.140269
0 0.14043
0 0.140592
0 0.140754
0 0.140916
0 0.141077
0 0.141239
0 0.141401
0 0.141563
0 0.141725
0 0.141886
0 0.142048
0 0.14221
0 0.142372
0 0.142534
0 0.142695
0 0.142857
0 0.143019
0 0.143181
0 0.143343
0 0.143504
0 0.143666
0 0.143828
0 0.14399
0 0.144151
0 0.144313
0 0.144475
0 0.144637
0 0.144799
0 0.14496
0 0.145122
0 0.145284
0 0.145446
0 0.145608
0 0.145769
0 0.145931
0 0.146093
0 0.146255
0 0.146416
0 0.146578
0 0.14674
0 0.146902
0 0.147064
0 0.147225
0 0.147387
0 0.147549
0 0.147711
0 0.147873
0 0.148034
0 0.148196
0 0.148358
0 0.14852
0 0.148681
0 0.148843
0 0.149005
0 0.149167
0 0.149329
0 0.14949
0 0.149652
0 0.149814
0 0.149976
0 0.150138
0 0.150299
0 0.150461
0 0.150623
0 0.150785
0 0.150946
0 0.151108
0 0.15127
0 0.151432
0 0.151594
0 0.151755
0 0.151917
0 0.152079
0 0.152241
0 0.152403
0 0.152564
0 0.152726
0 0.152888
0 0.15305
0 0.153211
0 0.153373
0 0.153535
0 0.153697
0 0.153859
0 0.15402
0 0.154182
0 0.154344
0 0.154506
0 0.154668
0 0.154829
0 0.154991
0 0.155153
0 0.155315
0 0.155476
0 0.155638
0 0.1558
0 0.155962
0 0.156124
0 0.156285
0 0.156447
0 0.156609
0 0.156771
0 0.156933
0 0.157094
0 0.157256
0 0.157418
0 0.15758
0 0.157741
0 0.157903
0 0.158065
0 0.158227
0 0.158389
0 0.15855
0 0.158712
0 0.158874
0 0.159036
0 0.159198
0 0.159359
0 0.159521
0 0.159683
0 0.159845
0 0.160006
0 0.160168
0 0.16033
0 0.160492
0 0.160654
0 0.160815
0 0.160977
0 0.161139
0 0.161301
0 0.161463
0 0.161624
0 0.161786
0 0.161948
0 0.16211
0 0.162271
0 0.162433
0 0.162595
0 0.162757
0 0.162919
0 0.16308
0 0.163242
0 0.163404
0 0.163566
0 0.163728
0 0.163889
0 0.164051
0 0.164213
0 0.164375
0 0.164536
0 0.164698
0 0.16486
0 0.165022
0 0.165184
0 0.165345
0 0.165507
0 0.165669
0 0.165831
0 0.165993
0 0.166154
0 0.166316
0 0.166478
0 0.16664
0 0.166801
0 0.166963
0 0.167125
0 0.167287
0 0.167449
0 0.16761
0 0.167772
0 0.167934
0 0.168096
0 0.168258
0 0.168419
0 0.168581
0 0.168743
0 0.168905
0 0.169066
0 0.169228
0 0.16939
0 0.169552
0 0.169714
0 0.169875
0 0.170037
0 0.170199
0 0.170361
0 0.170523
0 0.170684
0 0.170846
0 0.171008
0 0.17117
0 0.171331
0 0.171493
0 0.171655
0 0.171817
0 0.171979
0 0.17214
0 0.172302
0 0.172464
0 0.172626
0 0.172788
0 0.172949
0 0.173111
0 0.173273
0 0.173435
0 0.173597
0 0.173758
0 0.17392
0 0.174082
0 0.174244
0 0.174405
0 0.174567
0 0.174729
0 0.174891
0 0.175053
0 0.175214
0 0.175376
0 0.175538
0 0.1757
0 0.175862
0 0.176023
0 0.176185
0 0.176347
0 0.176509
0 0.17667
0 0.176832
0 0.176994
0 0.177156
0 0.177318
0 0.177479
0 0.177641
0 0.177803
0 0.177965
0 0.178127
0 0.178288
0 0.17845
0 0.178612
0 0.178774
0 0.178935
0 0.179097
0 0.179259
0 0.179421
0 0.179583
0 0.179744
0 0.179906
0 0.180068
0 0.18023
0 0.180392
0 0.180553
0 0.180715
0 0.180877
0 0.181039
0 0.1812
0 0.181362
0 0.181524
0 0.181686
0 0.181848
0 0.182009
0 0.182171
0 0.182333
0 0.182495
0 0.182657
0 0.182818
0 0.18298
0 0.183142
0 0.183304
0 0.183465
0 0.183627
0 0.183789
0 0.183951
0 0.184113
0 0.184274
0 0.184436
0 0.184598
0 0.18476
0 0.184922
0 0.185083
0 0.185245
0 0.185407
0 0.185569
0 0.18573
0 0.185892
0 0.186054
0 0.186216
0 0.186378
0 0.186539
0 0.186701
0 0.186863
0 0.187025
0 0.187187
0 0.187348
0 0.18751
0 0.187672
0 0.187834
0 0.187995
0 0.188157
0 0.188319
0 0.188481
0 0.188643
0 0.188804
0 0.188966
0 0.189128
0 0.18929
0 0.189452
0 0.189613
0 0.189775
0 0.189937
0 0.190099
0 0.19026
0 0.190422
0 0.190584
0 0.190746
0 0.190908
0 0.191069
0 0.191231
0 0.191393
0 0.191555
0 0.191717
0 0.191878
0 0.19204
0 0.192202
0 0.192364
0 0.192525
0 0.192687
0 0.192849
0 0.193011
0 0.193173
0 0.193334
0 0.193496
0 0.193658
0 0.19382
0 0.193982
0 0.194143
0 0.194305
0 0.194467
0 0.194629
0 0.19479
0 0.194952
0 0.195114
0 0.195276
0 0.195438
0 0.195599
0 0.195761
0 0.195923
0 0.196085
0 0.196247
0 0.196408
0 0.19657
0 0.196732
0 0.196894
0 0.197055
0 0.197217
0 0.197379
0 0.197541
0 0.197703
0 0.197864
0 0.198026
0 0.198188
0 0.19835
0 0.198512
0 0.198673
0 0.198835
0 0.198997
0 0.199159
0 0.19932
0 0.199482
0 0.199644
0 0.199806
0 0.199968
0 0.200129
0 0.200291
0 0.200453
0 0.200615
0 0.200777
0 0.200938
0 0.2011
0 0.201262
0 0.201424
0 0.201586
0 0.201747
0 0.201909
0 0.202071
0 0.202233
0 0.202394
0 0.202556
0 0.202718
0 0.20288
0 0.203042
0 0.203203
0 0.203365
0 0.203527
0 0.203689
0 0.203851
0 0.204012
0 0.204174
0 0.204336
0 0.204498
0 0.204659
0 0.204821
0 0.204983
0 0.205145
0 0.205307
0 0.205468
0 0.20563
0 0.205792
0 0.205954
0 0.206116
0 0.206277
0 0.206439
0 0.206601
0 0.206763
0 0.206924
0 0.207086
0 0.207248
0 0.20741
0 0.207572
0 0.207733
0 0.207895
0 0.208057
0 0.208219
0 0.208381
0 0.208542
0 0.208704
0 0.208866
0 0.209028
0 0.209189
0 0.209351
0 0.209513
0 0.209675
0 0.209837
0 0.209998
0 0.21016
0 0.210322
0 0.210484
0 0.210646
0 0.210807
0 0.210969
0 0.211131
0 0.211293
0 0.211454
0 0.211616
0 0.211778
0 0.21194
0 0.212102
0 0.212263
0 0.212425
0 0.212587
0 0.212749
0 0.212911
0 0.213072
0 0.213234
0 0.213396
0 0.213558
0 0.213719
0 0.213881
0 0.214043
0 0.214205
0 0.214367
0 0.214528
0 0.21469
0 0.214852
0 0.215014
0 0.215176
0 0.215337
0 0.215499
0 0.215661
0 0.215823
0 0.215984
0 0.216146
0 0.216308
0 0.21647
0 0.216632
0 0.216793
0 0.216955
0 0.217117
0 0.217279
0 0.217441
0 0.217602
0 0.217764
0 0.217926
0 0.218088
0 0.218249
0 0.218411
0 0.218573
0 0.218735
0 0.218897
0 0.219058
0 0.21922
0 0.219382
0 0.219544
0 0.219706
0 0.219867
0 0.220029
0 0.220191
0 0.220353
0 0.220514
0 0.220676
0 0.220838
0 0.221
0 0.221162
0 0.221323
0 0.221485
0 0.221647
0 0.221809
0 0.221971
0 0.222132
0 0.222294
0 0.222456
0 0.222618
0 0.222779
0 0.222941
0 0.223103
0 0.223265
0 0.223427
0 0.223588
0 0.22375
0 0.223912
0 0.224074
0 0.224236
0 0.224397
0 0.224559
0 0.224721
0 0.224883
0 0.225044
0 0.225206
0 0.225368
0 0.22553
0 0.225692
0 0.225853
0 0.226015
0 0.226177
0 0.226339
0 0.226501
0 0.226662
0 0.226824
0 0.226986
0 0.227148
0 0.227309
0 0.227471
0 0.227633
0 0.227795
0 0.227957
0 0.228118
0 0.22828
0 0.228442
0 0.228604
0 0.228766
0 0.228927
0 0.229089
0 0.229251
0 0.229413
0 0.229575
0 0.229736
0 0.229898
0 0.23006
0 0.230222
0 0.230383
0 0.230545
0 0.230707
0 0.230869
0 0.231031
0 0.231192
0 0.231354
0 0.231516
0 0.231678
0 0.23184
0 0.232001
0 0.232163
0 0.232325
0 0.232487
0 0.232648
0 0.23281
0 0.232972
0 0.233134
0 0.233296
0 0.233457
0 0.233619
0 0.233781
0 0.233943
0 0.234105
0 0.234266
0 0.234428
0 0.23459
0 0.234752
0 0.234913
0 0.235075
0 0.235237
0 0.235399
0 0.235561
0 0.235722
0 0.235884
0 0.236046
0 0.236208
0 0.23637
0 0.236531
0 0.236693
0 0.236855
0 0.237017
0 0.237178
0 0.23734
0 0.237502
0 0.237664
0 0.237826
0 0.237987
0 0.238149
0 0.238311
0 0.238473
0 0.238635
0 0.238796
0 0.238958
0 0.23912
0 0.239282
0 0.239443
0 0.239605
0 0.239767
0 0.239929
0 0.240091
0 0.240252
0 0.240414
0 0.240576
0 0.240738
0 0.2409
0 0.241061
0 0.241223
0 0.241385
0 0.241547
0 0.241708
0 0.24187
0 0.242032
0 0.242194
0 0.242356
0 0.242517
0 0.242679
0 0.242841
0 0.243003
0 0.243165
0 0.243326
0 0.243488
0 0.24365
0 0.243812
0 0.243973
0 0.244135
0 0.244297
0 0.244459
0 0.244621
0 0.244782
0 0.244944
0 0.245106
0 0.245268
0 0.24543
0 0.245591
0 0.245753
0 0.245915
0 0.246077
0 0.246238
0 0.2464
0 0.246562
0 0.246724
0 0.246886
0 0.247047
0 0.247209
0 0.247371
0 0.247533
0 0.247695
0 0.247856
0 0.248018
0 0.24818
0 0.248342
0 0.248503
0 0.248665
0 0.248827
0 0.248989
0 0.249151
0 0.249312
0 0.249474
0 0.249636
0 0.249798
0 0.24996
0 0.250121
0 0.250283
0 0.250445
0 0.250607
0 0.250768
0 0.25093
0 0.251092
0 0.251254
0 0.251416
0 0.251577
0 0.251739
0 0.251901
0 0.252063
0 0.252225
0 0.252386
0 0.252548
0 0.25271
0 0.252872
0 0.253033
0 0.253195
0 0.253357
0 0.253519
0 0.253681
0 0.253842
0 0.254004
0 0.254166
0 0.254328
0 0.25449
0 0.254651
0 0.254813
0 0.254975
0 0.255137
0 0.255298
0 0.25546
0 0.255622
0 0.255784
0 0.255946
0 0.256107
0 0.256269
0 0.256431
0 0.256593
0 0.256755
0 0.256916
0 0.257078
0 0.25724
0 0.257402
0 0.257564
0 0.257725
0 0.257887
0 0.258049
0 0.258211
0 0.258372
0 0.258534
0 0.258696
0 0.258858
0 0.25902
0 0.259181
0 0.259343
0 0.259505
0 0.259667
0 0.259829
0 0.25999
0 0.260152
0 0.260314
0 0.260476
0 0.260637
0 0.260799
0 0.260961
0 0.261123
0 0.261285
0 0.261446
0 0.261608
0 0.26177
0 0.261932
0 0.262094
0 0.262255
0 0.262417
0 0.262579
0 0.262741
0 0.262902
0 0.263064
0 0.263226
0 0.263388
0 0.26355
0 0.263711
0 0.263873
0 0.264035
0 0.264197
0 0.264359
0 0.26452
0 0.264682
0 0.264844
0 0.265006
0 0.265167
0 0.265329
0 0.265491
0 0.265653
0 0.265815
0 0.265976
0 0.266138
0 0.2663
0 0.266462
0 0.266624
0 0.266785
0 0.266947
0 0.267109
0 0.267271
0 0.267432
0 0.267594
0 0.267756
0 0.267918
0 0.26808
0 0.268241
0 0.268403
0 0.268565
0 0.268727
0 0.268889
0 0.26905
0 0.269212
0 0.269374
0 0.269536
0 0.269697
0 0.269859
0 0.270021
0 0.270183
0 0.270345
0 0.270506
0 0.270668
0 0.27083
0 0.270992
0 0.271154
0 0.271315
0 0.271477
0 0.271639
0 0.271801
0 0.271962
0 0.272124
0 0.272286
0 0.272448
0 0.27261
0 0.272771
0 0.272933
0 0.273095
0 0.273257
0 0.273419
0 0.27358
0 0.273742
0 0.273904
0 0.274066
0 0.274227
0 0.274389
0 0.274551
0 0.274713
0 0.274875
0 0.275036
0 0.275198
0 0.27536
0 0.275522
0 0.275684
0 0.275845
0 0.276007
0 0.276169
0 0.276331
0 0.276492
0 0.276654
0 0.276816
0 0.276978
0 0.27714
0 0.277301
0 0.277463
0 0.277625
0 0.277787
0 0.277949
0 0.27811
0 0.278272
0 0.278434
0 0.278596
0 0.278757
0 0.278919
0 0.279081
0 0.279243
0 0.279405
0 0.279566
0 0.279728
0 0.27989
0 0.280052
0 0.280214
0 0.280375
0 0.280537
0 0.280699
0 0.280861
0 0.281022
0 0.281184
0 0.281346
0 0.281508
0 0.28167
0 0.281831
0 0.281993
0 0.282155
0 0.282317
0 0.282479
0 0.28264
0 0.282802
0 0.282964
0 0.283126
0 0.283287
0 0.283449
0 0.283611
0 0.283773
0 0.283935
0 0.284096
0 0.284258
0 0.28442
0 0.284582
0 0.284744
0 0.284905
0 0.285067
0 0.285229
0 0.285391
0 0.285552
0 0.285714
0 0.285876
0 0.286038
0 0.2862
0 0.286361
0 0.286523
0 0.286685
0 0.286847
0 0.287009
0 0.28717
0 0.287332
0 0.287494
0 0.287656
0 0.287818
0 0.287979
0 0.288141
0 0.288303
0 0.288465
0 0.288626
0 0.288788
0 0.28895
0 0.289112
0 0.289274
0 0.289435
0 0.289597
0 0.289759
0 0.289921
0 0.290083
0 0.290244
0 0.290406
0 0.290568
0 0.29073
0 0.290891
0 0.291053
0 0.291215
0 0.291377
0 0.291539
0 0.2917
0 0.291862
0 0.292024
0 0.292186
0 0.292348
0 0.292509
0 0.292671
0 0.292833
0 0.292995
0 0.293156
0 0.293318
0 0.29348
0 0.293642
0 0.293804
0 0.293965
0 0.294127
0 0.294289
0 0.294451
0 0.294613
0 0.294774
0 0.294936
0 0.295098
0 0.29526
0 0.295421
0 0.295583
0 0.295745
0 0.295907
0 0.296069
0 0.29623
0 0.296392
0 0.296554
0 0.296716
0 0.296878
0 0.297039
0 0.297201
0 0.297363
0 0.297525
0 0.297686
0 0.297848
0 0.29801
0 0.298172
0 0.298334
0 0.298495
0 0.298657
0 0.298819
0 0.298981
0 0.299143
0 0.299304
0 0.299466
0 0.299628
0 0.29979
0 0.299951
0 0.300113
0 0.300275
0 0.300437
0 0.300599
0 0.30076
0 0.300922
0 0.301084
0 0.301246
0 0.301408
0 0.301569
0 0.301731
0 0.301893
0 0.302055
0 0.302216
0 0.302378
0 0.30254
0 0.302702
0 0.302864
0 0.303025
0 0.303187
0 0.303349
0 0.303511
0 0.303673
0 0.303834
0 0.303996
0 0.304158
0 0.30432
0 0.304481
0 0.304643
0 0.304805
0 0.304967
0 0.305129
0 0.30529
0 0.305452
0 0.305614
0 0.305776
0 0.305938
0 0.306099
0 0.306261
0 0.306423
0 0.306585
0 0.306746
0 0.306908
0 0.30707
0 0.307232
0 0.307394
0 0.307555
0 0.307717
0 0.307879
0 0.308041
0 0.308203
0 0.308364
0 0.308526
0 0.308688
0 0.30885
0 0.309011
0 0.309173
0 0.309335
0 0.309497
0 0.309659
0 0.30982
0 0.309982
0 0.310144
0 0.310306
0 0.310468
0 0.310629
0 0.310791
0 0.310953
0 0.311115
0 0.311276
0 0.311438
0 0.3116
0 0.311762
0 0.311924
0 0.312085
0 0.312247
0 0.312409
0 0.312571
0 0.312733
0 0.312894
0 0.313056
0 0.313218
0 0.31338
0 0.313541
0 0.313703
0 0.313865
0 0.314027
0 0.314189
0 0.31435
0 0.314512
0 0.314674
0 0.314836
0 0.314998
0 0.315159
0 0.315321
0 0.315483
0 0.315645
0 0.315807
0 0.315968
0 0.31613
0 0.316292
0 0.316454
0 0.316615
0 0.316777
0 0.316939
0 0.317101
0 0.317263
0 0.317424
0 0.317586
0 0.317748
0 0.31791
0 0.318072
0 0.318233
0 0.318395
0 0.318557
0 0.318719
0 0.31888
0 0.319042
0 0.319204
0 0.319366
0 0.319528
0 0.319689
0 0.319851
0 0.320013
0 0.320175
0 0.320337
0 0.320498
0 0.32066
0 0.320822
0 0.320984
0 0.321145
0 0.321307
0 0.321469
0 0.321631
0 0.321793
0 0.321954
0 0.322116
0 0.322278
0 0.32244
0 0.322602
0 0.322763
0 0.322925
0 0.323087
0 0.323249
0 0.32341
0 0.323572
0 0.323734
0 0.323896
0 0.324058
0 0.324219
0 0.324381
0 0.324543
0 0.324705
0 0.324867
0 0.325028
0 0.32519
0 0.325352
0 0.325514
0 0.325675
0 0.325837
0 0.325999
0 0.326161
0 0.326323
0 0.326484
0 0.326646
0 0.326808
0 0.32697
0 0.327132
0 0.327293
0 0.327455
0 0.327617
0 0.327779
0 0.32794
0 0.328102
0 0.328264
0 0.328426
0 0.328588
0 0.328749
0 0.328911
0 0.329073
0 0.329235
0 0.329397
0 0.329558
0 0.32972
0 0.329882
0 0.330044
0 0.330205
0 0.330367
0 0.330529
0 0.330691
0 0.330853
0 0.331014
0 0.331176
0 0.331338
0 0.3315
0 0.331662
0 0.331823
0 0.331985
0 0.332147
0 0.332309
0 0.33247
0 0.332632
0 0.332794
0 0.332956
0 0.333118
0 0.333279
0 0.333441
0 0.333603
0 0.333765
0 0.333927
0 0.334088
0 0.33425
0 0.334412
0 0.334574
0 0.334735
0 0.334897
0 0.335059
0 0.335221
0 0.335383
0 0.335544
0 0.335706
0 0.335868
0 0.33603
0 0.336192
0 0.336353
0 0.336515
0 0.336677
0 0.336839
0 0.337
0 0.337162
0 0.337324
0 0.337486
0 0.337648
0 0.337809
0 0.337971
0 0.338133
0 0.338295
0 0.338457
0 0.338618
0 0.33878
0 0.338942
0 0.339104
0 0.339265
0 0.339427
0 0.339589
0 0.339751
0 0.339913
0 0.340074
0 0.340236
0 0.340398
0 0.34056
0 0.340722
0 0.340883
0 0.341045
0 0.341207
0 0.341369
0 0.34153
0 0.341692
0 0.341854
0 0.342016
0 0.342178
0 0.342339
0 0.342501
0 0.342663
0 0.342825
0 0.342987
0 0.343148
0 0.34331
0 0.343472
0 0.343634
0 0.343796
0 0.343957
0 0.344119
0 0.344281
0 0.344443
0 0.344604
0 0.344766
0 0.344928
0 0.34509
0 0.345252
0 0.345413
0 0.345575
0 0.345737
0 0.345899
0 0.346061
0 0.346222
0 0.346384
0 0.346546
0 0.346708
0 0.346869
0 0.347031
0 0.347193
0 0.347355
0 0.347517
0 0.347678
0 0.34784
0 0.348002
0 0.348164
0 0.348326
0 0.348487
0 0.348649
0 0.348811
0 0.348973
0 0.349134
0 0.349296
0 0.349458
0 0.34962
0 0.349782
0 0.349943
0 0.350105
0 0.350267
0 0.350429
0 0.350591
0 0.350752
0 0.350914
0 0.351076
0 0.351238
0 0.351399
0 0.351561
0 0.351723
0 0.351885
0 0.352047
0 0.352208
0 0.35237
0 0.352532
0 0.352694
0 0.352856
0 0.353017
0 0.353179
0 0.353341
0 0.353503
0 0.353664
0 0.353826
0 0.353988
0 0.35415
0 0.354312
0 0.354473
0 0.354635
0 0.354797
0 0.354959
0 0.355121
0 0.355282
0 0.355444
0 0.355606
0 0.355768
0 0.355929
0 0.356091
0 0.356253
0 0.356415
0 0.356577
0 0.356738
0 0.3569
0 0.357062
0 0.357224
0 0.357386
0 0.357547
0 0.357709
0 0.357871
0 0.358033
0 0.358194
0 0.358356
0 0.358518
0 0.35868
0 0.358842
0 0.359003
0 0.359165
0 0.359327
0 0.359489
0 0.359651
0 0.359812
0 0.359974
0 0.360136
0 0.360298
0 0.360459
0 0.360621
0 0.360783
0 0.360945
0 0.361107
0 0.361268
0 0.36143
0 0.361592
0 0.361754
0 0.361916
0 0.362077
0 0.362239
0 0.362401
0 0.362563
0 0.362724
0 0.362886
0 0.363048
0 0.36321
0 0.363372
0 0.363533
0 0.363695
0 0.363857
0 0.364019
0 0.364181
0 0.364342
0 0.364504
0 0.364666
0 0.364828
0 0.364989
0 0.365151
0 0.365313
0 0.365475
0 0.365637
0 0.365798
0 0.36596
0 0.366122
0 0.366284
0 0.366446
0 0.366607
0 0.366769
0 0.366931
0 0.367093
0 0.367254
0 0.367416
0 0.367578
0 0.36774
0 0.367902
0 0.368063
0 0.368225
0 0.368387
0 0.368549
0 0.368711
0 0.368872
0 0.369034
0 0.369196
0 0.369358
0 0.369519
0 0.369681
0 0.369843
0 0.370005
0 0.370167
0 0.370328
0 0.37049
0 0.370652
0 0.370814
0 0.370976
0 0.371137
0 0.371299
0 0.371461
0 0.371623
0 0.371785
0 0.371946
0 0.372108
0 0.37227
0 0.372432
0 0.372593
0 0.372755
0 0.372917
0 0.373079
0 0.373241
0 0.373402
0 0.373564
0 0.373726
0 0.373888
0 0.37405
0 0.374211
0 0.374373
0 0.374535
0 0.374697
0 0.374858
0 0.37502
0 0.375182
0 0.375344
0 0.375506
0 0.375667
0 0.375829
0 0.375991
0 0.376153
0 0.376315
0 0.376476
0 0.376638
0 0.3768
0 0.376962
0 0.377123
0 0.377285
0 0.377447
0 0.377609
0 0.377771
0 0.377932
0 0.378094
0 0.378256
0 0.378418
0 0.37858
0 0.378741
0 0.378903
0 0.379065
0 0.379227
0 0.379388
0 0.37955
0 0.379712
0 0.379874
0 0.380036
0 0.380197
0 0.380359
0 0.380521
0 0.380683
0 0.380845
0 0.381006
0 0.381168
0 0.38133
0 0.381492
0 0.381653
0 0.381815
0 0.381977
0 0.382139
0 0.382301
0 0.382462
0 0.382624
0 0.382786
0 0.382948
0 0.38311
0 0.383271
0 0.383433
0 0.383595
0 0.383757
0 0.383918
0 0.38408
0 0.384242
0 0.384404
0 0.384566
0 0.384727
0 0.384889
0 0.385051
0 0.385213
0 0.385375
0 0.385536
0 0.385698
0 0.38586
0 0.386022
0 0.386183
0 0.386345
0 0.386507
0 0.386669
0 0.386831
0 0.386992
0 0.387154
0 0.387316
0 0.387478
0 0.38764
0 0.387801
0 0.387963
0 0.388125
0 0.388287
0 0.388448
0 0.38861
0 0.388772
0 0.388934
0 0.389096
0 0.389257
0 0.389419
0 0.389581
0 0.389743
0 0.389905
0 0.390066
0 0.390228
0 0.39039
0 0.390552
0 0.390713
0 0.390875
0 0.391037
0 0.391199
0 0.391361
0 0.391522
0 0.391684
0 0.391846
0 0.392008
0 0.39217
0 0.392331
0 0.392493
0 0.392655
0 0.392817
0 0.392978
0 0.39314
0 0.393302
0 0.393464
0 0.393626
0 0.393787
0 0.393949
0 0.394111
0 0.394273
0 0.394435
0 0.394596
0 0.394758
0 0.39492
0 0.395082
0 0.395243
0 0.395405
0 0.395567
0 0.395729
0 0.395891
0 0.396052
0 0.396214
0 0.396376
0 0.396538
0 0.3967
0 0.396861
0 0.397023
0 0.397185
0 0.397347
0 0.397508
0 0.39767
0 0.397832
0 0.397994
0 0.398156
0 0.398317
0 0.398479
0 0.398641
0 0.398803
0 0.398965
0 0.399126
0 0.399288
0 0.39945
0 0.399612
0 0.399773
0 0.399935
0 0.400097
0 0.400259
0 0.400421
0 0.400582
0 0.400744
0 0.400906
0 0.401068
0 0.40123
0 0.401391
0 0.401553
0 0.401715
0 0.401877
0 0.402039
0 0.4022
0 0.402362
0 0.402524
0 0.402686
0 0.402847
0 0.403009
0 0.403171
0 0.403333
0 0.403495
0 0.403656
0 0.403818
0 0.40398
0 0.404142
0 0.404304
0 0.404465
0 0.404627
0 0.404789
0 0.404951
0 0.405112
0 0.405274
0 0.405436
0 0.405598
0 0.40576
0 0.405921
0 0.406083
0 0.406245
0 0.406407
0 0.406569
0 0.40673
0 0.406892
0 0.407054
0 0.407216
0 0.407377
0 0.407539
0 0.407701
0 0.407863
0 0.408025
0 0.408186
0 0.408348
0 0.40851
0 0.408672
0 0.408834
0 0.408995
0 0.409157
0 0.409319
0 0.409481
0 0.409642
0 0.409804
0 0.409966
0 0.410128
0 0.41029
0 0.410451
0 0.410613
0 0.410775
0 0.410937
0 0.411099
0 0.41126
0 0.411422
0 0.411584
0 0.411746
0 0.411907
0 0.412069
0 0.412231
0 0.412393
0 0.412555
0 0.412716
0 0.412878
0 0.41304
0 0.413202
0 0.413364
0 0.413525
0 0.413687
0 0.413849
0 0.414011
0 0.414172
0 0.414334
0 0.414496
0 0.414658
0 0.41482
0 0.414981
0 0.415143
0 0.415305
0 0.415467
0 0.415629
0 0.41579
0 0.415952
0 0.416114
0 0.416276
0 0.416437
0 0.416599
0 0.416761
0 0.416923
0 0.417085
0 0.417246
0 0.417408
0 0.41757
0 0.417732
0 0.417894
0 0.418055
0 0.418217
0 0.418379
0 0.418541
0 0.418702
0 0.418864
0 0.419026
0 0.419188
0 0.41935
0 0.419511
0 0.419673
0 0.419835
0 0.419997
0 0.420159
0 0.42032
0 0.420482
0 0.420644
0 0.420806
0 0.420967
0 0.421129
0 0.421291
0 0.421453
0 0.421615
0 0.421776
0 0.421938
0 0.4221
0 0.422262
0 0.422424
0 0.422585
0 0.422747
0 0.422909
0 0.423071
0 0.423232
0 0.423394
0 0.423556
0 0.423718
0 0.42388
0 0.424041
0 0.424203
0 0.424365
0 0.424527
0 0.424689
0 0.42485
0 0.425012
0 0.425174
0 0.425336
0 0.425497
0 0.425659
0 0.425821
0 0.425983
0 0.426145
0 0.426306
0 0.426468
0 0.42663
0 0.426792
0 0.426954
0 0.427115
0 0.427277
0 0.427439
0 0.427601
0 0.427762
0 0.427924
0 0.428086
0 0.428248
0 0.42841
0 0.428571
0 0.428733
0 0.428895
0 0.429057
0 0.429219
0 0.42938
0 0.429542
0 0.429704
0 0.429866
0 0.430028
0 0.430189
0 0.430351
0 0.430513
0 0.430675
0 0.430836
0 0.430998
0 0.43116
0 0.431322
0 0.431484
0 0.431645
0 0.431807
0 0.431969
0 0.432131
0 0.432293
0 0.432454
0 0.432616
0 0.432778
0 0.43294
0 0.433101
0 0.433263
0 0.433425
0 0.433587
0 0.433749
0 0.43391
0 0.434072
0 0.434234
0 0.434396
0 0.434558
0 0.434719
0 0.434881
0 0.435043
0 0.435205
0 0.435366
0 0.435528
0 0.43569
0 0.435852
0 0.436014
0 0.436175
0 0.436337
0 0.436499
0 0.436661
0 0.436823
0 0.436984
0 0.437146
0 0.437308
0 0.43747
0 0.437631
0 0.437793
0 0.437955
0 0.438117
0 0.438279
0 0.43844
0 0.438602
0 0.438764
0 0.438926
0 0.439088
0 0.439249
0 0.439411
0 0.439573
0 0.439735
0 0.439896
0 0.440058
0 0.44022
0 0.440382
0 0.440544
0 0.440705
0 0.440867
0 0.441029
0 0.441191
0 0.441353
0 0.441514
0 0.441676
0 0.441838
0 0.442
0 0.442161
0 0.442323
0 0.442485
0 0.442647
0 0.442809
0 0.44297
0 0.443132
0 0.443294
0 0.443456
0 0.443618
0 0.443779
0 0.443941
0 0.444103
0 0.444265
0 0.444426
0 0.444588
0 0.44475
0 0.444912
0 0.445074
0 0.445235
0 0.445397
0 0.445559
0 0.445721
0 0.445883
0 0.446044
0 0.446206
0 0.446368
0 0.44653
0 0.446691
0 0.446853
0 0.447015
0 0.447177
0 0.447339
0 0.4475
0 0.447662
0 0.447824
0 0.447986
0 0.448148
0 0.448309
0 0.448471
0 0.448633
0 0.448795
0 0.448956
0 0.449118
0 0.44928
0 0.449442
0 0.449604
0 0.449765
0 0.449927
0 0.450089
0 0.450251
0 0.450413
0 0.450574
0 0.450736
0 0.450898
0 0.45106
0 0.451221
0 0.451383
0 0.451545
0 0.451707
0 0.451869
0 0.45203
0 0.452192
0 0.452354
0 0.452516
0 0.452678
0 0.452839
0 0.453001
0 0.453163
0 0.453325
0 0.453486
0 0.453648
0 0.45381
0 0.453972
0 0.454134
0 0.454295
0 0.454457
0 0.454619
0 0.454781
0 0.454943
0 0.455104
0 0.455266
0 0.455428
0 0.45559
0 0.455751
0 0.455913
0 0.456075
0 0.456237
0 0.456399
0 0.45656
0 0.456722
0 0.456884
0 0.457046
0 0.457208
0 0.457369
0 0.457531
0 0.457693
0 0.457855
0 0.458017
0 0.458178
0 0.45834
0 0.458502
0 0.458664
0 0.458825
0 0.458987
0 0.459149
0 0.459311
0 0.459473
0 0.459634
0 0.459796
0 0.459958
0 0.46012
0 0.460282
0 0.460443
0 0.460605
0 0.460767
0 0.460929
0 0.46109
0 0.461252
0 0.461414
0 0.461576
0 0.461738
0 0.461899
0 0.462061
0 0.462223
0 0.462385
0 0.462547
0 0.462708
0 0.46287
0 0.463032
0 0.463194
0 0.463355
0 0.463517
0 0.463679
0 0.463841
0 0.464003
0 0.464164
0 0.464326
0 0.464488
0 0.46465
0 0.464812
0 0.464973
0 0.465135
0 0.465297
0 0.465459
0 0.46562
0 0.465782
0 0.465944
0 0.466106
0 0.466268
0 0.466429
0 0.466591
0 0.466753
0 0.466915
0 0.467077
0 0.467238
0 0.4674
0 0.467562
0 0.467724
0 0.467885
0 0.468047
0 0.468209
0 0.468371
0 0.468533
0 0.468694
0 0.468856
0 0.469018
0 0.46918
0 0.469342
0 0.469503
0 0.469665
0 0.469827
0 0.469989
0 0.47015
0 0.470312
0 0.470474
0 0.470636
0 0.470798
0 0.470959
0 0.471121
0 0.471283
0 0.471445
0 0.471607
0 0.471768
0 0.47193
0 0.472092
0 0.472254
0 0.472415
0 0.472577
0 0.472739
0 0.472901
0 0.473063
0 0.473224
0 0.473386
0 0.473548
0 0.47371
0 0.473872
0 0.474033
0 0.474195
0 0.474357
0 0.474519
0 0.47468
0 0.474842
0 0.475004
0 0.475166
0 0.475328
0 0.475489
0 0.475651
0 0.475813
0 0.475975
0 0.476137
0 0.476298
0 0.47646
0 0.476622
0 0.476784
0 0.476945
0 0.477107
0 0.477269
0 0.477431
0 0.477593
0 0.477754
0 0.477916
0 0.478078
0 0.47824
0 0.478402
0 0.478563
0 0.478725
0 0.478887
0 0.479049
0 0.47921
0 0.479372
0 0.479534
0 0.479696
0 0.479858
0 0.480019
0 0.480181
0 0.480343
0 0.480505
0 0.480667
0 0.480828
0 0.48099
0 0.481152
0 0.481314
0 0.481475
0 0.481637
0 0.481799
0 0.481961
0 0.482123
0 0.482284
0 0.482446
0 0.482608
0 0.48277
0 0.482932
0 0.483093
0 0.483255
0 0.483417
0 0.483579
0 0.48374
0 0.483902
0 0.484064
0 0.484226
0 0.484388
0 0.484549
0 0.484711
0 0.484873
0 0.485035
0 0.485197
0 0.485358
0 0.48552
0 0.485682
0 0.485844
0 0.486006
0 0.486167
0 0.486329
0 0.486491
0 0.486653
0 0.486814
0 0.486976
0 0.487138
0 0.4873
0 0.487462
0 0.487623
0 0.487785
0 0.487947
0 0.488109
0 0.488271
0 0.488432
0 0.488594
0 0.488756
0 0.488918
0 0.489079
0 0.489241
0 0.489403
0 0.489565
0 0.489727
0 0.489888
0 0.49005
0 0.490212
0 0.490374
0 0.490536
0 0.490697
0 0.490859
0 0.491021
0 0.491183
0 0.491344
0 0.491506
0 0.491668
0 0.49183
0 0.491992
0 0.492153
0 0.492315
0 0.492477
0 0.492639
0 0.492801
0 0.492962
0 0.493124
0 0.493286
0 0.493448
0 0.493609
0 0.493771
0 0.493933
0 0.494095
0 0.494257
0 0.494418
0 0.49458
0 0.494742
0 0.494904
0 0.495066
0 0.495227
0 0.495389
0 0.495551
0 0.495713
0 0.495874
0 0.496036
0 0.496198
0 0.49636
0 0.496522
0 0.496683
0 0.496845
0 0.497007
0 0.497169
0 0.497331
0 0.497492
0 0.497654
0 0.497816
0 0.497978
0 0.498139
0 0.498301
0 0.498463
0 0.498625
0 0.498787
0 0.498948
0 0.49911
0 0.499272
0 0.499434
0 0.499596
0 0.499757
0 0.499919
0 0.500081
0 0.500243
0 0.500404
0 0.500566
0 0.500728
0 0.50089
0 0.501052
0 0.501213
0 0.501375
0 0.501537
0 0.501699
0 0.501861
0 0.502022
0 0.502184
0 0.502346
0 0.502508
0 0.502669
0 0.502831
0 0.502993
0 0.503155
0 0.503317
0 0.503478
0 0.50364
0 0.503802
0 0.503964
0 0.504126
0 0.504287
0 0.504449
0 0.504611
0 0.504773
0 0.504934
0 0.505096
0 0.505258
0 0.50542
0 0.505582
0 0.505743
0 0.505905
0 0.506067
0 0.506229
0 0.506391
0 0.506552
0 0.506714
0 0.506876
0 0.507038
0 0.507199
0 0.507361
0 0.507523
0 0.507685
0 0.507847
0 0.508008
0 0.50817
0 0.508332
0 0.508494
0 0.508656
0 0.508817
0 0.508979
0 0.509141
0 0.509303
0 0.509464
0 0.509626
0 0.509788
0 0.50995
0 0.510112
0 0.510273
0 0.510435
0 0.510597
0 0.510759
0 0.510921
0 0.511082
0 0.511244
0 0.511406
0 0.511568
0 0.511729
0 0.511891
0 0.512053
0 0.512215
0 0.512377
0 0.512538
0 0.5127
0 0.512862
0 0.513024
0 0.513186
0 0.513347
0 0.513509
0 0.513671
0 0.513833
0 0.513994
0 0.514156
0 0.514318
0 0.51448
0 0.514642
0 0.514803
0 0.514965
0 0.515127
0 0.515289
0 0.515451
0 0.515612
0 0.515774
0 0.515936
0 0.516098
0 0.51626
0 0.516421
0 0.516583
0 0.516745
0 0.516907
0 0.517068
0 0.51723
0 0.517392
0 0.517554
0 0.517716
0 0.517877
0 0.518039
0 0.518201
0 0.518363
0 0.518525
0 0.518686
0 0.518848
0 0.51901
0 0.519172
0 0.519333
0 0.519495
0 0.519657
0 0.519819
0 0.519981
0 0.520142
0 0.520304
0 0.520466
0 0.520628
0 0.52079
0 0.520951
0 0.521113
0 0.521275
0 0.521437
0 0.521598
0 0.52176
0 0.521922
0 0.522084
0 0.522246
0 0.522407
0 0.522569
0 0.522731
0 0.522893
0 0.523055
0 0.523216
0 0.523378
0 0.52354
0 0.523702
0 0.523863
0 0.524025
0 0.524187
0 0.524349
0 0.524511
0 0.524672
0 0.524834
0 0.524996
0 0.525158
0 0.52532
0 0.525481
0 0.525643
0 0.525805
0 0.525967
0 0.526128
0 0.52629
0 0.526452
0 0.526614
0 0.526776
0 0.526937
0 0.527099
0 0.527261
0 0.527423
0 0.527585
0 0.527746
0 0.527908
0 0.52807
0 0.528232
0 0.528393
0 0.528555
0 0.528717
0 0.528879
0 0.529041
0 0.529202
0 0.529364
0 0.529526
0 0.529688
0 0.52985
0 0.530011
0 0.530173
0 0.530335
0 0.530497
0 0.530658
0 0.53082
0 0.530982
0 0.531144
0 0.531306
0 0.531467
0 0.531629
0 0.531791
0 0.531953
0 0.532115
0 0.532276
0 0.532438
0 0.5326
0 0.532762
0 0.532923
0 0.533085
0 0.533247
0 0.533409
0 0.533571
0 0.533732
0 0.533894
0 0.534056
0 0.534218
0 0.53438
0 0.534541
0 0.534703
0 0.534865
0 0.535027
0 0.535188
0 0.53535
0 0.535512
0 0.535674
0 0.535836
0 0.535997
0 0.536159
0 0.536321
0 0.536483
0 0.536645
0 0.536806
0 0.536968
0 0.53713
0 0.537292
0 0.537453
0 0.537615
0 0.537777
0 0.537939
0 0.538101
0 0.538262
0 0.538424
0 0.538586
0 0.538748
0 0.53891
0 0.539071
0 0.539233
0 0.539395
0 0.539557
0 0.539718
0 0.53988
0 0.540042
0 0.540204
0 0.540366
0 0.540527
0 0.540689
0 0.540851
0 0.541013
0 0.541175
0 0.541336
0 0.541498
0 0.54166
0 0.541822
0 0.541983
0 0.542145
0 0.542307
0 0.542469
0 0.542631
0 0.542792
0 0.542954
0 0.543116
0 0.543278
0 0.54344
0 0.543601
0 0.543763
0 0.543925
0 0.544087
0 0.544249
0 0.54441
0 0.544572
0 0.544734
0 0.544896
0 0.545057
0 0.545219
0 0.545381
0 0.545543
0 0.545705
0 0.545866
0 0.546028
0 0.54619
0 0.546352
0 0.546514
0 0.546675
0 0.546837
0 0.546999
0 0.547161
0 0.547322
0 0.547484
0 0.547646
0 0.547808
0 0.54797
0 0.548131
0 0.548293
0 0.548455
0 0.548617
0 0.548779
0 0.54894
0 0.549102
0 0.549264
0 0.549426
0 0.549587
0 0.549749
0 0.549911
0 0.550073
0 0.550235
0 0.550396
0 0.550558
0 0.55072
0 0.550882
0 0.551044
0 0.551205
0 0.551367
0 0.551529
0 0.551691
0 0.551852
0 0.552014
0 0.552176
0 0.552338
0 0.5525
0 0.552661
0 0.552823
0 0.552985
0 0.553147
0 0.553309
0 0.55347
0 0.553632
0 0.553794
0 0.553956
0 0.554117
0 0.554279
0 0.554441
0 0.554603
0 0.554765
0 0.554926
0 0.555088
0 0.55525
0 0.555412
0 0.555574
0 0.555735
0 0.555897
0 0.556059
0 0.556221
0 0.556382
0 0.556544
0 0.556706
0 0.556868
0 0.55703
0 0.557191
0 0.557353
0 0.557515
0 0.557677
0 0.557839
0 0.558
0 0.558162
0 0.558324
0 0.558486
0 0.558647
0 0.558809
0 0.558971
0 0.559133
0 0.559295
0 0.559456
0 0.559618
0 0.55978
0 0.559942
0 0.560104
0 0.560265
0 0.560427
0 0.560589
0 0.560751
0 0.560912
0 0.561074
0 0.561236
0 0.561398
0 0.56156
0 0.561721
0 0.561883
0 0.562045
0 0.562207
0 0.562369
0 0.56253
0 0.562692
0 0.562854
0 0.563016
0 0.563177
0 0.563339
0 0.563501
0 0.563663
0 0.563825
0 0.563986
0 0.564148
0 0.56431
0 0.564472
0 0.564634
0 0.564795
0 0.564957
0 0.565119
0 0.565281
0 0.565442
0 0.565604
0 0.565766
0 0.565928
0 0.56609
0 0.566251
0 0.566413
0 0.566575
0 0.566737
0 0.566899
0 0.56706
0 0.567222
0 0.567384
0 0.567546
0 0.567707
0 0.567869
0 0.568031
0 0.568193
0 0.568355
0 0.568516
0 0.568678
0 0.56884
0 0.569002
0 0.569164
0 0.569325
0 0.569487
0 0.569649
0 0.569811
0 0.569972
0 0.570134
0 0.570296
0 0.570458
0 0.57062
0 0.570781
0 0.570943
0 0.571105
0 0.571267
0 0.571429
0 0.57159
0 0.571752
0 0.571914
0 0.572076
0 0.572238
0 0.572399
0 0.572561
0 0.572723
0 0.572885
0 0.573046
0 0.573208
0 0.57337
0 0.573532
0 0.573694
0 0.573855
0 0.574017
0 0.574179
0 0.574341
0 0.574503
0 0.574664
0 0.574826
0 0.574988
0 0.57515
0 0.575311
0 0.575473
0 0.575635
0 0.575797
0 0.575959
0 0.57612
0 0.576282
0 0.576444
0 0.576606
0 0.576768
0 0.576929
0 0.577091
0 0.577253
0 0.577415
0 0.577576
0 0.577738
0 0.5779
0 0.578062
0 0.578224
0 0.578385
0 0.578547
0 0.578709
0 0.578871
0 0.579033
0 0.579194
0 0.579356
0 0.579518
0 0.57968
0 0.579841
0 0.580003
0 0.580165
0 0.580327
0 0.580489
0 0.58065
0 0.580812
0 0.580974
0 0.581136
0 0.581298
0 0.581459
0 0.581621
0 0.581783
0 0.581945
0 0.582106
0 0.582268
0 0.58243
0 0.582592
0 0.582754
0 0.582915
0 0.583077
0 0.583239
0 0.583401
0 0.583563
0 0.583724
0 0.583886
0 0.584048
0 0.58421
0 0.584371
0 0.584533
0 0.584695
0 0.584857
0 0.585019
0 0.58518
0 0.585342
0 0.585504
0 0.585666
0 0.585828
0 0.585989
0 0.586151
0 0.586313
0 0.586475
0 0.586636
0 0.586798
0 0.58696
0 0.587122
0 0.587284
0 0.587445
0 0.587607
0 0.587769
0 0.587931
0 0.588093
0 0.588254
0 0.588416
0 0.588578
0 0.58874
0 0.588901
0 0.589063
0 0.589225
0 0.589387
0 0.589549
0 0.58971
0 0.589872
0 0.590034
0 0.590196
0 0.590358
0 0.590519
0 0.590681
0 0.590843
0 0.591005
0 0.591166
0 0.591328
0 0.59149
0 0.591652
0 0.591814
0 0.591975
0 0.592137
0 0.592299
0 0.592461
0 0.592623
0 0.592784
0 0.592946
0 0.593108
0 0.59327
0 0.593431
0 0.593593
0 0.593755
0 0.593917
0 0.594079
0 0.59424
0 0.594402
0 0.594564
0 0.594726
0 0.594888
0 0.595049
0 0.595211
0 0.595373
0 0.595535
0 0.595696
0 0.595858
0 0.59602
0 0.596182
0 0.596344
0 0.596505
0 0.596667
0 0.596829
0 0.596991
0 0.597153
0 0.597314
0 0.597476
0 0.597638
0 0.5978
0 0.597961
0 0.598123
0 0.598285
0 0.598447
0 0.598609
0 0.59877
0 0.598932
0 0.599094
0 0.599256
0 0.599418
0 0.599579
0 0.599741
0 0.599903
0 0.600065
0 0.600227
0 0.600388
0 0.60055
0 0.600712
0 0.600874
0 0.601035
0 0.601197
0 0.601359
0 0.601521
0 0.601683
0 0.601844
0 0.602006
0 0.602168
0 0.60233
0 0.602492
0 0.602653
0 0.602815
0 0.602977
0 0.603139
0 0.6033
0 0.603462
0 0.603624
0 0.603786
0 0.603948
0 0.604109
0 0.604271
0 0.604433
0 0.604595
0 0.604757
0 0.604918
0 0.60508
0 0.605242
0 0.605404
0 0.605565
0 0.605727
0 0.605889
0 0.606051
0 0.606213
0 0.606374
0 0.606536
0 0.606698
0 0.60686
0 0.607022
0 0.607183
0 0.607345
0 0.607507
0 0.607669
0 0.60783
0 0.607992
0 0.608154
0 0.608316
0 0.608478
0 0.608639
0 0.608801
0 0.608963
0 0.609125
0 0.609287
0 0.609448
0 0.60961
0 0.609772
0 0.609934
0 0.610095
0 0.610257
0 0.610419
0 0.610581
0 0.610743
0 0.610904
0 0.611066
0 0.611228
0 0.61139
0 0.611552
0 0.611713
0 0.611875
0 0.612037
0 0.612199
0 0.61236
0 0.612522
0 0.612684
0 0.612846
0 0.613008
0 0.613169
0 0.613331
0 0.613493
0 0.613655
0 0.613817
0 0.613978
0 0.61414
0 0.614302
0 0.614464
0 0.614625
0 0.614787
0 0.614949
0 0.615111
0 0.615273
0 0.615434
0 0.615596
0 0.615758
0 0.61592
0 0.616082
0 0.616243
0 0.616405
0 0.616567
0 0.616729
0 0.61689
0 0.617052
0 0.617214
0 0.617376
0 0.617538
0 0.617699
0 0.617861
0 0.618023
0 0.618185
0 0.618347
0 0.618508
0 0.61867
0 0.618832
0 0.618994
0 0.619155
0 0.619317
0 0.619479
0 0.619641
0 0.619803
0 0.619964
0 0.620126
0 0.620288
0 0.62045
0 0.620612
0 0.620773
0 0.620935
0 0.621097
0 0.621259
0 0.62142
0 0.621582
0 0.621744
0 0.621906
0 0.622068
0 0.622229
0 0.622391
0 0.622553
0 0.622715
0 0.622877
0 0.623038
0 0.6232
0 0.623362
0 0.623524
0 0.623685
0 0.623847
0 0.624009
0 0.624171
0 0.624333
0 0.624494
0 0.624656
0 0.624818
0 0.62498
0 0.625142
0 0.625303
0 0.625465
0 0.625627
0 0.625789
0 0.62595
0 0.626112
0 0.626274
0 0.626436
0 0.626598
0 0.626759
0 0.626921
0 0.627083
0 0.627245
0 0.627407
0 0.627568
0 0.62773
0 0.627892
0 0.628054
0 0.628215
0 0.628377
0 0.628539
0 0.628701
0 0.628863
0 0.629024
0 0.629186
0 0.629348
0 0.62951
0 0.629672
0 0.629833
0 0.629995
0 0.630157
0 0.630319
0 0.630481
0 0.630642
0 0.630804
0 0.630966
0 0.631128
0 0.631289
0 0.631451
0 0.631613
0 0.631775
0 0.631937
0 0.632098
0 0.63226
0 0.632422
0 0.632584
0 0.632746
0 0.632907
0 0.633069
0 0.633231
0 0.633393
0 0.633554
0 0.633716
0 0.633878
0 0.63404
0 0.634202
0 0.634363
0 0.634525
0 0.634687
0 0.634849
0 0.635011
0 0.635172
0 0.635334
0 0.635496
0 0.635658
0 0.635819
0 0.635981
0 0.636143
0 0.636305
0 0.636467
0 0.636628
0 0.63679
0 0.636952
0 0.637114
0 0.637276
0 0.637437
0 0.637599
0 0.637761
0 0.637923
0 0.638084
0 0.638246
0 0.638408
0 0.63857
0 0.638732
0 0.638893
0 0.639055
0 0.639217
0 0.639379
0 0.639541
0 0.639702
0 0.639864
0 0.640026
0 0.640188
0 0.640349
0 0.640511
0 0.640673
0 0.640835
0 0.640997
0 0.641158
0 0.64132
0 0.641482
0 0.641644
0 0.641806
0 0.641967
0 0.642129
0 0.642291
0 0.642453
0 0.642614
0 0.642776
0 0.642938
0 0.6431
0 0.643262
0 0.643423
0 0.643585
0 0.643747
0 0.643909
0.001 0.644071
0.001 0.644232
0.001 0.644394
0.001 0.644556
0.001 0.644718
0.001 0.644879
0.001 0.645041
0.001 0.645203
0.001 0.645365
0.001 0.645527
0.001 0.645688
0.001 0.64585
0.001 0.646012
0.001 0.646174
0.001 0.646336
0.001 0.646497
0.001 0.646659
0.001 0.646821
0.001 0.646983
0.001 0.647144
0.001 0.647306
0.001 0.647468
0.001 0.64763
0.001 0.647792
0.001 0.647953
0.001 0.648115
0.001 0.648277
0.001 0.648439
0.001 0.648601
0.001 0.648762
0.001 0.648924
0.001 0.649086
0.001 0.649248
0.001 0.649409
0.001 0.649571
0.001 0.649733
0.001 0.649895
0.001 0.650057
0.001 0.650218
0.001 0.65038
0.001 0.650542
0.001 0.650704
0.001 0.650866
0.001 0.651027
0.001 0.651189
0.001 0.651351
0.001 0.651513
0.001 0.651674
0.001 0.651836
0.001 0.651998
0.001 0.65216
0.001 0.652322
0.001 0.652483
0.001 0.652645
0.001 0.652807
0.001 0.652969
0.001 0.653131
0.001 0.653292
0.001 0.653454
0.001 0.653616
0.001 0.653778
0.001 0.653939
0.001 0.654101
0.001 0.654263
0.001 0.654425
0.001 0.654587
0.001 0.654748
0.001 0.65491
0.001 0.655072
0.001 0.655234
0.001 0.655396
0.001 0.655557
0.001 0.655719
0.001 0.655881
0.001 0.656043
0.001 0.656204
0.001 0.656366
0.001 0.656528
0.001 0.65669
0.001 0.656852
0.001 0.657013
0.001 0.657175
0.001 0.657337
0.001 0.657499
0.001 0.657661
0.001 0.657822
0.001 0.657984
0.001 0.658146
0.001 0.658308
0.001 0.65847
0.001 0.658631
0.001 0.658793
0.001 0.658955
0.001 0.659117
0.001 0.659278
0.001 0.65944
0.001 0.659602
0.001 0.659764
0.001 0.659926
0.001 0.660087
0.001 0.660249
0.001 0.660411
0.001 0.660573
0.001 0.660735
0.001 0.660896
0.001 0.661058
0.001 0.66122
0.001 0.661382
0.001 0.661543
0.001 0.661705
0.001 0.661867
0.001 0.662029
0.001 0.662191
0.001 0.662352
0.001 0.662514
0.001 0.662676
0.001 0.662838
0.001 0.663
0.001 0.663161
0.001 0.663323
0.001 0.663485
0.001 0.663647
0.001 0.663808
0.001 0.66397
0.001 0.664132
0.001 0.664294
0.001 0.664456
0.001 0.664617
0.001 0.664779
0.001 0.664941
0.001 0.665103
0.001 0.665265
0.001 0.665426
0.001 0.665588
0.001 0.66575
0.001 0.665912
0.001 0.666073
0.001 0.666235
0.001 0.666397
0.001 0.666559
0.001 0.666721
0.001 0.666882
0.001 0.667044
0.001 0.667206
0.001 0.667368
0.001 0.66753
0.001 0.667691
0.001 0.667853
0.001 0.668015
0.001 0.668177
0.001 0.668338
0.001 0.6685
0.001 0.668662
0.001 0.668824
0.001 0.668986
0.001 0.669147
0.001 0.669309
0.001 0.669471
0.001 0.669633
0.001 0.669795
0.001 0.669956
0.001 0.670118
0.001 0.67028
0.001 0.670442
0.001 0.670603
0.001 0.670765
0.001 0.670927
0.001 0.671089
0.001 0.671251
0.001 0.671412
0.001 0.671574
0.001 0.671736
0.001 0.671898
0.001 0.67206
0.001 0.672221
0.001 0.672383
0.001 0.672545
0.001 0.672707
0.001 0.672868
0.001 0.67303
0.001 0.673192
0.001 0.673354
0.001 0.673516
0.001 0.673677
0.001 0.673839
0.001 0.674001
0.001 0.674163
0.001 0.674325
0.001 0.674486
0.001 0.674648
0.001 0.67481
0.001 0.674972
0.001 0.675133
0.001 0.675295
0.001 0.675457
0.001 0.675619
0.001 0.675781
0.001 0.675942
0.001 0.676104
0.001 0.676266
0.001 0.676428
0.001 0.67659
0.001 0.676751
0.001 0.676913
0.001 0.677075
0.001 0.677237
0.001 0.677398
0.001 0.67756
0.001 0.677722
0.001 0.677884
0.001 0.678046
0.001 0.678207
0.001 0.678369
0.001 0.678531
0.001 0.678693
0.001 0.678855
0.001 0.679016
0.001 0.679178
0.001 0.67934
0.001 0.679502
0.001 0.679663
0.001 0.679825
0.001 0.679987
0.001 0.680149
0.001 0.680311
0.001 0.680472
0.001 0.680634
0.001 0.680796
0.001 0.680958
0.001 0.68112
0.001 0.681281
0.001 0.681443
0.001 0.681605
0.001 0.681767
0.001 0.681928
0.001 0.68209
0.001 0.682252
0.001 0.682414
0.001 0.682576
0.001 0.682737
0.001 0.682899
0.001 0.683061
0.001 0.683223
0.001 0.683385
0.001 0.683546
0.001 0.683708
0.001 0.68387
0.001 0.684032
0.001 0.684193
0.001 0.684355
0.001 0.684517
0.001 0.684679
0.001 0.684841
0.001 0.685002
0.001 0.685164
0.001 0.685326
0.001 0.685488
0.001 0.68565
0.001 0.685811
0.001 0.685973
0.001 0.686135
0.001 0.686297
0.001 0.686459
0.001 0.68662
0.001 0.686782
0.001 0.686944
0.001 0.687106
0.001 0.687267
0.001 0.687429
0.001 0.687591
0.001 0.687753
0.001 0.687915
0.001 0.688076
0.001 0.688238
0.001 0.6884
0.001 0.688562
0.001 0.688724
0.001 0.688885
0.001 0.689047
0.001 0.689209
0.001 0.689371
0.001 0.689532
0.001 0.689694
0.001 0.689856
0.001 0.690018
0.001 0.69018
0.001 0.690341
0.001 0.690503
0.001 0.690665
0.001 0.690827
0.001 0.690989
0.001 0.69115
0.001 0.691312
0.001 0.691474
0.001 0.691636
0.001 0.691797
0.001 0.691959
0.001 0.692121
0.001 0.692283
0.001 0.692445
0.001 0.692606
0.001 0.692768
0.001 0.69293
0.001 0.693092
0.001 0.693254
0.001 0.693415
0.001 0.693577
0.001 0.693739
0.001 0.693901
0.001 0.694062
0.001 0.694224
0.001 0.694386
0.001 0.694548
0.001 0.69471
0.001 0.694871
0.001 0.695033
0.001 0.695195
0.001 0.695357
0.001 0.695519
0.001 0.69568
0.001 0.695842
0.001 0.696004
0.001 0.696166
0.001 0.696327
0.001 0.696489
0.001 0.696651
0.001 0.696813
0.001 0.696975
0.001 0.697136
0.001 0.697298
0.001 0.69746
0.001 0.697622
0.001 0.697784
0.001 0.697945
0.001 0.698107
0.001 0.698269
0.001 0.698431
0.001 0.698592
0.001 0.698754
0.001 0.698916
0.001 0.699078
0.001 0.69924
0.001 0.699401
0.001 0.699563
0.001 0.699725
0.001 0.699887
0.001 0.700049
0.001 0.70021
0.001 0.700372
0.001 0.700534
0.001 0.700696
0.001 0.700857
0.001 0.701019
0.001 0.701181
0.001 0.701343
0.001 0.701505
0.001 0.701666
0.001 0.701828
0.001 0.70199
0.001 0.702152
0.001 0.702314
0.001 0.702475
0.001 0.702637
0.001 0.702799
0.001 0.702961
0.001 0.703122
0.001 0.703284
0.001 0.703446
0.001 0.703608
0.001 0.70377
0.001 0.703931
0.001 0.704093
0.001 0.704255
0.001 0.704417
0.001 0.704579
0.001 0.70474
0.001 0.704902
0.001 0.705064
0.001 0.705226
0.001 0.705387
0.001 0.705549
0.001 0.705711
0.001 0.705873
0.001 0.706035
0.001 0.706196
0.001 0.706358
0.001 0.70652
0.001 0.706682
0.001 0.706844
0.001 0.707005
0.001 0.707167
0.001 0.707329
0.001 0.707491
0.001 0.707652
0.001 0.707814
0.001 0.707976
0.001 0.708138
0.001 0.7083
0.001 0.708461
0.001 0.708623
0.001 0.708785
0.001 0.708947
0.001 0.709109
0.001 0.70927
0.001 0.709432
0.001 0.709594
0.001 0.709756
0.001 0.709917
0.001 0.710079
0.001 0.710241
0.001 0.710403
0.001 0.710565
0.001 0.710726
0.001 0.710888
0.001 0.71105
0.001 0.711212
0.001 0.711374
0.001 0.711535
0.001 0.711697
0.001 0.711859
0.001 0.712021
0.001 0.712182
0.001 0.712344
0.001 0.712506
0.001 0.712668
0.001 0.71283
0.001 0.712991
0.001 0.713153
0.001 0.713315
0.001 0.713477
0.001 0.713639
0.001 0.7138
0.001 0.713962
0.001 0.714124
0.001 0.714286
0.001 0.714448
0.001 0.714609
0.001 0.714771
0.001 0.714933
0.001 0.715095
0.001 0.715256
0.001 0.715418
0.001 0.71558
0.001 0.715742
0.001 0.715904
0.001 0.716065
0.001 0.716227
0.001 0.716389
0.001 0.716551
0.001 0.716713
0.001 0.716874
0.001 0.717036
0.001 0.717198
0.001 0.71736
0.001 0.717521
0.001 0.717683
0.001 0.717845
0.001 0.718007
0.001 0.718169
0.001 0.71833
0.001 0.718492
0.001 0.718654
0.001 0.718816
0.001 0.718978
0.001 0.719139
0.001 0.719301
0.001 0.719463
0.001 0.719625
0.001 0.719786
0.001 0.719948
0.001 0.72011
0.001 0.720272
0.001 0.720434
0.001 0.720595
0.001 0.720757
0.001 0.720919
0.001 0.721081
0.001 0.721243
0.001 0.721404
0.001 0.721566
0.001 0.721728
0.001 0.72189
0.001 0.722051
0.001 0.722213
0.001 0.722375
0.001 0.722537
0.001 0.722699
0.001 0.72286
0.001 0.723022
0.001 0.723184
0.001 0.723346
0.001 0.723508
0.001 0.723669
0.001 0.723831
0.001 0.723993
0.001 0.724155
0.001 0.724316
0.001 0.724478
0.001 0.72464
0.001 0.724802
0.001 0.724964
0.001 0.725125
0.001 0.725287
0.001 0.725449
0.001 0.725611
0.001 0.725773
0.001 0.725934
0.001 0.726096
0.001 0.726258
0.001 0.72642
0.001 0.726581
0.001 0.726743
0.001 0.726905
0.001 0.727067
0.001 0.727229
0.001 0.72739
0.001 0.727552
0.001 0.727714
0.001 0.727876
0.001 0.728038
0.001 0.728199
0.001 0.728361
0.001 0.728523
0.001 0.728685
0.001 0.728846
0.001 0.729008
0.001 0.72917
0.001 0.729332
0.001 0.729494
0.001 0.729655
0.001 0.729817
0.001 0.729979
0.001 0.730141
0.001 0.730303
0.001 0.730464
0.001 0.730626
0.001 0.730788
0.001 0.73095
0.001 0.731111
0.001 0.731273
0.001 0.731435
0.001 0.731597
0.001 0.731759
0.001 0.73192
0.001 0.732082
0.001 0.732244
0.001 0.732406
0.001 0.732568
0.001 0.732729
0.001 0.732891
0.001 0.733053
0.001 0.733215
0.001 0.733376
0.001 0.733538
0.001 0.7337
0.001 0.733862
0.001 0.734024
0.001 0.734185
0.001 0.734347
0.001 0.734509
0.001 0.734671
0.001 0.734833
0.001 0.734994
0.001 0.735156
0.001 0.735318
0.001 0.73548
0.001 0.735641
0.001 0.735803
0.001 0.735965
0.001 0.736127
0.001 0.736289
0.001 0.73645
0.001 0.736612
0.001 0.736774
0.001 0.736936
0.001 0.737098
0.001 0.737259
0.001 0.737421
0.001 0.737583
0.001 0.737745
0.001 0.737906
0.001 0.738068
0.001 0.73823
0.001 0.738392
0.001 0.738554
0.001 0.738715
0.001 0.738877
0.001 0.739039
0.001 0.739201
0.001 0.739363
0.001 0.739524
0.001 0.739686
0.001 0.739848
0.001 0.74001
0.001 0.740171
0.001 0.740333
0.001 0.740495
0.001 0.740657
0.001 0.740819
0.001 0.74098
0.001 0.741142
0.001 0.741304
0.001 0.741466
0.001 0.741628
0.001 0.741789
0.001 0.741951
0.001 0.742113
0.001 0.742275
0.001 0.742436
0.001 0.742598
0.001 0.74276
0.001 0.742922
0.001 0.743084
0.001 0.743245
0.001 0.743407
0.001 0.743569
0.001 0.743731
0.001 0.743893
0.001 0.744054
0.001 0.744216
0.001 0.744378
0.001 0.74454
0.001 0.744702
0.001 0.744863
0.001 0.745025
0.001 0.745187
0.001 0.745349
0.001 0.74551
0.001 0.745672
0.001 0.745834
0.001 0.745996
0.001 0.746158
0.001 0.746319
0.001 0.746481
0.001 0.746643
0.001 0.746805
0.001 0.746967
0.001 0.747128
0.001 0.74729
0.001 0.747452
0.001 0.747614
0.001 0.747775
0.001 0.747937
0.001 0.748099
0.001 0.748261
0.001 0.748423
0.001 0.748584
0.001 0.748746
0.001 0.748908
0.001 0.74907
0.001 0.749232
0.001 0.749393
0.001 0.749555
0.001 0.749717
0.001 0.749879
0.001 0.75004
0.001 0.750202
0.001 0.750364
0.001 0.750526
0.001 0.750688
0.001 0.750849
0.001 0.751011
0.001 0.751173
0.001 0.751335
0.001 0.751497
0.001 0.751658
0.001 0.75182
0.002 0.751982
0.002 0.752144
0.002 0.752305
0.002 0.752467
0.002 0.752629
0.002 0.752791
0.002 0.752953
0.002 0.753114
0.002 0.753276
0.002 0.753438
0.002 0.7536
0.002 0.753762
0.002 0.753923
0.002 0.754085
0.002 0.754247
0.002 0.754409
0.002 0.75457
0.002 0.754732
0.002 0.754894
0.002 0.755056
0.002 0.755218
0.002 0.755379
0.002 0.755541
0.002 0.755703
0.002 0.755865
0.002 0.756027
0.002 0.756188
0.002 0.75635
0.002 0.756512
0.002 0.756674
0.002 0.756835
0.002 0.756997
0.002 0.757159
0.002 0.757321
0.002 0.757483
0.002 0.757644
0.002 0.757806
0.002 0.757968
0.002 0.75813
0.002 0.758292
0.002 0.758453
0.002 0.758615
0.002 0.758777
0.002 0.758939
0.002 0.7591
0.002 0.759262
0.002 0.759424
0.002 0.759586
0.002 0.759748
0.002 0.759909
0.002 0.760071
0.002 0.760233
0.002 0.760395
0.002 0.760557
0.002 0.760718
0.002 0.76088
0.002 0.761042
0.002 0.761204
0.002 0.761365
0.002 0.761527
0.002 0.761689
0.002 0.761851
0.002 0.762013
0.002 0.762174
0.002 0.762336
0.002 0.762498
0.002 0.76266
0.002 0.762822
0.002 0.762983
0.002 0.763145
0.002 0.763307
0.002 0.763469
0.002 0.76363
0.002 0.763792
0.002 0.763954
0.002 0.764116
0.002 0.764278
0.002 0.764439
0.002 0.764601
0.002 0.764763
0.002 0.764925
0.002 0.765087
0.002 0.765248
0.002 0.76541
0.002 0.765572
0.002 0.765734
0.002 0.765895
0.002 0.766057
0.002 0.766219
0.002 0.766381
0.002 0.766543
0.002 0.766704
0.002 0.766866
0.002 0.767028
0.002 0.76719
0.002 0.767352
0.002 0.767513
0.002 0.767675
0.002 0.767837
0.002 0.767999
0.002 0.76816
0.002 0.768322
0.002 0.768484
0.002 0.768646
0.002 0.768808
0.002 0.768969
0.002 0.769131
0.002 0.769293
0.002 0.769455
0.002 0.769617
0.002 0.769778
0.002 0.76994
0.002 0.770102
0.002 0.770264
0.002 0.770425
0.002 0.770587
0.002 0.770749
0.002 0.770911
0.002 0.771073
0.002 0.771234
0.002 0.771396
0.002 0.771558
0.002 0.77172
0.002 0.771882
0.002 0.772043
0.002 0.772205
0.002 0.772367
0.002 0.772529
0.002 0.772691
0.002 0.772852
0.002 0.773014
0.002 0.773176
0.002 0.773338
0.002 0.773499
0.002 0.773661
0.002 0.773823
0.002 0.773985
0.002 0.774147
0.002 0.774308
0.002 0.77447
0.002 0.774632
0.002 0.774794
0.002 0.774956
0.002 0.775117
0.002 0.775279
0.002 0.775441
0.002 0.775603
0.002 0.775764
0.002 0.775926
0.002 0.776088
0.002 0.77625
0.002 0.776412
0.002 0.776573
0.002 0.776735
0.002 0.776897
0.002 0.777059
0.002 0.777221
0.002 0.777382
0.002 0.777544
0.002 0.777706
0.002 0.777868
0.002 0.778029
0.002 0.778191
0.002 0.778353
0.003 0.778515
0.003 0.778677
0.003 0.778838
0.003 0.779
0.003 0.779162
0.003 0.779324
0.003 0.779486
0.003 0.779647
0.003 0.779809
0.003 0.779971
0.003 0.780133
0.003 0.780294
0.003 0.780456
0.003 0.780618
0.003 0.78078
0.003 0.780942
0.003 0.781103
0.003 0.781265
0.003 0.781427
0.003 0.781589
0.003 0.781751
0.003 0.781912
0.003 0.782074
0.003 0.782236
0.003 0.782398
0.003 0.782559
0.003 0.782721
0.003 0.782883
0.003 0.783045
0.003 0.783207
0.003 0.783368
0.003 0.78353
0.003 0.783692
0.003 0.783854
0.003 0.784016
0.003 0.784177
0.003 0.784339
0.003 0.784501
0.003 0.784663
0.003 0.784824
0.003 0.784986
0.003 0.785148
0.003 0.78531
0.003 0.785472
0.003 0.785633
0.003 0.785795
0.003 0.785957
0.003 0.786119
0.003 0.786281
0.003 0.786442
0.003 0.786604
0.003 0.786766
0.003 0.786928
0.003 0.787089
0.003 0.787251
0.003 0.787413
0.003 0.787575
0.003 0.787737
0.003 0.787898
0.003 0.78806
0.003 0.788222
0.003 0.788384
0.003 0.788546
0.003 0.788707
0.003 0.788869
0.003 0.789031
0.003 0.789193
0.003 0.789354
0.003 0.789516
0.003 0.789678
0.003 0.78984
0.003 0.790002
0.003 0.790163
0.003 0.790325
0.003 0.790487
0.003 0.790649
0.003 0.790811
0.003 0.790972
0.003 0.791134
0.003 0.791296
0.003 0.791458
0.003 0.791619
0.003 0.791781
0.003 0.791943
0.003 0.792105
0.003 0.792267
0.003 0.792428
0.003 0.79259
0.003 0.792752
0.003 0.792914
0.003 0.793076
0.003 0.793237
0.003 0.793399
0.004 0.793561
0.004 0.793723
0.004 0.793884
0.004 0.794046
0.004 0.794208
0.004 0.79437
0.004 0.794532
0.004 0.794693
0.004 0.794855
0.004 0.795017
0.004 0.795179
0.004 0.795341
0.004 0.795502
0.004 0.795664
0.004 0.795826
0.004 0.795988
0.004 0.796149
0.004 0.796311
0.004 0.796473
0.004 0.796635
0.004 0.796797
0.004 0.796958
0.004 0.79712
0.004 0.797282
0.004 0.797444
0.004 0.797606
0.004 0.797767
0.004 0.797929
0.004 0.798091
0.004 0.798253
0.004 0.798414
0.004 0.798576
0.004 0.798738
0.004 0.7989
0.004 0.799062
0.004 0.799223
0.004 0.799385
0.004 0.799547
0.004 0.799709
0.004 0.799871
0.004 0.800032
0.004 0.800194
0.004 0.800356
0.004 0.800518
0.004 0.80068
0.004 0.800841
0.004 0.801003
0.004 0.801165
0.004 0.801327
0.004 0.801488
0.004 0.80165
0.004 0.801812
0.004 0.801974
0.004 0.802136
0.004 0.802297
0.004 0.802459
0.004 0.802621
0.004 0.802783
0.004 0.802945
0.004 0.803106
0.004 0.803268
0.004 0.80343
0.004 0.803592
0.004 0.803753
0.004 0.803915
0.004 0.804077
0.004 0.804239
0.004 0.804401
0.004 0.804562
0.005 0.804724
0.005 0.804886
0.005 0.805048
0.005 0.80521
0.005 0.805371
0.005 0.805533
0.005 0.805695
0.005 0.805857
0.005 0.806018
0.005 0.80618
0.005 0.806342
0.005 0.806504
0.005 0.806666
0.005 0.806827
0.005 0.806989
0.005 0.807151
0.005 0.807313
0.005 0.807475
0.005 0.807636
0.005 0.807798
0.005 0.80796
0.005 0.808122
0.005 0.808283
0.005 0.808445
0.005 0.808607
0.005 0.808769
0.005 0.808931
0.005 0.809092
0.005 0.809254
0.005 0.809416
0.005 0.809578
0.005 0.80974
0.005 0.809901
0.005 0.810063
0.006 0.810225
0.006 0.810387
0.006 0.810548
0.006 0.81071
0.006 0.810872
0.006 0.811034
0.006 0.811196
0.006 0.811357
0.006 0.811519
0.006 0.811681
0.006 0.811843
0.006 0.812005
0.006 0.812166
0.006 0.812328
0.006 0.81249
0.006 0.812652
0.006 0.812813
0.006 0.812975
0.006 0.813137
0.006 0.813299
0.006 0.813461
0.006 0.813622
0.006 0.813784
0.006 0.813946
0.006 0.814108
0.006 0.81427
0.006 0.814431
0.006 0.814593
0.006 0.814755
0.006 0.814917
0.006 0.815078
0.006 0.81524
0.006 0.815402
0.007 0.815564
0.007 0.815726
0.007 0.815887
0.007 0.816049
0.007 0.816211
0.007 0.816373
0.007 0.816535
0.007 0.816696
0.007 0.816858
0.007 0.81702
0.007 0.817182
0.007 0.817343
0.007 0.817505
0.007 0.817667
0.007 0.817829
0.007 0.817991
0.007 0.818152
0.007 0.818314
0.007 0.818476
0.007 0.818638
0.007 0.8188
0.007 0.818961
0.007 0.819123
0.007 0.819285
0.007 0.819447
0.007 0.819608
0.007 0.81977
0.007 0.819932
0.007 0.820094
0.007 0.820256
0.008 0.820417
0.008 0.820579
0.008 0.820741
0.008 0.820903
0.008 0.821065
0.008 0.821226
0.008 0.821388
0.008 0.82155
0.008 0.821712
0.008 0.821873
0.008 0.822035
0.008 0.822197
0.008 0.822359
0.008 0.822521
0.008 0.822682
0.008 0.822844
0.008 0.823006
0.008 0.823168
0.008 0.82333
0.008 0.823491
0.008 0.823653
0.008 0.823815
0.008 0.823977
0.009 0.824138
0.009 0.8243
0.009 0.824462
0.009 0.824624
0.009 0.824786
0.009 0.824947
0.009 0.825109
0.009 0.825271
0.009 0.825433
0.009 0.825595
0.009 0.825756
0.009 0.825918
0.009 0.82608
0.009 0.826242
0.009 0.826403
0.009 0.826565
0.009 0.826727
0.009 0.826889
0.009 0.827051
0.009 0.827212
0.009 0.827374
0.01 0.827536
0.01 0.827698
0.01 0.82786
0.01 0.828021
0.01 0.828183
0.01 0.828345
0.01 0.828507
0.01 0.828669
0.01 0.82883
0.01 0.828992
0.01 0.829154
0.01 0.829316
0.01 0.829477
0.01 0.829639
0.01 0.829801
0.01 0.829963
0.01 0.830125
0.01 0.830286
0.01 0.830448
0.011 0.83061
0.011 0.830772
0.011 0.830934
0.011 0.831095
0.011 0.831257
0.011 0.831419
0.011 0.831581
0.011 0.831742
0.011 0.831904
0.011 0.832066
0.011 0.832228
0.011 0.83239
0.011 0.832551
0.011 0.832713
0.011 0.832875
0.011 0.833037
0.011 0.833199
0.011 0.83336
0.011 0.833522
0.011 0.833684
0.011 0.833846
0.012 0.834007
0.012 0.834169
0.012 0.834331
0.012 0.834493
0.012 0.834655
0.012 0.834816
0.012 0.834978
0.012 0.83514
0.012 0.835302
0.012 0.835464
0.012 0.835625
0.012 0.835787
0.012 0.835949
0.013 0.836111
0.013 0.836272
0.013 0.836434
0.013 0.836596
0.013 0.836758
0.013 0.83692
0.014 0.837081
0.014 0.837243
0.014 0.837405
0.014 0.837567
0.014 0.837729
0.014 0.83789
0.014 0.838052
0.014 0.838214
0.014 0.838376
0.015 0.838537
0.015 0.838699
0.015 0.838861
0.015 0.839023
0.015 0.839185
0.015 0.839346
0.015 0.839508
0.015 0.83967
0.015 0.839832
0.015 0.839994
0.015 0.840155
0.015 0.840317
0.015 0.840479
0.015 0.840641
0.016 0.840802
0.016 0.840964
0.016 0.841126
0.016 0.841288
0.016 0.84145
0.016 0.841611
0.016 0.841773
0.016 0.841935
0.016 0.842097
0.016 0.842259
0.016 0.84242
0.017 0.842582
0.017 0.842744
0.017 0.842906
0.017 0.843067
0.017 0.843229
0.017 0.843391
0.017 0.843553
0.018 0.843715
0.018 0.843876
0.018 0.844038
0.018 0.8442
0.019 0.844362
0.019 0.844524
0.019 0.844685
0.019 0.844847
0.019 0.845009
0.019 0.845171
0.019 0.845332
0.019 0.845494
0.019 0.845656
0.019 0.845818
0.02 0.84598
0.02 0.846141
0.02 0.846303
0.02 0.846465
0.02 0.846627
0.02 0.846789
0.02 0.84695
0.02 0.847112
0.021 0.847274
0.021 0.847436
0.021 0.847597
0.021 0.847759
0.021 0.847921
0.021 0.848083
0.021 0.848245
0.021 0.848406
0.021 0.848568
0.021 0.84873
0.021 0.848892
0.022 0.849054
0.022 0.849215
0.022 0.849377
0.022 0.849539
0.022 0.849701
0.022 0.849862
0.022 0.850024
0.022 0.850186
0.023 0.850348
0.023 0.85051
0.023 0.850671
0.023 0.850833
0.023 0.850995
0.023 0.851157
0.023 0.851319
0.023 0.85148
0.024 0.851642
0.024 0.851804
0.024 0.851966
0.024 0.852127
0.024 0.852289
0.024 0.852451
0.025 0.852613
0.025 0.852775
0.025 0.852936
0.025 0.853098
0.025 0.85326
0.025 0.853422
0.025 0.853584
0.025 0.853745
0.026 0.853907
0.026 0.854069
0.026 0.854231
0.026 0.854392
0.026 0.854554
0.027 0.854716
0.027 0.854878
0.028 0.85504
0.028 0.855201
0.028 0.855363
0.028 0.855525
0.028 0.855687
0.029 0.855849
0.029 0.85601
0.029 0.856172
0.029 0.856334
0.029 0.856496
0.029 0.856657
0.029 0.856819
0.029 0.856981
0.029 0.857143
0.03 0.857305
0.03 0.857466
0.03 0.857628
0.03 0.85779
0.03 0.857952
0.03 0.858114
0.03 0.858275
0.03 0.858437
0.03 0.858599
0.03 0.858761
0.031 0.858923
0.032 0.859084
0.032 0.859246
0.032 0.859408
0.032 0.85957
0.033 0.859731
0.033 0.859893
0.033 0.860055
0.033 0.860217
0.033 0.860379
0.033 0.86054
0.035 0.860702
0.035 0.860864
0.035 0.861026
0.036 0.861188
0.036 0.861349
0.036 0.861511
0.036 0.861673
0.037 0.861835
0.037 0.861996
0.037 0.862158
0.037 0.86232
0.037 0.862482
0.038 0.862644
0.038 0.862805
0.038 0.862967
0.038 0.863129
0.039 0.863291
0.039 0.863453
0.039 0.863614
0.039 0.863776
0.04 0.863938
0.04 0.8641
0.04 0.864261
0.04 0.864423
0.04 0.864585
0.041 0.864747
0.041 0.864909
0.041 0.86507
0.041 0.865232
0.041 0.865394
0.041 0.865556
0.041 0.865718
0.042 0.865879
0.042 0.866041
0.043 0.866203
0.043 0.866365
0.043 0.866526
0.044 0.866688
0.045 0.86685
0.045 0.867012
0.045 0.867174
0.046 0.867335
0.046 0.867497
0.047 0.867659
0.047 0.867821
0.047 0.867983
0.047 0.868144
0.047 0.868306
0.048 0.868468
0.048 0.86863
0.048 0.868791
0.048 0.868953
0.049 0.869115
0.05 0.869277
0.05 0.869439
0.05 0.8696
0.05 0.869762
0.051 0.869924
0.051 0.870086
0.051 0.870248
0.052 0.870409
0.053 0.870571
0.053 0.870733
0.053 0.870895
0.054 0.871056
0.055 0.871218
0.056 0.87138
0.056 0.871542
0.056 0.871704
0.056 0.871865
0.057 0.872027
0.057 0.872189
0.058 0.872351
0.058 0.872513
0.058 0.872674
0.059 0.872836
0.059 0.872998
0.059 0.87316
0.06 0.873321
0.061 0.873483
0.062 0.873645
0.062 0.873807
0.062 0.873969
0.063 0.87413
0.063 0.874292
0.064 0.874454
0.064 0.874616
0.064 0.874778
0.065 0.874939
0.065 0.875101
0.067 0.875263
0.067 0.875425
0.068 0.875586
0.069 0.875748
0.069 0.87591
0.069 0.876072
0.07 0.876234
0.071 0.876395
0.071 0.876557
0.072 0.876719
0.073 0.876881
0.073 0.877043
0.073 0.877204
0.074 0.877366
0.075 0.877528
0.075 0.87769
0.076 0.877851
0.076 0.878013
0.077 0.878175
0.078 0.878337
0.078 0.878499
0.079 0.87866
0.079 0.878822
0.079 0.878984
0.079 0.879146
0.08 0.879308
0.081 0.879469
0.081 0.879631
0.081 0.879793
0.081 0.879955
0.082 0.880116
0.082 0.880278
0.083 0.88044
0.083 0.880602
0.083 0.880764
0.084 0.880925
0.084 0.881087
0.085 0.881249
0.085 0.881411
0.087 0.881573
0.087 0.881734
0.087 0.881896
0.088 0.882058
0.088 0.88222
0.09 0.882381
0.091 0.882543
0.092 0.882705
0.092 0.882867
0.093 0.883029
0.093 0.88319
0.094 0.883352
0.094 0.883514
0.094 0.883676
0.094 0.883838
0.096 0.883999
0.096 0.884161
0.096 0.884323
0.097 0.884485
0.098 0.884646
0.099 0.884808
0.1 0.88497
0.1 0.885132
0.1 0.885294
0.103 0.885455
0.103 0.885617
0.106 0.885779
0.106 0.885941
0.106 0.886103
0.106 0.886264
0.107 0.886426
0.107 0.886588
0.109 0.88675
0.109 0.886912
0.109 0.887073
0.109 0.887235
0.109 0.887397
0.11 0.887559
0.11 0.88772
0.111 0.887882
0.111 0.888044
0.113 0.888206
0.115 0.888368
0.116 0.888529
0.116 0.888691
0.117 0.888853
0.117 0.889015
0.117 0.889177
0.118 0.889338
0.119 0.8895
0.12 0.889662
0.12 0.889824
0.122 0.889985
0.123 0.890147
0.129 0.890309
0.129 0.890471
0.13 0.890633
0.13 0.890794
0.13 0.890956
0.13 0.891118
0.131 0.89128
0.132 0.891442
0.133 0.891603
0.134 0.891765
0.137 0.891927
0.138 0.892089
0.141 0.89225
0.144 0.892412
0.144 0.892574
0.146 0.892736
0.146 0.892898
0.147 0.893059
0.148 0.893221
0.15 0.893383
0.153 0.893545
0.153 0.893707
0.156 0.893868
0.157 0.89403
0.158 0.894192
0.159 0.894354
0.159 0.894515
0.161 0.894677
0.164 0.894839
0.166 0.895001
0.167 0.895163
0.167 0.895324
0.168 0.895486
0.168 0.895648
0.169 0.89581
0.169 0.895972
0.17 0.896133
0.17 0.896295
0.172 0.896457
0.174 0.896619
0.175 0.89678
0.176 0.896942
0.176 0.897104
0.176 0.897266
0.18 0.897428
0.18 0.897589
0.181 0.897751
0.181 0.897913
0.182 0.898075
0.185 0.898237
0.185 0.898398
0.188 0.89856
0.188 0.898722
0.189 0.898884
0.189 0.899045
0.189 0.899207
0.191 0.899369
0.199 0.899531
0.2 0.899693
0.205 0.899854
0.206 0.900016
0.206 0.900178
0.206 0.90034
0.207 0.900502
0.208 0.900663
0.208 0.900825
0.215 0.900987
0.215 0.901149
0.217 0.90131
0.218 0.901472
0.219 0.901634
0.219 0.901796
0.221 0.901958
0.221 0.902119
0.221 0.902281
0.222 0.902443
0.223 0.902605
0.223 0.902767
0.224 0.902928
0.225 0.90309
0.225 0.903252
0.225 0.903414
0.226 0.903575
0.227 0.903737
0.231 0.903899
0.231 0.904061
0.231 0.904223
0.232 0.904384
0.238 0.904546
0.241 0.904708
0.244 0.90487
0.244 0.905032
0.248 0.905193
0.249 0.905355
0.249 0.905517
0.249 0.905679
0.253 0.90584
0.254 0.906002
0.255 0.906164
0.255 0.906326
0.257 0.906488
0.257 0.906649
0.26 0.906811
0.262 0.906973
0.262 0.907135
0.264 0.907297
0.265 0.907458
0.265 0.90762
0.267 0.907782
0.269 0.907944
0.269 0.908105
0.275 0.908267
0.275 0.908429
0.278 0.908591
0.28 0.908753
0.281 0.908914
0.282 0.909076
0.287 0.909238
0.288 0.9094
0.288 0.909562
0.301 0.909723
0.302 0.909885
0.309 0.910047
0.312 0.910209
0.313 0.91037
0.314 0.910532
0.317 0.910694
0.322 0.910856
0.327 0.911018
0.33 0.911179
0.331 0.911341
0.334 0.911503
0.336 0.911665
0.339 0.911827
0.342 0.911988
0.346 0.91215
0.349 0.912312
0.352 0.912474
0.36 0.912635
0.36 0.912797
0.362 0.912959
0.369 0.913121
0.371 0.913283
0.373 0.913444
0.376 0.913606
0.38 0.913768
0.387 0.91393
0.39 0.914092
0.394 0.914253
0.394 0.914415
0.396 0.914577
0.399 0.914739
0.401 0.914901
0.404 0.915062
0.41 0.915224
0.411 0.915386
0.413 0.915548
0.414 0.915709
0.419 0.915871
0.42 0.916033
0.422 0.916195
0.422 0.916357
0.422 0.916518
0.426 0.91668
0.426 0.916842
0.429 0.917004
0.434 0.917166
0.441 0.917327
0.443 0.917489
0.445 0.917651
0.45 0.917813
0.461 0.917974
0.465 0.918136
0.47 0.918298
0.473 0.91846
0.476 0.918622
0.479 0.918783
0.479 0.918945
0.482 0.919107
0.483 0.919269
0.49 0.919431
0.492 0.919592
0.494 0.919754
0.5 0.919916
0.5 0.920078
0.501 0.920239
0.505 0.920401
0.505 0.920563
0.505 0.920725
0.511 0.920887
0.512 0.921048
0.514 0.92121
0.516 0.921372
0.522 0.921534
0.522 0.921696
0.538 0.921857
0.545 0.922019
0.552 0.922181
0.554 0.922343
0.555 0.922504
0.559 0.922666
0.57 0.922828
0.581 0.92299
0.581 0.923152
0.581 0.923313
0.583 0.923475
0.585 0.923637
0.588 0.923799
0.595 0.923961
0.597 0.924122
0.599 0.924284
0.602 0.924446
0.607 0.924608
0.612 0.924769
0.613 0.924931
0.615 0.925093
0.615 0.925255
0.618 0.925417
0.626 0.925578
0.627 0.92574
0.628 0.925902
0.63 0.926064
0.631 0.926226
0.634 0.926387
0.658 0.926549
0.658 0.926711
0.66 0.926873
0.666 0.927034
0.669 0.927196
0.671 0.927358
0.674 0.92752
0.677 0.927682
0.688 0.927843
0.702 0.928005
0.721 0.928167
0.731 0.928329
0.748 0.928491
0.755 0.928652
0.764 0.928814
0.768 0.928976
0.778 0.929138
0.786 0.929299
0.799 0.929461
0.807 0.929623
0.826 0.929785
0.831 0.929947
0.845 0.930108
0.872 0.93027
0.877 0.930432
0.882 0.930594
0.882 0.930756
0.886 0.930917
0.895 0.931079
0.897 0.931241
0.9 0.931403
0.9 0.931564
0.9 0.931726
0.906 0.931888
0.918 0.93205
0.926 0.932212
0.934 0.932373
0.942 0.932535
0.943 0.932697
0.944 0.932859
0.945 0.933021
0.951 0.933182
0.963 0.933344
0.971 0.933506
0.981 0.933668
0.984 0.933829
0.995 0.933991
0.995 0.934153
0.996 0.934315
0.998 0.934477
1.003 0.934638
1.014 0.9348
1.032 0.934962
1.035 0.935124
1.046 0.935286
1.053 0.935447
1.055 0.935609
1.058 0.935771
1.065 0.935933
1.074 0.936094
1.102 0.936256
1.112 0.936418
1.121 0.93658
1.123 0.936742
1.126 0.936903
1.133 0.937065
1.135 0.937227
1.137 0.937389
1.154 0.937551
1.182 0.937712
1.191 0.937874
1.197 0.938036
1.206 0.938198
1.21 0.938359
1.217 0.938521
1.222 0.938683
1.223 0.938845
1.23 0.939007
1.233 0.939168
1.238 0.93933
1.245 0.939492
1.258 0.939654
1.269 0.939816
1.287 0.939977
1.294 0.940139
1.305 0.940301
1.333 0.940463
1.374 0.940624
1.374 0.940786
1.38 0.940948
1.384 0.94111
1.384 0.941272
1.386 0.941433
1.397 0.941595
1.404 0.941757
1.41 0.941919
1.471 0.942081
1.481 0.942242
1.482 0.942404
1.493 0.942566
1.516 0.942728
1.548 0.94289
1.553 0.943051
1.57 0.943213
1.576 0.943375
1.582 0.943537
1.628 0.943698
1.629 0.94386
1.648 0.944022
1.65 0.944184
1.66 0.944346
1.681 0.944507
1.698 0.944669
1.701 0.944831
1.728 0.944993
1.786 0.945155
1.829 0.945316
1.835 0.945478
1.906 0.94564
1.97 0.945802
1.99 0.945963
2.018 0.946125
2.046 0.946287
2.05 0.946449
2.059 0.946611
2.065 0.946772
2.084 0.946934
2.089 0.947096
2.103 0.947258
2.109 0.94742
2.111 0.947581
2.199 0.947743
2.215 0.947905
2.219 0.948067
2.224 0.948228
2.227 0.94839
2.231 0.948552
2.238 0.948714
2.293 0.948876
2.297 0.949037
2.305 0.949199
2.31 0.949361
2.349 0.949523
2.35 0.949685
2.361 0.949846
2.371 0.950008
2.38 0.95017
2.389 0.950332
2.391 0.950493
2.401 0.950655
2.477 0.950817
2.499 0.950979
2.503 0.951141
2.568 0.951302
2.592 0.951464
2.678 0.951626
2.707 0.951788
2.734 0.95195
2.786 0.952111
2.843 0.952273
2.864 0.952435
2.876 0.952597
2.893 0.952758
2.952 0.95292
2.984 0.953082
3.019 0.953244
3.04 0.953406
3.075 0.953567
3.101 0.953729
3.126 0.953891
3.13 0.954053
3.21 0.954215
3.3 0.954376
3.305 0.954538
3.316 0.9547
3.335 0.954862
3.341 0.955023
3.343 0.955185
3.376 0.955347
3.446 0.955509
3.481 0.955671
3.511 0.955832
3.557 0.955994
3.594 0.956156
3.606 0.956318
3.609 0.95648
3.651 0.956641
3.793 0.956803
3.818 0.956965
3.919 0.957127
3.936 0.957288
3.945 0.95745
3.954 0.957612
4.093 0.957774
4.153 0.957936
4.172 0.958097
4.25 0.958259
4.359 0.958421
4.364 0.958583
4.39 0.958745
4.435 0.958906
4.451 0.959068
4.539 0.95923
4.544 0.959392
4.578 0.959553
4.664 0.959715
4.671 0.959877
4.694 0.960039
4.706 0.960201
4.715 0.960362
4.751 0.960524
4.812 0.960686
4.888 0.960848
4.948 0.96101
4.95 0.961171
5.069 0.961333
5.125 0.961495
5.21 0.961657
5.251 0.961818
5.52 0.96198
5.624 0.962142
5.669 0.962304
5.729 0.962466
5.754 0.962627
5.782 0.962789
5.951 0.962951
6.15 0.963113
6.189 0.963275
6.237 0.963436
6.329 0.963598
6.378 0.96376
6.446 0.963922
6.483 0.964083
6.493 0.964245
6.612 0.964407
6.655 0.964569
6.739 0.964731
6.776 0.964892
6.799 0.965054
6.859 0.965216
6.937 0.965378
7.021 0.96554
7.041 0.965701
7.068 0.965863
7.083 0.966025
7.092 0.966187
7.118 0.966348
7.564 0.96651
7.692 0.966672
7.756 0.966834
7.847 0.966996
7.889 0.967157
7.91 0.967319
8.073 0.967481
8.108 0.967643
8.342 0.967805
8.352 0.967966
8.488 0.968128
8.507 0.96829
8.585 0.968452
8.681 0.968613
8.685 0.968775
8.876 0.968937
9.067 0.969099
9.118 0.969261
9.181 0.969422
9.377 0.969584
9.467 0.969746
9.715 0.969908
10.093 0.97007
10.228 0.970231
10.236 0.970393
10.265 0.970555
10.452 0.970717
10.671 0.970878
10.675 0.97104
10.809 0.971202
10.952 0.971364
11.004 0.971526
11.055 0.971687
11.223 0.971849
11.233 0.972011
11.359 0.972173
11.484 0.972335
11.566 0.972496
11.679 0.972658
11.685 0.97282
11.723 0.972982
11.943 0.973144
12.072 0.973305
12.18 0.973467
12.184 0.973629
12.259 0.973791
13.094 0.973952
13.185 0.974114
13.48 0.974276
13.59 0.974438
13.636 0.9746
13.672 0.974761
15.176 0.974923
15.177 0.975085
15.3 0.975247
15.999 0.975409
16.171 0.97557
16.252 0.975732
16.278 0.975894
16.532 0.976056
17.027 0.976217
17.459 0.976379
17.483 0.976541
17.598 0.976703
17.797 0.976865
18.256 0.977026
18.72 0.977188
18.977 0.97735
19.24 0.977512
19.26 0.977674
19.591 0.977835
19.849 0.977997
20.424 0.978159
20.903 0.978321
21.131 0.978482
21.288 0.978644
21.684 0.978806
23.103 0.978968
23.302 0.97913
23.737 0.979291
23.988 0.979453
24.21 0.979615
24.578 0.979777
25.608 0.979939
26.147 0.9801
26.872 0.980262
27.226 0.980424
28.031 0.980586
28.038 0.980747
28.663 0.980909
28.773 0.981071
29.062 0.981233
29.336 0.981395
31.441 0.981556
32.068 0.981718
32.378 0.98188
33.529 0.982042
34.752 0.982204
35.344 0.982365
35.414 0.982527
35.414 0.982689
36.101 0.982851
37.542 0.983012
38.526 0.983174
38.554 0.983336
39.002 0.983498
39.054 0.98366
42.044 0.983821
44.886 0.983983
46.711 0.984145
46.841 0.984307
47.458 0.984469
47.71 0.98463
49.19 0.984792
50.683 0.984954
50.991 0.985116
51.388 0.985277
51.445 0.985439
51.546 0.985601
51.605 0.985763
51.608 0.985925
52.152 0.986086
52.839 0.986248
52.881 0.98641
53.81 0.986572
53.959 0.986734
54.635 0.986895
54.826 0.987057
55.7 0.987219
55.715 0.987381
56.766 0.987542
56.917 0.987704
57.933 0.987866
58.866 0.988028
59.365 0.98819
60.218 0.988351
60.654 0.988513
62.961 0.988675
63.317 0.988837
66.999 0.988999
70.098 0.98916
70.377 0.989322
71.001 0.989484
91.636 0.989646
93.989 0.989807
94.93 0.989969
98.741 0.990131
101.034 0.990293
108.725 0.990455
110.547 0.990616
114.958 0.990778
116.529 0.99094
123.796 0.991102
125.363 0.991264
128.329 0.991425
129.975 0.991587
132.962 0.991749
142.727 0.991911
142.766 0.992072
143.055 0.992234
147.056 0.992396
152.223 0.992558
154.703 0.99272
154.864 0.992881
157.549 0.993043
163.574 0.993205
166.232 0.993367
167.051 0.993529
168.865 0.99369
169.094 0.993852
172.911 0.994014
173.888 0.994176
174.124 0.994337
200.755 0.994499
204.723 0.994661
204.923 0.994823
213.271 0.994985
217.246 0.995146
226.477 0.995308
270.607 0.99547
277.294 0.995632
279.787 0.995794
282.513 0.995955
301.188 0.996117
340.696 0.996279
344.451 0.996441
368.985 0.996602
402.918 0.996764
403.394 0.996926
403.849 0.997088
412.19 0.99725
447.733 0.997411
484.119 0.997573
568.131 0.997735
617.458 0.997897
677.318 0.998059
901.146 0.99822
934.109 0.998382
947.589 0.998544
1066.52 0.998706
1176.89 0.998867
1177.69 0.999029
1178.1 0.999191
1289.18 0.999353
1320.4 0.999515
1406.33 0.999676
1416.5 0.999838
1506.11 1
