0.0769231 0.149425
0.355705 0.450151
0.76589 1.10655
0.927514 1.14715
0.98924 3.18522
0 0.178161
0.121212 0.312796
0.390728 0.551095
0.0972222 0.32287
0.363636 0.484277
0.717149 0.837687
0.15 0.357143
0.364706 0.539683
0.70332 1.27513
0.411765 0.620061
0.803468 1.50271
0.793543 1.04437
0.920469 2.25344
0.458844 0.503972
0.926514 2.09904
0.980949 4.12046
0.967308 1.05388
0.993291 2.21669
0 0.117284
0 0.19403
0.0304878 0.49848
0.0147059 0.310502
0.020202 0.388235
0.0366972 0.459916
0.0768307 0.789573
0.0503597 0.640553
0.0892373 0.836599
0.0647526 0.873999
0.0625 0.851318
0.073991 0.744574
0.0596073 0.814392
0.102804 0.835938
0.121788 0.856459
0.0171464 0.807018
0.149317 0.958465
0.169609 0.974206
0.0241597 0.7616
0.109017 0.94823
0.0930416 0.983078
0.223931 1.13601
0.0884599 0.913832
0 0.190184
0.027027 0.235669
0 0.246914
0.02 0.280899
0.0204082 0.273743
0.0188679 0.284946
0.0126582 0.329167
0.0172414 0.347305
0.015873 0.305825
0.016129 0.313131
0.025974 0.366667
0.0117647 0.399061
0.0102041 0.449541
0.0134228 0.699531
0.0196078 0.459459
0.0181818 0.472103
0.0135135 0.517483
0.0144928 0.514925
0.0160428 0.575385
0.0192308 0.713725
0.0203046 0.793289
0.022862 0.833451
0.0359807 0.870512
0.0328965 0.953097
0.0242386 1.09211
0.0270434 0.970064
0.0568182 0.356275
0.0670732 0.527331
0.0961538 0.601852
0.143581 0.767834
0.183796 0.88456
0.0333333 0.31746
0.0784983 0.576772
0.251841 1.04248
0.0314961 0.460145
0.127095 0.82016
0.243483 0.950949
0.0178571 0.520124
0.108187 0.695122
0.320485 1.0485
0.0591716 0.563333
0.128834 0.698073
0.366349 1.16193
0.0769231 0.603982
0.377432 1.24412
0.196161 0.916942
0.397167 1.32716
0.467336 1.30622
0.0384615 0.142857
0.0363636 0.258216
0.0178571 0.262911
0.0727273 0.237069
0.0185185 0.252336
0.0555556 0.236842
0.0449438 0.351779
0.0555556 0.375
0.0561798 0.363265
0.0769231 0.358268
0.0555556 0.354331
0.0514706 0.454849
0.0518519 0.460751
0.0583942 0.464407
0.0514706 0.457912
0.131034 0.431548
0.187215 0.620397
0.162896 0.620787
0.110553 0.532086
0.157143 0.561497
0.141509 0.588889
0.135714 0.689655
0.548204 1.14255
0.419312 1.74194
0.13879 0.664303
0.566004 1.24831
0.563961 1.1918
0.563025 1.36
0.583663 1.46525
0.558333 1.37667
0.568336 1.36599
0.64292 1.72534
0.59018 1.5521
0.584016 1.55167
0.600586 1.63057
0.651399 1.86256
0.589051 1.83646
0.652263 1.95181
0.680177 2.10814
0.637464 1.82101
0.630694 1.89509
0.660972 2.02268
0.641391 1.95978
0.695457 2.16307
0.637731 1.86408
0.662065 2.0375
0.666386 2.12534
0.0219638 0.719331
0.765625 3.02222
0.752375 2.79579
0.719081 2.48504
0.652708 2.11626
0.709172 2.53771
0.781008 3.38638
0.672113 2.13654
0.596499 1.85285
0.787268 3.31415
0.754394 3.1093
0.604692 1.80436
0.687737 2.4627
0.651414 2.18087
0.765083 3.13751
0.836192 4.60939
0.731014 2.9045
0.768076 3.55303
0.754234 2.97084
0.774989 3.39651
0.66189 2.25247
0.841902 4.80893
0.771317 3.4068
0.828831 4.50814
0.87206 6.15213
0.842402 5.05133
0.869671 5.62394
0.864753 5.5318
0.584327 1.80774
0.844269 5.06086
0.638238 2.18982
0.846125 5.01854
0.831207 4.56248
0.566606 1.88897
0.851344 5.50259
0.866414 6.06005
0.851258 5.41616
0.923094 10.6558
0.882636 6.92532
0.722152 2.68002
0.936175 12.2388
0.875126 6.40694
0.877549 6.09327
0.846034 5.57458
0.889101 7.35943
0.868247 6.05934
0.887429 7.27799
0.850797 5.45462
0.87501 6.39625
0.863996 6.0837
0.872075 6.50589
0.916396 10.078
0.649282 2.34407
0.946433 15.3926
0.881284 6.83287
0.89354 7.56384
0.935374 12.756
0.935195 12.994
0.931381 12.2039
0.875235 6.50349
0.943369 14.6821
0.891354 7.54139
0.577074 1.97094
0.58544 1.97417
0.873859 6.42454
0.923421 11.3248
0.840618 4.74181
0.860561 5.96555
0.88387 6.77265
0.8979 7.93366
0.884055 6.52237
0.948766 12.8259
0.876068 6.84518
0.882531 7.16344
0.965019 24.8177
0.967476 11.4742
0.96622 19.6549
0.896076 3.92137
0.955234 19.0908
0.954105 18.239
0.955326 19.7093
0.953853 17.6437
0.895982 3.31469
0.89375 3.67782
0.9625 23.2815
0.892771 3.65881
0.950952 8.01461
0.886448 3.68535
0.96223 22.3259
0.965999 10.3705
0.974788 15.8663
0.975178 16.3269
0.897268 3.92006
0.96006 17.6463
0.948769 8.30482
0.881258 7.13701
0.956265 16.2604
0.965349 24.6975
0.947447 13.8575
0.052577 0.985512
0.0300583 0.930465
0.0333333 0.15544
0.688841 1.75188
0.236492 0.859933
0.747993 2.05519
0.660558 2.276
0.645569 2.20482
0.648647 2.17922
0.203734 1.00874
0.663905 2.2452
0.814565 2.70741
0.620384 2.01395
0.814821 3.17473
0.61941 2.00532
0.822984 3.21916
0.895402 5.16686
0.784205 2.93958
0.027027 0.294821
0.0890411 0.462025
0.111498 0.618534
0.119048 0.735
0.14031 0.852611
0.0948349 0.753189
0.223252 0.955717
0.0625 0.416938
0.114625 0.571106
0.0823529 0.784615
0.144928 0.811083
0.230769 0.936583
0.214654 0.941508
0.131666 0.871229
0.107692 0.518617
0.120104 0.660345
0.208281 0.823347
0.23184 0.94888
0.360141 1.20276
0.224625 0.934883
0.655556 2.05545
0.596662 1.77047
0.698134 1.95761
0.692961 1.98315
0.703245 1.76195
0.327913 0.770355
0.673449 1.75693
0.676923 1.48855
0.039604 0.537234
0.741566 2.26148
0.352941 0.948276
0.697984 1.82443
0.69717 2.19462
0.760413 1.51475
0.76371 1.47922
0.746255 1.65728
0.823555 1.69415
0.71593 1.52065
0.729371 1.65288
0.845298 2.34734
0.821924 2.1306
0.845409 2.20171
0.866859 2.00706
0.822987 2.1194
0.882661 1.72587
0.935619 2.95985
0.870002 1.64996
0.875239 2.14849
0.923372 3.32702
0.91605 2.40541
0.903371 2.58087
0.962342 3.46606
0.956827 2.63822
0.927038 2.17574
0.950913 2.09461
0.916667 1.67694
0.939743 2.5293
0.926699 1.42684
0.965535 3.61231
0.9565 2.51222
0.955195 2.02231
0.973772 2.20902
0.973378 1.93167
0.958801 1.47022
0.979925 2.56626
0.978237 2.50455
0.96188 1.68207
0.986601 3.85768
0.970607 1.79454
0.973539 1.6937
0.979453 2.39483
0.979139 2.49751
0.978844 1.53847
0.0391265 0.77613
0.603519 1.93298
0.755426 2.67296
0.789632 2.15983
0.03125 0.369231
0.0485437 0.547872
0.0551724 0.625
0.0560976 0.746812
0.0397351 0.760322
0.0586566 0.812452
0.0730874 0.861683
0.0487211 0.903936
0.0666667 0.892626
0.115038 1.02051
0.135918 1.03135
0.137512 1.03548
0.087757 0.965266
0.118668 1.01381
0.148651 1.06209
0.170149 1.08615
0.092145 0.911009
0.0279898 0.894537
0.0474083 0.955026
0.0267255 1.00186
0.0259672 0.979181
0.0246267 1.04891
0.0171993 1.0063
0.00936551 0.970362
0.00640982 0.952384
0.0102444 1.03821
0.00295434 0.923751
0.00447928 0.946576
0.00322046 0.972296
0.00479246 0.955576
0.00291351 0.945236
0.00105375 0.958884
0.00251256 0.759542
0.0225108 0.859375
0 0.584906
0.00226757 0.854651
0.00888889 0.872093
0.00979519 0.882168
0.0167709 0.895849
0.0279608 0.971958
0.0243478 0.930743
0.0310291 0.941568
0.0415071 0.945346
0.0810219 0.926928
0.0194468 0.904259
0.0509524 0.907519
0.175127 1.02504
0.0311405 0.929114
0.0205907 0.894013
0.223618 1.14277
0.093794 0.999063
0.00893997 0.878788
0.0150812 0.906891
0.00673195 0.891921
0.019019 0.834586
0.0174948 0.867112
0.0537125 0.954751
0.0766388 0.960368
0.17783 1.05968
0.0557103 0.935058
0.0346535 0.887735
0.0881961 0.941073
0.0471762 0.920459
0.153495 0.940433
0.332668 1.15923
0.0464979 0.947656
0.0548892 0.910574
0.475363 1.60521
0.687336 2.68082
0.113349 0.889192
0.22753 1.04066
0.278634 1.01772
0.611142 2.19621
0.852771 3.17401
0.0625 0.101911
0.243243 0.172093
0.522222 0.344828
0.404255 0.308197
0.189189 0.182266
0.894619 0.865179
0.942802 1.00657
0.986313 1.37469
0 0.119497
0.0294118 0.161137
0.0481928 0.370536
0.0493827 0.364865
0.142857 0.742424
0.313043 0.71875
0.676873 1.78788
0.676318 1.64932
0.669976 2.21598
0.650551 1.56145
0.723521 2.84883
0.737072 2.33731
0.643702 1.4171
0.681897 2.34535
0.713289 1.89237
0.849899 3.83107
0.935167 4.35272
0.908377 2.7832
0.913408 1.39725
0.8283 1.82048
0.957534 5.7797
0.955695 2.97624
0.940996 5.84956
0.933676 3.78885
0.0344828 0.164773
0.0728155 0.553763
0.0993658 0.754386
0.107527 0.528409
0.277014 0.991237
0.145349 0.696356
0.436792 1.41617
0.277194 0.810691
0.362235 1.15425
0.338205 1.2844
0.295984 1.27182
0.273223 1.12106
0.166868 1.04048
0.379889 1.31517
0.200375 1.08437
0.027027 0.194737
0.0232558 0.217172
0.047619 0.14
0 0.220994
0.15 0.530973
0.0445609 0.745846
0.271394 0.747715
0.142857 0.673585
0.0257732 0.517333
0.530179 1.02508
0.177866 0.588372
0.240909 0.645161
0.0964912 0.700615
0.135043 0.934505
0.142662 1.06688
0.202116 0.969239
0.0580475 0.750495
0.144806 1.10976
0.117895 0.739875
0.0310417 1.04031
0 0.203636
0.0133333 0.442043
0.0114395 0.679404
0.0144547 0.840221
0.0148094 0.891707
0.0124913 0.863866
0.05 0.133333
0.0384615 0.152941
0.0689655 0.16763
0.0740741 0.160714
0.18 0.253807
0.0416667 0.181818
0 0.193548
0.0357143 0.180645
0.1 0.171429
0.0606061 0.1875
0.047619 0.237288
0.102041 0.28
0.207921 0.419087
0.162602 0.474903
0.209677 0.350282
0.36715 0.416499
0.317647 0.539683
0.72807 1.43577
0.705989 0.975221
0.807942 2.11664
0.411215 0.594444
0.825607 1.28057
0.906829 1.49095
0.738041 1.70155
0.865526 2.17308
0.948715 1.8057
0.929906 3.63132
0.838407 2.52938
0.918453 3.93282
0.961169 1.8233
0.98462 8.6297
0.957885 2.31621
0 0.343915
0 0.140127
0.011236 0.468421
0.0147059 0.322275
0.0186916 0.443983
0.0188679 0.270408
0.0142857 0.328638
0.0111111 0.375
0.0108696 0.283951
0.0251256 0.601208
0.030888 0.565502
0.0380435 0.653641
0.0252874 0.683962
0.0717863 0.820548
0.0832215 0.765673
0.16479 0.863074
0.105111 0.826954
0.160029 0.974838
0.0839363 0.884197
0.161873 1.00113
0.165874 1.01338
0.176471 0.997743
