0.676 1
2.338 2
2.534 3
2.693 4
2.822 5
2.940 6
3.046 7
3.120 8
3.195 9
3.259 10
3.335 11
3.502 1
3.805 2
4.019 3
4.254 1
4.583 2
4.784 3
4.946 4
5.064 5
5.181 6
5.271 7
5.358 8
5.434 9
5.499 10
5.707 1
6.032 2
6.225 3
6.494 1
6.794 2
7.224 1
7.543 2
7.745 3
7.892 4
8.029 5
8.142 6
8.236 7
8.322 8
8.410 9
8.473 10
8.536 11
8.600 12
8.632 11
8.665 12
8.949 1
9.263 2
9.463 3
9.623 4
9.758 5
9.875 6
9.979 7
10.055 8
10.140 9
11.272 8
11.856 1
12.169 2
12.372 3
12.541 4
12.667 5
12.785 6
12.871 7
12.963 8
13.280 1
13.599 2
13.799 3
13.971 4
14.100 5
14.207 6
14.314 7
14.378 8
14.460 9
15.221 8
15.336 9
15.368 8
18.189 1
18.499 2
18.707 3
18.866 4
18.994 5
19.111 6
19.210 7
19.294 8
19.378 9
19.442 10
20.452 9
21.007 1
21.326 2
21.531 3
21.682 4
21.819 5
21.927 6
22.022 7
22.107 8
22.182 9
22.258 10
22.552 9
25.212 8
25.267 9
25.412 8
25.771 1
26.078 2
26.279 3
26.449 4
26.579 5
26.692 6
26.797 7
26.863 8
26.960 9
28.234 8
28.394 9
28.437 8
28.502 9
28.523 8
30.633 7
30.708 8
30.752 7
30.869 8
30.912 7
30.965 8
31.878 1
32.188 2
32.402 3
32.562 4
32.690 5
32.788 6
32.893 7
33.023 8
34.765 7
34.872 8
34.916 7
35.385 1
35.697 2
35.903 3
36.069 4
36.200 5
36.305 6
36.402 7
38.826 8
38.880 7
39.029 8
39.504 7
40.761 8
41.226 7
41.303 8
41.518 7
52.494 1
52.809 2
53.002 3
53.166 4
53.302 5
53.408 6
53.505 7
53.797 8
53.906 7
53.961 8
53.971 7
54.101 8
54.293 7
54.390 8
54.792 7
54.813 8
54.952 7
56.228 8
56.324 7
59.642 8
60.585 7
60.819 8
72.398 7
72.971 8
74.419 7
74.668 8
74.784 7
75.374 8
83.901 1
84.210 2
84.412 3
84.573 4
84.703 5
84.810 6
84.918 7
84.993 8
87.145 9
87.274 8
103.238 7
103.568 8
109.610 9
110.164 8
110.620 9
111.192 8
123.334 9
124.546 8
124.698 9
125.131 8
128.510 9
129.350 8
131.540 9
134.585 8
150.322 9
155.056 1
155.358 2
155.563 3
155.725 4
155.850 5
155.968 6
156.067 7
156.147 8
159.171 9
169.032 8
170.840 9
184.485 8
184.701 9
187.139 8
187.245 9
192.809 8
192.884 9
198.381 10
200.005 9
201.328 10
202.774 9
203.175 10
203.423 9
204.858 10
207.042 9
207.736 10
210.406 9
213.573 10
214.678 9
214.869 10
215.291 9
216.655 10
218.366 9
221.205 10
221.734 9
221.897 10
225.626 9
227.472 10
227.674 9
228.727 10
229.020 9
229.964 10
230.094 9
232.238 10
238.486 9
238.679 10
239.825 9
241.128 10
246.887 9
247.454 10
247.475 9
247.742 10
247.906 9
248.403 10
251.228 9
251.872 10
253.286 9
253.687 10
263.801 1
264.109 2
264.302 3
264.464 4
264.594 5
264.705 6
264.813 7
264.886 8
264.974 9
266.826 10
267.019 9
267.924 10
268.821 11
271.131 10
271.222 11
274.388 10
275.229 11
279.276 10
280.757 11
282.623 10
284.548 11
287.169 10
291.151 11
292.580 10
292.748 11
293.545 10
300.445 11
301.459 10
302.377 11
304.701 10
306.600 11
308.911 10
309.512 11
313.756 10
314.303 11
333.132 10
333.211 11
335.074 10
335.869 11
344.590 10
345.086 11
373.974 10
374.780 11
381.824 12
382.083 11
382.922 12
383.300 11
384.611 12
385.286 11
386.920 12
391.094 11
391.418 12
395.883 11
396.503 12
424.281 13
424.938 12
425.963 13
427.506 12
430.579 13
431.634 12
436.846 13
437.246 12
437.734 13
438.702 1
439.007 2
439.212 3
439.374 4
439.503 5
439.611 6
439.708 7
439.793 8
439.879 9
439.944 10
440.008 11
440.062 12
442.823 13
443.265 12
443.652 13
445.071 12
446.307 13
447.136 12
461.210 13
462.478 12
484.329 13
484.883 12
485.153 13
485.215 12
485.540 13
486.547 12
491.823 13
497.474 12
502.665 13
503.234 12
503.942 13
504.201 12
507.778 13
507.811 12
513.223 13
516.004 12
517.801 13
519.515 12
525.695 13
528.894 12
529.520 13
531.496 12
534.477 13
567.493 12
567.518 13
568.963 12
569.101 13
569.623 12
571.059 13
571.265 12
572.164 13
572.315 12
573.512 13
576.955 12
576.991 13
589.704 12
590.369 13
597.342 14
597.483 13
598.922 1
599.222 2
599.423 3
599.584 4
599.736 5
599.846 6
599.926 7
600.016 8
600.087 9
600.157 10
600.225 11
600.278 12
600.331 13
604.737 14
604.832 13
605.225 14
608.161 13
609.535 14
609.985 13
613.348 14
615.079 13
615.827 14
616.472 13
617.994 14
621.005 13
621.342 14
626.002 13
626.524 14
651.297 13
651.572 14
652.937 13
654.457 14
658.819 13
666.622 14
667.439 13
669.288 14
688.936 13
689.033 14
690.848 13
691.702 14
697.242 13
698.875 14
699.425 13
699.577 14
700.194 13
700.979 14
711.457 13
714.581 14
719.860 13
721.746 14
721.976 13
723.570 14
724.784 13
725.217 14
731.260 13
732.276 14
733.842 13
733.871 14
733.892 13
735.039 14
736.062 13
737.502 14
737.979 13
738.106 14
740.014 13
742.095 14
742.930 13
743.064 14
757.187 13
759.577 14
761.360 13
761.738 14
822.546 13
823.609 14
829.606 13
831.791 14
852.352 13
852.541 14
894.804 13
896.731 14
902.898 13
904.899 14
905.928 13
906.047 14
908.106 13
908.127 14
925.271 13
925.821 14
928.312 13
928.504 14
931.305 13
936.514 14
936.565 13
943.464 14
946.007 13
946.274 14
958.879 15
959.848 14
961.580 15
961.891 14
965.979 15
967.637 14
976.430 15
977.295 14
979.100 15
979.246 14
980.849 15
986.308 14
987.293 15
988.843 14
1010.822 15
1012.601 14
1032.117 15
1035.341 14
1039.629 15
1041.624 14
1042.756 15
1046.016 14
1047.657 15
1097.712 14
1098.716 15
1100.938 1
1101.245 2
1101.450 3
