1.5917892456054688 1
1.9989712238311768 2
2.0329933166503906 3
2.0406582355499268 4
2.1308693885803223 5
2.2007434368133545 6
2.2772481441497803 7
2.292104721069336 8
2.5080227851867676 9
2.5316450595855713 10
2.9078121185302734 11
3.1367857456207275 12
3.3289852142333984 13
3.4483063220977783 14
3.6098623275756836 15
3.6568870544433594 16
3.9576022624969482 17
4.789878845214844 18
4.951411247253418 19
7.427030086517334 20
8.10692024230957 21
10.25980281829834 22
12.408478736877441 23
13.519139289855957 24
17.345232009887695 25
17.91411781311035 26
18.50835609436035 27
18.694726943969727 28
20.76209831237793 29
20.812917709350586 30
22.276527404785156 31
22.7706298828125 32
24.59316635131836 33
25.643413543701172 34
28.70658302307129 35
29.23225975036621 36
29.52985191345215 37
30.639049530029297 38
32.31011962890625 39
33.8333625793457 40
35.991241455078125 41
36.97984313964844 42
37.07279586791992 43
38.35034942626953 44
40.51083755493164 45
40.60005569458008 46
40.71415710449219 47
41.96163558959961 48
43.07113265991211 49
44.123775482177734 50
44.917198181152344 51
45.22294998168945 52
45.584190368652344 53
45.84523391723633 54
46.19575881958008 55
47.890987396240234 56
48.55458068847656 57
48.93442153930664 58
49.164154052734375 59
49.313514709472656 60
52.93195724487305 61
53.58213424682617 62
53.83489990234375 63
54.28890609741211 64
58.04212951660156 65
58.68804931640625 66
59.28791046142578 67
59.57657241821289 68
62.15787124633789 69
68.51882934570313 70
69.16392517089844 71
69.94218444824219 72
73.40167999267578 73
73.56167602539063 74
74.39901733398438 75
75.10914611816406 76
80.46803283691406 77
81.69583892822266 78
86.27165985107422 79
87.0577392578125 80
87.4443588256836 81
88.82744598388672 82
89.83126831054688 83
92.72799682617188 84
93.05313873291016 85
93.63170623779297 86
95.3910140991211 87
96.77479553222656 88
98.32019805908203 89
99.70984649658203 90
100.49075317382813 91
101.32022857666016 92
103.29204559326172 93
106.70002746582031 94
109.27244567871094 95
110.67891693115234 96
111.27915954589844 97
111.87226104736328 98
113.86996459960938 99
118.65692901611328 100
118.6966781616211 101
121.49528503417969 102
122.930908203125 103
124.23279571533203 104
125.25178527832031 105
126.0226821899414 106
126.02725982666016 107
129.13409423828125 108
129.22532653808594 109
130.93174743652344 110
132.96255493164063 111
138.4723358154297 112
139.21075439453125 113
141.4752960205078 114
144.6865234375 115
145.1024932861328 116
145.60842895507813 117
146.10787963867188 118
146.5662384033203 119
150.51881408691406 120
154.25872802734375 121
154.5824737548828 122
162.9968719482422 123
172.76866149902344 124
173.8374786376953 125
178.03292846679688 126
182.08090209960938 127
188.791259765625 128
195.3170623779297 129
196.4531707763672 130
199.0218048095703 131
201.860595703125 132
202.62986755371094 133
204.3110809326172 134
206.08290100097656 135
211.60516357421875 136
212.73526000976563 137
213.6240997314453 138
215.86180114746094 139
215.9513397216797 140
221.27362060546875 141
223.99754333496094 142
248.213623046875 143
249.94927978515625 144
256.51318359375 145
259.82037353515625 146
263.21856689453125 147
263.26763916015625 148
264.4184265136719 149
266.3597106933594 150
270.5943603515625 151
281.4263610839844 152
281.8347473144531 153
288.55224609375 154
288.8568115234375 155
295.534912109375 156
316.21551513671875 157
316.46270751953125 158
319.2926940917969 159
319.511474609375 160
320.0923156738281 161
328.4208068847656 162
333.56243896484375 163
335.9244384765625 164
340.7549133300781 165
350.46649169921875 166
352.6234130859375 167
354.04315185546875 168
364.15972900390625 169
366.473876953125 170
368.53863525390625 171
381.6952819824219 172
392.5660095214844 173
392.95843505859375 174
396.8792419433594 175
402.4817810058594 176
417.70758056640625 177
418.9961242675781 178
422.10888671875 179
423.0223388671875 180
428.771484375 181
433.7809753417969 182
436.31085205078125 183
438.6065368652344 184
454.5731201171875 185
457.9149169921875 186
458.8719787597656 187
481.65875244140625 188
487.7965087890625 189
500.6596374511719 190
502.6831970214844 191
507.5079650878906 192
526.067626953125 193
529.1307983398438 194
530.035888671875 195
530.5767211914063 196
535.7489013671875 197
553.389892578125 198
587.3694458007813 199
591.4617309570313 200
595.8414916992188 201
619.42138671875 202
620.120849609375 203
642.02197265625 204
645.8893432617188 205
649.5317993164063 206
678.9523315429688 207
689.840087890625 208
710.4008178710938 209
716.9471435546875 210
722.5152587890625 211
723.80029296875 212
734.525634765625 213
736.4041748046875 214
751.0481567382813 215
781.5387573242188 216
794.4445190429688 217
795.8016967773438 218
807.6262817382813 219
813.8373413085938 220
815.3277587890625 221
862.2501220703125 222
884.0017700195313 223
901.2190551757813 224
902.3952026367188 225
909.5789794921875 226
915.4431762695313 227
926.9828491210938 228
938.6848754882813 229
941.67578125 230
945.7904052734375 231
963.5596313476563 232
976.8883056640625 233
1011.3568725585938 234
1022.6243896484375 235
1031.381591796875 236
1058.386474609375 237
1065.58447265625 238
1078.0928955078125 239
1099.302734375 240
1108.181640625 241
1108.267578125 242
1119.7744140625 243
1121.24560546875 244
1123.0206298828125 245
1133.9232177734375 246
1151.6785888671875 247
1154.74462890625 248
1160.7088623046875 249
1217.9752197265625 250
1226.9385986328125 251
1233.3189697265625 252
1248.5968017578125 253
1251.5396728515625 254
1284.9139404296875 255
1313.484130859375 256
1325.4765625 257
1368.8045654296875 258
1379.922607421875 259
1382.5694580078125 260
1420.876708984375 261
1464.264404296875 262
1477.1287841796875 263
1488.7825927734375 264
1504.035400390625 265
1532.4521484375 266
1554.204833984375 267
1561.2935791015625 268
1564.1470947265625 269
1611.843505859375 270
1817.251953125 271
1836.7845458984375 272
1852.689453125 273
1859.5491943359375 274
1866.5543212890625 275
1885.361083984375 276
1889.3131103515625 277
1913.4951171875 278
2022.0225830078125 279
2032.3277587890625 280
2054.734375 281
2056.37451171875 282
2179.20556640625 283
2251.73291015625 284
2397.911865234375 285
2406.3115234375 286
2422.09521484375 287
2479.021240234375 288
2788.11669921875 289
2806.928466796875 290
2877.34521484375 291
3193.915771484375 292
3427.704833984375 293
3469.7119140625 294
3482.084716796875 295
3577.590576171875 296
3587.73193359375 297
3936.3095703125 298
4027.84814453125 299
4082.994384765625 300
4115.16748046875 301
4209.49462890625 302
4260.52294921875 303
4339.310546875 304
4469.63818359375 305
4575.79931640625 306
4667.9833984375 307
4895.3525390625 308
4955.06640625 309
5240.34130859375 310
5449.4951171875 311
5468.9990234375 312
5654.96875 313
6118.61669921875 314
6363.23974609375 315
6442.04833984375 316
6710.009765625 317
6748.9580078125 318
7193.26025390625 319
