0.000
112.390
158.650
177.890
187.500
196.830
203.340
209.700
213.810
218.960
223.300
227.310
234.330
238.790
243.750
249.770
252.260
260.060
262.970
265.770
269.890
272.830
274.900
277.880
276.640
277.960
277.490
278.000
279.390
278.540
278.310
278.530
279.830
279.390
280.290
279.790
279.980
280.130
280.760
279.530
279.510
274.560
275.070
275.190
273.230
273.320
272.940
272.190
272.520
271.720
273.150
274.430
274.880
276.200
276.120
275.830
275.410
275.350
275.940
273.730
271.080
271.320
271.860
272.760
274.580
273.620
274.060
273.300
274.020
273.250
273.470
273.830
273.750
274.040
272.630
271.720
272.470
273.080
273.090
272.890
272.680
273.420
273.160
273.230
272.540
273.260
272.620
272.020
271.800
270.330
270.660
270.630
271.360
270.480
269.740
271.010
271.390
271.690
271.400
270.610
270.280
271.110
270.270
271.950
271.050
271.140
270.770
270.860
272.200
272.190
270.420
270.970
271.890
272.940
274.010
273.880
274.590
275.450
274.100
274.030
276.090
276.660
276.940
278.510
277.800
278.250
278.570
277.580
277.880
277.210
277.350
277.120
277.000
278.350
278.730
277.920
278.270
278.540
278.150
276.530
276.980
278.080
276.840
276.140
277.110
278.380
276.960
276.270
276.440
277.070
278.140
278.610
278.550
279.340
279.520
279.620
278.700
279.390
279.380
279.090
279.490
279.520
278.830
279.000
279.000
278.420
278.700
279.300
279.200
279.140
280.520
279.460
280.180
279.920
280.410
279.700
279.520
278.380
278.690
279.050
278.700
278.390
278.430
277.880
278.730
279.150
279.510
280.370
281.170
280.540
279.970
279.100
279.420
279.960
278.970
278.420
278.340
277.980
276.540
277.700
277.340
277.020
277.300
275.750
275.550
276.720
276.640
275.620
274.540
274.040
273.790
273.640
273.480
273.530
272.790
273.360
273.150
273.090
272.980
273.770
273.270
272.390
273.600
272.980
272.540
272.450
272.170
272.810
271.930
271.790
271.420
270.710
270.860
270.790
271.000
270.440
269.960
270.500
270.170
270.200
269.650
270.270
269.830
269.830
269.360
269.680
269.930
270.200
270.330
270.340
269.810
265.710
265.210
265.050
264.900
265.530
264.000
263.820
264.390
262.670
262.850
264.230
264.640
263.960
264.420
264.620
264.270
265.410
266.160
266.740
267.740
267.110
267.100
268.220
268.410
268.320
268.610
267.170
267.960
268.080
268.320
267.330
267.280
266.790
265.940
265.880
265.540
264.610
264.410
264.780
265.000
265.350
264.910
264.160
264.030
263.450
263.810
263.260
263.730
263.630
264.210
263.730
264.270
262.980
263.300
263.230
263.110
262.100
261.500
261.840
260.940
260.970
261.950
261.630
262.480
262.320
261.510
261.250
262.560
264.110
264.410
265.520
266.050
265.970
266.540
267.290
268.040
267.560
268.560
267.970
267.980
269.220
269.500
269.420
269.680
270.100
269.220
268.710
267.130
267.070
267.690
266.350
266.060
266.250
266.140
266.780
266.600
265.570
266.180
266.120
266.000
266.770
266.370
266.530
265.990
265.250
263.570
262.870
262.690
262.550
263.290
263.320
262.700
263.360
263.340
261.700
262.020
260.010
260.300
260.040
259.550
259.720
259.760
259.600
259.480
259.160
260.030
260.180
260.070
259.800
259.280
258.480
256.640
257.150
257.660
256.920
259.290
258.260
257.770
258.630
257.810
257.660
257.430
257.470
257.660
257.560
258.750
258.800
259.540
259.360
259.620
259.330
259.200
258.630
259.460
260.050
259.020
260.260
261.080
260.560
259.980
261.670
261.210
261.030
261.490
261.230
262.140
262.530
263.130
262.600
262.610
261.500
260.900
261.110
261.650
262.050
262.450
263.430
263.640
263.790
264.220
264.800
265.840
265.820
265.270
265.830
265.150
263.570
264.270
263.840
264.140
264.760
265.410
265.540
266.510
266.190
265.710
265.880
265.430
265.850
265.160
265.830
266.220
265.490
265.400
264.970
265.140
264.760
265.120
265.210
265.450
266.460
265.780
265.870
265.790
265.660
266.030
264.420
263.990
264.050
262.260
261.870
262.580
262.920
262.550
262.330
263.190
262.730
262.660
262.960
262.410
262.120
261.580
262.320
262.610
263.290
263.640
264.800
264.070
263.760
263.380
262.470
262.880
262.170
262.900
262.610
262.460
262.580
262.340
261.570
261.690
261.230
261.850
263.700
264.700
264.300
264.250
262.720
262.050
261.580
261.780
262.330
262.760
261.820
261.860
260.780
261.070
261.670
261.850
262.030
262.150
261.660
261.670
260.990
260.960
261.690
261.630
260.840
261.620
261.280
260.990
262.510
264.880
264.630
265.400
265.500
264.510
263.300
263.650
263.890
264.380
264.000
263.660
264.480
264.220
263.270
263.190
264.300
265.000
264.880
264.560
263.600
262.870
263.030
263.860
263.970
264.990
265.860
266.920
266.440
265.700
266.660
266.140
265.600
265.290
265.250
264.680
264.740
263.920
263.990
263.270
263.700
264.290
264.180
263.980
263.810
264.530
263.730
263.590
264.540
263.670
264.120
264.670
264.630
265.170
264.670
264.930
264.740
264.580
265.610
266.040
266.200
265.380
265.230
264.870
265.460
263.800
265.120
266.050
266.090
266.680
267.120
267.040
266.140
266.170
265.710
266.320
265.910
266.480
266.270
266.460
266.940
266.350
266.710
266.080
265.530
265.750
265.760
265.620
265.730
264.120
259.320
261.220
260.270
260.590
260.330
259.990
260.110
261.010
260.510
260.500
261.220
261.390
261.700
261.330
260.800
261.520
262.120
262.220
262.130
262.920
261.490
261.370
260.990
261.300
261.600
262.540
262.410
261.180
261.390
259.120
259.160
259.020
258.570
259.770
259.040
259.020
259.430
259.810
260.100
260.740
259.710
259.280
258.660
259.200
258.890
259.280
257.840
258.350
258.300
258.790
259.360
258.790
259.910
259.940
259.860
260.330
259.790
260.840
261.630
259.290
259.890
259.300
259.540
259.770
258.430
258.890
259.320
259.470
259.620
259.360
259.130
259.250
259.810
260.070
259.630
259.680
259.020
259.240
259.270
259.450
259.470
259.000
259.290
258.350
258.120
257.660
257.980
258.090
257.510
257.290
254.050
254.430
255.160
256.010
254.630
254.920
254.250
253.750
253.140
254.310
253.580
253.620
252.510
252.870
250.920
250.650
250.390
250.700
251.210
252.190
250.360
250.400
249.740
250.330
250.350
250.230
248.870
248.610
248.400
248.350
248.530
248.920
248.650
249.230
248.860
249.060
247.910
247.820
248.680
249.220
248.810
249.000
248.350
248.790
248.720
249.070
249.180
248.510
248.560
248.520
249.320
248.680
249.280
251.210
250.690
251.260
251.230
251.120
250.990
250.740
249.950
251.000
250.950
250.260
248.680
249.490
249.770
249.320
248.800
248.000
247.110
248.160
248.010
247.660
248.080
248.610
248.820
250.110
249.770
249.230
249.670
248.870
249.170
249.520
250.090
250.890
250.740
250.790
251.200
250.740
250.690
250.970
251.740
252.070
251.320
249.950
250.930
249.610
249.380
249.500
249.770
249.400
251.120
251.390
249.270
249.680
249.590
250.570
252.080
250.250
250.580
250.110
250.500
250.410
251.610
252.280
251.920
250.930
250.590
250.960
251.590
252.360
251.870
253.000
252.750
252.220
251.880
252.620
252.390
251.600
252.270
252.060
252.410
251.980
252.710
251.750
252.000
252.300
251.240
250.920
252.240
253.860
253.110
253.090
252.000
252.340
252.270
252.930
253.450
253.760
253.070
253.110
252.990
252.960
251.330
251.950
251.380
251.990
251.490
250.680
250.970
251.160
251.780
251.660
251.950
252.740
252.070
251.200
252.540
251.970
252.050
252.310
251.520
251.860
250.990
250.800
251.570
250.840
250.500
250.520
250.540
250.570
250.880
250.940
251.110
251.370
250.570
250.830
250.430
250.410
250.340
250.360
251.230
251.460
251.610
251.520
251.050
251.520
251.460
250.850
250.540
251.630
250.920
252.300
250.440
248.030
247.580
248.380
248.350
249.050
249.550
248.960
248.870
248.940
248.910
248.900
248.950
249.650
250.220
249.590
248.910
249.260
248.770
249.640
249.600
249.170
248.790
249.200
247.530
245.940
247.070
241.380
240.220
240.760
240.990
240.730
241.010
241.030
240.670
240.730
240.640
241.530
241.110
240.240
240.850
241.290
239.680
240.150
240.950
240.980
240.880
241.590
240.600
240.780
240.100
240.060
240.400
240.510
240.980
240.730
240.810
240.240
239.730
240.060
240.870
240.360
240.060
240.530
241.160
240.920
241.450
242.100
241.200
241.210
242.090
242.310
241.990
242.120
243.180
242.890
242.500
242.520
242.070
242.720
243.620
243.270
244.050
242.470
241.250
241.360
241.200
241.720
240.950
241.440
241.430
240.860
241.220
240.860
241.450
240.970
240.190
240.740
242.130
242.640
242.070
241.590
241.280
241.960
241.150
242.210
242.510
242.350
243.160
242.880
242.940
243.880
243.830
242.710
242.430
243.250
243.380
242.910
243.150
243.280
243.130
243.470
242.310
242.280
242.080
242.240
242.550
243.480
243.180
243.910
243.540
244.230
244.680
244.070
243.000
242.730
243.270
243.630
243.370
243.640
244.880
244.660
244.690
244.220
244.250
245.380
246.360
246.570
245.610
245.750
246.600
246.930
246.570
246.540
246.920
247.000
248.440
246.850
246.800
247.240
247.260
246.720
246.410
244.710
244.870
246.690
245.700
244.880
245.330
245.320
244.550
244.540
245.190
245.190
245.470
245.390
245.590
246.280
244.820
244.740
244.810
244.590
244.590
244.250
243.630
243.180
243.950
244.570
243.410
244.350
244.580
244.820
244.780
243.990
243.520
244.130
243.940
243.800
244.700
245.320
246.140
246.130
245.390
245.160
246.970
241.720
240.980
240.330
240.970
241.010
240.490
240.510
240.870
240.850
241.430
241.990
241.490
241.680
240.180
240.250
237.590
237.520
238.180
237.860
238.440
238.740
237.880
237.760
237.740
238.240
237.960
238.700
238.320
238.950
237.870
239.320
239.160
238.990
238.630
237.550
237.250
239.710
240.390
240.690
241.500
242.620
243.270
242.910
242.420
242.380
243.150
242.690
243.230
243.140
243.790
243.620
244.240
244.200
243.830
244.110
245.100
245.550
245.270
244.510
246.180
243.830
243.130
244.140
243.540
243.130
242.610
243.440
243.450
242.950
243.660
243.020
242.660
243.990
242.670
242.640
243.230
244.010
243.110
243.370
242.840
243.010
243.060
243.080
244.020
242.880
242.920
243.950
242.930
244.060
244.040
244.070
243.610
243.810
243.920
243.860
244.530
243.740
242.060
243.520
244.350
244.110
243.480
243.550
243.240
242.500
242.190
242.290
242.690
240.700
240.920
240.740
241.020
240.900
241.180
240.960
240.650
239.800
240.240
240.300
240.450
241.720
241.540
241.240
240.000
239.770
240.420
240.640
239.290
239.800
239.990
240.530
238.880
238.860
239.770
238.930
239.300
238.100
238.670
239.530
240.120
240.890
239.660
239.900
238.790
239.430
239.510
239.020
238.570
238.430
239.880
240.130
238.910
239.450
239.100
239.860
240.010
239.910
239.890
239.350
238.510
238.880
238.060
239.160
239.480
238.790
238.980
239.150
238.580
238.600
238.790
240.190
238.760
239.240
240.270
239.350
239.490
240.280
238.780
240.410
240.120
239.790
239.200
239.010
240.180
239.210
239.760
240.050
240.140
239.370
238.970
240.610
241.380
239.780
239.490
238.880
239.520
239.100
239.750
239.950
239.080
238.940
239.290
239.970
239.740
238.710
238.630
238.650
239.460
239.920
239.830
240.600
240.840
240.850
240.710
240.970
240.890
241.380
240.680
241.200
242.200
241.990
241.040
241.230
242.700
241.110
241.440
242.080
239.640
240.870
242.430
241.200
241.420
242.330
240.670
241.470
241.310
240.980
241.380
242.110
240.200
240.620
241.460
240.560
241.510
241.340
241.280
240.880
241.610
241.710
241.180
242.410
241.110
241.320
242.430
243.600
243.890
242.920
242.070
243.400
243.530
242.480
242.110
242.060
241.680
242.180
243.220
243.260
242.920
242.480
243.160
242.420
243.590
242.650
243.260
242.700
242.880
243.710
243.430
243.310
242.460
242.730
243.080
242.700
242.040
242.430
243.620
242.450
243.170
242.870
242.120
243.080
242.060
242.650
243.160
244.400
241.610
242.940
242.790
242.970
244.260
242.880
242.680
243.160
242.830
242.550
242.730
242.790
243.110
242.810
243.160
243.100
243.050
241.610
241.660
242.680
242.150
242.700
242.500
242.840
242.880
242.610
241.460
242.090
242.020
241.570
240.860
241.300
242.590
242.520
242.190
242.420
243.040
243.040
243.790
243.350
243.300
243.140
242.960
243.140
241.850
242.320
242.290
242.480
241.870
242.120
240.850
241.510
242.470
241.910
241.830
242.530
242.190
241.760
242.460
242.330
241.410
243.810
242.960
242.420
242.320
242.040
242.910
242.510
242.220
242.840
243.310
243.410
242.840
242.940
241.460
242.800
243.160
243.740
243.010
241.930
243.110
243.790
245.130
243.050
243.110
244.160
243.570
244.000
242.150
242.630
239.920
239.270
240.550
239.120
240.050
239.850
240.640
240.500
238.830
239.430
239.550
238.420
238.490
239.860
239.730
239.420
239.390
240.470
239.200
240.880
240.450
240.940
240.310
239.160
240.850
241.050
239.900
239.970
235.820
235.720
235.920
236.090
236.250
235.800
236.820
235.030
235.780
235.550
235.920
234.920
235.890
236.460
236.960
236.430
237.130
235.650
235.720
234.550
235.330
235.650
234.650
235.550
235.680
235.790
236.120
235.520
235.710
231.720
232.860
229.390
227.440
227.020
227.470
227.250
227.250
227.500
226.780
226.670
227.410
226.360
226.710
227.290
227.410
227.080
226.750
226.530
225.990
226.450
226.810
226.420
226.730
227.070
226.720
226.570
226.960
227.280
226.550
226.930
226.890
227.140
226.240
226.580
227.640
227.100
226.130
226.480
227.100
226.480
227.130
226.400
226.320
226.050
226.040
227.140
227.170
227.720
228.080
225.940
226.260
227.680
227.710
226.310
226.930
227.090
226.830
227.140
226.230
226.270
225.640
226.230
226.660
227.530
227.410
226.470
226.600
228.030
226.470
227.550
226.340
226.840
228.380
227.450
226.650
226.660
227.270
227.490
225.900
225.980
225.480
225.880
226.980
226.350
227.020
227.020
227.230
227.360
226.450
226.330
226.800
227.000
227.670
227.300
227.880
227.570
226.810
226.640
227.180
226.930
227.060
227.700
227.440
227.330
227.540
227.140
227.440
228.150
228.370
228.840
227.060
227.170
227.650
227.970
228.350
228.790
229.000
228.200
228.030
228.210
227.750
228.410
229.100
228.360
227.690
226.910
227.040
227.180
229.080
228.190
227.210
228.020
227.550
227.530
227.350
227.760
228.510
227.050
227.400
227.470
227.490
227.700
228.200
227.810
227.960
228.500
226.580
226.780
226.840
226.940
227.040
227.070
227.890
227.710
228.720
227.560
228.810
228.550
228.600
227.610
228.220
228.490
227.860
228.910
228.720
229.020
229.020
227.420
227.650
227.680
227.330
228.480
228.160
228.250
228.310
228.350
229.240
228.690
228.560
228.760
228.560
228.260
228.210
228.560
228.330
228.390
228.120
228.480
228.340
228.090
227.950
228.260
228.770
228.020
228.000
228.210
228.370
228.540
228.620
228.040
228.210
228.240
228.650
228.540
229.190
228.940
228.740
228.700
228.860
228.900
228.880
229.370
229.150
229.160
228.670
228.700
228.970
228.770
228.770
228.840
228.700
228.820
229.880
228.660
229.500
228.080
228.070
228.130
228.260
229.350
227.700
227.570
228.360
228.170
228.100
228.450
228.000
227.250
227.480
228.130
228.430
229.210
228.490
228.670
228.290
228.230
228.420
226.670
228.260
229.660
228.810
228.680
229.390
229.200
226.790
227.790
226.090
225.870
225.640
226.700
226.290
226.690
228.040
227.830
227.350
226.910
227.200
227.540
226.870
226.490
226.560
227.470
227.600
227.030
227.760
227.730
228.160
228.490
229.030
229.010
228.830
227.720
227.590
228.190
228.230
227.910
227.830
228.160
228.000
227.870
227.780
227.720
227.300
227.590
227.760
227.710
226.340
227.170
227.700
228.190
228.710
228.410
228.250
228.640
228.960
228.850
229.240
229.240
229.100
228.800
229.710
229.890
229.720
228.770
228.520
228.860
228.810
228.550
228.480
228.150
227.930
228.140
227.500
227.550
227.210
227.490
227.430
227.190
227.960
227.630
228.050
228.030
227.110
227.400
227.490
227.000
227.090
227.570
227.060
227.050
226.870
226.790
226.710
226.930
226.800
226.840
227.090
227.290
226.810
226.730
227.860
228.370
229.440
229.730
229.930
230.280
230.800
230.550
230.600
230.160
230.270
230.310
230.970
230.610
230.020
229.880
230.210
229.470
229.740
229.150
229.370
230.430
230.790
229.740
229.730
229.610
229.850
229.730
229.230
229.520
228.450
229.450
228.690
229.480
229.700
228.720
228.780
229.540
229.550
229.770
229.000
230.250
228.740
228.680
229.490
229.430
229.400
229.250
229.400
229.460
229.360
229.980
230.050
230.550
229.470
230.170
229.680
228.640
229.060
229.290
229.540
229.530
230.010
229.890
229.880
229.260
229.330
229.320
229.860
229.710
229.660
230.020
230.400
230.360
230.520
229.970
229.820
229.910
229.630
230.110
229.990
229.930
230.120
230.200
230.410
230.440
229.810
230.180
230.640
230.330
229.970
230.800
230.470
229.800
230.150
229.700
229.980
229.630
230.260
230.190
229.740
230.070
229.940
229.640
229.480
229.740
229.690
229.660
229.850
229.400
228.660
230.230
229.140
229.510
228.550
228.890
229.080
229.080
229.170
225.530
226.590
226.530
227.200
227.510
228.300
228.090
228.230
228.270
227.770
227.140
227.520
227.340
227.800
228.090
228.460
228.080
227.750
227.820
228.160
228.780
227.740
227.390
227.670
228.510
228.660
228.780
228.700
228.900
229.030
229.040
228.670
229.030
229.020
229.160
229.480
229.330
229.070
229.690
229.180
229.380
229.470
229.450
229.790
228.860
229.340
228.670
228.570
228.530
228.860
228.840
228.460
228.760
229.280
229.520
230.150
229.220
229.420
229.650
229.120
229.240
229.070
229.150
229.060
230.200
227.850
229.190
228.970
230.110
229.290
229.150
229.140
229.060
229.350
228.880
229.030
228.830
229.130
228.890
229.460
229.350
230.160
229.180
230.070
229.850
229.310
230.380
229.080
229.430
229.070
229.520
230.100
229.870
229.670
229.670
228.130
228.120
228.440
228.380
229.180
229.300
229.040
228.860
229.230
229.170
229.050
229.110
228.970
228.770
229.430
229.290
230.200
230.110
230.630
229.780
229.470
229.300
229.070
229.460
229.030
229.410
228.770
228.760
228.970
229.090
229.050
229.060
228.930
229.040
229.170
229.230
229.430
229.380
229.470
229.700
229.470
229.700
230.040
230.210
229.840
229.680
229.700
229.330
229.530
229.310
229.280
229.570
229.360
229.820
229.630
229.570
229.860
230.320
230.560
230.430
230.660
230.830
231.050
230.900
230.680
230.640
230.820
230.280
230.660
230.710
230.290
230.270
230.290
230.520
230.260
230.560
230.840
231.230
231.560
231.170
230.980
230.910
230.640
230.810
230.690
230.280
230.260
230.140
230.300
230.390
230.970
230.390
230.470
230.410
230.520
230.450
230.630
230.330
230.160
230.110
229.540
229.670
229.610
229.640
229.780
229.420
230.100
229.850
230.040
230.050
229.980
230.090
230.070
229.800
229.690
229.690
229.800
229.580
229.600
229.660
229.930
229.430
229.510
229.430
229.330
230.780
232.140
231.260
232.070
231.250
231.370
231.370
231.500
231.360
231.440
231.810
231.770
231.900
231.480
231.930
232.050
231.900
232.030
232.030
232.770
233.060
232.970
232.280
231.110
231.380
232.430
232.300
232.610
232.830
233.140
231.910
232.930
232.460
232.660
232.520
232.100
233.120
232.890
232.880
232.980
233.000
232.420
232.870
232.970
232.540
232.600
232.550
232.450
232.320
232.040
231.960
231.910
232.020
232.060
231.770
231.840
231.730
232.030
231.560
231.830
232.120
232.380
232.350
232.230
232.060
231.900
231.910
231.880
232.080
232.130
231.910
231.950
231.870
231.880
231.780
232.540
232.120
231.690
231.360
231.580
231.780
231.940
232.160
232.230
231.630
231.640
232.150
232.330
231.730
231.850
231.210
231.560
232.000
231.690
231.850
232.130
231.750
232.140
231.860
231.950
231.450
231.990
231.950
231.930
231.880
231.940
231.880
232.050
232.560
232.580
232.940
232.630
232.600
233.450
233.090
232.560
231.900
231.970
232.810
232.530
232.260
232.470
232.460
232.400
232.430
232.320
232.520
232.480
232.530
232.470
232.390
232.640
233.130
233.260
233.790
234.020
233.040
233.140
233.040
233.040
233.190
232.720
232.790
233.300
233.150
232.460
232.500
232.400
232.370
232.600
232.490
232.810
232.910
232.490
233.280
233.520
234.050
234.250
234.650
234.560
234.680
234.970
234.810
234.880
235.100
235.090
235.040
235.180
234.920
235.370
235.940
236.170
236.360
236.800
237.300
237.150
237.200
237.380
236.990
237.220
237.080
237.110
236.980
236.680
236.910
237.090
237.350
237.590
237.010
236.970
236.930
236.880
236.910
237.410
237.340
236.820
237.040
237.470
237.390
237.060
236.780
236.210
236.430
236.590
236.640
236.020
236.250
236.380
236.600
236.380
236.270
237.000
237.120
236.880
236.870
236.340
236.570
236.620
236.750
236.610
236.690
236.580
236.440
236.660
236.730
236.670
236.670
236.760
237.030
236.970
237.160
237.030
236.770
236.110
236.570
236.080
236.070
236.080
236.010
236.130
236.530
237.140
236.910
236.680
236.880
236.820
236.830
236.260
236.450
236.590
236.530
236.610
236.280
236.550
236.630
236.630
236.740
236.850
237.150
237.440
237.350
237.440
237.320
237.090
237.170
237.280
237.060
236.950
237.320
236.790
236.530
236.220
236.820
236.180
236.630
236.330
236.290
236.350
235.570
236.110
236.330
236.370
236.760
237.370
235.710
236.290
236.310
236.060
236.420
236.640
236.510
237.610
236.610
237.240
237.110
236.880
236.870
235.730
235.720
235.810
235.930
236.050
236.800
236.860
237.200
238.010
236.900
236.860
236.780
237.030
237.000
237.600
237.150
236.400
236.160
235.880
236.110
236.320
236.610
236.590
236.140
236.010
235.840
236.440
236.500
235.880
235.330
235.670
235.940
236.160
236.050
236.100
236.210
236.550
236.730
237.160
237.220
236.670
237.070
237.200
237.950
237.590
237.480
237.490
237.180
237.260
237.170
236.750
236.600
236.450
236.510
237.160
236.830
236.490
236.780
236.650
236.850
237.020
237.420
237.040
237.950
237.840
238.100
237.180
236.880
236.810
236.460
236.560
236.470
236.220
236.480
236.220
236.210
236.450
236.890
236.730
236.730
236.940
236.480
236.900
236.780
236.700
236.860
237.310
236.980
236.600
236.490
236.680
236.920
236.110
236.320
235.900
235.840
235.940
236.610
237.190
236.740
236.580
236.720
237.260
237.150
236.960
237.150
237.420
237.640
237.030
236.980
236.840
236.720
236.540
236.500
236.610
236.460
236.460
236.440
236.520
237.190
235.840
235.840
235.930
236.350
237.170
235.670
235.950
236.090
236.140
236.870
236.780
236.660
236.870
237.340
237.290
237.010
237.130
236.980
237.500
237.040
237.090
237.500
237.860
237.490
237.380
237.510
238.280
237.770
237.410
237.470
237.520
237.040
236.840
236.870
236.800
236.960
237.130
236.990
237.120
237.190
236.850
236.760
236.910
237.020
237.250
237.440
237.520
237.220
237.490
237.830
237.860
237.880
237.480
237.370
237.210
237.210
237.210
237.680
237.240
237.400
237.690
237.520
237.750
237.980
237.690
237.760
237.710
237.570
237.520
237.600
237.660
237.790
237.600
237.720
237.780
237.690
237.590
237.560
237.870
237.600
237.500
237.690
237.650
237.640
237.750
237.550
238.130
238.150
238.040
238.300
238.130
238.210
238.130
237.870
237.940
237.870
237.610
237.670
237.700
237.800
237.620
237.350
237.790
238.230
237.730
237.840
237.920
237.840
238.420
238.580
238.300
238.200
237.970
238.200
237.660
237.710
237.000
237.070
235.560
235.130
235.670
236.390
237.550
237.500
237.450
236.960
237.250
238.460
238.790
238.560
238.650
239.020
239.270
239.440
239.050
239.350
239.300
238.190
238.200
238.000
237.580
237.860
237.920
237.980
238.080
238.200
238.310
238.260
238.600
238.900
238.790
238.600
238.490
239.010
239.350
239.290
239.580
239.050
239.020
239.070
239.040
239.050
239.120
239.090
239.010
239.300
238.860
238.980
238.590
238.790
238.690
238.690
238.500
238.670
238.740
239.130
238.300
238.300
238.790
238.660
238.860
238.620
238.650
238.860
238.580
238.580
238.470
238.940
238.780
238.680
238.750
238.980
239.160
239.250
239.290
239.150
238.920
237.840
237.800
237.850
238.140
238.040
237.380
237.200
237.000
237.160
237.480
237.490
237.390
237.470
237.940
237.750
237.220
237.330
237.250
237.230
238.240
237.690
237.800
237.620
237.450
237.470
238.060
237.430
237.030
236.650
236.680
236.590
236.750
237.030
236.860
236.970
237.020
237.350
236.990
237.160
237.210
237.100
237.020
237.190
236.980
237.290
237.280
237.130
237.680
237.010
237.380
237.300
237.110
237.690
237.420
237.210
237.230
237.250
237.120
237.240
237.130
237.080
237.200
237.130
237.320
237.270
237.310
237.440
237.690
237.450
237.610
238.000
238.290
238.970
239.030
238.940
237.930
237.970
238.330
238.110
238.270
238.360
238.660
238.280
238.100
238.020
238.300
238.180
238.210
237.760
237.900
238.540
238.160
238.060
237.980
238.050
238.360
238.410
238.470
238.590
238.650
238.490
238.440
238.460
238.640
238.630
238.550
238.650
238.850
238.710
238.600
238.600
238.620
238.620
238.400
238.560
238.040
238.050
238.050
237.820
238.490
237.960
238.120
238.060
238.370
238.250
238.420
238.510
238.720
238.520
238.600
238.410
238.520
239.070
238.670
238.560
238.610
238.820
238.720
239.220
238.660
238.270
238.280
238.060
237.950
238.120
237.880
238.390
238.090
237.590
237.830
238.300
238.530
238.140
238.210
238.300
238.270
238.580
238.360
238.300
238.440
238.420
238.460
238.680
238.810
238.780
238.570
238.510
238.840
238.610
238.650
238.800
239.100
239.360
239.930
239.920
240.280
239.820
239.600
239.200
238.740
238.590
238.830
238.770
238.470
238.160
238.630
238.780
238.300
238.700
238.950
239.040
239.130
239.400
239.010
239.350
238.780
238.820
239.220
239.660
239.430
239.460
239.330
239.490
239.150
239.280
239.190
238.960
238.290
238.410
238.690
238.750
238.930
238.650
238.800
238.850
239.060
238.780
238.940
238.890
238.750
239.070
239.140
239.540
239.440
239.370
239.130
238.960
238.910
239.310
238.970
238.720
238.730
238.940
238.990
239.000
238.470
238.730
238.800
238.930
238.940
238.660
238.920
238.830
238.860
239.490
239.750
239.270
239.410
239.440
239.290
239.350
239.370
239.680
239.430
239.650
239.670
239.780
239.870
239.780
239.820
239.700
239.750
239.630
239.530
239.680
239.330
239.940
239.320
239.380
239.510
238.810
239.240
239.590
239.090
239.500
238.950
238.850
238.860
238.980
238.860
239.210
239.560
239.230
239.000
238.870
238.920
239.090
239.280
239.140
239.050
238.970
239.110
238.960
239.160
239.290
239.470
239.330
239.350
239.360
239.190
239.150
239.140
239.270
239.180
239.220
239.260
239.410
239.380
239.480
239.420
239.600
239.290
239.260
239.480
239.700
239.790
239.680
239.770
239.780
239.920
239.950
239.930
239.930
240.180
239.760
239.580
239.680
239.580
238.900
239.100
239.670
239.650
239.430
239.230
239.340
239.320
239.430
239.690
239.410
239.900
239.670
239.710
239.490
239.330
239.290
239.230
239.260
239.700
239.420
239.360
239.300
239.280
239.350
239.520
239.870
240.150
240.140
239.860
239.970
240.020
239.860
239.720
239.430
239.410
239.810
239.420
238.650
238.940
239.460
239.320
238.670
238.700
238.950
238.920
239.240
239.490
238.940
238.910
239.190
239.020
238.920
238.780
238.670
238.740
239.180
239.320
238.970
238.760
239.170
238.940
239.220
239.460
238.770
238.770
238.880
238.670
238.860
238.610
238.770
239.130
239.020
239.360
239.350
239.310
238.920
238.840
238.890
239.350
238.980
239.010
239.440
239.150
239.060
238.870
238.610
238.870
238.870
239.210
238.660
238.720
238.930
238.790
239.050
239.060
238.960
239.930
239.180
239.140
239.210
239.140
239.330
239.330
238.990
239.060
239.040
239.270
238.940
238.670
238.640
238.690
238.550
238.900
238.780
238.820
238.980
239.010
239.450
239.410
239.260
239.590
239.580
239.710
239.200
239.080
239.120
239.440
239.810
239.850
239.750
239.890
239.880
240.140
240.230
240.040
240.110
240.020
240.200
239.440
239.320
239.510
239.190
239.270
239.660
239.700
239.750
240.390
240.370
240.610
239.400
239.710
239.540
239.330
239.490
240.070
240.250
240.800
240.080
240.150
240.280
240.620
240.620
240.580
241.010
239.970
239.990
240.130
240.020
239.810
239.800
239.700
239.790
239.950
240.000
239.970
239.960
239.930
240.020
240.100
239.710
239.880
239.710
239.710
239.930
239.630
239.610
239.660
239.920
239.640
239.620
239.900
239.400
239.310
239.490
239.200
239.420
239.390
239.490
239.870
239.150
239.720
240.020
239.870
240.010
240.550
240.410
241.330
239.320
240.030
240.020
238.910
239.870
239.670
239.900
239.880
240.790
239.330
239.560
240.070
240.530
240.260
240.370
240.600
241.390
240.460
240.530
240.650
240.760
240.530
240.020
240.270
239.990
239.430
239.250
239.380
239.690
239.930
240.010
239.900
240.130
239.960
239.980
240.150
240.300
240.440
240.830
240.780
240.640
240.620
240.260
240.180
240.230
240.990
240.930
241.180
240.380
240.850
241.180
240.820
241.000
240.450
240.700
240.550
240.560
240.400
240.450
240.570
240.890
241.190
241.340
240.270
241.540
241.710
241.740
242.110
241.750
241.450
241.580
241.730
241.550
241.490
241.520
241.330
241.570
242.250
242.400
242.350
242.500
242.590
242.480
242.460
242.470
242.580
242.400
242.500
242.150
242.060
242.410
241.770
242.020
242.030
242.260
242.250
242.290
242.390
242.530
242.440
242.650
242.720
242.720
243.010
242.970
242.970
242.080
241.930
241.890
242.200
241.660
241.870
241.980
241.960
242.380
241.990
242.010
242.050
242.230
242.170
242.260
242.530
242.060
241.980
242.250
242.530
242.360
242.390
242.580
242.720
242.310
242.230
242.170
242.430
242.270
242.470
242.300
242.810
242.700
242.810
242.960
243.090
243.390
243.170
243.950
243.700
243.430
244.420
244.320
244.950
244.100
243.600
243.570
243.370
243.030
243.060
242.930
242.780
242.640
242.710
242.890
242.920
243.030
243.540
243.940
244.180
243.990
243.950
243.640
243.230
244.080
239.040
238.910
239.180
239.380
238.820
238.970
239.130
238.640
238.940
238.890
238.360
236.730
236.490
236.290
236.340
236.820
236.670
236.870
237.400
237.250
237.560
237.290
237.210
237.490
237.170
237.030
237.140
237.080
237.150
237.480
237.260
237.510
237.300
237.430
237.600
237.330
237.430
237.840
237.560
238.090
237.910
237.980
237.960
238.040
238.120
238.490
238.550
237.980
237.820
237.830
237.880
238.230
237.960
238.130
237.940
237.960
237.660
237.960
238.080
237.980
238.230
237.890
237.700
237.830
237.960
237.540
237.520
237.200
237.110
237.410
237.220
237.170
237.280
237.400
237.840
237.720
237.390
237.680
237.440
237.320
237.380
237.500
237.500
237.120
236.750
237.050
237.140
237.340
237.530
237.150
237.060
237.210
237.520
237.310
237.250
237.450
237.710
237.550
237.580
237.680
237.830
237.870
237.720
237.660
237.820
238.040
237.650
237.560
237.870
237.540
237.690
237.660
237.550
237.780
237.460
237.490
237.570
237.310
237.470
237.190
237.010
237.400
237.030
237.070
237.060
237.080
237.260
236.940
237.410
237.400
236.870
237.450
236.870
236.770
237.520
237.560
237.720
236.950
236.920
237.120
237.220
237.360
237.520
237.600
237.590
237.270
237.300
237.420
237.340
237.550
237.440
237.690
237.300
237.000
237.330
237.050
237.160
237.180
237.300
237.250
237.170
236.930
237.120
237.150
237.200
237.290
237.180
237.170
237.090
237.160
237.100
237.120
237.070
237.300
237.180
237.000
236.960
237.140
237.180
237.190
237.260
237.210
237.180
237.350
237.390
237.540
237.590
237.540
237.710
237.720
237.930
237.900
237.860
237.580
237.770
237.840
238.270
238.410
237.810
238.160
237.960
237.830
238.000
238.280
237.850
237.940
237.590
237.260
238.030
238.280
237.920
237.990
237.950
237.690
237.510
237.750
237.880
238.050
237.410
237.440
237.480
237.420
237.060
237.220
237.440
237.300
237.170
237.190
237.280
237.090
237.280
237.280
237.250
237.070
237.250
237.300
237.290
237.550
237.450
237.510
237.680
237.730
237.570
237.550
237.650
237.390
237.450
237.430
237.580
237.550
237.230
237.150
237.250
236.830
236.850
236.880
236.590
236.910
237.080
237.010
237.350
237.200
237.280
237.100
237.030
237.220
237.310
237.230
237.390
237.480
237.860
237.630
237.800
237.890
237.670
238.270
238.180
237.870
237.390
237.410
237.470
237.270
237.430
237.620
237.680
237.640
237.640
237.480
238.070
238.460
238.800
238.300
237.560
237.490
237.430
237.540
237.510
237.220
237.010
237.230
237.100
237.070
237.180
236.970
237.350
237.220
237.390
237.420
237.500
237.280
237.370
237.610
237.300
237.210
237.220
237.420
237.320
237.570
237.570
237.690
237.640
237.670
237.580
237.710
237.750
237.750
237.740
237.590
237.250
237.320
237.320
237.600
237.450
237.320
237.310
237.440
237.560
237.800
237.860
237.940
237.790
238.030
238.300
237.860
237.910
237.870
237.770
237.920
238.330
238.530
238.350
238.580
238.540
238.670
238.170
238.140
238.600
238.530
237.060
236.290
236.160
236.310
236.260
236.510
236.200
235.860
236.020
235.970
235.890
235.710
236.140
236.130
235.680
236.030
235.830
236.020
236.100
236.080
236.090
236.060
236.280
236.330
236.590
236.230
236.250
236.230
236.290
236.350
236.270
236.290
236.590
236.810
236.310
236.640
236.780
236.820
236.900
236.360
236.400
236.460
236.680
236.510
236.030
236.410
236.680
236.740
236.730
236.410
236.740
236.540
236.530
236.300
236.070
235.990
236.850
236.520
236.700
237.070
237.280
237.280
236.880
237.590
237.340
237.530
237.670
236.630
236.520
236.750
236.610
236.790
236.550
236.220
236.310
236.260
236.390
236.330
236.210
236.380
236.270
236.170
236.120
236.180
236.370
236.140
236.100
236.500
236.410
236.950
236.660
236.210
235.400
235.940
236.260
235.940
235.740
235.780
235.870
236.070
236.410
236.020
235.990
235.990
235.830
235.860
235.950
235.790
235.720
236.320
236.340
235.420
235.520
235.510
235.570
235.500
235.850
235.790
235.780
235.860
235.980
236.000
235.960
235.990
235.740
235.960
235.990
236.220
235.870
236.000
236.280
236.130
236.220
236.240
236.270
236.150
236.250
236.460
236.520
236.310
236.310
236.230
236.350
236.660
236.700
236.660
236.520
236.390
236.670
236.650
236.250
236.460
236.170
236.280
236.180
236.170
236.130
236.150
236.040
236.080
236.220
236.530
236.530
236.880
236.830
236.910
237.000
237.320
237.640
237.170
236.640
236.670
236.590
236.550
236.650
236.810
237.160
237.460
237.150
235.480
235.590
235.800
236.210
236.130
235.640
235.610
235.810
235.730
235.910
235.410
235.260
235.240
235.100
235.050
235.370
235.100
235.130
235.460
235.430
235.330
235.490
235.320
235.330
235.230
234.880
234.930
235.010
235.070
234.840
235.080
235.000
235.090
235.570
235.320
235.640
235.140
235.060
234.890
234.980
234.840
235.440
235.370
235.120
235.750
235.600
235.870
235.790
235.170
235.010
235.490
235.360
235.210
235.310
235.210
235.090
234.790
234.620
234.530
234.600
234.680
234.820
235.160
235.420
234.820
234.940
235.060
235.410
235.160
235.580
235.420
235.510
236.030
235.460
235.720
235.250
235.320
235.630
235.400
235.370
235.410
234.680
234.690
235.100
235.400
235.320
235.150
235.190
235.450
235.360
235.610
235.650
235.640
235.610
235.670
235.910
236.140
236.370
236.020
236.170
236.670
236.790
236.180
235.960
235.880
235.900
236.520
236.440
235.850
235.920
235.780
236.280
236.340
236.150
236.320
236.150
236.200
236.490
236.450
235.960
235.900
235.760
235.870
235.880
236.120
236.340
236.080
236.320
236.330
236.320
236.350
236.210
236.320
236.340
236.390
236.180
236.550
236.460
236.190
236.320
236.400
236.680
236.300
236.800
236.440
236.490
236.510
236.640
236.680
236.580
236.210
236.560
236.160
236.040
236.110
236.770
236.440
236.560
236.490
236.570
236.600
236.730
236.870
236.970
236.940
236.860
236.750
236.830
236.390
236.450
236.620
236.490
236.610
236.810
237.240
237.130
237.040
237.030
237.230
237.030
237.390
237.870
237.740
236.880
237.030
236.700
236.790
236.640
236.370
236.310
236.440
236.380
236.560
236.460
236.350
236.230
236.290
236.240
236.430
236.050
236.230
236.270
236.280
236.130
236.290
235.880
235.900
235.710
236.030
236.040
236.020
236.160
235.920
236.080
236.100
236.040
236.040
235.970
235.860
236.130
236.070
236.280
236.140
236.270
237.310
237.680
237.930
238.480
239.230
238.970
239.290
239.510
239.820
239.730
239.480
239.410
239.350
239.690
240.030
240.260
239.980
239.600
240.030
240.270
239.500
239.760
239.790
239.420
239.170
239.220
239.080
238.860
239.090
239.060
239.400
239.630
239.820
239.540
238.960
238.970
238.990
238.840
239.000
238.970
238.600
238.590
239.020
238.550
238.660
239.140
239.250
239.130
239.150
239.040
239.260
239.340
239.390
239.240
239.310
239.100
238.620
238.750
239.060
238.840
238.350
238.160
238.090
238.390
238.500
238.380
238.490
238.720
238.380
238.310
238.330
238.140
237.990
237.970
238.150
238.060
237.950
238.110
238.190
238.120
238.010
238.190
238.150
238.150
238.440
238.510
238.550
238.280
238.520
239.170
239.080
238.360
238.390
238.110
238.000
238.100
238.040
238.110
237.910
237.910
237.980
238.130
238.610
238.060
237.890
238.160
238.270
238.320
238.130
238.080
238.190
238.370
238.420
238.090
238.110
238.170
238.550
238.270
237.780
238.050
238.440
238.550
238.440
238.460
238.320
238.160
239.300
239.930
239.870
238.970
238.270
239.290
239.860
240.200
240.090
240.230
239.780
240.250
240.500
240.490
240.550
239.800
240.040
239.750
239.350
239.830
240.020
240.020
239.850
240.090
239.990
240.230
240.240
240.830
239.830
239.990
240.290
240.150
239.990
239.750
239.670
240.020
240.270
239.900
240.130
240.140
239.670
239.820
239.860
240.090
239.980
240.020
240.030
240.210
240.360
240.350
240.120
240.700
240.800
239.770
240.090
240.130
240.380
240.680
240.410
240.940
241.020
240.430
240.640
240.890
240.280
239.910
239.930
240.020
240.360
241.080
240.190
239.520
239.650
240.150
240.350
239.910
239.990
240.080
240.010
239.920
239.950
239.710
239.930
240.320
240.240
240.030
240.110
240.250
240.510
239.990
239.980
240.270
240.270
240.580
241.030
240.420
240.360
240.140
240.190
240.220
239.890
240.140
240.220
240.420
240.290
240.280
240.440
240.530
240.450
240.360
240.390
240.450
239.870
240.080
239.770
240.190
240.300
240.360
240.480
240.510
240.630
240.470
240.310
240.470
240.200
240.070
240.190
240.090
240.220
240.380
240.490
241.000
240.750
240.660
240.560
240.440
240.480
240.240
240.350
240.230
240.730
240.310
240.040
239.960
239.970
239.860
239.900
240.470
240.420
239.890
239.880
240.050
239.970
240.140
240.370
240.170
240.090
240.140
240.460
240.050
240.340
240.360
240.900
240.400
240.170
240.300
240.750
240.660
241.000
241.350
240.630
240.720
241.300
242.110
241.780
241.400
241.410
241.580
241.790
241.350
241.420
241.370
241.540
241.240
241.380
241.300
241.510
241.360
240.870
241.200
241.340
241.550
241.610
241.610
241.970
241.810
241.780
241.770
242.000
242.420
242.290
241.650
241.610
243.050
243.250
243.770
244.030
244.240
244.370
244.530
244.830
244.930
245.380
245.780
244.940
244.830
244.610
245.250
244.970
244.640
245.060
244.120
244.590
244.460
244.760
244.670
244.890
244.730
244.390
244.410
244.490
244.300
244.730
244.320
243.610
243.500
243.410
243.540
243.560
243.680
244.430
244.110
243.990
243.870
244.220
244.960
245.100
244.710
244.250
244.250
244.110
244.320
244.480
244.810
244.330
244.100
244.090
244.060
243.710
243.930
244.140
244.250
244.220
243.830
243.890
243.680
244.040
243.910
244.080
244.090
244.240
244.230
243.850
243.730
243.670
243.860
243.790
243.830
243.810
244.000
244.380
243.890
244.320
244.330
244.820
244.940
244.360
243.960
244.070
244.020
244.220
244.160
244.130
244.210
244.430
244.590
244.510
244.280
244.570
243.220
243.400
243.080
243.160
243.130
243.390
243.270
243.200
243.520
243.330
243.120
243.100
242.950
243.430
243.670
242.990
243.100
243.100
243.050
243.030
243.120
243.130
243.030
243.560
243.130
243.250
243.290
243.620
243.660
243.770
243.720
243.440
243.500
243.970
243.510
243.630
244.090
243.800
244.050
244.190
243.870
243.700
243.610
243.860
243.680
243.520
243.640
243.540
243.690
243.430
243.690
243.740
243.830
244.280
244.290
244.410
244.150
244.900
245.340
244.910
244.320
244.710
244.470
244.440
244.540
244.770
244.820
244.970
244.270
244.420
243.880
244.210
244.430
244.450
243.980
244.040
244.140
244.080
244.020
244.340
244.450
244.670
244.620
244.990
244.870
244.500
244.580
244.590
244.690
244.710
244.550
244.680
244.420
244.430
244.820
244.780
244.530
244.180
244.260
244.110
244.190
244.850
245.240
244.540
244.510
244.400
244.440
244.390
244.900
244.910
244.370
244.200
244.160
244.330
244.490
244.930
244.580
244.600
245.020
244.740
244.620
244.670
244.850
245.230
245.210
245.610
245.340
245.240
245.060
245.070
245.140
246.300
245.970
246.430
247.430
246.880
247.580
248.010
248.230
248.310
247.830
247.340
247.120
247.200
247.330
247.220
246.680
246.240
246.800
246.730
246.800
247.000
246.480
246.420
246.460
246.240
246.690
246.700
246.430
246.420
246.940
247.090
246.970
247.420
247.620
246.600
246.530
246.550
246.640
246.540
246.480
246.880
246.780
247.120
247.630
246.960
247.370
247.800
247.390
247.350
247.550
247.210
246.980
247.160
247.550
247.000
246.940
247.080
247.090
247.200
247.930
249.200
249.430
250.720
249.980
249.960
250.780
250.410
250.740
249.310
250.100
250.420
251.130
249.750
249.820
250.360
250.990
251.500
250.610
251.300
251.070
249.030
249.500
249.730
250.250
250.450
250.950
250.670
250.490
250.800
250.380
250.380
251.260
251.590
251.050
250.680
250.070
250.740
251.550
251.110
251.710
251.280
250.880
250.430
249.700
249.600
249.870
249.110
248.560
249.430
249.020
249.540
249.900
248.930
248.900
248.850
248.410
248.970
248.610
248.780
249.130
249.600
249.240
249.170
249.030
249.360
248.880
248.730
248.850
248.730
248.480
248.370
248.600
248.550
248.680
248.810
248.850
248.910
248.990
248.600
248.460
248.420
248.520
248.930
248.610
248.220
248.610
248.510
248.870
248.780
249.470
249.640
248.990
249.040
248.900
248.560
248.460
248.470
248.320
247.940
248.180
248.060
248.550
248.030
248.110
248.610
248.600
248.550
248.630
247.840
247.860
248.340
248.140
248.290
248.500
248.770
248.340
248.110
248.250
248.210
248.040
248.200
248.420
248.270
248.790
248.360
248.230
248.510
248.440
248.630
248.580
249.570
249.060
248.270
248.660
248.980
248.860
248.340
248.820
248.610
248.240
248.490
249.000
248.730
248.020
248.190
248.150
248.190
248.510
248.810
248.650
249.000
249.240
248.330
247.270
247.720
247.780
247.770
247.910
247.770
247.890
247.980
247.300
247.880
247.890
248.180
248.000
247.750
247.960
247.790
248.060
248.450
248.800
248.400
248.210
248.250
247.860
248.560
248.680
248.480
249.030
248.410
248.440
248.370
248.490
248.720
248.820
249.110
248.300
248.420
248.520
248.820
248.360
248.220
248.400
248.700
248.750
249.000
249.430
249.780
249.870
250.100
249.400
249.440
249.390
249.380
249.360
249.110
248.390
248.290
248.210
248.200
248.140
247.510
247.540
247.370
247.830
247.940
247.430
247.350
247.330
247.760
247.550
247.420
247.600
247.830
247.590
248.420
248.390
248.050
248.180
248.030
248.100
248.150
248.340
248.040
247.990
248.200
248.080
248.140
247.790
247.910
247.940
247.710
247.840
247.750
247.570
247.920
248.860
248.610
248.490
248.300
248.480
247.260
247.180
247.240
247.140
247.310
247.420
247.850
247.960
248.180
248.140
247.830
247.610
247.320
247.400
247.620
247.280
247.220
246.790
247.470
247.070
246.910
246.980
247.060
247.610
247.280
246.860
246.760
246.740
246.870
246.870
247.010
247.080
246.720
247.290
247.760
248.120
248.440
248.620
248.800
249.700
249.380
248.850
248.960
248.860
248.860
248.770
249.560
249.250
249.250
249.280
249.320
249.340
249.510
249.230
249.420
250.090
249.050
249.320
249.770
249.290
249.080
249.000
249.110
249.480
249.330
248.900
249.310
249.290
249.820
249.140
249.480
249.320
249.270
248.770
248.720
248.630
248.770
248.750
248.680
249.020
249.220
248.980
248.440
248.610
248.480
249.070
248.990
248.790
248.440
248.380
248.410
247.890
247.890
248.220
248.160
247.560
247.830
247.980
248.260
248.020
248.120
248.600
248.780
248.940
248.820
248.890
248.810
248.890
249.480
249.290
248.730
248.960
248.280
248.190
248.040
248.220
248.650
248.230
248.100
248.380
248.010
248.000
248.140
248.530
248.270
248.410
248.230
248.470
248.290
248.300
248.430
248.410
248.570
249.260
248.570
248.850
248.250
248.180
247.890
247.960
248.310
248.000
247.610
247.630
247.800
247.910
248.200
248.530
248.490
248.390
248.600
248.600
248.650
248.640
248.830
248.670
248.750
248.430
248.590
248.500
248.550
248.430
248.560
248.500
248.250
248.820
248.530
248.460
248.680
248.710
248.880
249.090
249.300
249.160
248.810
248.750
248.800
248.860
249.070
248.560
248.500
249.020
248.540
248.690
248.650
248.660
248.800
248.930
248.490
248.650
248.570
248.250
248.160
248.220
248.480
248.620
249.410
249.600
249.340
248.970
249.510
249.780
249.240
249.500
249.110
249.330
249.220
249.000
249.110
248.840
249.170
249.140
249.190
249.520
249.250
249.120
249.390
249.280
248.960
249.260
248.880
248.910
248.660
249.020
248.870
248.520
248.690
248.640
249.100
248.850
248.780
248.810
249.310
248.660
248.760
249.110
248.810
248.690
248.700
248.770
247.030
244.230
243.910
244.140
244.240
244.360
244.620
244.740
245.160
244.990
244.940
244.580
244.560
244.560
244.830
244.790
244.710
244.410
244.490
244.750
243.840
244.850
245.260
245.960
246.860
247.430
247.910
248.670
249.140
249.610
249.270
249.130
249.220
249.920
249.960
248.770
248.750
249.190
249.290
248.830
249.480
249.330
248.390
248.150
248.300
248.490
248.730
248.780
249.040
248.590
248.350
248.270
248.350
248.030
248.650
247.960
248.050
248.970
248.760
248.750
248.480
248.850
248.880
249.170
248.240
248.050
247.970
247.970
248.400
248.140
247.160
247.490
247.660
247.890
247.810
247.980
248.110
247.200
247.550
247.590
247.760
248.000
247.580
247.440
247.880
247.890
246.900
247.150
247.540
246.930
246.750
247.510
247.290
247.440
247.570
247.620
248.050
247.860
248.410
247.820
247.050
247.500
248.040
247.230
246.890
247.000
247.740
247.300
247.150
247.200
247.310
247.820
247.860
247.270
247.420
247.630
248.020
247.620
248.380
248.540
247.510
247.440
247.210
246.960
247.220
247.300
246.650
246.030
246.600
246.760
246.630
247.080
247.030
246.790
246.690
246.700
246.330
246.750
246.590
246.830
246.790
246.740
247.150
246.770
247.310
247.350
248.180
247.980
248.310
248.140
248.330
247.240
247.360
247.360
247.690
247.470
247.370
247.310
247.060
246.710
246.150
246.220
246.840
247.080
246.410
246.940
246.850
246.720
246.950
247.210
247.140
247.280
246.980
246.940
246.950
247.260
247.160
247.110
247.250
247.720
248.110
247.610
247.900
247.670
247.670
247.890
248.080
247.620
247.510
247.340
247.860
247.420
247.340
247.530
247.360
247.410
247.320
248.010
247.700
247.700
248.290
247.970
247.650
248.160
247.390
247.320
247.630
247.840
247.700
247.870
247.800
247.210
247.020
246.860
247.310
247.130
246.900
247.440
247.470
246.730
246.630
246.690
246.750
247.020
246.450
246.400
246.570
246.790
246.600
246.520
246.650
246.610
246.750
246.690
246.310
246.040
246.030
246.310
246.530
246.190
245.960
246.140
246.360
247.260
247.330
246.940
247.090
246.920
247.050
247.380
247.570
247.270
247.510
247.540
247.720
247.640
247.860
247.860
247.660
247.720
247.810
247.980
248.160
248.580
248.410
248.170
248.720
248.870
248.910
249.150
248.450
248.300
248.150
248.440
247.990
248.190
248.140
247.360
247.310
247.360
247.400
247.220
247.570
247.290
247.760
247.780
248.050
247.910
248.190
248.240
248.060
248.350
247.760
247.910
247.320
247.890
247.900
248.030
248.380
248.200
248.070
248.250
248.250
248.280
248.310
248.330
248.390
248.700
248.730
248.570
248.150
248.430
248.970
248.390
247.960
248.730
248.680
248.450
247.990
248.320
248.260
248.860
248.760
249.130
248.900
249.090
248.750
248.830
248.660
248.300
248.220
248.230
247.860
248.420
248.850
248.190
248.520
248.660
248.650
248.510
248.590
247.930
247.990
248.500
248.020
248.450
248.090
248.060
248.260
247.850
247.960
247.940
248.330
247.770
247.900
248.230
247.820
247.810
247.840
247.910
247.780
248.140
247.950
248.240
248.010
247.510
247.590
247.640
247.860
248.000
248.080
248.120
248.170
248.140
248.190
248.390
249.050
249.180
249.000
248.850
249.170
249.070
248.760
248.870
248.910
248.710
248.150
248.720
248.440
248.850
248.400
248.260
248.070
248.910
249.120
248.520
248.710
248.720
248.800
248.650
249.090
249.200
248.850
249.560
249.170
249.050
248.740
248.570
248.770
248.770
248.550
248.270
248.580
248.310
248.890
248.590
248.580
248.430
248.350
248.490
249.070
249.230
248.990
248.400
248.440
248.310
248.210
248.790
248.940
248.660
248.860
249.010
248.660
248.780
248.820
249.110
249.100
249.640
249.470
249.260
249.780
249.610
248.930
248.840
248.730
248.840
248.750
248.700
248.680
248.950
248.670
248.290
247.940
248.000
248.520
248.520
248.820
248.450
248.590
248.700
249.270
248.390
248.360
248.320
248.780
247.890
247.840
248.040
247.660
247.720
247.830
248.080
247.600
247.940
248.210
247.710
247.960
247.870
247.700
248.110
248.250
247.790
247.490
247.360
247.930
248.010
247.900
247.820
247.620
247.990
247.530
247.750
247.520
247.620
247.610
247.560
247.450
247.320
247.210
247.500
247.330
247.390
247.490
247.710
247.560
247.760
247.790
247.670
247.840
248.120
248.630
248.330
248.490
248.730
248.650
248.410
248.720
248.630
248.700
248.480
248.540
248.870
248.310
248.120
248.240
248.210
247.920
248.070
248.140
248.620
248.800
248.640
248.830
248.540
248.680
249.110
248.720
248.600
248.850
248.940
249.140
249.960
249.650
249.620
249.980
249.350
249.410
249.400
249.490
249.550
249.290
249.180
249.110
249.270
249.540
249.750
249.590
249.280
249.070
249.200
248.840
248.860
248.600
248.850
248.680
248.600
248.710
248.530
249.180
249.140
248.800
249.200
249.220
249.430
248.940
248.900
249.240
249.120
249.180
249.370
248.900
248.920
249.060
248.770
248.730
248.920
249.430
249.360
249.650
249.030
249.040
248.380
248.620
248.760
248.380
248.640
248.520
248.460
248.410
248.540
248.700
248.720
249.130
249.030
248.820
248.870
249.140
248.890
248.530
248.720
248.670
249.180
249.120
248.680
248.970
249.020
249.430
249.330
248.910
249.010
249.070
248.970
249.250
248.950
248.870
249.150
248.920
248.920
249.270
249.370
249.960
249.930
249.620
249.710
249.490
249.450
249.480
250.160
250.010
249.480
249.720
249.720
249.680
249.310
249.420
248.900
248.830
248.660
249.300
249.120
249.210
249.180
249.250
249.400
249.600
249.290
249.400
249.260
248.640
248.470
248.700
248.390
248.330
248.700
248.200
248.160
248.070
248.230
248.110
248.910
249.820
250.200
250.680
251.210
251.800
252.000
252.250
252.790
253.000
253.380
254.250
254.390
254.380
254.930
255.510
255.340
255.510
255.600
255.620
255.070
255.200
254.580
254.740
255.030
255.210
255.780
255.380
255.190
254.760
254.670
255.050
255.530
256.390
256.250
255.700
254.460
254.360
254.160
254.320
254.370
253.960
253.980
254.130
254.290
255.030
254.770
254.330
254.380
254.410
254.470
254.250
254.080
254.170
253.810
254.540
254.360
254.640
253.350
254.050
253.980
253.810
254.120
253.990
254.240
254.510
255.220
255.090
255.090
254.010
255.250
255.250
255.020
255.010
255.130
254.910
254.760
255.210
254.520
254.550
253.960
254.700
254.520
254.720
254.960
254.680
255.090
255.050
255.080
255.080
255.630
255.740
255.620
254.770
254.600
254.360
253.910
253.940
253.960
254.670
254.830
254.770
254.810
254.150
254.440
254.640
254.860
255.480
255.080
254.550
255.370
256.130
256.230
256.360
254.910
254.760
255.160
254.700
254.790
254.590
254.300
254.190
254.410
254.240
254.310
254.560
254.470
254.320
254.280
254.430
254.530
254.340
254.460
254.210
253.950
254.000
253.820
253.850
253.890
253.900
253.920
253.820
254.260
254.390
254.320
253.460
253.830
254.060
254.440
254.500
254.610
255.430
254.690
254.570
254.550
254.840
255.190
254.690
254.480
254.410
254.730
254.270
253.880
254.350
254.740
253.890
253.830
253.760
253.930
253.780
253.980
254.060
255.240
255.230
255.170
254.660
254.140
254.280
254.370
254.500
254.380
254.670
254.090
254.520
254.690
255.370
255.330
255.290
254.450
254.240
254.100
253.940
253.830
253.570
253.950
254.530
254.050
254.480
254.570
254.530
254.400
254.250
254.360
254.310
254.540
254.650
255.020
254.360
254.320
254.380
254.820
254.820
254.640
253.950
253.980
254.050
254.830
254.190
254.300
254.660
254.480
254.920
255.200
256.120
255.180
255.410
255.470
255.910
255.590
255.220
255.080
255.120
254.940
254.930
254.470
254.110
253.630
253.760
253.550
253.560
253.810
253.720
253.480
253.570
253.220
253.740
253.490
253.170
253.750
254.350
254.390
254.370
254.240
254.590
254.270
254.650
254.260
254.510
254.520
254.430
254.160
254.640
254.460
253.980
254.110
254.360
254.680
254.080
253.640
254.200
254.120
254.050
253.750
253.770
253.600
253.830
253.400
253.450
253.660
253.290
253.480
253.010
253.290
253.320
253.220
253.190
253.420
253.830
253.260
253.000
253.000
253.620
253.080
253.180
253.580
253.440
253.630
254.010
253.920
253.650
254.380
254.660
254.150
254.410
254.460
253.830
254.030
254.360
254.080
254.060
254.110
254.230
253.710
253.780
254.030
254.000
255.010
255.090
254.620
253.960
254.090
254.300
254.170
252.370
253.630
254.040
253.910
253.580
253.940
253.100
253.250
253.450
253.050
253.280
252.980
252.860
253.200
253.040
253.660
253.870
254.010
253.210
253.120
252.810
253.610
254.060
253.720
253.550
253.350
253.480
252.190
252.990
252.470
251.470
251.910
252.140
252.100
251.830
251.870
252.160
252.210
251.970
251.640
251.350
251.590
252.040
252.370
251.960
252.430
252.260
252.920
252.290
252.770
252.780
253.010
253.050
252.450
252.420
252.350
252.030
251.760
251.920
251.810
251.750
251.360
251.210
251.320
251.550
251.610
251.610
251.630
251.670
251.610
251.760
251.790
251.690
252.720
252.580
251.870
252.370
252.360
252.840
253.490
253.810
252.290
252.320
252.460
252.680
253.050
252.880
253.280
253.350
252.780
252.870
252.340
252.640
252.450
252.320
252.520
252.600
252.680
252.610
252.640
253.080
253.380
253.710
253.240
253.390
252.480
252.640
253.170
253.320
253.100
253.110
252.970
253.120
253.060
253.570
253.130
252.580
252.510
252.760
253.010
252.940
252.690
252.740
252.700
252.840
252.220
252.500
252.570
252.790
252.830
252.780
252.610
252.660
252.550
252.790
252.410
252.200
252.560
252.010
252.100
252.210
252.670
252.670
252.800
252.870
252.900
252.900
253.180
253.210
252.890
253.100
253.130
253.070
253.580
253.260
252.950
253.130
253.260
253.210
253.530
253.570
253.090
253.200
253.250
253.200
253.430
253.880
254.290
253.630
253.490
253.350
254.770
254.140
254.260
253.710
253.730
253.800
253.800
253.160
253.070
253.190
252.790
252.850
252.900
253.670
253.810
253.190
253.220
253.390
253.530
253.500
253.800
253.990
253.710
254.100
253.690
253.910
253.870
253.600
253.550
254.170
253.720
253.810
253.830
253.870
253.860
253.440
253.840
253.670
254.130
254.510
254.010
254.100
254.080
253.860
253.870
254.160
254.250
254.320
254.210
254.310
254.280
254.680
254.910
254.480
254.720
254.510
254.560
254.510
254.490
254.720
254.800
254.860
254.800
254.720
254.050
254.080
253.790
254.020
254.160
254.500
253.600
253.940
254.460
254.080
254.410
254.450
254.890
254.980
255.280
254.400
254.310
253.890
254.100
254.970
254.790
255.090
254.190
253.880
254.020
253.950
254.130
254.630
254.670
254.070
253.610
253.430
253.850
253.500
253.740
254.030
254.650
254.820
253.970
254.130
254.830
254.460
254.910
254.000
254.270
254.540
254.300
254.360
253.850
253.850
254.390
254.830
253.620
253.710
253.510
254.240
253.930
253.930
254.500
254.400
254.680
254.460
254.590
254.540
254.270
254.320
254.170
253.760
253.980
253.930
254.000
254.710
254.490
254.430
254.650
254.960
255.060
255.550
254.770
254.380
254.110
254.140
254.330
254.030
254.130
254.710
254.710
254.650
253.780
254.100
253.630
253.320
253.220
253.800
253.650
253.620
253.790
253.830
253.880
253.880
253.770
253.340
254.160
253.960
253.560
253.290
253.380
253.560
253.800
253.550
253.910
253.730
253.810
254.020
254.010
253.930
254.380
253.850
254.110
254.050
253.650
253.880
254.130
254.510
253.520
253.740
253.890
254.110
253.990
253.990
253.310
253.450
253.420
253.180
253.180
253.350
252.830
253.300
253.010
253.020
252.960
253.130
253.330
252.670
252.730
252.880
252.760
252.780
253.250
252.910
252.990
253.080
253.310
253.330
252.730
252.630
252.430
252.430
253.020
252.500
252.560
252.350
252.320
252.570
252.600
252.110
252.150
251.930
251.770
251.670
252.080
251.580
252.010
252.100
251.810
251.860
251.700
251.930
251.940
252.070
251.810
252.080
251.990
252.100
252.240
252.030
251.790
251.550
251.640
251.970
252.220
251.860
252.030
251.840
252.120
252.620
252.550
252.140
251.830
252.170
251.940
251.910
252.080
252.890
252.560
252.670
252.850
252.820
253.090
253.150
252.880
251.990
252.030
251.750
251.810
251.870
251.780
252.750
252.600
253.210
252.320
251.940
252.480
252.310
252.600
252.340
252.630
252.860
252.950
252.340
251.930
252.540
252.400
252.040
251.460
252.340
251.900
251.960
251.760
251.760
252.310
252.510
252.870
253.050
253.150
252.510
252.570
253.230
253.040
253.360
252.940
253.140
252.830
252.900
252.630
252.320
252.060
252.240
252.100
252.270
252.520
253.080
253.090
252.820
253.510
254.560
254.710
253.190
253.310
253.250
253.380
253.840
253.790
253.260
253.010
253.820
253.800
254.260
253.330
253.190
253.110
252.800
252.720
253.260
252.930
253.050
252.660
252.460
252.860
252.950
253.140
253.370
253.290
253.030
252.870
252.970
253.130
253.450
253.800
253.750
254.140
254.170
254.320
253.810
253.580
253.860
254.300
254.360
254.520
254.550
254.540
254.640
254.800
254.470
254.610
254.850
255.100
255.000
254.810
254.650
254.700
254.780
254.350
254.380
254.450
254.760
254.540
254.660
254.600
254.260
254.530
254.530
254.830
255.150
254.700
255.790
255.260
254.750
254.550
255.060
254.900
254.330
254.190
254.520
254.090
254.070
254.130
254.190
253.990
254.380
254.430
254.430
253.840
254.010
253.960
254.100
253.880
254.070
254.180
254.450
254.850
254.670
254.190
254.300
254.850
254.710
255.060
254.720
254.640
254.620
254.540
254.360
254.430
254.500
254.380
254.300
254.300
254.130
254.080
254.210
254.050
254.150
254.030
253.780
253.920
254.350
254.050
253.420
253.880
253.550
253.910
254.110
254.550
253.750
253.860
253.920
254.060
254.060
254.310
253.590
253.720
253.680
253.920
253.930
254.250
253.660
253.630
253.350
253.520
253.680
253.730
254.420
254.900
253.950
253.600
253.920
253.740
253.690
253.960
254.070
253.670
253.180
253.570
253.590
253.490
253.910
253.880
253.890
254.000
254.280
254.440
254.250
254.230
254.460
254.980
255.040
254.790
254.740
254.570
254.510
254.390
254.650
255.050
255.020
255.580
256.010
256.360
256.040
254.930
254.960
255.200
255.160
254.510
254.530
254.490
254.620
254.640
254.480
254.680
254.850
254.860
254.820
255.220
255.080
255.070
255.540
255.520
255.000
254.980
254.940
254.840
255.160
255.430
254.720
254.650
254.800
254.760
254.850
255.030
254.880
254.220
254.240
254.440
255.100
255.240
255.560
255.140
255.220
255.210
255.500
255.680
254.930
255.290
255.800
254.580
254.520
254.530
255.150
255.380
255.170
255.430
255.400
255.860
256.310
254.960
254.500
254.510
254.900
254.630
254.630
254.630
254.510
