0.162109375 1
0.20489501953125 2
0.234375 3
0.236328125 4
0.248046875 5
0.2578125 6
0.259765625 7
0.263671875 8
0.263671875 9
0.266845703125 10
0.279296875 11
0.2822265625 12
0.310546875 13
0.320068359375 14
0.3779296875 15
0.38818359375 16
0.4071321487426758 17
0.43359375 18
0.451171875 19
0.5703125 20
0.61328125 21
0.6162109375 22
0.744140625 23
0.78125 24
0.78125 25
0.857421875 26
0.88519287109375 27
0.8896484375 28
0.9287109375 29
0.947265625 30
1.03125 31
1.0703125 32
1.1572265625 33
1.2109375 34
1.267578125 35
1.2724609375 36
1.2890625 37
1.2919921875 38
1.35546875 39
1.382080078125 40
1.455078125 41
1.4720458984375 42
1.5634765625 43
1.607421875 44
1.6171875 45
1.6484375 46
1.86328125 47
1.998046875 48
2.076171875 49
2.2734375 50
2.33203125 51
2.441650390625 52
2.5341796875 53
2.7227783203125 54
2.833984375 55
2.912353515625 56
2.9873046875 57
3.0042724609375 58
3.0234375 59
3.0625 60
3.388671875 61
3.3955078125 62
3.6015625 63
3.93359375 64
4.056640625 65
4.08135986328125 66
4.150390625 67
4.763671875 68
4.79296875 69
4.953125 70
5.091796875 71
5.232421875 72
5.40625 73
5.568359375 74
5.8017578125 75
5.9140625 76
6.0576171875 77
6.142578125 78
6.2275390625 79
6.3603515625 80
6.60546875 81
6.65234375 82
6.6875 83
6.980712890625 84
7.0244140625 85
7.1767578125 86
7.19970703125 87
7.2958984375 88
7.433837890625 89
7.48046875 90
7.53485107421875 91
8.1767578125 92
8.519248008728027 93
8.8056640625 94
9.212890625 95
9.853515625 96
10.6689453125 97
10.6904296875 98
10.7177734375 99
10.779296875 100
11.0625 101
11.1005859375 102
11.458984375 103
11.474609375 104
11.8203125 105
11.85546875 106
12.0087890625 107
12.177734375 108
12.296875 109
12.326171875 110
12.8046875 111
13.567626953125 112
14.015625 113
15.0390625 114
16.0302734375 115
16.607421875 116
17.603515625 117
17.69775390625 118
18.83203125 119
18.8974609375 120
19.1787109375 121
19.3349609375 122
19.5302734375 123
20.08203125 124
20.130859375 125
20.59130859375 126
21.27978515625 127
21.706298828125 128
21.8125 129
21.82470703125 130
22.3173828125 131
23.76953125 132
23.9296875 133
24.5341796875 134
25.771484375 135
25.89453125 136
25.927734375 137
27.3056640625 138
27.9072265625 139
27.9111328125 140
27.990234375 141
28.10546875 142
28.2855224609375 143
28.890625 144
30.609375 145
30.9326171875 146
33.236328125 147
33.58203125 148
33.755859375 149
33.794921875 150
34.0546875 151
34.12890625 152
34.2646484375 153
34.352783203125 154
34.78515625 155
34.9658203125 156
35.0126953125 157
35.1591796875 158
35.4794921875 159
35.833984375 160
37.601593017578125 161
39.541015625 162
39.75390625 163
40.04443359375 164
43.12109375 165
43.17626953125 166
43.73046875 167
44.859375 168
46.322265625 169
46.7119140625 170
51.591796875 171
52.4140625 172
53.9521484375 173
55.4140625 174
59.591796875 175
59.732177734375 176
59.76910400390625 177
62.3359375 178
62.376953125 179
62.478515625 180
64.2666015625 181
66.6201171875 182
69.138671875 183
70.919189453125 184
72.8603515625 185
73.724609375 186
78.7587890625 187
81.2060546875 188
83.623046875 189
92.3218994140625 190
92.7265625 191
93.412109375 192
95.2001953125 193
97.0146484375 194
98.5654296875 195
99.37890625 196
99.6328125 197
101.9296875 198
102.6494140625 199
104.080078125 200
113.21923828125 201
117.90625 202
120.2900390625 203
121.7314453125 204
125.9619140625 205
131.0419921875 206
133.412109375 207
134.490234375 208
148.998046875 209
149.093017578125 210
154.3408203125 211
159.25390625 212
162.41517639160156 213
166.22998046875 214
170.7490234375 215
173.2900390625 216
173.953125 217
177.16015625 218
179.47509765625 219
185.5029296875 220
196.296875 221
201.91796875 222
204.2265625 223
205.99163818359375 224
215.8408203125 225
218.96875 226
221.76171875 227
228.98486328125 228
239.34375 229
240.296875 230
243.41015625 231
247.2216796875 232
255.42578125 233
257.072265625 234
267.10546875 235
287.53271484375 236
290.482421875 237
291.1533203125 238
293.013671875 239
