0.20489501953125 1
0.234375 2
0.263671875 3
0.263671875 4
0.266845703125 5
0.320068359375 6
0.451171875 7
0.5703125 8
0.78125 9
4.150390625 10
5.9140625 11
11.1005859375 12
15.0390625 13
16.0302734375 14
18.83203125 15
20.59130859375 16
21.27978515625 17
22.3173828125 18
24.5341796875 19
25.927734375 20
28.2855224609375 21
28.890625 22
30.9326171875 23
33.58203125 24
33.794921875 25
34.78515625 26
35.833984375 27
37.601593017578125 28
39.541015625 29
39.75390625 30
43.73046875 31
46.7119140625 32
51.591796875 33
52.4140625 34
55.4140625 35
59.591796875 36
59.76910400390625 37
62.3359375 38
62.376953125 39
62.478515625 40
64.2666015625 41
69.138671875 42
70.919189453125 43
73.724609375 44
78.7587890625 45
83.623046875 46
92.3218994140625 47
92.7265625 48
93.412109375 49
95.2001953125 50
97.0146484375 51
98.5654296875 52
99.37890625 53
101.9296875 54
102.6494140625 55
104.080078125 56
117.90625 57
121.7314453125 58
125.9619140625 59
131.0419921875 60
133.412109375 61
134.490234375 62
148.998046875 63
149.093017578125 64
154.3408203125 65
159.25390625 66
162.41517639160156 67
166.22998046875 68
170.7490234375 69
173.2900390625 70
173.953125 71
177.16015625 72
179.47509765625 73
201.91796875 74
204.2265625 75
205.99163818359375 76
215.8408203125 77
218.96875 78
221.76171875 79
239.34375 80
240.296875 81
243.41015625 82
247.2216796875 83
255.42578125 84
257.072265625 85
267.10546875 86
293.013671875 87
