0.162109375 1
0.236328125 2
0.248046875 3
0.2578125 4
0.259765625 5
0.279296875 6
0.2822265625 7
0.310546875 8
0.3779296875 9
0.38818359375 10
0.4071321487426758 11
0.43359375 12
0.61328125 13
0.6162109375 14
0.744140625 15
0.78125 16
0.857421875 17
0.88519287109375 18
0.8896484375 19
0.9287109375 20
0.947265625 21
1.03125 22
1.0703125 23
1.1572265625 24
1.2109375 25
1.267578125 26
1.2724609375 27
1.2890625 28
1.2919921875 29
1.35546875 30
1.382080078125 31
1.455078125 32
1.4720458984375 33
1.5634765625 34
1.607421875 35
1.6171875 36
1.6484375 37
1.86328125 38
1.998046875 39
2.076171875 40
2.2734375 41
2.33203125 42
2.441650390625 43
2.5341796875 44
2.7227783203125 45
2.833984375 46
2.912353515625 47
2.9873046875 48
3.0042724609375 49
3.0234375 50
3.0625 51
3.388671875 52
3.3955078125 53
3.6015625 54
3.93359375 55
4.056640625 56
4.08135986328125 57
4.763671875 58
4.79296875 59
4.953125 60
5.091796875 61
5.232421875 62
5.40625 63
5.568359375 64
5.8017578125 65
6.0576171875 66
6.142578125 67
6.2275390625 68
6.3603515625 69
6.60546875 70
6.65234375 71
6.6875 72
6.980712890625 73
7.0244140625 74
7.1767578125 75
7.19970703125 76
7.2958984375 77
7.433837890625 78
7.48046875 79
7.53485107421875 80
8.1767578125 81
8.519248008728027 82
8.8056640625 83
9.212890625 84
9.853515625 85
10.6689453125 86
10.6904296875 87
10.7177734375 88
10.779296875 89
11.0625 90
11.458984375 91
11.474609375 92
11.8203125 93
11.85546875 94
12.0087890625 95
12.177734375 96
12.296875 97
12.326171875 98
12.8046875 99
13.567626953125 100
14.015625 101
16.607421875 102
17.603515625 103
17.69775390625 104
18.8974609375 105
19.1787109375 106
19.3349609375 107
19.5302734375 108
20.08203125 109
20.130859375 110
21.706298828125 111
21.8125 112
21.82470703125 113
23.76953125 114
23.9296875 115
25.771484375 116
25.89453125 117
27.3056640625 118
27.9072265625 119
27.9111328125 120
27.990234375 121
28.10546875 122
30.609375 123
33.236328125 124
33.755859375 125
34.0546875 126
34.12890625 127
34.2646484375 128
34.352783203125 129
34.9658203125 130
35.0126953125 131
35.1591796875 132
35.4794921875 133
40.04443359375 134
43.12109375 135
43.17626953125 136
44.859375 137
46.322265625 138
53.9521484375 139
59.732177734375 140
66.6201171875 141
72.8603515625 142
81.2060546875 143
99.6328125 144
113.21923828125 145
120.2900390625 146
185.5029296875 147
196.296875 148
228.98486328125 149
287.53271484375 150
290.482421875 151
291.1533203125 152
