0.170654296875 1
0.17919921875 2
0.216796875 3
0.2265625 4
0.229736328125 5
0.255859375 6
0.258544921875 7
0.27392578125 8
0.29296875 9
0.29345703125 10
0.296875 11
0.310546875 12
0.3154296875 13
0.3271484375 14
0.353271484375 15
0.3701171875 16
0.380859375 17
0.3994140625 18
0.404296875 19
0.4716796875 20
0.474609375 21
0.4853515625 22
0.5537109375 23
0.680633544921875 24
0.747802734375 25
0.79296875 26
0.810546875 27
0.81201171875 28
0.8515625 29
0.93359375 30
1.0546875 31
1.138671875 32
1.219757080078125 33
1.2265625 34
1.2666015625 35
1.2763671875 36
1.30517578125 37
1.63671875 38
1.69287109375 39
1.697265625 40
1.69921875 41
1.71435546875 42
1.819091796875 43
1.83642578125 44
1.849609375 45
1.8857421875 46
1.9375 47
2.0390625 48
2.18505859375 49
2.185546875 50
2.19140625 51
2.2017822265625 52
2.2109375 53
2.2412109375 54
2.2421875 55
2.30615234375 56
2.34716796875 57
2.3603515625 58
2.551513671875 59
2.55517578125 60
2.576171875 61
2.5859375 62
2.5875244140625 63
2.689453125 64
2.691162109375 65
2.80517578125 66
2.816162109375 67
2.8544921875 68
2.8662109375 69
2.916015625 70
2.955078125 71
3.1181640625 72
3.1552734375 73
3.1923828125 74
3.220703125 75
3.27734375 76
3.279296875 77
3.28515625 78
3.443359375 79
3.5234375 80
3.631591796875 81
3.665283203125 82
3.673828125 83
3.703125 84
3.7839279174804688 85
4.1119384765625 86
4.13134765625 87
4.1376953125 88
4.3974609375 89
4.4404296875 90
4.5537109375 91
4.5703125 92
4.698974609375 93
4.70166015625 94
4.72265625 95
4.736083984375 96
4.74609375 97
4.75146484375 98
4.777099609375 99
4.8271484375 100
4.859375 101
4.8837890625 102
4.9814453125 103
4.990234375 104
5.002685546875 105
5.08349609375 106
5.150390625 107
5.224609375 108
5.361328125 109
5.440673828125 110
5.467878341674805 111
5.4705810546875 112
5.62890625 113
5.65673828125 114
5.71856689453125 115
5.88671875 116
5.92138671875 117
6.0166015625 118
6.162109375 119
6.267578125 120
6.291015625 121
6.75927734375 122
6.845703125 123
6.900390625 124
7.22802734375 125
7.359375 126
7.49951171875 127
7.6640625 128
7.83251953125 129
7.908203125 130
8.1220703125 131
8.5029296875 132
8.7578125 133
8.962890625 134
9.159423828125 135
9.2099609375 136
9.37744140625 137
9.46875 138
9.68707275390625 139
9.76953125 140
9.91357421875 141
10.16796875 142
10.3828125 143
10.4521484375 144
10.662109375 145
10.7518310546875 146
10.9873046875 147
11.005859375 148
11.056640625 149
11.0703125 150
11.15380859375 151
11.2490234375 152
11.38232421875 153
11.3896484375 154
11.3916015625 155
11.45849609375 156
11.5498046875 157
11.783203125 158
11.830078125 159
11.889404296875 160
11.947509765625 161
12.0517578125 162
12.3271484375 163
12.7236328125 164
12.791015625 165
13.11083984375 166
13.1591796875 167
13.27734375 168
13.4306640625 169
13.857421875 170
13.89697265625 171
14.056640625 172
14.1484375 173
14.165802001953125 174
14.433837890625 175
14.7578125 176
14.8037109375 177
15.474609375 178
15.5068359375 179
15.58935546875 180
15.955078125 181
16.3349609375 182
16.385498046875 183
16.412109375 184
16.509765625 185
16.896484375 186
16.9931640625 187
17.296875 188
17.298828125 189
17.401123046875 190
17.8515625 191
18.36962890625 192
18.783203125 193
19.041015625 194
19.04736328125 195
19.31494140625 196
19.5556640625 197
19.744140625 198
20.0947265625 199
20.2890625 200
20.495849609375 201
20.55322265625 202
20.86279296875 203
20.98388671875 204
21.064453125 205
21.212890625 206
21.684814453125 207
22.1298828125 208
22.5029296875 209
22.626953125 210
23.861328125 211
24.63720703125 212
25.0625 213
25.726318359375 214
25.8212890625 215
27.465576171875 216
27.66650390625 217
27.74462890625 218
28.3427734375 219
28.55078125 220
29.001953125 221
29.326171875 222
29.74462890625 223
30.3671875 224
30.5576171875 225
31.26513671875 226
31.81298828125 227
31.88494873046875 228
32.0458984375 229
32.08984375 230
32.80615234375 231
33.28271484375 232
33.40087890625 233
34.099365234375 234
34.1090087890625 235
34.203125 236
35.64453125 237
35.90869140625 238
35.9560546875 239
37.46728515625 240
37.5224609375 241
38.025390625 242
38.208984375 243
38.643798828125 244
40.515625 245
40.85772705078125 246
41.2314453125 247
41.496337890625 248
41.6015625 249
41.77197265625 250
43.545654296875 251
43.73828125 252
43.8564453125 253
44.0919189453125 254
44.73046875 255
44.9765625 256
45.302001953125 257
46.1298828125 258
48.72021484375 259
50.4150390625 260
51.68603515625 261
54.3046875 262
55.55859375 263
56.6240234375 264
57.5908203125 265
60.0830078125 266
61.2314453125 267
61.310546875 268
66.425537109375 269
69.29296875 270
69.8907470703125 271
72.0078125 272
75.72265625 273
76.11572265625 274
77.5859375 275
78.4677734375 276
80.0009765625 277
81.458984375 278
84.7099609375 279
84.77734375 280
85.349609375 281
86.05874633789063 282
88.0810546875 283
89.34619140625 284
89.37109375 285
89.650390625 286
90.0869140625 287
90.573974609375 288
100.330078125 289
101.24853515625 290
105.474853515625 291
105.939453125 292
108.7265625 293
108.7705078125 294
115.39862823486328 295
123.73388671875 296
126.431640625 297
126.8662109375 298
129.75 299
131.728271484375 300
138.515869140625 301
141.2666015625 302
147.841796875 303
153.44970703125 304
155.13623046875 305
159.9658203125 306
180.2841796875 307
196.24560546875 308
200.671875 309
217.708984375 310
220.623046875 311
220.8486328125 312
232.8828125 313
241.443359375 314
247.8056640625 315
255.583984375 316
265.21044921875 317
269.6162109375 318
276.22265625 319
278.814453125 320
280.3580322265625 321
296.921875 322
