0.17919921875 1
0.2265625 2
0.229736328125 3
0.258544921875 4
0.3154296875 5
0.353271484375 6
0.3701171875 7
0.5537109375 8
0.747802734375 9
1.69287109375 10
1.697265625 11
1.69921875 12
1.71435546875 13
1.8857421875 14
2.0390625 15
2.18505859375 16
2.185546875 17
2.19140625 18
2.2017822265625 19
2.2109375 20
2.689453125 21
2.691162109375 22
2.8662109375 23
3.1923828125 24
3.443359375 25
3.7839279174804688 26
4.4404296875 27
4.5537109375 28
4.8271484375 29
4.8837890625 30
4.9814453125 31
4.990234375 32
5.440673828125 33
5.62890625 34
5.71856689453125 35
5.88671875 36
6.75927734375 37
6.845703125 38
6.900390625 39
7.49951171875 40
7.83251953125 41
7.908203125 42
8.1220703125 43
8.7578125 44
9.37744140625 45
9.46875 46
9.91357421875 47
10.3828125 48
10.4521484375 49
10.9873046875 50
11.005859375 51
11.056640625 52
11.0703125 53
11.2490234375 54
11.3896484375 55
11.3916015625 56
11.45849609375 57
11.783203125 58
11.830078125 59
11.889404296875 60
11.947509765625 61
12.7236328125 62
12.791015625 63
13.4306640625 64
13.857421875 65
13.89697265625 66
14.056640625 67
14.1484375 68
14.433837890625 69
14.8037109375 70
15.474609375 71
15.5068359375 72
16.3349609375 73
16.385498046875 74
16.412109375 75
16.896484375 76
16.9931640625 77
17.296875 78
17.298828125 79
19.04736328125 80
19.31494140625 81
19.5556640625 82
20.495849609375 83
20.55322265625 84
21.064453125 85
21.212890625 86
21.684814453125 87
22.626953125 88
23.861328125 89
25.0625 90
25.726318359375 91
25.8212890625 92
27.465576171875 93
28.3427734375 94
29.001953125 95
29.326171875 96
29.74462890625 97
31.26513671875 98
32.08984375 99
32.80615234375 100
33.28271484375 101
33.40087890625 102
34.099365234375 103
34.1090087890625 104
34.203125 105
35.64453125 106
35.9560546875 107
37.5224609375 108
38.025390625 109
38.208984375 110
38.643798828125 111
40.85772705078125 112
41.2314453125 113
41.496337890625 114
41.6015625 115
41.77197265625 116
43.73828125 117
43.8564453125 118
44.9765625 119
45.302001953125 120
46.1298828125 121
55.55859375 122
56.6240234375 123
57.5908203125 124
60.0830078125 125
61.2314453125 126
61.310546875 127
66.425537109375 128
69.29296875 129
69.8907470703125 130
76.11572265625 131
78.4677734375 132
80.0009765625 133
81.458984375 134
84.7099609375 135
84.77734375 136
85.349609375 137
86.05874633789063 138
88.0810546875 139
89.34619140625 140
89.37109375 141
90.0869140625 142
90.573974609375 143
100.330078125 144
101.24853515625 145
105.474853515625 146
105.939453125 147
108.7265625 148
108.7705078125 149
115.39862823486328 150
123.73388671875 151
126.431640625 152
126.8662109375 153
129.75 154
131.728271484375 155
141.2666015625 156
147.841796875 157
153.44970703125 158
180.2841796875 159
247.8056640625 160
265.21044921875 161
276.22265625 162
280.3580322265625 163
296.921875 164
