0.170654296875 1
0.216796875 2
0.255859375 3
0.27392578125 4
0.29296875 5
0.29345703125 6
0.296875 7
0.310546875 8
0.3271484375 9
0.380859375 10
0.3994140625 11
0.404296875 12
0.4716796875 13
0.474609375 14
0.4853515625 15
0.680633544921875 16
0.79296875 17
0.810546875 18
0.81201171875 19
0.8515625 20
0.93359375 21
1.0546875 22
1.138671875 23
1.219757080078125 24
1.2265625 25
1.2666015625 26
1.2763671875 27
1.30517578125 28
1.63671875 29
1.819091796875 30
1.83642578125 31
1.849609375 32
1.9375 33
2.2412109375 34
2.2421875 35
2.30615234375 36
2.34716796875 37
2.3603515625 38
2.551513671875 39
2.55517578125 40
2.576171875 41
2.5859375 42
2.5875244140625 43
2.80517578125 44
2.816162109375 45
2.8544921875 46
2.916015625 47
2.955078125 48
3.1181640625 49
3.1552734375 50
3.220703125 51
3.27734375 52
3.279296875 53
3.28515625 54
3.5234375 55
3.631591796875 56
3.665283203125 57
3.673828125 58
3.703125 59
4.1119384765625 60
4.13134765625 61
4.1376953125 62
4.3974609375 63
4.5703125 64
4.698974609375 65
4.70166015625 66
4.72265625 67
4.736083984375 68
4.74609375 69
4.75146484375 70
4.777099609375 71
4.859375 72
5.002685546875 73
5.08349609375 74
5.150390625 75
5.224609375 76
5.361328125 77
5.467878341674805 78
5.4705810546875 79
5.65673828125 80
5.92138671875 81
6.0166015625 82
6.162109375 83
6.267578125 84
6.291015625 85
7.22802734375 86
7.359375 87
7.6640625 88
8.5029296875 89
8.962890625 90
9.159423828125 91
9.2099609375 92
9.68707275390625 93
9.76953125 94
10.16796875 95
10.662109375 96
10.7518310546875 97
11.15380859375 98
11.38232421875 99
11.5498046875 100
12.0517578125 101
12.3271484375 102
13.11083984375 103
13.1591796875 104
13.27734375 105
14.165802001953125 106
14.7578125 107
15.58935546875 108
15.955078125 109
16.509765625 110
17.401123046875 111
17.8515625 112
18.36962890625 113
18.783203125 114
19.041015625 115
19.744140625 116
20.0947265625 117
20.2890625 118
20.86279296875 119
20.98388671875 120
22.1298828125 121
22.5029296875 122
24.63720703125 123
27.66650390625 124
27.74462890625 125
28.55078125 126
30.3671875 127
30.5576171875 128
31.81298828125 129
31.88494873046875 130
32.0458984375 131
35.90869140625 132
37.46728515625 133
40.515625 134
43.545654296875 135
44.0919189453125 136
44.73046875 137
48.72021484375 138
50.4150390625 139
51.68603515625 140
54.3046875 141
72.0078125 142
75.72265625 143
77.5859375 144
89.650390625 145
138.515869140625 146
155.13623046875 147
159.9658203125 148
196.24560546875 149
200.671875 150
217.708984375 151
220.623046875 152
220.8486328125 153
232.8828125 154
241.443359375 155
255.583984375 156
269.6162109375 157
278.814453125 158
