0.154297 1
0.311462 2
0.479431 3
0.650818 4
0.828552 5
1.01801 6
1.21332 7
1.4433 8
1.69281 9
2.06976 10
2.4516 11
2.85199 12
3.2973 13
3.74847 14
4.27216 15
4.80731 16
5.34442 17
5.88739 18
6.49774 19
7.21259 20
7.96063 21
8.74774 22
9.55243 23
10.381 24
11.2267 25
12.0773 26
13.0197 27
13.9631 28
14.9255 29
15.9113 30
16.9009 31
17.9526 32
19.0444 33
20.2222 34
21.3999 35
22.6538 36
23.9253 37
25.3569 38
26.8716 39
28.415 40
29.9673 41
31.5571 42
33.1782 43
34.8667 44
36.5936 45
38.3612 46
40.1796 47
42.0098 48
43.9316 49
45.9062 50
48.0859 51
50.2734 52
52.533 53
54.7947 54
57.0941 55
59.4558 56
61.8523 57
64.3406 58
66.8938 59
69.5286 60
72.2522 61
75.0413 62
77.8694 63
80.717 64
83.6711 65
86.6404 66
89.7904 67
92.9623 68
96.1908 69
99.475 70
102.785 71
106.18 72
109.752 73
113.338 74
116.991 75
120.696 76
124.51 77
128.327 78
132.172 79
136.075 80
140.045 81
144.025 82
148.105 83
152.28 84
156.484 85
161.129 86
165.799 87
170.637 88
175.532 89
180.503 90
185.624 91
190.767 92
195.99 93
201.295 94
206.629 95
212.027 96
217.505 97
223.247 98
229.05 99
234.893 100
240.74 101
246.606 102
252.645 103
258.72 104
264.921 105
271.143 106
277.567 107
284.043 108
290.742 109
297.692 110
304.775 111
311.943 112
319.17 113
326.461 114
333.813 115
341.282 116
348.772 117
356.333 118
364.038 119
371.987 120
380.214 121
388.491 122
396.833 123
405.295 124
413.804 125
422.318 126
431.017 127
439.802 128
448.623 129
457.459 130
466.381 131
475.352 132
484.448 133
493.963 134
503.737 135
513.545 136
523.362 137
533.27 138
543.274 139
553.469 140
563.734 141
574.388 142
585.05 143
595.957 144
607.225 145
618.534 146
630.002 147
641.471 148
653.211 149
664.953 150
676.717 151
688.574 152
700.567 153
712.63 154
724.724 155
736.841 156
749.087 157
761.344 158
773.625 159
786.116 160
798.709 161
811.392 162
824.524 163
837.845 164
851.388 165
865.187 166
879.128 167
893.075 168
907.915 169
922.771 170
937.699 171
952.657 172
967.966 173
983.385 174
999.04 175
1014.92 176
1031.06 177
1047.38 178
1064.27 179
1081.37 180
1099.19 181
1117.05 182
1134.94 183
1153.54 184
1172.16 185
1190.83 186
1210.14 187
1229.46 188
1248.91 189
1268.48 190
1288.15 191
1307.94 192
1327.94 193
1348.32 194
1368.73 195
1389.34 196
1410.3 197
1431.41 198
1452.58 199
1473.84 200
1495.27 201
1516.75 202
1538.39 203
1560.38 204
1583.32 205
1606.28 206
1629.29 207
1652.5 208
1676.17 209
1700.23 210
1724.65 211
1749.42 212
1774.34 213
1799.55 214
1825.11 215
1850.77 216
1876.57 217
1903.7 218
1931.1 219
1958.88 220
1986.81 221
2014.87 222
2043.19 223
2071.68 224
2100.92 225
2130.28 226
2160.16 227
2190.72 228
2221.44 229
2252.2 230
2283.55 231
2315.21 232
2346.88 233
2378.8 234
2411.06 235
2443.68 236
2478.04 237
2512.53 238
2547.17 239
2582.76 240
2618.59 241
2656.47 242
2694.35 243
2732.68 244
2771.65 245
2811.65 246
2852.39 247
2893.42 248
2935.28 249
2978.48 250
3022.62 251
3066.83 252
3111.23 253
3155.71 254
3201.64 255
3249.79 256
3298.01 257
3346.48 258
3395.81 259
3445.93 260
3496.12 261
3547.35 262
3602.59 263
3657.94 264
3713.62 265
3769.71 266
3826.8 267
3884.17 268
3941.63 269
3999.87 270
4058.98 271
4118.18 272
4178.5 273
4240.55 274
4302.77 275
4368.74 276
4434.89 277
4502.73 278
4572.98 279
4644.12 280
4716.67 281
4791.66 282
4867.93 283
4945.64 284
5024.28 285
5106.63 286
5189.89 287
5273.46 288
5357.79 289
5442.53 290
5527.84 291
5616.09 292
5704.93 293
5795.13 294
5886.31 295
5979.34 296
6072.61 297
6168.24 298
6265.83 299
6367.97 300
6470.19 301
6574.54 302
6685.24 303
6801.22 304
6920.91 305
7041.27 306
7174.51 307
7307.77 308
7444.42 309
7585.36 310
7736.14 311
7900.81 312
8070.08 313
8241.17 314
8420.64 315
8620.15 316
8835.06 317
9068.63 318
9304.37 319
9545.45 320
9793.83 321
10083.2 322
