0.1953125 1
0.22998046875 2
0.24951171875 3
0.376953125 4
0.3818359375 5
0.400390625 6
0.4453125 7
0.451171875 8
0.53515625 9
0.537109375 10
0.54296875 11
0.6103515625 12
0.71484375 13
0.787109375 14
0.8046875 15
0.82861328125 16
0.845703125 17
0.8505859375 18
0.96240234375 19
0.98956298828125 20
1.091796875 21
1.177734375 22
1.177734375 23
1.271484375 24
1.431640625 25
1.54345703125 26
1.58984375 27
1.7269287109375 28
1.767578125 29
1.974609375 30
2.29931640625 31
2.36175537109375 32
2.48828125 33
2.55322265625 34
2.634765625 35
2.7890625 36
2.828125 37
2.9541015625 38
3.1500244140625 39
3.2841796875 40
3.31005859375 41
3.39453125 42
3.5727405548095703 43
3.5859375 44
3.65234375 45
3.845703125 46
3.9794921875 47
4.080078125 48
4.2041015625 49
4.837890625 50
5.3975830078125 51
5.478515625 52
5.802734375 53
5.84765625 54
5.865234375 55
6.0390625 56
6.423828125 57
6.69921875 58
7.16796875 59
7.3515625 60
7.560546875 61
8.2265625 62
8.513671875 63
8.921875 64
9.095703125 65
9.515625 66
9.81640625 67
9.90869140625 68
10.00390625 69
10.1947021484375 70
10.26483154296875 71
10.662109375 72
11.267578125 73
11.46875 74
11.740234375 75
12.09375 76
12.1171875 77
13.1328125 78
13.3203125 79
13.9404296875 80
14.84033203125 81
14.85546875 82
14.9580078125 83
16.884765625 84
17.107421875 85
17.857421875 86
17.89404296875 87
18.59765625 88
18.61328125 89
18.677734375 90
19.32177734375 91
19.4453125 92
19.791015625 93
20.001953125 94
20.9619140625 95
21.105224609375 96
21.169921875 97
22.9453125 98
22.9521484375 99
23.21759033203125 100
24.064453125 101
24.77099609375 102
24.91796875 103
25.66796875 104
25.798828125 105
27.1318359375 106
27.3935546875 107
28.0625 108
28.489013671875 109
29.2421875 110
29.35107421875 111
29.88671875 112
30.560546875 113
30.71875 114
31.6552734375 115
31.67578125 116
31.91796875 117
32.615234375 118
34.3623046875 119
34.494140625 120
34.6318359375 121
35.59912109375 122
35.830078125 123
37.87109375 124
38.966796875 125
40.0 126
41.0283203125 127
41.857421875 128
44.48046875 129
45.931640625 130
48.1484375 131
49.326171875 132
50.12109375 133
51.22314453125 134
55.677001953125 135
57.3740234375 136
57.4609375 137
59.1103515625 138
60.32421875 139
70.2578125 140
72.5458984375 141
74.9946060180664 142
77.712890625 143
78.630859375 144
82.35546875 145
83.26171875 146
83.564453125 147
84.330078125 148
90.197265625 149
93.02569580078125 150
104.35546875 151
133.23828125 152
140.9375 153
169.2724609375 154
171.0888671875 155
179.4677734375 156
199.50390625 157
