0.0480347 1
0.323822 2
0.421814 3
0.444336 4
0.465302 5
0.512024 6
0.543243 7
0.550894 8
0.618713 9
1.03053 10
1.17598 11
1.34406 12
1.3559 13
1.35794 14
2.82085 15
5.33761 16
6.41995 17
6.81198 18
6.95645 19
9.21518 20
10.235 21
10.3682 22
11.5881 23
12.3333 24
13.1382 25
14.8434 26
18.8077 27
19.5822 28
20.5978 29
22.2068 30
22.8375 31
25.377 32
27.7718 33
30.8114 34
31.0851 35
31.7734 36
32.1406 37
34.8349 38
38.0303 39
41.22 40
43.7748 41
44.743 42
47.7619 43
48.5939 44
49.3158 45
49.6567 46
50.2845 47
50.4709 48
50.8555 49
52.4609 50
55.7687 51
57.9332 52
59.365 53
63.5904 54
66.3984 55
69.25 56
69.5597 57
70.8986 58
72.1631 59
74.3214 60
76.0781 61
76.6831 62
77.3242 63
79.0063 64
82.8652 65
84.9062 66
87.2656 67
87.6753 68
88.4302 69
89.4445 70
90.0993 71
90.6094 72
91.2742 73
91.3924 74
92.5273 75
93.8125 76
95.1338 77
98.125 78
108.233 79
109.591 80
112.164 81
112.773 82
112.918 83
113.385 84
114.824 85
115.779 86
116.96 87
119.336 88
123.82 89
124.582 90
127.301 91
127.802 92
133.985 93
134.189 94
134.993 95
135.515 96
138.531 97
139.487 98
143.08 99
147.169 100
150.305 101
159.848 102
161.818 103
166.01 104
168.961 105
171.848 106
171.879 107
172.95 108
174.283 109
178.979 110
179.774 111
181.83 112
182.446 113
183.031 114
183.116 115
188.851 116
190.907 117
192.442 118
194.409 119
199.298 120
199.576 121
202.941 122
204.067 123
204.986 124
205.508 125
212.616 126
214.961 127
220 128
221.244 129
221.896 130
235.369 131
237.398 132
240.078 133
241.454 134
248.949 135
249.631 136
250.31 137
250.783 138
252.384 139
261.14 140
264.054 141
265.632 142
265.745 143
267.776 144
273.933 145
275.268 146
276.199 147
276.428 148
276.941 149
278.562 150
279.98 151
283.682 152
297.449 153
299.781 154
303.28 155
311.77 156
312.658 157
316.127 158
317.191 159
318.744 160
320.599 161
343.068 162
349.47 163
352.526 164
357.422 165
358.125 166
362.409 167
373.772 168
374.643 169
375.921 170
378.162 171
379.441 172
383.833 173
385.018 174
398.928 175
400.466 176
414.286 177
416.074 178
418.451 179
419.092 180
419.599 181
436.562 182
442.601 183
450.873 184
454.402 185
458.023 186
487.276 187
487.838 188
493.762 189
501.672 190
502.765 191
513.567 192
514.337 193
514.781 194
549.764 195
572.192 196
572.289 197
577.583 198
579.988 199
583.728 200
602.504 201
606.813 202
618.712 203
671.547 204
699.114 205
707.781 206
709.328 207
718.603 208
721.454 209
727.466 210
739.836 211
748.369 212
759.589 213
788.201 214
798.525 215
800.071 216
804.206 217
817.262 218
848.006 219
871.323 220
908.02 221
923.945 222
929.968 223
954.195 224
984.535 225
991.23 226
1012.57 227
1014.75 228
1020.64 229
1030.73 230
1075.01 231
1090.37 232
1092.43 233
1115.17 234
1122.24 235
1155.71 236
1165.16 237
1201.37 238
1219.62 239
1236.05 240
1254.14 241
1261.61 242
1304.69 243
1311.55 244
1412.71 245
1436.96 246
1439.28 247
1450.75 248
1506.28 249
1519.92 250
1578.88 251
1583.98 252
1635.93 253
1667.96 254
1669.93 255
1675.06 256
1810.23 257
1868.87 258
1873.94 259
2021.09 260
2110.19 261
2145.02 262
2181.76 263
2318.62 264
2450.07 265
2465.89 266
2550.94 267
2561.59 268
2608.13 269
2662.55 270
2663.6 271
2799.96 272
2805.03 273
2808.03 274
2813.16 275
2868.61 276
2943.21 277
2958.48 278
3053.22 279
3087.85 280
3262.8 281
3314.33 282
3649.2 283
3709.92 284
3810.12 285
4028.43 286
4091.77 287
4265.72 288
4368.84 289
4459.98 290
4772.8 291
4977.79 292
5010.11 293
5141.5 294
5481.46 295
5727.23 296
5816.44 297
5983.09 298
6306.73 299
6870.16 300
7011.77 301
7175.87 302
7758.57 303
8041.31 304
8051.55 305
8508.13 306
8893.79 307
9874.91 308
10077.3 309
10327.3 310
10383.3 311
10463.3 312
10905.2 313
12397.3 314
13413.3 315
14337.6 316
19300.7 317
20875.2 318
27119.3 319
27567.4 320
31416.7 321
31907.9 322
47243.7 323
47490.5 324
48439.5 325
48723.5 326
53323.1 327
61480.8 328
74220.3 329
82425.3 330
101739 331
