0.323822 1
0.465302 2
0.512024 3
0.550894 4
0.618713 5
1.03053 6
1.17598 7
1.34406 8
1.3559 9
1.35794 10
2.82085 11
5.33761 12
13.1382 13
20.5978 14
22.2068 15
25.377 16
31.0851 17
31.7734 18
41.22 19
43.7748 20
48.5939 21
49.3158 22
49.6567 23
50.4709 24
50.8555 25
57.9332 26
74.3214 27
79.0063 28
84.9062 29
87.6753 30
88.4302 31
90.6094 32
93.8125 33
112.773 34
119.336 35
124.582 36
127.802 37
133.985 38
134.189 39
147.169 40
150.305 41
159.848 42
161.818 43
166.01 44
172.95 45
178.979 46
182.446 47
183.031 48
183.116 49
188.851 50
192.442 51
194.409 52
199.298 53
214.961 54
221.896 55
240.078 56
241.454 57
249.631 58
250.31 59
252.384 60
261.14 61
273.933 62
275.268 63
276.941 64
278.562 65
283.682 66
297.449 67
311.77 68
312.658 69
316.127 70
317.191 71
318.744 72
358.125 73
373.772 74
374.643 75
378.162 76
398.928 77
400.466 78
419.092 79
419.599 80
442.601 81
487.276 82
502.765 83
513.567 84
549.764 85
577.583 86
579.988 87
618.712 88
671.547 89
699.114 90
709.328 91
727.466 92
748.369 93
788.201 94
798.525 95
804.206 96
817.262 97
848.006 98
908.02 99
954.195 100
984.535 101
991.23 102
1012.57 103
1030.73 104
1075.01 105
1092.43 106
1115.17 107
1122.24 108
1155.71 109
1261.61 110
1304.69 111
1311.55 112
1439.28 113
1450.75 114
1506.28 115
1578.88 116
1583.98 117
1635.93 118
1667.96 119
1675.06 120
1797.24 121
1868.87 122
1873.94 123
2110.19 124
2145.02 125
2465.89 126
2550.94 127
2561.59 128
2608.13 129
2662.55 130
2799.96 131
2805.03 132
2868.61 133
2958.48 134
3053.22 135
3087.85 136
3262.8 137
3314.33 138
3649.2 139
3709.92 140
4091.77 141
4265.72 142
4368.84 143
4772.8 144
4977.79 145
5141.5 146
5481.46 147
5727.23 148
5816.44 149
5983.09 150
6306.73 151
6870.16 152
7011.77 153
8041.31 154
8051.55 155
8508.13 156
9874.91 157
10077.3 158
10383.3 159
10905.2 160
12397.3 161
13413.3 162
14337.6 163
19300.7 164
20875.2 165
27119.3 166
27567.4 167
31416.7 168
31907.9 169
47490.5 170
48723.5 171
53323.1 172
61480.8 173
74220.3 174
82425.3 175
101739 176
