0.0480347 1
0.421814 2
0.444336 3
0.543243 4
6.41995 5
6.81198 6
6.95645 7
9.21518 8
10.235 9
10.3682 10
11.5881 11
12.3333 12
14.8434 13
18.8077 14
19.5822 15
22.8375 16
27.7718 17
30.8114 18
32.1406 19
34.8349 20
38.0303 21
44.743 22
47.7619 23
50.2845 24
52.4609 25
55.7687 26
59.365 27
63.5904 28
66.3984 29
69.25 30
69.5597 31
70.8986 32
72.1631 33
76.0781 34
76.6831 35
77.3242 36
82.8652 37
87.2656 38
89.4445 39
90.0993 40
91.2742 41
91.3924 42
92.5273 43
95.1338 44
98.125 45
108.233 46
109.591 47
112.164 48
112.918 49
113.385 50
114.824 51
115.779 52
116.96 53
123.82 54
127.301 55
134.993 56
135.515 57
138.531 58
139.487 59
143.08 60
168.961 61
171.848 62
171.879 63
174.283 64
179.774 65
181.83 66
190.907 67
199.576 68
202.941 69
204.067 70
204.986 71
205.508 72
212.616 73
220 74
221.244 75
235.369 76
237.398 77
248.949 78
250.783 79
264.054 80
265.632 81
265.745 82
267.776 83
276.199 84
276.428 85
279.98 86
299.781 87
303.28 88
320.599 89
343.068 90
349.47 91
352.526 92
357.422 93
362.409 94
375.921 95
379.441 96
383.833 97
385.018 98
414.286 99
416.074 100
418.451 101
436.562 102
450.873 103
454.402 104
458.023 105
487.838 106
493.762 107
501.672 108
514.337 109
514.781 110
572.192 111
572.289 112
583.728 113
602.504 114
606.813 115
707.781 116
718.603 117
721.454 118
739.836 119
759.589 120
800.071 121
871.323 122
923.945 123
929.968 124
1014.75 125
1020.64 126
1090.37 127
1165.16 128
1201.37 129
1219.62 130
1236.05 131
1254.14 132
1412.71 133
1436.96 134
1519.92 135
1669.93 136
1810.23 137
2021.09 138
2181.76 139
2318.62 140
2450.07 141
2663.6 142
2808.03 143
2813.16 144
2943.21 145
3810.12 146
4028.43 147
4459.98 148
5010.11 149
7175.87 150
7758.57 151
8893.79 152
10327.3 153
10463.3 154
48439.5 155
