0.21875 1
0.23095703125 2
0.28125 3
0.33837890625 4
0.3779296875 5
0.38916015625 6
0.390625 7
0.39453125 8
0.404296875 9
0.4375 10
0.4423828125 11
0.47607421875 12
0.552734375 13
0.5625 14
0.58984375 15
0.600830078125 16
0.6376953125 17
0.7373046875 18
0.8203125 19
0.86328125 20
0.890625 21
0.896484375 22
0.94140625 23
0.978515625 24
1.001953125 25
1.01220703125 26
1.029296875 27
1.03125 28
1.08984375 29
1.150390625 30
1.3037109375 31
1.31640625 32
1.6689453125 33
1.71484375 34
1.861328125 35
1.9375 36
2.025390625 37
2.16015625 38
2.46875 39
2.75 40
2.998046875 41
3.01220703125 42
3.0390625 43
3.1319580078125 44
3.2041015625 45
3.4453125 46
3.45556640625 47
3.474609375 48
3.517578125 49
3.595703125 50
3.6279296875 51
3.636615753173828 52
3.664306640625 53
3.767578125 54
4.015625 55
4.216796875 56
4.34765625 57
4.39453125 58
4.421875 59
4.564453125 60
4.62109375 61
5.291015625 62
5.5126953125 63
5.5380859375 64
5.6015625 65
6.044921875 66
6.537109375 67
6.7060546875 68
6.953125 69
6.962890625 70
7.005859375 71
7.232421875 72
7.5107421875 73
7.640625 74
7.778076171875 75
7.947265625 76
8.150390625 77
8.1552734375 78
10.220703125 79
10.30712890625 80
10.6630859375 81
10.822265625 82
11.32958984375 83
12.44921875 84
13.30078125 85
13.3787841796875 86
13.482421875 87
13.69921875 88
14.064453125 89
14.2783203125 90
14.84765625 91
15.0126953125 92
15.861328125 93
16.623046875 94
16.75390625 95
17.693359375 96
18.86865234375 97
18.939453125 98
19.62109375 99
19.943359375 100
20.189453125 101
20.400390625 102
20.7109375 103
21.345703125 104
23.73193359375 105
23.990234375 106
25.08203125 107
25.087890625 108
26.216796875 109
27.0078125 110
27.05224609375 111
28.794921875 112
29.45703125 113
29.779296875 114
30.041015625 115
30.056640625 116
31.58447265625 117
31.7421875 118
32.0478515625 119
32.41845703125 120
32.78759765625 121
32.8857421875 122
33.7244873046875 123
33.8515625 124
35.255859375 125
35.796875 126
35.986328125 127
39.181640625 128
41.56494140625 129
42.798828125 130
42.8095703125 131
43.859375 132
43.9892578125 133
49.6640625 134
49.97119140625 135
50.8544921875 136
55.3720703125 137
57.271484375 138
60.04107666015625 139
61.736328125 140
66.669921875 141
66.9384765625 142
76.501953125 143
77.005859375 144
77.1806640625 145
79.49267578125 146
83.5478515625 147
84.017578125 148
88.517578125 149
95.125 150
102.107421875 151
103.681640625 152
127.87109375 153
145.490234375 154
193.64794921875 155
255.67160034179688 156
