0.19580078125 1
0.2060546875 2
0.23046875 3
0.24365234375 4
0.244873046875 5
0.26513671875 6
0.2802734375 7
0.28076171875 8
0.285400390625 9
0.28564453125 10
0.2900390625 11
0.298828125 12
0.310546875 13
0.31640625 14
0.35546875 15
0.3671875 16
0.4052734375 17
0.419921875 18
0.484375 19
0.50439453125 20
0.583984375 21
0.59027099609375 22
0.62060546875 23
0.689453125 24
0.7275390625 25
0.765380859375 26
0.837890625 27
0.83984375 28
0.8857421875 29
1.0947265625 30
1.1513671875 31
1.205078125 32
1.3876953125 33
1.44140625 34
1.451171875 35
1.5390625 36
1.66552734375 37
1.673828125 38
1.70068359375 39
1.7021484375 40
1.716796875 41
1.72265625 42
1.724609375 43
1.73681640625 44
1.8251953125 45
1.88720703125 46
1.888916015625 47
1.908203125 48
1.921875 49
1.9288330078125 50
1.9384765625 51
2.0164794921875 52
2.03173828125 53
2.12646484375 54
2.1416015625 55
2.176513671875 56
2.224609375 57
2.23876953125 58
2.35418701171875 59
2.4267578125 60
2.431396484375 61
2.55126953125 62
2.576416015625 63
2.630859375 64
2.690673828125 65
2.80126953125 66
2.882080078125 67
2.88232421875 68
3.0146484375 69
3.015625 70
3.0927734375 71
3.142578125 72
3.2041015625 73
3.23046875 74
3.3131179809570313 75
3.35546875 76
3.3671875 77
3.496297836303711 78
3.503662109375 79
3.5224609375 80
3.5419921875 81
3.701416015625 82
3.7021484375 83
3.7158203125 84
3.7646484375 85
3.85595703125 86
4.15869140625 87
4.1619873046875 88
4.287109375 89
4.378662109375 90
4.39794921875 91
4.4345703125 92
4.59033203125 93
4.5966796875 94
4.7333984375 95
5.005126953125 96
5.01885986328125 97
5.1474609375 98
5.28515625 99
5.2919921875 100
5.35693359375 101
5.359375 102
5.46435546875 103
5.474609375 104
5.560546875 105
5.638671875 106
5.8583984375 107
5.92431640625 108
5.939453125 109
6.103515625 110
6.2412109375 111
6.3515625 112
6.5185546875 113
6.5361328125 114
6.5419921875 115
6.63525390625 116
6.75146484375 117
6.7734375 118
6.9296875 119
6.9677734375 120
7.0224609375 121
7.02734375 122
7.1552734375 123
7.1669921875 124
7.3544921875 125
7.3681640625 126
7.3759765625 127
7.4638671875 128
7.47021484375 129
7.5107421875 130
7.615234375 131
7.69091796875 132
7.7255859375 133
8.2919921875 134
8.314453125 135
8.34716796875 136
8.38671875 137
8.5419921875 138
8.825439453125 139
8.883056640625 140
8.89453125 141
8.91650390625 142
8.966796875 143
9.2744140625 144
9.8955078125 145
9.9068603515625 146
10.1455078125 147
10.2080078125 148
10.513671875 149
10.828125 150
10.9619140625 151
11.248046875 152
11.52734375 153
11.7197265625 154
11.9130859375 155
12.4765625 156
12.904052734375 157
12.9384765625 158
13.0185546875 159
13.08203125 160
13.3818359375 161
13.4423828125 162
13.48974609375 163
13.5009765625 164
13.6865234375 165
13.865234375 166
14.22607421875 167
14.3017578125 168
14.3984375 169
14.4755859375 170
14.519134521484375 171
14.74609375 172
14.8232421875 173
14.9609375 174
15.1103515625 175
15.4169921875 176
15.54296875 177
16.044921875 178
16.3662109375 179
16.3720703125 180
16.3994140625 181
16.892578125 182
17.50439453125 183
17.6043701171875 184
17.685546875 185
17.9970703125 186
18.0078125 187
18.1767578125 188
18.66943359375 189
18.68994140625 190
18.78759765625 191
18.8369140625 192
19.16943359375 193
19.9327392578125 194
20.50830078125 195
20.61279296875 196
20.65478515625 197
20.79296875 198
21.7265625 199
22.048828125 200
22.0693359375 201
22.9091796875 202
23.478515625 203
23.697265625 204
23.787109375 205
23.947021484375 206
24.3212890625 207
24.404296875 208
24.4423828125 209
24.736328125 210
24.841796875 211
24.875 212
26.2216796875 213
27.091796875 214
27.572509765625 215
27.5810546875 216
27.7784423828125 217
27.905029296875 218
28.130859375 219
28.18017578125 220
28.20703125 221
28.85888671875 222
28.9140625 223
28.9375 224
29.4404296875 225
29.57421875 226
29.7281494140625 227
29.849609375 228
30.8583984375 229
30.880615234375 230
31.03271484375 231
31.80078125 232
31.841827392578125 233
32.330078125 234
32.659423828125 235
32.8896484375 236
33.05419921875 237
33.16357421875 238
33.2578125 239
33.4774169921875 240
33.93603515625 241
34.498046875 242
34.5654296875 243
34.65234375 244
35.11474609375 245
35.29541015625 246
35.49560546875 247
37.679931640625 248
37.9033203125 249
38.08740234375 250
38.4140625 251
38.48193359375 252
39.107421875 253
39.845367431640625 254
40.07763671875 255
40.15771484375 256
42.419921875 257
42.8466796875 258
42.90234375 259
43.69287109375 260
44.4462890625 261
45.2333984375 262
45.9453125 263
50.763916015625 264
52.2353515625 265
52.779296875 266
53.55224609375 267
59.818359375 268
61.296875 269
61.31298828125 270
61.3203125 271
62.02685546875 272
62.927734375 273
63.03662109375 274
63.0623779296875 275
63.26953125 276
64.1171875 277
66.671875 278
67.2412109375 279
67.4375 280
68.08251953125 281
69.5421142578125 282
71.34375 283
72.220703125 284
73.2353515625 285
73.23974609375 286
73.8173828125 287
74.689453125 288
75.6416015625 289
76.8056640625 290
78.2802734375 291
82.77880859375 292
84.46533203125 293
85.3671875 294
85.646484375 295
88.387451171875 296
88.4306640625 297
89.0380859375 298
89.873046875 299
91.15087890625 300
91.2685317993164 301
92.2320556640625 302
92.580078125 303
93.3173828125 304
95.239990234375 305
115.0029296875 306
124.95556640625 307
129.7919921875 308
137.6357421875 309
141.02490234375 310
142.8154296875 311
142.83984375 312
146.623046875 313
149.0302734375 314
171.05078125 315
183.755859375 316
198.716796875 317
229.5751953125 318
238.90380859375 319
246.90380859375 320
265.4373779296875 321
291.279541015625 322
296.613525390625 323
