0.2060546875 1
0.23046875 2
0.28076171875 3
0.285400390625 4
0.28564453125 5
0.2900390625 6
0.298828125 7
0.310546875 8
0.35546875 9
0.4052734375 10
0.419921875 11
0.484375 12
0.50439453125 13
0.59027099609375 14
0.62060546875 15
0.689453125 16
0.7275390625 17
0.837890625 18
0.83984375 19
0.8857421875 20
1.0947265625 21
1.1513671875 22
1.205078125 23
1.3876953125 24
1.44140625 25
1.451171875 26
1.5390625 27
1.66552734375 28
1.673828125 29
1.888916015625 30
1.908203125 31
1.921875 32
1.9288330078125 33
1.9384765625 34
2.03173828125 35
2.12646484375 36
2.1416015625 37
2.23876953125 38
2.35418701171875 39
2.4267578125 40
2.431396484375 41
2.55126953125 42
2.576416015625 43
2.80126953125 44
2.882080078125 45
2.88232421875 46
3.0146484375 47
3.0927734375 48
3.142578125 49
3.23046875 50
3.35546875 51
3.3671875 52
3.496297836303711 53
3.503662109375 54
3.5224609375 55
3.5419921875 56
3.701416015625 57
3.7158203125 58
3.7646484375 59
3.85595703125 60
4.15869140625 61
4.1619873046875 62
4.287109375 63
4.59033203125 64
4.5966796875 65
5.005126953125 66
5.01885986328125 67
5.1474609375 68
5.28515625 69
5.2919921875 70
5.359375 71
5.46435546875 72
5.560546875 73
5.638671875 74
5.8583984375 75
5.92431640625 76
5.939453125 77
6.103515625 78
6.2412109375 79
6.5185546875 80
6.7734375 81
6.9296875 82
7.0224609375 83
7.02734375 84
7.1552734375 85
7.1669921875 86
7.3681640625 87
7.3759765625 88
7.4638671875 89
7.615234375 90
7.7255859375 91
8.314453125 92
8.34716796875 93
8.5419921875 94
8.825439453125 95
8.966796875 96
9.2744140625 97
9.9068603515625 98
10.1455078125 99
10.828125 100
11.9130859375 101
12.9384765625 102
13.0185546875 103
13.4423828125 104
13.48974609375 105
13.6865234375 106
13.865234375 107
14.3017578125 108
14.519134521484375 109
14.9609375 110
15.4169921875 111
18.66943359375 112
18.8369140625 113
20.50830078125 114
22.048828125 115
23.478515625 116
23.787109375 117
23.947021484375 118
24.3212890625 119
24.736328125 120
26.2216796875 121
27.091796875 122
27.572509765625 123
27.5810546875 124
27.905029296875 125
28.130859375 126
28.18017578125 127
28.20703125 128
29.4404296875 129
29.7281494140625 130
31.03271484375 131
33.16357421875 132
33.4774169921875 133
34.498046875 134
34.5654296875 135
35.11474609375 136
35.29541015625 137
35.49560546875 138
37.679931640625 139
37.9033203125 140
38.08740234375 141
40.15771484375 142
43.69287109375 143
45.2333984375 144
53.55224609375 145
63.03662109375 146
63.26953125 147
66.671875 148
74.689453125 149
88.387451171875 150
89.873046875 151
115.0029296875 152
137.6357421875 153
141.02490234375 154
142.83984375 155
146.623046875 156
183.755859375 157
291.279541015625 158
