0.19580078125 1
0.24365234375 2
0.244873046875 3
0.26513671875 4
0.2802734375 5
0.31640625 6
0.3671875 7
0.583984375 8
0.765380859375 9
1.70068359375 10
1.7021484375 11
1.716796875 12
1.72265625 13
1.724609375 14
1.73681640625 15
1.8251953125 16
1.88720703125 17
2.0164794921875 18
2.176513671875 19
2.224609375 20
2.630859375 21
2.690673828125 22
3.015625 23
3.2041015625 24
3.3131179809570313 25
3.7021484375 26
4.378662109375 27
4.39794921875 28
4.4345703125 29
4.7333984375 30
5.35693359375 31
5.474609375 32
6.3515625 33
6.5361328125 34
6.5419921875 35
6.63525390625 36
6.75146484375 37
6.9677734375 38
7.3544921875 39
7.47021484375 40
7.5107421875 41
7.69091796875 42
8.2919921875 43
8.38671875 44
8.883056640625 45
8.89453125 46
8.91650390625 47
9.8955078125 48
10.2080078125 49
10.513671875 50
10.9619140625 51
11.248046875 52
11.52734375 53
11.7197265625 54
12.4765625 55
12.904052734375 56
13.08203125 57
13.3818359375 58
13.5009765625 59
14.22607421875 60
14.3984375 61
14.4755859375 62
14.74609375 63
14.8232421875 64
15.1103515625 65
15.54296875 66
16.044921875 67
16.3662109375 68
16.3720703125 69
16.3994140625 70
16.892578125 71
17.50439453125 72
17.6043701171875 73
17.685546875 74
17.9970703125 75
18.0078125 76
18.1767578125 77
18.68994140625 78
18.78759765625 79
19.16943359375 80
19.9327392578125 81
20.61279296875 82
20.65478515625 83
20.79296875 84
21.7265625 85
22.0693359375 86
22.9091796875 87
23.697265625 88
24.404296875 89
24.4423828125 90
24.841796875 91
24.875 92
27.7784423828125 93
28.85888671875 94
28.9140625 95
28.9375 96
29.57421875 97
29.849609375 98
30.8583984375 99
30.880615234375 100
31.80078125 101
31.841827392578125 102
32.330078125 103
32.659423828125 104
32.8896484375 105
33.05419921875 106
33.2578125 107
33.93603515625 108
34.65234375 109
38.4140625 110
38.48193359375 111
39.107421875 112
39.845367431640625 113
40.07763671875 114
42.419921875 115
42.8466796875 116
42.90234375 117
44.4462890625 118
45.9453125 119
50.763916015625 120
52.2353515625 121
52.779296875 122
59.818359375 123
61.296875 124
61.31298828125 125
61.3203125 126
62.02685546875 127
62.927734375 128
63.0623779296875 129
64.1171875 130
67.2412109375 131
67.4375 132
68.08251953125 133
69.5421142578125 134
71.34375 135
72.220703125 136
73.2353515625 137
73.23974609375 138
73.8173828125 139
75.6416015625 140
76.8056640625 141
78.2802734375 142
82.77880859375 143
84.46533203125 144
85.3671875 145
85.646484375 146
88.4306640625 147
89.0380859375 148
91.15087890625 149
91.2685317993164 150
92.2320556640625 151
92.580078125 152
93.3173828125 153
95.239990234375 154
124.95556640625 155
129.7919921875 156
142.8154296875 157
149.0302734375 158
171.05078125 159
198.716796875 160
229.5751953125 161
238.90380859375 162
246.90380859375 163
265.4373779296875 164
296.613525390625 165
