0.17529296875 1
0.1864013671875 2
0.21875 3
0.24072265625 4
0.24072265625 5
0.2529296875 6
0.2578125 7
0.2900390625 8
0.29052734375 9
0.30224609375 10
0.314453125 11
0.3173828125 12
0.322265625 13
0.3310546875 14
0.33984375 15
0.3603515625 16
0.37109375 17
0.38818359375 18
0.419921875 19
0.44189453125 20
0.5732421875 21
0.5849609375 22
0.59521484375 23
0.61279296875 24
0.630615234375 25
0.67333984375 26
0.72357177734375 27
0.73681640625 28
0.7724609375 29
0.8125 30
0.86962890625 31
0.916015625 32
0.92041015625 33
0.921875 34
1.0771484375 35
1.236572265625 36
1.358642578125 37
1.406005859375 38
1.4921875 39
1.609375 40
1.6875 41
1.69677734375 42
1.72265625 43
1.75390625 44
1.75830078125 45
1.7607421875 46
1.8262939453125 47
1.83203125 48
1.8798828125 49
2.166015625 50
2.17822265625 51
2.18310546875 52
2.19921875 53
2.220703125 54
2.2431640625 55
2.271728515625 56
2.294921875 57
2.3816680908203125 58
2.38671875 59
2.40234375 60
2.4423828125 61
2.515625 62
2.5205078125 63
2.546142578125 64
2.60546875 65
2.6728515625 66
2.77783203125 67
2.78125 68
2.8662109375 69
2.871826171875 70
2.873046875 71
2.945556640625 72
3.0126953125 73
3.173828125 74
3.22265625 75
3.3076171875 76
3.3203125 77
3.37060546875 78
3.50830078125 79
3.54443359375 80
3.5595703125 81
3.58056640625 82
3.662109375 83
3.6728515625 84
3.697265625 85
3.7458267211914063 86
3.935546875 87
3.99169921875 88
4.06201171875 89
4.11767578125 90
4.1455078125 91
4.1767578125 92
4.251953125 93
4.33642578125 94
4.38134765625 95
4.4541015625 96
4.814453125 97
4.908203125 98
4.9384765625 99
5.0888671875 100
5.21533203125 101
5.22265625 102
5.2236328125 103
5.2373046875 104
5.3896484375 105
5.5966796875 106
5.6962890625 107
5.869140625 108
6.02734375 109
6.1455078125 110
6.224609375 111
6.251953125 112
6.271240234375 113
6.3212890625 114
6.46435546875 115
6.568359375 116
6.8203125 117
6.91552734375 118
7.13916015625 119
7.18603515625 120
7.197265625 121
7.20556640625 122
7.22265625 123
7.228515625 124
7.65478515625 125
7.75927734375 126
8.16162109375 127
8.4013671875 128
8.4775390625 129
8.49462890625 130
8.80078125 131
8.8134765625 132
9.2196044921875 133
9.2421875 134
9.328857421875 135
9.97705078125 136
9.9970703125 137
10.30859375 138
10.6435546875 139
10.6513671875 140
10.8779296875 141
10.88671875 142
10.94140625 143
11.1513671875 144
11.201171875 145
11.4765625 146
11.80078125 147
11.9677734375 148
12.0986328125 149
12.2275390625 150
12.558502197265625 151
12.702880859375 152
13.04296875 153
13.242919921875 154
13.2783203125 155
13.4814453125 156
13.6259765625 157
13.673828125 158
13.6923828125 159
14.3037109375 160
14.75390625 161
14.8837890625 162
14.884765625 163
14.974609375 164
15.0458984375 165
15.05419921875 166
15.05615234375 167
15.65625 168
15.7265625 169
16.021484375 170
16.07275390625 171
16.2431640625 172
16.2509765625 173
16.267578125 174
16.3076171875 175
16.33984375 176
16.7353515625 177
16.817626953125 178
17.61328125 179
18.3173828125 180
18.40625 181
18.6240234375 182
18.6767578125 183
18.92010498046875 184
18.9697265625 185
19.19140625 186
19.2568359375 187
20.27392578125 188
20.42578125 189
20.4666748046875 190
20.58203125 191
20.65771484375 192
20.935546875 193
21.376708984375 194
21.5341796875 195
21.9254150390625 196
21.9873046875 197
22.2431640625 198
22.294921875 199
22.4765625 200
22.905029296875 201
23.12060546875 202
23.16552734375 203
23.2158203125 204
23.671875 205
24.146484375 206
24.20703125 207
24.35888671875 208
25.4384765625 209
26.05322265625 210
26.224365234375 211
26.52734375 212
27.2080078125 213
27.43359375 214
27.466796875 215
28.55859375 216
28.5810546875 217
28.763671875 218
30.1025390625 219
30.39111328125 220
30.52294921875 221
31.23486328125 222
31.8671875 223
32.5771484375 224
32.583251953125 225
32.685791015625 226
32.93408203125 227
33.0205078125 228
33.912109375 229
34.15234375 230
34.2215576171875 231
35.08447265625 232
35.14453125 233
35.1708984375 234
35.520263671875 235
35.5546875 236
35.95703125 237
35.9755859375 238
36.69091796875 239
37.021240234375 240
37.32763671875 241
37.92138671875 242
37.951171875 243
37.968505859375 244
38.38623046875 245
39.698974609375 246
40.36328125 247
41.19317626953125 248
41.38232421875 249
41.701171875 250
43.69921875 251
44.039794921875 252
45.20703125 253
45.7060546875 254
46.740234375 255
46.933837890625 256
47.134765625 257
49.2529296875 258
50.361328125 259
50.710205078125 260
51.140380859375 261
51.1884765625 262
51.34521484375 263
52.43798828125 264
53.64630126953125 265
53.728515625 266
53.9951171875 267
54.08740234375 268
56.7294921875 269
58.185546875 270
58.283203125 271
60.212890625 272
61.37890625 273
61.4013671875 274
62.236328125 275
62.302734375 276
63.48828125 277
64.8447265625 278
65.41943359375 279
67.1806640625 280
67.634765625 281
68.7939453125 282
71.6617431640625 283
73.197265625 284
73.9208984375 285
74.2138671875 286
74.2392578125 287
76.275390625 288
77.93212890625 289
79.8291015625 290
81.4130859375 291
86.408203125 292
87.05078125 293
87.894287109375 294
88.28125 295
90.22265625 296
94.705078125 297
95.018310546875 298
95.66552734375 299
95.71947479248047 300
95.7392578125 301
96.102783203125 302
100.10107421875 303
100.40234375 304
102.83642578125 305
103.7884521484375 306
108.13671875 307
113.15869140625 308
116.41943359375 309
122.701171875 310
131.99267578125 311
156.9951171875 312
162.802734375 313
174.8603515625 314
176.1240234375 315
183.435546875 316
185.109619140625 317
192.09521484375 318
209.1982421875 319
216.55517578125 320
217.36572265625 321
241.4443359375 322
281.7158203125 323
296.601806640625 324
298.1103515625 325
