0.1864013671875 1
0.21875 2
0.24072265625 3
0.2578125 4
0.2900390625 5
0.30224609375 6
0.3173828125 7
0.322265625 8
0.3310546875 9
0.3603515625 10
0.37109375 11
0.419921875 12
0.44189453125 13
0.5732421875 14
0.59521484375 15
0.61279296875 16
0.630615234375 17
0.67333984375 18
0.72357177734375 19
0.73681640625 20
0.8125 21
0.86962890625 22
0.916015625 23
0.92041015625 24
0.921875 25
1.0771484375 26
1.236572265625 27
1.358642578125 28
1.406005859375 29
1.4921875 30
1.609375 31
1.75830078125 32
1.8798828125 33
2.19921875 34
2.220703125 35
2.2431640625 36
2.271728515625 37
2.3816680908203125 38
2.38671875 39
2.40234375 40
2.515625 41
2.5205078125 42
2.60546875 43
2.6728515625 44
2.77783203125 45
2.78125 46
2.8662109375 47
2.871826171875 48
2.873046875 49
2.945556640625 50
3.0126953125 51
3.3076171875 52
3.37060546875 53
3.50830078125 54
3.54443359375 55
3.5595703125 56
3.58056640625 57
3.662109375 58
3.6728515625 59
3.697265625 60
3.935546875 61
3.99169921875 62
4.06201171875 63
4.11767578125 64
4.1455078125 65
4.1767578125 66
4.251953125 67
4.38134765625 68
4.814453125 69
4.908203125 70
4.9384765625 71
5.0888671875 72
5.2373046875 73
5.3896484375 74
5.5966796875 75
5.6962890625 76
5.869140625 77
6.02734375 78
6.1455078125 79
6.224609375 80
6.251953125 81
6.271240234375 82
6.3212890625 83
6.46435546875 84
7.197265625 85
7.228515625 86
7.65478515625 87
8.16162109375 88
8.4013671875 89
8.80078125 90
8.8134765625 91
9.2196044921875 92
9.2421875 93
9.97705078125 94
10.30859375 95
10.8779296875 96
10.88671875 97
10.94140625 98
11.1513671875 99
11.201171875 100
11.9677734375 101
13.04296875 102
13.242919921875 103
13.4814453125 104
13.6259765625 105
13.673828125 106
14.75390625 107
14.884765625 108
15.0458984375 109
16.267578125 110
16.7353515625 111
18.92010498046875 112
19.2568359375 113
20.42578125 114
20.58203125 115
20.65771484375 116
22.4765625 117
22.905029296875 118
23.16552734375 119
23.671875 120
24.35888671875 121
26.05322265625 122
27.43359375 123
27.466796875 124
28.55859375 125
28.5810546875 126
28.763671875 127
30.39111328125 128
32.5771484375 129
32.583251953125 130
34.15234375 131
35.08447265625 132
35.1708984375 133
35.520263671875 134
35.5546875 135
35.95703125 136
35.9755859375 137
37.92138671875 138
37.968505859375 139
40.36328125 140
41.38232421875 141
43.69921875 142
44.039794921875 143
46.740234375 144
50.361328125 145
53.728515625 146
53.9951171875 147
61.37890625 148
63.48828125 149
73.9208984375 150
79.8291015625 151
95.018310546875 152
108.13671875 153
174.8603515625 154
176.1240234375 155
185.109619140625 156
216.55517578125 157
217.36572265625 158
296.601806640625 159
