0.17529296875 1
0.24072265625 2
0.2529296875 3
0.29052734375 4
0.314453125 5
0.33984375 6
0.38818359375 7
0.5849609375 8
0.7724609375 9
1.6875 10
1.69677734375 11
1.72265625 12
1.75390625 13
1.7607421875 14
1.8262939453125 15
1.83203125 16
2.166015625 17
2.17822265625 18
2.18310546875 19
2.294921875 20
2.4423828125 21
2.546142578125 22
3.173828125 23
3.22265625 24
3.3203125 25
3.7458267211914063 26
4.33642578125 27
4.4541015625 28
5.21533203125 29
5.22265625 30
5.2236328125 31
6.568359375 32
6.8203125 33
6.91552734375 34
7.13916015625 35
7.18603515625 36
7.20556640625 37
7.22265625 38
7.75927734375 39
8.4775390625 40
8.49462890625 41
9.328857421875 42
9.9970703125 43
10.6435546875 44
10.6513671875 45
11.4765625 46
11.80078125 47
12.0986328125 48
12.2275390625 49
12.558502197265625 50
12.702880859375 51
13.2783203125 52
13.6923828125 53
14.3037109375 54
14.8837890625 55
14.974609375 56
15.05419921875 57
15.05615234375 58
15.65625 59
15.7265625 60
16.021484375 61
16.07275390625 62
16.2431640625 63
16.2509765625 64
16.3076171875 65
16.33984375 66
16.817626953125 67
17.61328125 68
18.3173828125 69
18.40625 70
18.6240234375 71
18.6767578125 72
18.9697265625 73
19.19140625 74
20.27392578125 75
20.4666748046875 76
20.935546875 77
21.376708984375 78
21.5341796875 79
21.9254150390625 80
21.9873046875 81
22.2431640625 82
22.294921875 83
23.12060546875 84
23.2158203125 85
24.146484375 86
24.20703125 87
25.4384765625 88
26.224365234375 89
26.52734375 90
27.2080078125 91
30.1025390625 92
30.52294921875 93
31.23486328125 94
31.8671875 95
32.685791015625 96
32.93408203125 97
33.0205078125 98
33.912109375 99
34.2215576171875 100
35.14453125 101
36.69091796875 102
37.021240234375 103
37.32763671875 104
37.951171875 105
38.38623046875 106
39.698974609375 107
41.19317626953125 108
41.701171875 109
45.20703125 110
45.7060546875 111
46.933837890625 112
47.134765625 113
49.2529296875 114
50.710205078125 115
51.140380859375 116
51.1884765625 117
51.34521484375 118
52.43798828125 119
53.64630126953125 120
54.08740234375 121
56.7294921875 122
58.185546875 123
58.283203125 124
60.212890625 125
61.4013671875 126
62.236328125 127
62.302734375 128
64.8447265625 129
65.41943359375 130
67.1806640625 131
67.634765625 132
68.7939453125 133
71.6617431640625 134
73.197265625 135
74.2138671875 136
74.2392578125 137
76.275390625 138
77.93212890625 139
81.4130859375 140
86.408203125 141
87.05078125 142
87.894287109375 143
88.28125 144
90.22265625 145
94.705078125 146
95.66552734375 147
95.71947479248047 148
95.7392578125 149
96.102783203125 150
100.10107421875 151
100.40234375 152
102.83642578125 153
103.7884521484375 154
113.15869140625 155
116.41943359375 156
122.701171875 157
131.99267578125 158
156.9951171875 159
162.802734375 160
183.435546875 161
192.09521484375 162
209.1982421875 163
241.4443359375 164
281.7158203125 165
298.1103515625 166
