1.0148 1
1.04574 2
1.06114 3
1.09366 4
1.1015 5
1.122 6
1.12348 7
1.15369 8
1.16408 9
1.16709 10
1.17739 11
1.18115 12
2.07405 13
2.09866 14
2.10434 15
2.13053 16
2.13335 17
2.18904 18
2.36749 19
2.42345 20
2.42895 21
2.43713 22
2.60943 23
2.65557 24
2.68071 25
2.73713 26
2.80659 27
2.86152 28
3.16459 29
3.23017 30
3.39332 31
3.52506 32
3.80489 33
4.34013 34
4.34349 35
4.42332 36
4.75894 37
5.1214 38
5.19588 39
5.21148 40
5.40632 41
5.81694 42
5.84539 43
6.30703 44
6.48392 45
7.65637 46
7.83842 47
9.78439 48
10.0323 49
10.4939 50
11.1842 51
11.5621 52
11.8586 53
11.8907 54
12.4099 55
13.0015 56
14.3424 57
15.1639 58
15.1888 59
15.4478 60
16.5254 61
16.5727 62
17.4232 63
19.4002 64
19.6886 65
20.4527 66
22.4952 67
22.6816 68
23.9465 69
24.6011 70
24.7082 71
25.3648 72
25.4534 73
25.7211 74
25.7635 75
25.897 76
28.4202 77
29.7429 78
31.1932 79
33.293 80
33.5447 81
34.7261 82
34.9979 83
36.8738 84
37.8021 85
38.2727 86
39.044 87
39.6174 88
41.3662 89
42.4477 90
43.2646 91
43.4676 92
43.8531 93
44.1232 94
45.1492 95
45.3679 96
45.3987 97
48.5999 98
50.5137 99
50.6356 100
50.7606 101
51.0131 102
53.9701 103
54.8271 104
57.3691 105
59.9264 106
59.9912 107
63.4936 108
68.3718 109
70.0935 110
73.2929 111
75.0556 112
84.663 113
87.2947 114
90.0833 115
105.065 116
114.432 117
116.827 118
118.117 119
123.421 120
125.308 121
127.606 122
173.093 123
182.494 124
196.081 125
216.968 126
220.03 127
236.813 128
238.389 129
258.286 130
261.514 131
266.092 132
276.14 133
278.082 134
