1.01098 1
1.01302 2
1.01452 3
1.01604 4
1.01609 5
1.01714 6
1.74962 7
2.35711 8
2.42362 9
3.04462 10
3.21532 11
3.2225 12
3.303 13
3.30384 14
3.38256 15
3.50162 16
4.17663 17
4.28573 18
4.30651 19
4.3516 20
4.35468 21
4.53608 22
4.59618 23
4.70235 24
4.76912 25
5.27908 26
5.28608 27
6.23855 28
6.32509 29
6.46081 30
6.5654 31
6.57652 32
7.19479 33
7.63474 34
7.65556 35
8.199 36
8.2176 37
9.1834 38
9.19565 39
9.3855 40
9.68675 41
9.69744 42
9.96163 43
9.97947 44
11.4309 45
11.5067 46
12.6732 47
13.2365 48
13.7327 49
13.773 50
13.8221 51
14.0223 52
14.1939 53
14.3434 54
14.656 55
15.0692 56
15.2325 57
15.3741 58
15.4853 59
16.2701 60
16.3551 61
17.1044 62
17.3602 63
17.9351 64
19.0298 65
19.1232 66
19.352 67
19.3767 68
19.8277 69
20.0895 70
20.6283 71
21.0229 72
21.2175 73
21.5491 74
22.2966 75
22.6887 76
23.03 77
23.0328 78
23.0858 79
24.169 80
24.7596 81
25.2157 82
26.0271 83
26.3238 84
27.2334 85
27.5576 86
28.2358 87
28.3264 88
28.4635 89
29.2076 90
29.2966 91
30.285 92
31.1136 93
31.2774 94
31.311 95
31.7432 96
32.2016 97
32.3375 98
32.45 99
32.5235 100
32.9154 101
33.0964 102
35.6028 103
35.655 104
37.0035 105
37.7126 106
42.7729 107
44.1191 108
45.8423 109
48.8148 110
49.1482 111
52.9067 112
57.6444 113
58.2034 114
58.7231 115
59.0542 116
59.7327 117
61.4536 118
61.5932 119
66.601 120
69.9948 121
74.8151 122
77.3344 123
78.2024 124
82.9607 125
86.2864 126
95.1 127
96.7042 128
99.0206 129
99.101 130
107.457 131
108.607 132
116.47 133
117.807 134
120.756 135
122.875 136
125.618 137
126.727 138
128.184 139
128.918 140
130.727 141
130.849 142
136.214 143
137.909 144
138.046 145
139.203 146
140.923 147
151.997 148
160.38 149
160.681 150
163.653 151
165.332 152
183.16 153
186.196 154
198.593 155
206.42 156
212.178 157
213.733 158
224.528 159
228.785 160
229.977 161
242.564 162
279.441 163
