1.01098 1
1.01302 2
1.01452 3
1.0148 4
1.01604 5
1.01609 6
1.01714 7
1.04574 8
1.06114 9
1.09366 10
1.1015 11
1.122 12
1.12348 13
1.15369 14
1.16408 15
1.16709 16
1.17739 17
1.18115 18
1.74962 19
2.07405 20
2.09866 21
2.10434 22
2.13053 23
2.13335 24
2.18904 25
2.35711 26
2.36749 27
2.42345 28
2.42362 29
2.42895 30
2.43713 31
2.60943 32
2.65557 33
2.68071 34
2.73713 35
2.80659 36
2.86152 37
3.04462 38
3.16459 39
3.21532 40
3.2225 41
3.23017 42
3.303 43
3.30384 44
3.38256 45
3.39332 46
3.50162 47
3.52506 48
3.80489 49
4.17663 50
4.28573 51
4.30651 52
4.34013 53
4.34349 54
4.3516 55
4.35468 56
4.42332 57
4.53608 58
4.59618 59
4.70235 60
4.75894 61
4.76912 62
5.1214 63
5.19588 64
5.21148 65
5.27908 66
5.28608 67
5.40632 68
5.81694 69
5.84539 70
6.23855 71
6.30703 72
6.32509 73
6.46081 74
6.48392 75
6.5654 76
6.57652 77
7.19479 78
7.63474 79
7.65556 80
7.65637 81
7.83842 82
8.199 83
8.2176 84
9.1834 85
9.19565 86
9.3855 87
9.68675 88
9.69744 89
9.78439 90
9.96163 91
9.97947 92
10.0323 93
10.4939 94
11.1842 95
11.4309 96
11.5067 97
11.5621 98
11.8586 99
11.8907 100
12.4099 101
12.6732 102
13.0015 103
13.2365 104
13.7327 105
13.773 106
13.8221 107
14.0223 108
14.1939 109
14.3424 110
14.3434 111
14.656 112
15.0692 113
15.1639 114
15.1888 115
15.2325 116
15.3741 117
15.4478 118
15.4853 119
16.2701 120
16.3551 121
16.5254 122
16.5727 123
17.1044 124
17.3602 125
17.4232 126
17.9351 127
19.0298 128
19.1232 129
19.352 130
19.3767 131
19.4002 132
19.6886 133
19.8277 134
20.0895 135
20.4527 136
20.6283 137
21.0229 138
21.2175 139
21.5491 140
22.2966 141
22.4952 142
22.6816 143
22.6887 144
23.03 145
23.0328 146
23.0858 147
23.9465 148
24.169 149
24.6011 150
24.7082 151
24.7596 152
25.2157 153
25.3648 154
25.4534 155
25.7211 156
25.7635 157
25.897 158
26.0271 159
26.3238 160
27.2334 161
27.5576 162
28.2358 163
28.3264 164
28.4202 165
28.4635 166
29.2076 167
29.2966 168
29.7429 169
30.285 170
31.1136 171
31.1932 172
31.2774 173
31.311 174
31.7432 175
32.2016 176
32.3375 177
32.45 178
32.5235 179
32.9154 180
33.0964 181
33.293 182
33.5447 183
34.7261 184
34.9979 185
35.6028 186
35.655 187
36.8738 188
37.0035 189
37.7126 190
37.8021 191
38.2727 192
39.044 193
39.6174 194
41.3662 195
42.4477 196
42.7729 197
43.2646 198
43.4676 199
43.8531 200
44.1191 201
44.1232 202
45.1492 203
45.3679 204
45.3987 205
45.8423 206
48.5999 207
48.8148 208
49.1482 209
50.5137 210
50.6356 211
50.7606 212
51.0131 213
52.9067 214
53.9701 215
54.8271 216
57.3691 217
57.6444 218
58.2034 219
58.7231 220
59.0542 221
59.7327 222
59.9264 223
59.9912 224
61.4536 225
61.5932 226
63.4936 227
66.601 228
68.3718 229
69.9948 230
70.0935 231
73.2929 232
74.8151 233
75.0556 234
77.3344 235
78.2024 236
82.9607 237
84.663 238
86.2864 239
87.2947 240
90.0833 241
95.1 242
96.7042 243
99.0206 244
99.101 245
105.065 246
107.457 247
108.607 248
114.432 249
116.47 250
116.827 251
117.807 252
118.117 253
120.756 254
122.875 255
123.421 256
125.308 257
125.618 258
126.727 259
127.606 260
128.184 261
128.918 262
130.727 263
130.849 264
136.214 265
137.909 266
138.046 267
139.203 268
140.923 269
151.997 270
160.38 271
160.681 272
163.653 273
165.332 274
173.093 275
182.494 276
183.16 277
186.196 278
196.081 279
198.593 280
206.42 281
212.178 282
213.733 283
216.968 284
220.03 285
224.528 286
228.785 287
229.977 288
236.813 289
238.389 290
242.564 291
258.286 292
261.514 293
266.092 294
276.14 295
278.082 296
279.441 297
