0.189453125 1
0.244140625 2
0.2548828125 3
0.296875 4
0.3203125 5
0.33203125 6
0.34375 7
0.3515625 8
0.390625 9
0.39208984375 10
0.3935546875 11
0.412109375 12
0.46044921875 13
0.46484375 14
0.540679931640625 15
0.55859375 16
0.6640625 17
0.802734375 18
0.84814453125 19
0.9501953125 20
1.080078125 21
1.11328125 22
1.3515625 23
1.8466796875 24
2.1357421875 25
2.2919921875 26
2.32666015625 27
2.65234375 28
2.99658203125 29
3.9375 30
4.4716796875 31
4.486328125 32
4.72021484375 33
4.73974609375 34
4.9345703125 35
5.005859375 36
5.521484375 37
5.6396484375 38
6.64453125 39
7.06201171875 40
7.06640625 41
7.267578125 42
7.279296875 43
7.39453125 44
8.140625 45
9.203125 46
9.220703125 47
9.357421875 48
9.763671875 49
9.859375 50
10.1083984375 51
10.203216552734375 52
10.3193359375 53
10.8447265625 54
10.923828125 55
11.4541015625 56
11.52001953125 57
11.5234375 58
11.654597282409668 59
11.748046875 60
11.7744140625 61
12.51953125 62
12.671875 63
12.73046875 64
12.7958984375 65
13.71875 66
14.0576171875 67
15.53515625 68
15.62890625 69
16.0107421875 70
16.2724609375 71
16.98583984375 72
17.76171875 73
18.37060546875 74
18.987396240234375 75
19.232421875 76
20.83203125 77
21.158203125 78
21.640625 79
21.66796875 80
21.669921875 81
22.0625 82
22.6627197265625 83
22.7109375 84
23.0439453125 85
23.8853759765625 86
24.073486328125 87
24.244140625 88
25.1650390625 89
25.23388671875 90
26.453125 91
26.8046875 92
26.87109375 93
27.5 94
27.6845703125 95
27.8046875 96
27.91796875 97
27.95361328125 98
28.646484375 99
29.1953125 100
29.2552490234375 101
29.458984375 102
29.96484375 103
31.62890625 104
32.455078125 105
32.83935546875 106
32.87890625 107
33.3095703125 108
34.2685546875 109
34.2783203125 110
34.60302734375 111
35.087890625 112
36.4736328125 113
36.625244140625 114
36.79296875 115
38.15625 116
39.201171875 117
39.486328125 118
39.958984375 119
40.673828125 120
41.40771484375 121
41.6455078125 122
42.5546875 123
42.771484375 124
42.94140625 125
44.43048095703125 126
44.46142578125 127
45.5126953125 128
46.819580078125 129
48.6806640625 130
49.9765625 131
51.6875 132
52.001953125 133
52.185546875 134
52.9375 135
54.06640625 136
54.484375 137
54.529296875 138
55.5595703125 139
56.653076171875 140
59.608642578125 141
60.642578125 142
60.78759765625 143
61.4287109375 144
62.62890625 145
63.203125 146
67.630859375 147
68.07421875 148
70.8603515625 149
71.123046875 150
72.955078125 151
73.767578125 152
74.125 153
75.34912109375 154
76.7578125 155
77.396484375 156
80.818359375 157
81.1083984375 158
83.7373046875 159
84.4521484375 160
86.38232421875 161
86.8046875 162
87.49853515625 163
88.8505859375 164
89.857421875 165
95.328125 166
98.349609375 167
98.591796875 168
103.45703125 169
105.166015625 170
105.833984375 171
107.189453125 172
108.1171875 173
112.0234375 174
113.134765625 175
114.66650390625 176
116.396484375 177
117.044921875 178
117.8037109375 179
118.1484375 180
121.75 181
122.0234375 182
124.822265625 183
128.80078125 184
136.26904296875 185
136.880859375 186
138.70703125 187
141.142578125 188
163.01397705078125 189
165.20556640625 190
165.49072265625 191
170.4443359375 192
171.7548828125 193
173.1689453125 194
176.17578125 195
180.14404296875 196
182.231201171875 197
188.828125 198
193.11279296875 199
200.9189453125 200
211.40625 201
211.9970703125 202
215.88671875 203
217.021484375 204
218.48828125 205
235.3115234375 206
235.49853515625 207
240.05859375 208
242.015625 209
251.505859375 210
255.4091796875 211
258.8359375 212
276.986328125 213
278.92919921875 214
279.8076171875 215
295.1708984375 216
297.3515625 217
