0.3203125 1
0.34375 2
0.390625 3
0.39208984375 4
0.3935546875 5
0.412109375 6
0.55859375 7
0.802734375 8
5.005859375 9
7.06640625 10
18.37060546875 11
19.232421875 12
24.244140625 13
25.23388671875 14
26.453125 15
26.87109375 16
28.646484375 17
29.96484375 18
31.62890625 19
32.83935546875 20
35.087890625 21
36.4736328125 22
36.625244140625 23
38.15625 24
39.201171875 25
40.673828125 26
41.6455078125 27
44.46142578125 28
45.5126953125 29
49.9765625 30
51.6875 31
52.001953125 32
56.653076171875 33
60.78759765625 34
61.4287109375 35
62.62890625 36
67.630859375 37
68.07421875 38
70.8603515625 39
71.123046875 40
74.125 41
77.396484375 42
81.1083984375 43
83.7373046875 44
87.49853515625 45
98.349609375 46
98.591796875 47
105.166015625 48
105.833984375 49
107.189453125 50
108.1171875 51
112.0234375 52
114.66650390625 53
116.396484375 54
117.044921875 55
118.1484375 56
121.75 57
124.822265625 58
136.880859375 59
163.01397705078125 60
165.49072265625 61
171.7548828125 62
180.14404296875 63
182.231201171875 64
188.828125 65
193.11279296875 66
200.9189453125 67
211.40625 68
211.9970703125 69
235.3115234375 70
235.49853515625 71
240.05859375 72
242.015625 73
251.505859375 74
258.8359375 75
278.92919921875 76
279.8076171875 77
295.1708984375 78
297.3515625 79
