0.189453125 1
0.244140625 2
0.2548828125 3
0.296875 4
0.33203125 5
0.3515625 6
0.46044921875 7
0.46484375 8
0.540679931640625 9
0.6640625 10
0.84814453125 11
0.9501953125 12
1.080078125 13
1.11328125 14
1.3515625 15
1.8466796875 16
2.1357421875 17
2.2919921875 18
2.32666015625 19
2.65234375 20
2.99658203125 21
3.9375 22
4.4716796875 23
4.486328125 24
4.72021484375 25
4.73974609375 26
4.9345703125 27
5.521484375 28
5.6396484375 29
6.64453125 30
7.06201171875 31
7.267578125 32
7.279296875 33
7.39453125 34
8.140625 35
9.203125 36
9.220703125 37
9.357421875 38
9.763671875 39
9.859375 40
10.1083984375 41
10.203216552734375 42
10.3193359375 43
10.8447265625 44
10.923828125 45
11.4541015625 46
11.52001953125 47
11.5234375 48
11.654597282409668 49
11.748046875 50
11.7744140625 51
12.51953125 52
12.671875 53
12.73046875 54
12.7958984375 55
13.71875 56
14.0576171875 57
15.53515625 58
15.62890625 59
16.0107421875 60
16.2724609375 61
16.98583984375 62
17.76171875 63
18.987396240234375 64
20.83203125 65
21.158203125 66
21.640625 67
21.66796875 68
21.669921875 69
22.0625 70
22.6627197265625 71
22.7109375 72
23.0439453125 73
23.8853759765625 74
24.073486328125 75
25.1650390625 76
26.8046875 77
27.5 78
27.6845703125 79
27.8046875 80
27.91796875 81
27.95361328125 82
29.1953125 83
29.2552490234375 84
29.458984375 85
32.455078125 86
32.87890625 87
33.3095703125 88
34.2685546875 89
34.2783203125 90
34.60302734375 91
36.79296875 92
39.486328125 93
39.958984375 94
41.40771484375 95
42.5546875 96
42.771484375 97
42.94140625 98
44.43048095703125 99
46.819580078125 100
48.6806640625 101
52.185546875 102
52.9375 103
54.06640625 104
54.484375 105
54.529296875 106
55.5595703125 107
59.608642578125 108
60.642578125 109
63.203125 110
72.955078125 111
73.767578125 112
75.34912109375 113
76.7578125 114
80.818359375 115
84.4521484375 116
86.38232421875 117
86.8046875 118
88.8505859375 119
89.857421875 120
95.328125 121
103.45703125 122
113.134765625 123
117.8037109375 124
122.0234375 125
128.80078125 126
136.26904296875 127
138.70703125 128
141.142578125 129
165.20556640625 130
170.4443359375 131
173.1689453125 132
176.17578125 133
215.88671875 134
217.021484375 135
218.48828125 136
255.4091796875 137
276.986328125 138
