0.000
211.330
362.660
540.250
695.270
767.750
823.790
859.120
902.180
940.650
967.640
994.830
1008.520
1016.310
1028.260
1028.660
1028.830
1036.930
1036.700
1038.010
1034.550
1021.560
1019.720
1019.800
1011.580
1010.880
1009.340
1008.840
1010.280
1001.640
991.090
991.530
981.140
957.200
958.810
937.550
914.910
911.700
908.890
908.770
903.140
891.740
892.120
888.430
881.820
883.130
878.260
875.940
875.760
874.710
874.870
874.100
874.610
862.530
856.950
858.790
857.650
856.900
856.040
854.160
853.270
851.080
844.010
842.870
839.740
834.210
832.990
830.560
831.880
830.630
828.150
807.410
798.160
798.620
793.320
790.920
788.400
787.450
787.250
785.640
785.990
785.780
780.600
779.300
779.390
779.100
771.360
769.100
768.360
764.880
763.480
764.760
760.690
759.590
758.440
757.310
755.550
753.890
748.890
746.420
744.450
741.200
738.960
739.600
739.320
738.700
737.060
736.080
732.410
730.960
732.400
730.590
733.070
731.170
732.150
731.090
731.890
732.720
731.580
730.530
731.180
730.910
731.720
731.310
731.520
733.220
734.030
730.940
732.010
729.350
730.790
731.690
727.820
728.160
727.210
727.600
725.370
725.480
725.710
727.890
717.930
716.260
716.400
709.650
705.410
707.160
707.650
707.050
707.450
708.760
708.140
709.480
710.690
707.930
706.670
707.700
705.580
707.310
706.600
703.840
704.160
703.460
701.490
702.780
702.200
704.220
706.120
700.950
701.160
702.000
703.260
702.150
701.590
701.370
695.970
691.990
691.220
693.640
694.880
692.690
693.250
692.380
691.620
689.610
688.050
687.030
685.230
684.640
685.530
684.620
679.600
676.370
677.880
678.030
678.400
675.140
674.490
673.750
672.940
671.390
659.640
659.680
660.300
660.700
660.830
659.970
661.730
662.120
662.240
661.730
660.100
660.100
660.770
661.320
660.700
661.670
662.630
661.580
663.450
661.740
659.150
659.860
658.040
659.100
660.850
660.530
660.440
658.700
658.570
655.990
656.100
658.140
658.200
657.300
658.490
657.340
659.630
660.550
660.570
660.190
660.330
659.900
658.500
659.030
657.940
657.700
658.750
658.130
657.280
658.600
656.560
654.520
645.860
645.330
643.440
643.770
644.570
643.980
644.950
644.120
645.610
647.810
647.660
646.220
645.130
645.670
646.790
646.610
647.360
647.830
647.990
648.010
646.010
646.260
646.420
646.570
648.190
648.850
649.180
649.470
648.790
649.780
648.200
651.310
649.550
649.810
643.090
643.970
643.800
641.660
640.100
639.700
641.240
641.740
640.140
639.670
638.680
639.410
638.760
639.380
640.440
639.490
640.030
639.390
638.830
639.640
639.980
640.680
642.560
639.360
637.330
635.990
636.320
637.280
636.910
636.130
636.010
635.660
634.850
635.200
635.110
635.120
634.980
634.510
633.390
629.850
629.310
630.510
630.900
631.420
631.460
632.740
633.340
631.220
631.200
624.390
623.950
623.840
623.670
623.440
623.040
622.250
619.870
621.540
620.810
621.650
622.300
621.230
620.050
621.120
622.180
622.260
623.000
623.550
623.970
614.780
614.510
613.690
613.770
615.000
613.220
612.720
606.120
604.740
602.600
602.190
596.430
597.760
596.740
596.310
596.650
596.400
596.170
595.860
596.020
595.420
595.150
594.450
593.150
593.660
594.110
594.610
587.570
587.050
585.920
584.530
585.250
585.700
585.800
586.450
586.950
586.530
585.910
585.890
586.350
586.740
586.880
588.420
586.980
588.510
588.920
588.210
587.570
588.270
587.740
588.240
588.250
588.140
587.470
587.220
587.870
588.150
589.090
588.210
578.990
579.610
577.800
577.900
577.150
576.920
576.260
575.780
574.920
575.020
574.920
575.340
575.790
575.980
576.870
576.040
575.890
575.600
575.540
577.040
576.210
575.750
575.390
575.480
575.340
574.750
575.980
576.010
576.120
577.130
576.670
572.360
572.150
572.010
571.880
571.900
570.960
570.390
570.290
570.390
570.280
570.110
570.730
571.180
570.290
570.700
571.290
570.810
570.850
571.530
571.830
571.560
571.090
571.220
570.840
571.320
571.760
570.960
570.680
570.710
570.070
570.070
569.830
569.250
569.140
568.820
568.940
569.220
569.070
569.290
569.050
570.790
570.560
571.370
570.560
570.230
568.650
566.200
567.190
568.380
568.400
568.570
567.310
566.480
564.780
565.410
565.340
565.430
565.680
566.580
567.360
567.800
566.140
566.500
566.940
567.100
567.170
568.400
568.220
566.800
567.890
567.010
567.700
567.640
567.420
567.770
567.900
566.870
566.970
567.630
568.130
567.570
568.380
566.560
566.260
566.960
567.320
567.730
567.740
567.240
565.820
565.490
565.450
566.550
567.170
566.930
565.640
565.790
565.660
565.330
565.610
565.660
565.400
565.640
566.090
566.610
566.740
566.130
566.830
567.430
567.410
567.020
567.680
566.380
566.070
565.570
565.820
567.070
566.390
566.410
566.030
565.880
564.140
564.580
563.860
564.730
561.330
561.340
561.450
561.980
561.710
561.260
561.260
561.890
562.640
561.520
561.360
561.600
562.030
561.620
560.710
560.830
561.260
560.570
559.220
559.370
559.500
559.510
559.920
559.730
559.780
559.960
560.360
559.970
560.420
560.210
560.360
561.190
560.850
560.330
560.680
561.830
563.410
561.940
561.180
560.650
560.920
560.150
561.100
561.190
560.100
561.720
561.590
560.380
559.430
560.090
560.250
560.370
560.710
560.500
560.710
559.200
559.330
559.510
559.620
560.350
559.970
559.970
558.490
558.670
559.390
559.530
560.420
559.250
560.460
560.540
559.620
561.030
559.090
559.420
558.100
558.500
559.490
558.440
558.050
558.680
558.880
559.130
558.780
558.790
558.170
558.230
558.400
556.400
555.990
556.770
556.460
556.850
557.100
556.110
556.740
557.520
557.420
556.870
556.950
557.380
557.440
558.560
558.720
558.920
558.470
558.500
557.920
557.710
557.840
558.170
557.970
557.670
556.690
557.970
557.890
558.210
558.160
557.840
558.760
558.270
558.620
559.070
558.090
558.420
558.070
558.100
558.120
557.190
556.610
556.680
556.510
556.450
556.530
557.740
558.260
558.070
557.300
556.630
558.000
558.460
558.320
557.780
558.540
557.400
558.240
557.270
556.290
556.390
557.350
555.840
555.730
554.200
554.530
554.430
553.820
545.320
545.590
546.170
546.680
546.940
546.970
548.320
545.850
546.330
547.550
547.490
547.560
547.000
546.120
546.000
547.180
548.180
548.800
548.620
549.380
547.890
547.820
548.300
548.840
548.570
546.400
547.260
546.760
546.270
547.040
547.590
548.920
547.970
548.040
548.320
548.510
548.190
548.310
546.730
546.650
546.460
545.520
546.050
545.460
545.390
545.860
545.430
546.720
546.490
545.800
546.070
545.460
545.700
545.640
545.530
546.000
545.530
546.030
546.040
544.420
545.050
545.210
546.110
545.930
545.780
546.640
546.520
546.100
546.060
546.340
546.900
547.540
545.370
544.980
545.590
546.490
546.730
541.230
541.160
542.480
542.250
541.970
541.680
541.990
542.280
542.920
542.310
541.660
540.930
540.690
540.770
541.040
541.100
541.330
541.430
538.300
537.530
538.770
539.540
538.270
539.600
539.780
538.650
538.820
538.510
538.470
537.730
538.110
538.870
537.780
538.150
538.070
536.790
536.890
537.720
537.530
537.220
537.410
536.930
537.630
538.430
537.730
538.410
538.190
538.680
538.630
538.960
539.080
539.800
539.930
539.020
538.850
534.000
533.690
533.990
533.320
533.930
533.940
533.230
532.480
531.570
531.140
531.430
531.330
531.610
532.660
532.460
531.590
526.980
526.190
525.760
525.450
514.430
514.810
513.670
513.860
515.040
513.800
513.630
513.110
513.640
513.680
513.400
513.960
514.010
513.850
514.120
514.650
514.840
513.770
513.020
513.500
513.290
511.860
512.390
512.260
513.410
512.940
513.180
512.970
514.340
515.090
514.710
514.040
513.820
515.090
513.740
513.600
512.830
513.780
513.290
513.490
513.280
513.190
513.110
513.070
513.210
512.800
513.080
512.780
512.570
513.020
512.810
510.610
511.300
511.040
512.080
511.580
510.410
510.860
511.770
511.440
511.000
511.190
511.210
510.690
504.980
505.340
505.750
505.240
505.160
506.150
505.410
505.580
505.940
505.650
506.200
506.400
506.540
505.700
505.770
505.870
505.740
505.710
505.620
505.570
504.860
505.650
505.630
506.080
505.910
506.240
506.260
506.600
506.350
506.150
505.710
506.140
506.250
506.310
506.430
506.540
506.650
506.710
506.810
507.020
507.680
507.780
508.300
507.470
507.490
506.800
506.840
507.630
508.430
508.500
509.110
509.380
508.750
508.770
509.090
508.700
508.120
508.030
507.840
507.940
507.690
506.910
507.880
507.210
507.160
507.250
506.930
506.100
506.030
506.490
506.560
506.750
506.880
506.950
507.720
507.210
507.990
507.860
506.770
506.900
507.480
507.800
506.820
506.450
506.870
506.700
506.490
506.880
506.940
506.060
506.140
507.140
507.070
506.910
506.870
506.860
506.690
506.490
507.200
507.230
506.930
507.090
507.060
506.020
506.990
506.700
506.970
507.390
507.870
507.550
506.600
507.060
507.110
507.520
503.990
505.210
504.480
504.360
504.740
505.280
504.360
503.490
503.860
503.580
503.550
503.720
503.500
502.990
503.030
503.270
503.290
504.060
503.180
503.470
504.110
503.890
503.650
504.010
504.330
504.500
503.960
503.640
503.690
504.400
504.320
504.400
503.720
503.440
502.570
502.600
502.280
503.160
503.110
503.490
503.410
503.670
503.530
496.930
496.150
496.480
496.760
496.880
496.700
496.920
497.120
497.080
497.690
498.010
497.930
498.620
498.060
497.650
496.780
496.860
497.050
497.250
497.370
497.350
497.120
497.110
496.810
497.000
497.020
496.920
497.180
497.920
497.540
497.520
497.170
497.720
497.730
497.840
497.950
496.780
497.060
496.850
496.870
497.340
495.510
495.400
495.230
496.480
495.860
495.720
495.050
495.270
495.710
495.830
495.380
494.740
495.210
495.460
495.230
495.540
496.470
496.740
490.420
489.220
488.890
489.620
489.450
490.150
490.750
489.520
489.420
489.080
489.430
489.790
489.560
489.060
489.240
488.780
487.940
488.750
489.200
489.440
489.270
489.450
489.130
489.250
489.880
489.380
489.940
489.530
489.800
489.860
489.890
489.000
489.350
488.970
489.750
488.880
489.560
489.400
489.160
490.020
489.790
490.160
489.830
489.740
489.940
489.890
489.540
490.230
490.160
489.840
490.150
489.660
489.240
489.440
489.340
489.710
489.040
489.350
489.730
483.420
483.080
482.800
482.480
482.520
482.610
483.230
482.890
482.120
482.410
483.040
482.810
482.910
482.330
482.250
482.970
482.400
481.630
482.090
481.720
481.890
482.430
482.510
481.990
482.610
483.310
483.010
482.610
482.700
483.140
482.510
482.110
481.780
482.170
482.400
482.520
482.440
483.050
483.080
482.920
481.710
481.800
482.270
482.490
482.310
482.230
482.210
482.080
482.530
482.580
482.630
482.920
481.820
482.350
481.570
481.930
482.220
482.470
482.530
482.600
482.460
482.580
482.560
482.640
482.620
482.760
482.720
482.680
481.560
481.580
481.910
482.660
482.850
482.380
482.200
482.060
482.220
482.740
482.600
483.210
483.620
483.070
483.120
482.800
482.820
482.430
482.390
482.500
483.240
483.160
484.200
483.450
482.840
482.540
482.440
482.690
482.940
482.910
482.670
482.030
482.320
481.950
482.380
482.390
483.030
482.670
482.900
482.640
483.070
483.120
483.090
483.170
483.240
483.050
483.200
483.120
482.910
483.610
482.910
483.060
483.540
484.060
483.990
483.430
483.110
483.070
484.060
483.730
483.560
483.360
483.350
484.600
484.470
484.350
484.100
484.000
483.730
483.530
483.670
483.640
483.360
483.400
483.190
483.930
484.070
484.530
484.600
484.060
484.230
484.560
483.860
484.580
483.880
483.520
483.740
483.490
483.920
484.490
484.750
484.420
484.450
484.390
484.480
477.880
477.910
477.760
477.410
476.900
476.790
477.480
478.110
476.930
477.000
477.730
477.320
477.370
477.530
477.590
477.710
477.300
477.530
477.170
477.610
477.400
477.060
477.450
477.040
476.430
476.210
475.850
476.140
476.660
476.890
476.680
477.060
476.330
476.460
476.660
476.910
477.490
476.910
476.990
477.210
476.780
477.100
476.920
477.510
477.110
477.010
476.740
476.810
476.730
477.790
477.050
477.960
478.750
477.680
476.770
477.090
476.910
477.200
477.200
477.380
477.280
477.720
477.930
478.060
477.570
477.740
478.370
478.150
478.510
478.820
478.120
478.090
478.170
477.760
477.470
477.280
477.380
477.850
477.040
477.450
477.530
477.830
478.850
478.380
477.740
477.960
478.300
477.430
477.110
477.540
477.260
477.790
477.280
477.220
477.300
477.710
478.160
478.520
478.720
477.460
477.420
477.560
477.410
477.520
478.440
478.370
477.710
477.560
478.070
477.720
477.890
478.160
478.030
477.740
477.980
477.800
478.520
478.340
478.520
478.830
478.860
478.780
478.150
477.820
477.910
477.410
478.360
478.320
478.730
478.390
478.270
477.840
477.620
478.260
477.530
477.560
478.010
478.570
478.380
478.680
478.220
478.620
478.810
479.450
479.020
478.580
478.360
478.310
478.360
478.230
478.620
477.960
478.130
478.030
478.130
478.430
478.830
479.140
477.900
477.970
477.170
477.520
476.810
476.790
477.370
477.050
477.090
477.540
476.810
476.590
476.830
477.430
477.040
477.800
477.990
477.400
477.190
476.830
477.060
477.200
476.640
476.420
476.890
478.210
478.080
478.130
479.060
479.030
478.230
478.280
478.230
478.330
477.900
478.230
478.470
478.220
478.720
478.880
478.520
478.370
478.570
478.770
479.260
479.330
479.600
479.030
479.190
479.470
479.000
478.930
478.510
478.610
479.060
478.140
478.370
478.260
478.980
478.940
478.550
478.770
478.470
478.430
478.430
478.560
478.670
478.850
479.010
478.810
479.010
479.510
478.910
478.780
478.940
478.990
478.940
479.430
479.330
479.610
479.320
478.960
479.200
479.340
480.220
479.650
479.210
479.530
479.250
478.970
478.840
478.440
478.700
478.620
478.350
477.570
477.700
477.420
477.530
473.940
473.980
474.470
474.410
474.410
474.830
474.020
474.200
473.680
473.910
473.910
473.930
473.730
473.690
474.530
474.600
473.880
474.360
474.300
474.620
474.550
474.970
474.270
474.390
474.300
474.540
474.540
474.880
475.020
475.390
475.360
474.770
475.440
475.890
475.600
475.100
475.260
475.620
475.310
475.450
475.080
474.670
474.750
475.210
475.170
474.680
474.850
475.440
475.060
475.550
475.710
476.070
476.560
476.980
476.890
476.490
476.100
476.130
475.950
475.970
475.850
473.960
473.750
474.470
474.760
474.770
475.500
475.070
474.940
474.890
475.400
475.340
475.380
475.240
473.990
474.510
474.640
475.360
475.520
474.460
475.880
475.500
475.590
475.340
475.710
475.120
475.000
474.050
474.370
474.520
474.910
474.650
474.130
474.600
474.630
474.590
475.210
475.420
475.760
475.910
474.930
475.290
476.100
475.480
475.780
476.470
476.140
476.020
475.880
475.840
475.640
475.910
475.510
475.420
475.260
474.710
474.990
475.030
475.120
475.100
476.080
476.020
475.890
476.400
476.180
476.660
476.300
476.060
475.710
475.810
476.190
476.040
476.700
476.610
476.990
476.440
476.090
475.670
475.830
476.030
476.250
476.670
476.460
476.250
476.630
476.110
475.630
475.930
475.700
476.570
476.240
475.520
474.920
475.520
476.130
475.960
476.020
476.220
475.930
475.660
475.690
476.490
476.410
476.920
476.110
476.040
476.390
477.070
475.980
475.550
475.320
475.700
475.180
475.100
474.810
474.720
475.300
475.840
475.700
475.820
475.680
475.550
475.300
475.960
475.920
476.390
476.930
476.210
476.260
475.860
475.920
476.500
476.740
476.320
476.390
476.530
476.690
476.600
476.060
476.150
476.180
476.970
477.070
476.350
476.490
476.910
476.600
476.530
476.030
476.030
475.760
475.690
475.610
475.870
475.910
475.460
476.130
476.860
476.720
477.020
476.430
476.990
477.010
477.200
476.920
476.500
475.710
475.690
475.490
476.200
475.860
475.150
475.980
476.060
475.580
475.300
475.590
475.900
475.850
476.330
476.100
476.310
476.150
476.480
476.620
476.470
476.910
476.770
476.830
477.000
476.120
475.080
475.440
475.320
475.350
475.590
474.830
473.820
473.800
474.520
473.150
473.580
473.560
473.980
473.520
473.760
473.640
474.120
474.640
475.310
473.990
473.520
474.120
474.870
475.000
474.710
474.830
474.870
474.880
474.430
474.850
474.590
475.120
475.480
475.690
476.080
475.180
474.600
474.940
474.700
474.900
475.810
475.160
475.390
475.580
476.340
476.800
475.890
476.050
475.870
475.390
475.050
475.160
475.350
475.010
475.330
475.060
475.340
475.020
475.170
474.820
474.730
475.340
474.570
474.920
474.990
474.800
474.860
474.700
474.840
474.840
474.940
475.000
474.550
475.060
475.070
475.130
475.110
475.460
475.020
475.590
475.410
475.870
476.930
475.830
476.100
476.060
476.000
476.350
476.220
476.150
476.290
476.570
476.380
476.650
476.580
475.680
475.550
476.190
476.720
476.520
475.800
476.160
476.160
476.320
476.790
477.060
475.980
476.230
476.490
476.550
476.380
476.140
475.970
476.480
476.830
476.930
476.060
476.230
475.830
475.800
475.960
476.370
476.920
476.360
476.460
476.420
476.550
476.590
476.570
477.110
477.180
477.380
477.720
477.620
476.810
477.720
477.330
477.670
477.820
478.090
477.520
477.280
477.690
477.780
478.010
477.770
477.780
477.290
476.830
476.590
477.080
477.120
477.510
478.490
478.110
477.930
477.900
478.550
478.060
477.750
477.310
477.570
477.480
478.030
477.400
477.710
477.670
477.570
478.150
478.470
478.200
478.240
478.670
479.170
479.020
478.880
478.950
479.030
477.980
478.200
478.150
478.090
478.400
478.470
478.180
478.130
478.380
478.820
478.900
478.990
478.860
478.290
478.200
479.010
479.510
478.770
479.200
478.600
479.140
477.500
477.930
478.270
477.670
477.790
477.900
477.350
477.260
477.400
477.390
477.300
477.850
477.890
477.890
477.640
477.460
477.730
477.240
477.510
478.190
478.170
478.730
478.180
478.400
478.890
478.120
478.350
478.720
479.210
480.290
479.980
479.430
479.510
479.760
478.870
478.590
478.550
478.310
478.410
478.020
477.880
478.250
478.100
478.310
478.920
478.930
479.060
478.170
478.740
478.440
478.150
478.260
478.100
478.480
478.390
477.890
478.580
478.250
478.780
478.900
478.040
477.640
477.140
477.460
477.920
477.420
477.880
477.690
477.650
477.330
477.270
472.760
472.060
472.530
472.890
473.310
473.170
472.950
473.110
473.510
473.230
473.520
473.690
474.100
473.680
474.020
474.670
474.070
473.610
473.120
469.660
469.900
469.110
468.940
468.980
469.040
469.780
469.540
469.430
469.670
469.380
469.950
469.960
470.270
470.620
470.630
470.030
470.070
470.270
470.560
471.120
470.990
470.810
470.230
470.450
469.780
469.970
470.140
470.240
471.230
471.090
470.310
470.080
470.200
469.860
470.120
470.190
469.620
469.610
469.510
469.810
470.310
470.900
470.720
470.880
470.550
469.760
470.250
469.990
469.940
469.390
469.980
469.930
470.100
469.880
469.510
469.270
469.960
470.370
470.560
469.510
469.830
469.450
468.530
468.700
469.830
469.480
469.610
469.620
469.400
469.520
469.590
469.350
469.530
469.750
469.540
469.640
469.280
469.470
470.050
470.010
470.680
470.420
470.840
471.470
471.380
471.130
471.010
471.100
470.950
471.010
470.090
470.370
470.920
470.800
471.020
471.800
471.720
472.290
471.500
471.530
471.580
471.940
471.960
472.140
471.950
471.410
471.610
471.220
471.710
471.720
473.050
472.810
471.940
471.820
472.450
472.770
472.160
472.360
472.340
471.450
470.970
471.400
471.490
471.490
471.210
471.350
470.890
471.010
471.170
471.580
472.100
471.700
471.640
471.410
469.670
469.750
469.680
469.690
469.980
470.310
469.360
469.270
469.200
469.730
470.070
470.020
469.750
470.260
470.220
470.370
468.350
468.910
468.950
469.200
469.580
469.230
468.700
468.810
468.200
468.540
468.930
468.630
469.080
469.140
468.740
469.230
469.440
469.210
469.940
469.150
469.060
468.820
468.680
468.760
468.740
468.990
469.290
469.340
469.490
469.490
469.460
469.900
468.650
468.890
468.930
468.490
468.690
468.450
469.690
469.230
468.690
468.170
468.750
468.800
468.530
468.280
468.790
467.530
467.440
467.900
467.870
468.240
468.150
468.450
468.650
468.910
469.330
468.960
469.070
468.550
468.150
468.290
468.420
468.550
468.740
469.110
469.130
468.640
468.240
468.760
468.600
468.530
468.930
468.740
468.660
468.840
468.490
468.100
467.950
468.220
467.950
468.310
468.110
467.360
467.490
467.390
468.190
468.210
468.210
467.970
467.770
467.710
467.520
467.830
468.050
468.440
468.700
468.630
468.820
468.510
468.560
469.230
468.910
468.990
468.930
468.480
469.060
468.740
469.450
469.500
469.620
469.200
468.760
469.220
468.680
468.320
468.290
468.530
468.630
467.920
466.950
467.730
467.880
467.610
468.520
468.280
468.430
468.260
468.200
468.490
468.780
469.420
468.980
468.930
468.720
468.140
468.640
468.580
468.750
468.820
468.320
468.280
467.930
467.920
468.830
468.960
468.200
468.280
468.000
468.170
468.620
468.270
468.530
468.790
468.840
469.160
468.920
468.520
468.860
469.000
468.690
469.020
468.840
468.890
469.220
469.680
469.920
469.530
470.250
470.160
470.150
470.310
470.310
469.510
469.730
469.540
469.860
469.590
469.500
469.360
469.680
469.290
469.070
469.020
470.040
469.340
469.570
469.650
469.320
470.520
469.910
470.250
470.640
470.650
470.340
470.690
470.240
470.380
469.430
469.250
469.300
469.350
469.740
469.720
469.100
469.110
469.260
469.310
469.630
469.550
469.650
469.360
470.040
469.680
470.070
469.870
469.630
469.930
470.040
469.730
470.260
470.290
469.760
470.350
470.750
470.270
470.830
470.760
470.770
471.110
470.780
470.250
470.420
470.150
469.980
470.440
470.110
470.210
470.420
470.130
470.130
470.120
470.750
470.760
470.810
471.460
471.920
472.010
472.220
471.080
471.880
472.210
472.140
472.400
472.030
471.690
472.370
473.350
472.780
472.580
472.290
472.370
472.610
472.360
472.500
472.530
472.470
472.410
471.930
471.880
471.780
471.430
471.490
471.360
471.190
471.750
471.590
471.470
471.650
470.880
470.800
470.940
471.040
470.990
470.470
470.450
470.620
470.800
470.750
471.130
471.530
471.880
471.510
472.020
471.940
471.820
471.580
472.120
471.370
471.340
471.160
471.680
471.940
471.870
472.180
472.120
471.570
471.770
471.670
472.400
472.240
472.390
472.170
472.790
472.480
472.520
473.250
473.110
473.410
473.010
473.770
473.310
473.430
473.270
473.160
472.450
472.610
472.490
472.230
471.520
472.100
472.290
471.890
472.170
472.460
472.500
472.090
472.180
472.780
473.260
472.840
472.530
472.700
472.630
472.910
473.350
473.360
472.960
473.570
473.230
472.660
472.780
472.470
472.760
472.820
472.770
472.480
472.230
472.170
472.010
471.370
471.710
471.810
471.910
472.600
472.720
472.400
472.750
472.410
472.860
473.730
473.070
472.300
472.030
472.480
472.420
472.800
472.810
472.660
472.690
473.080
473.550
473.810
474.190
474.060
474.270
473.900
474.390
474.130
474.160
473.310
472.790
472.980
472.690
472.910
472.730
472.280
472.520
472.290
472.050
472.520
472.430
472.790
472.610
472.560
472.790
472.650
472.790
473.370
473.110
473.050
473.580
474.040
473.510
473.250
473.580
473.810
474.040
474.080
474.560
474.680
474.780
474.930
475.740
474.950
474.780
474.240
473.710
473.440
474.020
474.260
474.630
474.530
474.610
474.340
474.210
474.680
471.910
472.140
472.840
472.600
472.730
472.560
472.500
472.420
472.530
472.930
472.010
471.810
472.740
472.540
472.760
472.350
472.440
471.870
471.900
472.050
472.150
473.460
473.210
472.390
472.320
473.030
472.930
472.760
472.270
472.070
472.320
472.280
472.560
472.160
471.760
471.720
471.790
472.050
472.170
472.600
472.330
472.510
472.640
472.620
472.870
472.890
473.120
473.110
473.300
473.200
473.440
472.470
472.530
472.850
472.560
472.590
472.710
473.470
473.660
473.100
473.180
473.290
473.560
473.170
472.010
472.220
472.140
472.400
472.490
473.080
473.190
473.420
473.560
473.180
472.820
472.970
473.260
473.080
472.520
472.630
472.990
472.770
472.700
472.860
473.110
472.880
474.300
473.300
472.740
473.050
472.980
472.820
473.190
473.550
471.580
471.740
471.710
471.840
472.020
471.970
471.950
471.760
472.760
472.780
471.860
472.110
472.020
471.700
471.630
471.220
471.000
471.630
471.370
472.050
471.890
472.190
471.670
471.440
471.250
471.510
471.670
471.590
471.900
472.010
471.860
471.920
472.050
472.410
472.160
472.490
472.970
472.510
471.740
472.040
472.050
472.150
472.170
472.470
472.380
472.310
472.030
471.750
471.970
472.050
471.810
472.250
472.240
472.420
473.040
473.540
472.950
473.200
473.320
473.100
472.990
473.170
472.440
472.710
472.670
472.390
472.200
472.170
471.710
472.250
472.060
472.240
471.960
472.320
472.730
472.190
472.550
472.480
472.940
472.910
473.410
473.040
472.580
472.760
472.530
472.380
472.940
472.780
473.060
472.870
473.120
473.140
473.170
473.690
473.830
473.090
473.460
473.440
473.410
473.430
473.950
473.530
473.690
474.280
474.730
474.410
474.420
474.180
474.400
473.880
474.100
474.370
474.570
474.230
474.230
474.410
474.400
474.810
474.250
474.620
473.970
473.890
473.460
473.780
473.780
474.180
473.780
473.930
473.980
474.050
474.090
473.810
474.310
474.720
475.020
474.830
474.410
474.450
473.860
474.680
474.470
474.860
474.920
474.670
474.350
474.230
474.960
474.410
474.510
474.590
474.990
474.090
473.700
473.520
473.900
473.970
474.430
474.030
473.920
474.080
474.420
474.750
474.710
474.790
474.580
474.990
474.760
474.240
474.820
475.500
475.270
475.660
475.400
474.410
474.480
474.610
475.180
475.140
474.800
475.360
475.620
475.170
476.450
475.380
474.950
474.840
474.850
475.800
475.660
475.600
474.550
474.780
474.710
475.260
474.770
474.570
474.420
474.670
474.270
474.650
473.920
474.830
474.130
474.450
474.070
474.580
474.440
475.120
474.960
474.710
474.280
474.760
474.120
474.210
474.870
474.510
474.820
474.890
474.660
474.770
474.500
474.520
474.790
474.880
475.130
475.930
475.260
475.810
475.570
476.040
476.210
476.270
475.480
475.220
474.920
475.010
474.930
475.010
475.200
475.310
475.200
475.310
475.260
475.230
475.360
475.290
475.420
475.250
474.440
474.770
475.010
474.620
475.210
475.160
475.170
475.140
475.580
475.630
475.510
475.500
475.900
475.890
475.200
475.630
475.710
475.520
475.890
476.300
475.910
475.830
475.140
475.370
474.720
474.420
474.930
475.170
475.590
474.600
474.530
474.630
474.300
474.680
475.210
474.940
474.890
474.890
475.270
475.130
475.710
475.370
475.280
475.400
475.180
475.210
474.630
474.560
475.010
474.860
474.850
474.570
474.930
475.180
475.230
475.880
476.360
476.110
476.120
476.330
476.240
476.280
476.320
475.940
475.330
475.420
475.220
474.840
475.360
474.670
474.610
474.490
474.950
475.160
475.320
475.090
475.550
476.010
476.210
476.210
476.500
476.210
476.010
475.990
475.760
476.060
476.850
477.560
476.200
475.450
475.820
476.220
476.500
476.520
476.540
476.380
476.850
477.010
476.460
475.870
475.750
475.570
475.770
475.880
476.670
475.830
475.620
475.600
475.420
475.700
476.030
475.950
475.610
475.250
475.070
475.340
475.710
476.400
476.700
476.720
476.700
476.710
476.790
476.580
476.230
477.050
476.630
477.060
477.040
476.850
477.000
476.930
477.490
477.970
477.680
477.920
477.610
477.600
477.920
478.040
478.410
478.540
478.280
478.250
478.780
478.910
478.620
478.700
479.270
478.930
478.720
478.520
478.640
478.780
478.680
478.480
478.800
478.550
478.450
478.640
478.600
478.700
480.020
479.400
478.660
478.850
478.250
479.300
478.920
478.540
478.890
478.290
478.220
478.340
478.110
478.540
478.370
477.680
477.810
477.690
477.550
477.880
477.780
478.140
478.070
478.000
478.000
477.900
477.820
478.080
478.820
478.470
478.870
479.100
478.890
478.990
478.360
478.700
478.340
478.070
478.060
477.570
477.470
477.400
477.740
477.520
477.590
477.780
477.370
476.650
476.510
476.670
476.700
477.210
477.620
477.400
477.240
477.450
477.190
477.280
477.500
477.480
477.690
477.600
477.850
477.820
477.710
477.880
477.780
477.780
477.880
478.260
478.230
478.970
478.920
479.450
478.800
479.090
478.860
478.410
478.450
478.370
478.350
478.530
478.590
478.230
478.510
478.280
478.350
478.320
477.860
478.150
478.220
478.130
478.280
478.020
478.180
478.750
478.850
478.730
479.560
479.810
479.290
479.310
479.370
479.780
479.540
478.860
478.770
478.330
478.160
478.560
478.790
479.180
479.160
479.220
478.910
479.140
479.340
479.170
479.270
479.480
480.130
479.510
479.140
478.960
479.160
479.220
479.780
479.910
479.490
479.200
479.340
479.310
479.780
479.960
480.280
480.360
480.420
480.250
480.540
480.870
480.940
481.160
481.060
480.800
480.820
480.110
480.000
480.300
480.420
480.970
480.760
481.380
481.540
480.950
481.000
481.260
481.200
481.520
481.090
481.330
481.280
481.500
481.410
481.470
481.280
480.950
480.810
480.880
480.680
480.760
481.170
480.760
481.250
481.380
481.540
481.560
481.030
481.210
481.520
481.880
481.320
481.540
481.360
480.720
480.670
481.190
480.780
481.040
481.600
481.220
481.810
482.360
482.360
482.630
482.280
482.880
482.410
481.820
481.760
481.990
481.710
482.040
482.030
482.450
482.020
481.810
482.210
482.520
482.500
482.950
482.890
483.060
483.330
483.090
483.390
483.750
483.960
484.050
484.060
483.860
484.010
483.800
483.440
483.510
483.700
483.890
484.330
484.220
483.830
484.550
485.110
484.090
483.930
484.080
483.980
483.760
483.970
483.880
483.630
483.790
483.920
483.630
483.090
483.170
482.720
481.690
481.820
481.240
481.000
480.740
480.500
480.580
480.190
480.000
480.050
480.230
480.790
481.310
480.800
480.960
481.260
481.000
481.530
481.200
481.600
481.130
481.100
481.000
481.410
481.700
482.170
482.160
482.220
481.700
482.220
481.820
482.150
482.400
481.950
481.970
482.290
482.000
481.370
481.440
481.590
482.000
481.490
481.590
481.430
481.440
481.730
482.160
481.950
482.360
482.080
482.230
482.200
482.520
482.940
483.220
483.570
483.300
482.580
482.560
482.670
482.260
482.340
482.520
482.370
482.270
482.470
482.320
482.470
482.980
482.690
482.520
482.690
482.570
482.840
482.820
482.610
482.790
481.940
481.560
481.940
482.340
482.570
483.050
483.260
483.230
483.350
482.480
480.420
480.820
480.900
481.100
481.860
481.450
481.020
480.880
481.140
481.190
480.540
480.730
480.970
480.800
480.420
480.400
480.460
480.440
480.670
481.420
481.140
481.380
481.260
482.110
482.340
482.390
482.100
481.800
481.490
481.570
481.900
482.020
481.670
481.840
481.980
482.050
482.030
481.660
481.370
481.170
481.450
481.680
481.640
481.500
481.220
481.500
481.480
481.490
481.790
481.610
481.570
481.950
482.100
481.550
481.680
481.770
481.940
481.800
481.530
481.400
481.590
481.880
481.650
481.730
481.810
481.240
481.240
481.110
481.520
481.620
481.150
481.000
481.310
481.120
480.620
480.410
480.120
480.220
480.160
479.990
479.960
479.940
480.110
480.470
480.180
479.680
479.330
479.500
479.380
479.060
478.800
478.200
478.680
478.700
479.010
479.090
479.270
479.200
479.240
479.090
473.510
473.780
474.270
474.030
474.620
474.470
473.880
473.670
473.900
473.850
473.840
474.320
474.750
475.100
473.980
473.520
474.110
474.300
474.180
474.130
474.380
474.660
474.610
474.930
474.640
474.500
474.540
473.800
474.280
474.060
474.030
473.940
474.310
474.050
474.540
474.100
474.400
473.660
473.890
474.200
474.110
474.840
475.240
475.630
474.700
474.640
475.260
474.820
474.910
474.920
474.950
474.370
474.740
475.120
475.170
475.060
475.640
476.080
475.690
475.070
475.420
475.110
475.710
474.960
475.350
474.960
474.870
474.300
475.450
475.120
475.960
475.650
475.740
476.160
476.040
475.450
475.430
475.430
475.330
475.530
475.370
476.150
475.920
475.850
476.340
476.240
475.560
475.030
475.000
475.040
474.760
474.730
474.890
475.360
475.180
474.510
474.930
475.180
476.180
476.420
476.020
476.020
475.950
476.210
476.500
476.850
476.660
476.380
476.160
476.460
475.940
475.810
475.910
475.630
475.770
475.630
475.430
476.540
476.490
476.320
477.090
476.780
476.340
476.390
476.560
476.280
476.060
476.410
476.220
476.530
476.880
476.720
476.740
476.960
476.820
476.460
476.540
476.450
476.430
476.660
476.280
472.140
472.540
472.550
472.790
472.630
473.230
473.450
473.120
473.280
473.510
473.460
474.020
473.810
473.890
474.070
473.290
473.230
472.230
472.080
472.140
472.020
472.170
472.400
472.300
472.950
473.530
472.460
472.880
472.840
472.870
472.680
472.850
473.170
473.430
473.310
473.120
472.780
472.650
473.010
472.880
472.840
473.030
473.090
473.220
473.740
473.430
473.960
473.970
474.150
473.870
474.360
473.990
474.220
475.050
475.060
474.130
474.360
474.400
474.830
474.070
474.190
473.600
474.410
474.590
474.700
474.880
475.110
475.240
474.730
474.060
474.210
473.950
473.750
473.860
473.860
474.180
473.970
474.320
474.560
474.950
474.360
474.900
475.330
474.730
474.540
474.760
474.550
474.640
475.110
474.600
474.860
474.810
475.110
474.930
475.220
475.150
474.860
474.700
474.620
474.340
474.090
474.970
475.050
475.050
475.090
475.030
474.690
474.810
475.240
475.200
475.260
475.640
475.850
475.810
476.050
476.080
476.670
476.130
476.330
476.760
475.800
476.360
476.040
475.660
475.610
474.780
475.120
474.750
473.970
473.850
473.600
473.740
474.030
473.700
473.910
474.820
474.840
474.300
474.290
474.560
474.770
474.610
474.640
474.830
474.940
475.430
475.030
475.600
475.560
475.400
474.770
474.880
475.170
475.170
475.720
475.690
476.230
475.800
475.590
475.550
475.870
475.350
475.510
476.250
476.650
476.520
476.070
476.230
476.860
476.400
476.490
476.350
476.190
476.090
475.680
476.300
476.070
475.700
475.580
475.250
475.140
475.270
475.810
476.460
476.540
476.410
476.270
476.320
474.240
474.200
474.060
474.200
474.420
474.760
475.090
475.340
475.770
476.270
476.710
477.170
476.760
476.870
476.940
476.470
476.260
475.790
475.570
475.460
475.490
474.780
474.400
474.530
475.070
474.730
474.720
474.910
475.420
475.460
475.750
475.790
475.700
475.440
475.560
475.810
475.700
475.470
475.580
475.300
475.840
475.860
475.440
475.150
474.910
475.000
475.330
475.210
475.420
476.250
475.850
475.430
475.760
476.140
476.510
476.240
476.400
476.480
476.640
476.280
476.510
476.920
476.840
476.850
476.680
476.290
476.750
476.020
476.250
476.970
476.540
476.790
476.750
476.550
476.690
476.360
476.330
476.920
476.080
476.750
476.360
476.510
476.250
476.370
476.400
476.550
476.430
476.440
476.610
477.110
477.090
476.410
476.690
476.800
476.970
477.160
477.210
477.030
477.040
477.430
477.530
477.390
477.910
478.060
478.100
478.170
478.330
478.220
477.410
478.460
478.230
477.450
477.050
477.170
476.800
476.510
476.490
476.230
476.110
476.140
475.770
475.600
475.550
475.780
475.710
475.630
475.230
475.720
475.060
475.990
476.000
475.980
475.540
475.700
476.100
476.620
476.750
476.960
476.930
477.220
477.350
476.640
476.380
476.420
476.290
476.830
476.390
476.590
476.470
476.560
476.500
476.400
476.150
476.860
476.110
476.420
477.100
476.830
476.970
476.960
476.690
476.700
476.530
476.700
476.540
476.740
476.450
476.840
476.800
477.230
476.550
476.370
476.030
476.990
477.270
477.200
477.310
476.910
476.930
477.480
477.420
477.590
477.090
477.840
477.600
477.220
477.470
477.240
477.690
477.590
478.310
478.180
477.830
477.880
477.750
477.660
477.740
477.720
477.400
477.470
477.390
477.250
476.970
477.280
477.400
477.500
477.770
478.240
478.050
478.200
477.260
477.000
477.310
477.440
477.450
477.530
476.900
477.090
477.520
477.170
477.320
477.260
477.450
477.580
477.230
477.070
477.070
477.580
477.890
477.470
477.930
478.270
478.350
478.490
478.760
478.890
478.900
479.040
478.690
478.500
478.530
478.340
478.330
478.780
478.730
478.250
478.230
477.950
478.310
478.640
478.840
478.920
478.680
478.890
478.450
478.890
478.940
478.840
479.200
479.270
478.500
479.410
479.820
479.100
478.910
478.750
478.870
478.710
479.100
478.730
478.590
478.640
478.990
478.930
478.780
479.110
478.780
478.240
478.550
477.730
478.180
478.670
478.260
478.080
477.710
477.860
478.060
478.490
478.490
477.690
477.750
477.410
477.730
478.280
478.000
478.080
478.360
478.650
478.330
478.370
478.710
478.890
479.540
479.560
479.940
479.650
479.750
479.550
479.410
479.160
479.540
479.440
478.860
478.720
479.080
479.680
479.200
479.300
479.270
479.660
479.610
478.770
479.060
479.230
479.100
479.650
479.910
479.430
479.310
479.210
479.300
479.460
478.950
479.510
478.860
479.230
479.040
479.240
478.890
479.040
478.690
478.950
479.110
479.750
479.810
479.690
479.650
480.150
479.710
480.030
479.630
479.060
478.990
479.170
479.550
479.420
479.700
479.730
479.760
479.710
479.720
479.570
479.640
479.400
479.440
479.440
479.800
479.800
479.630
479.840
480.180
479.470
479.440
479.160
479.110
479.520
479.730
480.130
479.880
479.630
479.400
478.590
478.500
478.690
478.970
479.520
478.950
479.020
479.180
479.770
479.380
479.620
479.910
479.970
480.300
480.310
480.690
480.700
480.870
480.740
481.440
482.030
481.600
481.380
481.360
481.070
481.400
481.020
481.520
481.360
481.080
481.060
480.840
481.000
480.260
480.620
479.850
479.590
479.750
479.500
479.900
480.080
480.570
480.380
480.360
480.350
480.410
480.150
480.440
480.340
480.380
480.670
480.390
480.910
480.620
481.770
481.930
480.500
480.830
480.800
480.990
480.880
480.820
480.400
480.830
481.610
481.010
481.370
480.880
480.530
480.780
481.260
481.780
481.970
482.060
482.590
480.890
481.490
481.060
481.650
480.770
480.940
481.240
481.220
481.000
480.950
481.050
480.780
481.070
481.010
480.980
480.740
480.780
480.710
480.950
481.100
480.890
480.860
480.940
480.740
480.700
480.560
481.040
481.560
481.030
481.500
481.560
481.870
481.280
481.670
481.820
481.710
481.480
481.160
481.540
481.510
481.620
481.710
481.710
482.310
481.140
481.630
481.880
482.070
482.010
481.780
481.460
482.250
481.290
481.640
482.310
480.890
481.040
481.230
480.710
481.010
481.230
480.480
481.110
481.150
480.690
480.580
480.300
480.720
480.910
480.660
480.350
480.480
480.410
480.710
481.040
480.440
481.090
480.570
480.710
480.400
480.470
480.490
480.650
480.430
480.480
480.870
481.310
481.050
480.940
481.980
481.960
482.110
482.070
482.110
482.020
482.580
482.560
482.310
482.140
482.370
482.120
482.000
481.840
481.830
481.550
481.810
480.960
480.300
480.890
481.400
481.390
481.520
482.380
482.530
482.230
482.190
482.460
482.690
482.560
482.360
482.610
482.640
483.120
482.830
482.600
482.500
481.920
481.730
482.520
482.060
482.000
482.170
481.650
481.450
481.530
481.420
481.280
481.280
481.090
481.830
481.570
481.310
481.370
481.360
481.720
481.850
481.570
482.220
482.110
482.310
482.340
482.950
482.520
482.760
482.870
483.270
482.850
482.960
482.430
482.160
481.930
482.670
482.620
482.660
482.230
482.550
482.710
482.800
482.790
482.340
482.260
482.060
481.880
482.190
482.610
483.000
483.020
483.160
482.840
482.640
482.780
482.500
482.970
483.270
483.320
482.840
482.490
482.490
482.680
483.170
483.020
482.870
482.670
482.500
482.700
482.210
482.660
482.390
482.670
478.910
479.110
479.820
478.340
478.510
478.320
479.170
478.510
478.830
478.860
478.210
478.210
478.600
478.590
478.630
478.710
478.690
478.370
478.610
473.920
474.010
474.150
473.920
474.070
474.430
474.600
473.870
474.120
474.330
474.070
474.480
474.290
474.420
474.450
474.310
474.690
474.550
474.100
474.590
474.120
473.740
474.390
473.790
474.020
473.410
473.500
473.540
473.230
473.340
472.860
473.090
472.900
472.710
472.600
472.470
472.530
472.730
472.820
472.890
472.800
473.430
474.160
473.950
474.220
474.340
474.360
474.610
475.190
475.020
475.170
474.450
474.430
474.250
474.950
474.310
473.890
474.010
473.830
473.320
473.390
473.570
474.000
473.910
473.810
473.820
473.530
473.480
473.490
473.900
474.150
474.310
474.290
474.200
473.790
473.770
474.380
474.470
474.320
474.240
474.070
473.970
474.350
474.470
474.200
474.310
474.030
473.730
474.000
474.050
474.390
474.510
474.700
474.830
474.900
475.030
475.100
475.260
475.450
476.200
476.470
476.530
476.850
476.160
475.940
476.110
476.020
475.940
476.680
476.310
475.930
475.980
476.030
476.100
476.530
476.420
475.990
476.280
476.280
476.420
477.090
477.260
476.190
476.280
476.130
476.550
476.000
476.010
476.040
476.720
476.610
476.560
476.350
476.310
475.430
475.640
475.410
475.680
475.870
476.510
476.000
475.930
475.530
475.920
476.090
476.180
476.300
475.840
475.940
476.140
476.110
476.660
476.550
477.390
477.450
477.080
476.060
476.070
476.120
476.230
476.540
476.430
476.310
476.430
476.500
476.630
476.340
476.470
476.270
476.190
476.040
475.740
475.300
475.770
475.590
475.660
475.540
475.440
475.620
475.480
475.340
475.940
475.720
475.310
475.740
475.590
475.450
475.840
475.980
475.800
476.150
476.440
476.220
476.680
475.910
476.000
476.180
475.990
476.170
476.300
476.580
476.290
476.390
476.800
477.020
477.370
477.090
477.460
477.410
477.030
476.700
476.930
476.900
476.920
477.270
477.230
476.560
476.650
476.770
476.470
477.290
477.050
477.080
477.320
477.030
477.010
476.930
477.220
476.980
476.920
476.820
476.710
476.520
476.930
476.950
477.170
477.030
477.300
474.650
474.390
473.750
474.010
475.000
473.940
473.760
474.200
474.300
474.530
474.800
474.570
474.740
474.690
474.720
475.540
475.370
475.190
475.180
473.560
473.680
474.360
474.200
473.980
473.980
474.160
474.210
474.280
474.390
475.360
475.170
475.020
475.310
475.240
475.300
475.370
474.920
475.330
474.660
474.930
475.060
474.760
474.760
475.140
475.230
474.480
474.480
474.460
474.680
474.430
474.180
474.350
473.740
473.720
473.700
473.610
473.220
473.560
473.560
474.500
474.220
473.780
474.020
473.970
474.370
474.540
474.340
474.230
474.210
473.700
473.190
473.740
473.600
473.730
474.140
474.540
474.060
473.910
474.410
474.590
474.640
475.060
474.580
474.250
474.920
475.050
475.310
475.050
475.340
476.050
475.960
475.740
474.840
474.160
474.070
474.030
473.830
474.100
473.740
474.200
474.760
475.040
474.780
474.930
475.450
475.640
475.490
476.150
476.690
476.690
476.720
477.050
476.970
476.880
476.830
476.870
476.740
477.190
476.300
476.620
476.620
476.820
477.330
477.050
477.240
477.620
477.560
477.800
477.380
477.530
477.510
477.630
477.920
477.850
477.790
477.570
477.550
477.820
478.050
477.900
477.620
477.600
477.780
477.110
477.020
477.710
477.390
477.140
477.130
477.050
477.020
477.290
476.990
476.530
476.630
476.820
477.080
477.240
476.990
477.340
476.880
476.950
477.280
477.270
477.350
477.810
477.640
477.570
477.290
477.410
477.630
478.070
477.740
478.200
478.410
477.730
478.200
478.220
478.160
478.460
478.690
478.110
478.010
478.230
478.290
478.100
476.940
477.210
476.990
477.510
477.070
477.310
477.730
477.890
478.440
477.810
477.830
477.550
477.540
478.010
477.400
477.650
477.460
477.110
477.350
477.220
478.040
478.130
477.900
477.720
477.860
477.600
477.520
477.760
477.940
478.070
477.740
477.800
478.010
477.420
477.610
478.130
477.470
477.880
477.400
477.560
477.200
476.650
477.000
476.970
477.480
477.340
476.880
476.720
476.770
477.050
478.110
477.160
477.260
476.830
477.030
475.990
476.210
476.530
476.300
475.890
476.270
476.430
476.290
476.130
476.340
476.440
476.360
476.700
477.130
476.820
477.170
476.840
477.130
476.820
476.550
476.700
477.030
476.400
477.000
477.630
477.090
477.480
477.570
477.580
477.970
477.500
477.640
477.620
478.010
478.310
477.660
477.750
477.340
477.530
477.810
478.370
478.330
478.090
478.140
478.340
478.110
477.580
478.000
477.980
478.000
478.170
478.080
477.950
477.770
477.540
477.430
478.190
477.620
477.830
478.490
478.090
477.970
477.920
477.640
478.160
477.750
477.700
478.020
478.260
478.750
478.810
478.830
479.140
479.140
479.160
478.670
479.180
479.210
478.880
479.020
479.080
479.220
478.670
479.080
479.180
479.450
479.040
478.800
479.380
478.900
479.150
478.990
479.020
480.080
480.350
479.760
479.580
480.220
479.900
479.730
480.300
479.890
480.360
479.160
478.050
478.180
477.810
477.940
478.560
478.110
478.160
478.130
478.430
478.940
478.860
478.910
478.170
479.280
478.780
477.810
478.110
478.450
478.840
478.840
478.710
478.700
479.020
479.450
480.070
479.880
480.040
479.350
479.560
479.170
479.390
479.070
479.160
478.860
479.110
478.630
478.560
478.090
478.270
478.240
478.260
478.120
477.900
478.150
478.280
478.400
478.590
478.980
479.180
479.130
478.770
478.660
478.920
478.700
478.590
478.750
479.170
479.080
479.380
479.650
479.170
479.490
479.590
479.590
479.130
479.020
478.700
478.850
478.820
479.060
478.840
478.710
479.100
479.440
479.960
479.860
478.780
479.690
480.120
479.790
479.930
479.730
479.510
479.070
479.140
479.180
479.400
478.800
478.800
479.190
478.580
478.670
478.550
478.780
478.480
478.400
478.540
479.290
478.840
479.070
478.710
478.830
479.010
479.180
479.290
480.280
478.660
479.190
478.790
478.800
478.950
478.750
478.540
478.500
478.770
478.850
478.750
478.600
477.790
477.810
478.030
478.560
478.380
478.860
478.440
478.210
478.610
478.580
478.750
478.330
478.760
478.570
478.550
478.510
478.580
478.060
478.170
478.010
477.930
477.940
477.880
478.040
478.210
477.940
478.270
478.630
478.080
478.090
478.740
478.740
478.150
478.690
478.380
478.140
478.630
478.470
478.520
478.320
478.160
478.740
478.430
478.930
478.680
479.030
478.880
479.070
479.500
479.320
479.640
479.700
479.210
479.480
479.490
479.400
479.970
479.760
480.180
480.390
480.110
480.410
480.020
479.810
479.290
479.620
479.040
479.600
479.750
480.170
480.700
481.010
481.200
480.260
480.040
479.730
479.940
479.480
479.510
479.500
479.820
479.560
479.910
480.030
479.950
479.830
479.580
479.040
478.870
478.820
478.760
478.750
479.060
479.270
478.990
479.450
479.430
479.330
479.320
479.430
479.910
479.530
479.880
480.890
480.520
480.800
480.480
480.570
480.740
480.830
480.820
480.220
480.720
481.060
481.120
480.980
481.020
480.990
481.010
481.340
480.950
480.780
480.810
480.740
481.160
481.440
481.690
481.650
480.970
480.650
480.260
480.080
479.990
479.690
479.760
479.830
479.670
479.450
479.780
479.180
479.550
479.950
479.330
479.720
479.800
479.910
479.630
480.330
480.190
480.470
480.670
480.990
481.150
480.990
480.350
480.440
480.730
480.740
480.780
480.930
479.910
480.110
480.090
480.880
480.800
481.200
481.190
481.040
481.020
481.440
481.450
481.930
481.670
481.550
481.640
481.880
481.700
480.960
481.540
481.620
481.320
480.920
481.500
481.180
482.000
481.520
481.550
481.700
481.440
481.110
481.270
480.500
480.610
480.270
480.140
480.540
480.570
480.260
480.370
481.060
481.120
481.230
480.790
480.890
481.110
481.250
480.870
481.130
481.170
481.180
480.880
481.240
480.750
480.730
481.600
481.490
481.100
480.970
481.000
480.600
480.670
481.310
480.970
480.390
480.270
480.240
480.640
480.340
479.860
479.850
479.780
479.960
479.930
479.940
479.930
479.860
480.070
479.600
479.800
479.890
480.080
480.150
479.340
478.460
478.850
479.210
479.350
479.200
479.130
479.330
479.570
479.530
479.630
479.680
479.870
479.510
479.500
479.870
479.300
479.610
479.750
480.000
479.970
479.800
479.770
479.400
479.490
479.820
479.640
479.950
479.930
479.650
480.050
479.670
479.900
480.240
480.460
480.390
480.530
480.910
480.970
480.750
480.760
480.840
479.820
479.990
480.220
479.270
479.260
478.800
478.800
478.660
478.450
478.200
478.280
478.250
478.390
478.440
478.770
479.060
478.310
479.130
478.610
478.750
478.420
478.530
478.700
478.620
478.410
478.730
479.020
478.930
479.120
478.930
479.020
479.240
478.920
478.930
478.990
479.720
480.310
480.470
480.760
480.620
480.510
480.560
480.870
480.860
480.590
480.780
480.890
481.080
480.230
480.790
481.130
480.570
480.880
480.820
481.170
480.690
480.340
480.700
480.580
480.670
481.120
480.880
480.630
480.690
480.700
480.940
480.620
480.700
480.750
480.790
480.730
480.580
480.580
480.740
480.950
480.770
480.840
480.750
480.610
481.250
481.450
482.030
481.450
482.080
482.130
481.960
481.690
481.380
481.620
481.720
481.950
481.380
481.530
482.160
481.300
481.340
481.350
481.290
480.760
481.230
481.080
481.040
480.880
480.770
481.020
481.100
481.250
481.550
480.980
482.100
481.290
481.600
481.930
482.460
482.230
482.000
482.040
482.200
482.200
482.040
482.100
482.880
482.860
482.750
483.110
483.270
483.160
483.010
482.810
482.560
482.660
482.730
483.070
482.560
482.720
483.110
483.230
483.550
483.260
483.180
483.240
483.360
483.410
483.510
482.800
482.600
482.670
482.340
482.500
482.450
482.040
482.180
482.740
482.740
482.470
482.590
482.270
482.350
482.180
482.060
481.400
482.320
481.950
482.320
481.430
481.850
481.920
481.750
481.600
481.370
481.740
481.500
481.930
481.750
482.220
482.160
481.970
482.190
482.370
482.000
482.250
482.590
482.590
482.750
482.790
482.600
482.620
482.380
482.510
482.450
481.970
482.060
481.980
482.240
482.130
482.180
482.470
482.530
483.000
482.640
483.040
483.150
483.020
483.220
483.430
483.270
483.720
483.510
484.930
484.550
484.180
484.620
484.850
485.080
484.540
484.430
484.760
484.020
484.010
483.910
484.220
483.640
483.550
483.450
484.060
484.170
484.410
484.710
483.900
483.700
484.110
483.500
483.080
482.980
483.650
483.200
483.040
483.040
483.570
483.520
483.420
483.260
483.610
484.020
483.930
484.360
484.280
484.120
483.920
483.940
483.460
483.640
483.890
484.310
483.610
483.800
483.420
483.730
483.740
483.300
483.410
483.100
483.290
482.610
483.270
482.580
483.260
483.360
483.460
483.340
483.440
483.710
483.650
483.310
484.370
484.220
483.060
482.670
482.660
483.260
482.910
482.910
482.940
482.630
482.740
482.370
482.640
482.290
482.800
482.920
482.400
482.710
483.160
483.340
483.520
483.280
483.650
483.420
483.710
483.350
483.520
483.920
483.880
483.790
484.210
484.000
484.410
484.420
484.650
484.970
484.050
484.110
483.830
484.570
484.260
484.490
485.030
484.460
484.900
484.140
484.410
484.400
484.520
484.510
484.610
483.650
483.630
484.240
483.590
484.290
484.170
483.650
483.250
483.290
483.310
483.240
482.890
483.100
482.810
482.990
483.090
482.730
482.760
482.820
482.760
483.170
483.540
482.940
483.730
483.720
483.140
483.280
483.420
483.150
483.080
483.680
483.570
483.760
483.420
482.980
483.060
483.210
483.110
483.140
483.170
483.460
484.260
484.000
484.070
485.260
485.260
485.270
484.240
484.830
485.270
484.820
484.670
484.980
485.140
485.170
485.240
485.370
485.100
485.990
485.230
484.240
484.040
484.700
485.330
485.000
484.910
484.940
484.570
485.000
484.660
484.890
485.220
484.870
484.650
484.730
485.210
484.810
484.460
484.580
484.510
484.460
484.070
483.930
483.760
484.150
484.600
484.680
485.130
484.040
484.060
485.020
484.670
484.490
485.160
485.500
485.320
485.280
485.240
485.130
484.920
485.080
484.800
484.650
484.650
484.620
485.000
485.170
485.350
485.530
485.170
485.160
485.470
485.030
485.110
484.970
485.430
485.450
485.470
485.670
484.710
484.760
484.970
484.670
484.490
484.570
485.310
485.630
486.000
485.460
485.550
485.720
484.660
484.980
485.130
485.320
485.180
485.310
485.210
485.540
485.490
485.570
485.620
485.530
485.410
485.690
485.740
485.970
486.240
486.080
486.370
486.520
486.500
486.070
486.510
486.580
486.540
486.300
486.140
486.060
486.180
486.260
486.430
487.080
487.320
486.730
486.680
487.440
486.940
487.410
487.110
486.730
486.610
486.130
486.300
485.450
485.520
485.260
485.020
484.970
484.290
484.240
484.750
484.450
484.100
484.250
483.980
483.740
483.990
483.810
484.170
483.910
484.190
484.230
484.350
484.260
484.140
484.250
483.940
484.160
484.630
484.500
484.480
484.820
484.300
484.370
484.390
484.280
484.390
484.770
484.460
484.410
484.650
484.260
484.700
484.840
485.190
485.080
485.160
485.400
485.220
485.530
485.720
485.740
485.690
485.850
486.630
485.800
485.710
485.990
486.130
486.630
486.180
486.310
485.950
485.880
486.170
486.050
486.010
486.460
486.620
485.910
485.850
486.020
486.630
486.300
485.660
486.400
486.200
485.980
485.900
485.260
485.710
484.820
484.940
485.480
483.820
483.490
483.290
482.950
483.040
483.050
483.190
483.600
483.600
483.570
483.400
483.130
483.190
483.200
482.760
482.620
482.750
482.410
482.460
482.800
482.500
482.660
482.810
482.780
483.150
483.260
483.720
483.680
482.960
483.030
483.080
482.950
483.120
483.220
483.170
483.190
483.290
483.280
483.170
483.190
483.380
483.400
482.960
483.100
483.240
483.360
483.630
483.650
483.790
483.800
483.580
483.610
483.610
483.890
484.020
483.860
484.300
484.220
484.260
483.870
483.940
483.890
484.290
484.860
484.460
484.460
484.770
484.140
484.230
484.580
485.090
485.130
485.010
485.010
484.480
484.510
484.710
484.470
485.310
485.180
485.570
485.620
486.180
485.720
485.520
485.550
485.430
485.140
485.410
485.700
485.520
484.900
485.110
485.100
485.550
485.170
484.890
484.650
485.100
485.160
485.620
485.780
486.470
486.260
486.630
486.570
486.360
486.330
486.570
486.210
486.020
485.650
485.440
485.620
485.920
485.640
486.010
486.110
486.680
486.280
486.100
485.690
486.070
486.060
485.880
486.020
485.890
485.620
485.580
485.420
486.080
486.290
486.000
486.050
486.360
486.280
486.540
486.310
486.410
486.380
486.780
486.260
486.400
486.720
486.630
486.490
486.770
487.010
486.920
486.700
486.890
486.830
486.790
487.360
487.840
487.560
488.070
487.940
486.840
486.910
486.800
486.210
486.000
485.460
485.490
485.060
484.970
485.420
485.300
485.730
485.490
485.010
484.810
485.170
485.120
484.980
485.390
485.570
485.370
485.470
485.500
485.560
485.870
486.210
484.030
483.800
484.130
483.990
484.200
484.660
485.010
484.740
485.450
485.460
485.060
484.710
484.880
484.710
484.660
484.860
484.630
484.480
484.460
484.760
484.940
485.030
484.610
484.640
484.670
484.830
484.970
484.440
484.640
485.070
485.030
485.330
485.710
485.170
484.980
485.170
485.140
485.670
485.570
485.870
485.490
485.320
485.480
485.320
485.230
485.100
485.020
485.400
485.570
485.400
485.130
485.440
485.890
485.180
484.760
484.900
484.930
485.260
485.430
485.250
485.300
485.050
484.890
484.640
484.840
485.070
485.490
485.620
485.700
485.980
486.330
485.750
485.780
486.000
485.810
486.090
486.530
486.630
486.100
485.690
485.820
486.050
486.100
486.130
486.280
486.150
486.070
486.400
486.500
486.280
486.710
486.600
486.770
486.420
486.380
486.250
486.540
486.680
486.660
486.620
487.410
487.340
487.010
487.420
487.280
487.710
487.780
488.020
487.590
487.600
487.880
487.670
487.910
487.600
488.010
487.480
487.230
487.000
487.120
487.200
486.910
487.120
486.930
487.110
487.520
486.970
486.770
487.030
486.930
487.010
488.060
487.350
487.240
486.980
486.780
486.420
486.620
486.470
486.110
485.940
486.200
486.010
486.160
486.290
486.670
486.030
486.240
486.570
487.000
486.940
487.430
487.480
486.670
486.930
486.660
486.930
486.990
487.090
487.080
487.540
486.910
487.510
486.970
487.060
487.300
487.100
487.110
487.650
487.220
486.860
486.850
486.840
487.050
486.690
486.600
487.040
487.340
487.860
487.400
487.530
487.490
487.750
488.230
488.290
488.460
488.400
488.750
489.160
488.790
488.360
488.640
488.230
487.740
487.860
487.810
488.020
488.220
488.120
487.790
487.410
487.870
487.570
487.040
487.510
486.960
487.510
487.500
487.480
487.700
487.950
487.640
487.460
487.460
487.350
487.410
487.340
487.800
488.030
488.410
488.100
485.770
483.140
479.040
479.040
479.190
479.270
479.260
479.150
479.450
480.020
479.860
480.110
480.320
480.570
480.810
480.370
480.130
479.910
479.780
479.820
480.230
479.990
480.520
481.060
480.500
479.930
479.690
479.930
480.360
480.410
480.630
480.170
480.590
480.020
480.500
480.690
480.840
480.650
480.760
480.260
480.740
480.910
480.850
480.570
481.220
480.270
480.690
480.370
480.530
480.230
480.450
480.290
480.230
480.550
480.650
480.560
480.810
480.970
480.210
480.530
480.870
481.240
480.890
481.280
481.170
481.200
481.440
481.580
481.340
481.070
481.640
482.010
481.760
481.560
481.310
481.540
481.010
480.830
480.890
480.240
480.180
480.030
480.220
480.060
479.640
479.620
480.150
480.270
479.890
480.300
480.440
480.590
480.810
480.810
480.550
480.980
480.390
480.610
480.540
480.710
481.000
481.230
481.120
480.790
480.620
480.010
479.920
480.260
480.190
480.000
479.690
479.860
479.780
480.250
480.390
479.990
479.920
480.260
479.860
480.090
480.360
480.790
480.180
480.420
480.740
480.950
481.040
480.820
480.610
480.540
480.480
480.430
480.480
480.660
480.710
480.780
480.490
480.610
480.710
480.740
481.170
481.370
481.430
481.190
479.290
479.460
479.170
479.140
479.160
478.910
478.660
477.660
478.070
478.080
478.170
478.780
478.920
478.460
478.290
478.140
478.000
478.290
478.200
477.890
478.000
478.020
478.010
478.210
478.150
478.050
477.970
477.850
477.580
478.060
478.440
478.430
478.450
478.370
478.690
478.790
479.000
478.690
478.760
478.680
478.650
478.400
478.450
477.760
477.470
477.500
477.530
477.170
478.010
477.590
477.840
478.490
478.620
478.660
478.830
478.590
478.060
477.930
477.390
477.210
476.930
476.820
477.230
477.640
477.440
477.880
477.810
477.740
477.650
477.820
477.940
478.110
478.840
478.200
477.930
477.720
478.070
478.170
478.460
478.110
477.500
477.380
477.380
477.860
477.890
477.750
477.880
477.800
478.010
477.830
477.600
477.590
477.560
478.450
478.540
478.940
478.010
478.180
477.880
478.260
477.970
478.070
478.260
477.780
478.130
478.150
478.170
478.190
477.940
478.290
478.930
478.800
479.070
478.990
479.120
479.190
478.840
478.760
478.720
478.480
478.690
478.980
478.860
479.120
479.120
478.700
478.490
478.360
478.200
478.390
478.480
478.970
479.650
479.880
478.800
478.690
478.990
479.020
479.090
479.360
479.330
478.820
478.410
478.800
478.450
478.650
478.990
478.690
478.660
478.770
478.600
478.260
478.670
478.790
478.820
478.960
478.350
478.490
479.150
479.690
479.990
480.290
479.730
479.700
479.630
479.750
479.550
479.970
480.110
479.980
480.030
480.320
479.860
479.830
479.670
479.620
479.900
480.390
480.020
479.780
479.790
479.880
479.910
480.290
480.340
479.730
479.280
479.220
479.850
480.010
479.350
479.090
478.580
478.240
478.550
477.880
478.240
478.050
478.350
478.650
478.190
478.020
478.050
478.180
478.710
478.300
477.830
477.820
477.560
477.980
477.780
477.840
478.120
478.220
478.200
478.270
478.180
478.140
478.290
477.990
478.240
478.420
478.720
479.000
479.120
478.780
478.770
479.150
478.350
476.890
476.850
476.660
476.700
476.750
477.060
477.280
477.300
477.280
477.490
477.130
477.240
477.600
477.310
477.440
477.500
477.880
477.760
477.670
477.920
477.470
477.240
477.290
477.050
476.950
476.830
477.310
477.100
476.810
476.970
477.120
477.060
477.200
477.040
477.520
477.750
477.710
478.020
476.090
476.000
475.950
477.100
476.600
476.840
477.060
477.620
476.340
476.700
477.010
476.490
476.540
476.990
477.060
477.110
477.060
477.170
477.450
477.870
477.790
477.770
476.830
476.970
476.380
476.260
475.890
475.590
475.920
476.260
476.610
476.820
476.450
476.880
476.750
476.910
477.070
476.980
477.120
477.330
477.350
477.530
477.580
477.470
477.830
477.550
477.050
476.800
477.180
477.540
478.070
477.840
477.650
477.760
477.350
477.700
478.100
478.070
478.040
478.230
478.360
478.800
478.610
478.990
479.120
479.060
479.150
479.180
479.210
479.290
479.210
479.020
479.090
478.830
480.580
479.830
479.530
478.070
478.400
478.570
478.750
479.100
479.490
479.700
479.640
479.490
479.020
479.050
479.200
478.970
479.080
478.490
478.850
478.810
479.020
