0.1484375 1
0.1494140625 2
0.16552734375 3
0.16796875 4
0.169921875 5
0.17578125 6
0.208984375 7
0.255859375 8
0.33203125 9
0.35986328125 10
0.375 11
0.47991943359375 12
0.5203857421875 13
0.63916015625 14
0.716796875 15
0.7578125 16
0.7685546875 17
0.78125 18
0.802734375 19
0.8046875 20
0.8134765625 21
0.8780517578125 22
0.90625 23
0.9228515625 24
0.931640625 25
0.982177734375 26
0.9970703125 27
1.001953125 28
1.005859375 29
1.0263671875 30
1.048828125 31
1.111328125 32
1.21533203125 33
1.259765625 34
1.373046875 35
1.37548828125 36
1.404296875 37
1.431640625 38
1.46923828125 39
1.6171875 40
1.68359375 41
1.6982421875 42
1.720703125 43
1.740234375 44
1.816650390625 45
1.869140625 46
1.876953125 47
2.0048828125 48
2.083984375 49
2.1640625 50
2.1953125 51
2.234375 52
2.423828125 53
2.453125 54
2.45703125 55
2.59765625 56
2.630859375 57
2.64093017578125 58
2.7265625 59
2.73046875 60
2.845703125 61
2.998046875 62
3.14892578125 63
3.176513671875 64
3.205078125 65
3.275390625 66
3.36376953125 67
3.43359375 68
3.634765625 69
3.642578125 70
3.673828125 71
3.875 72
3.88043212890625 73
3.890625 74
3.921875 75
3.955078125 76
4.025390625 77
4.185546875 78
4.408203125 79
4.6162109375 80
4.654296875 81
4.71484375 82
4.76605224609375 83
4.791015625 84
4.822265625 85
4.83203125 86
5.00244140625 87
5.0234375 88
5.169921875 89
5.20703125 90
5.240234375 91
5.259765625 92
5.7890625 93
5.791218280792236 94
6.150390625 95
6.19140625 96
7.15625 97
7.201171875 98
7.390380859375 99
7.42578125 100
7.61328125 101
7.74609375 102
7.8916015625 103
8.041015625 104
8.337890625 105
8.4716796875 106
8.67578125 107
8.86328125 108
9.017578125 109
9.0751953125 110
9.21484375 111
9.34375 112
9.4453125 113
9.56787109375 114
9.57421875 115
9.67578125 116
9.759765625 117
9.7734375 118
9.79296875 119
9.796875 120
9.818359375 121
9.931640625 122
9.947265625 123
10.322021484375 124
10.419921875 125
10.662109375 126
10.701171875 127
11.169921875 128
11.18359375 129
11.197265625 130
11.26171875 131
11.35546875 132
11.392578125 133
11.51171875 134
11.67578125 135
11.740234375 136
12.21484375 137
12.2265625 138
12.248046875 139
12.3828125 140
12.56787109375 141
12.6015625 142
12.6328125 143
12.73828125 144
12.76171875 145
12.86328125 146
12.88671875 147
13.189453125 148
13.25 149
13.365234375 150
13.5078125 151
13.6552734375 152
13.724853515625 153
13.8935546875 154
14.01904296875 155
14.0390625 156
14.177734375 157
14.212890625 158
14.21484375 159
14.5625 160
14.728515625 161
14.74951171875 162
14.96484375 163
15.0443115234375 164
15.322265625 165
15.477294921875 166
15.7470703125 167
15.748046875 168
15.951171875 169
16.181640625 170
16.5634765625 171
16.5908203125 172
16.931640625 173
17.22265625 174
17.51953125 175
17.53125 176
17.822265625 177
18.25048828125 178
18.427734375 179
18.689453125 180
19.224609375 181
19.2587890625 182
19.315673828125 183
19.650390625 184
19.7763671875 185
20.09765625 186
20.40716552734375 187
20.486328125 188
20.595703125 189
21.369140625 190
21.5029296875 191
21.54296875 192
21.591796875 193
21.66015625 194
21.769287109375 195
21.892578125 196
21.896484375 197
22.12890625 198
22.7578125 199
23.294921875 200
23.32421875 201
23.6826171875 202
24.109375 203
24.4111328125 204
24.89453125 205
25.005859375 206
25.517578125 207
25.69415283203125 208
26.234375 209
26.642578125 210
26.7822265625 211
27.12890625 212
27.13671875 213
27.513671875 214
27.71533203125 215
28.5087890625 216
29.642578125 217
29.89501953125 218
29.939208984375 219
30.24609375 220
30.7099609375 221
30.99609375 222
31.43017578125 223
31.435546875 224
31.646484375 225
32.2052001953125 226
33.658203125 227
34.404296875 228
35.3359375 229
35.357421875 230
36.02490234375 231
37.05078125 232
37.1357421875 233
38.453125 234
38.8682861328125 235
40.3291015625 236
40.4775390625 237
40.70703125 238
43.94921875 239
44.17578125 240
44.6796875 241
45.12109375 242
45.287109375 243
47.34375 244
47.357421875 245
48.146484375 246
51.65625 247
51.966796875 248
52.27734375 249
53.748046875 250
54.8486328125 251
55.626953125 252
56.232421875 253
57.6904296875 254
58.1005859375 255
58.9736328125 256
60.54931640625 257
60.783203125 258
62.9609375 259
65.02734375 260
67.003173828125 261
67.912109375 262
68.56298828125 263
68.943115234375 264
69.15625 265
70.56640625 266
70.6064453125 267
70.94921875 268
75.083984375 269
75.541015625 270
76.5390625 271
76.658203125 272
77.388671875 273
77.55078125 274
78.685546875 275
78.84765625 276
82.71337890625 277
83.1015625 278
83.4659423828125 279
88.8330078125 280
89.85546875 281
90.7314453125 282
92.572265625 283
98.771484375 284
99.5390625 285
100.08984375 286
101.08984375 287
102.3486328125 288
105.28125 289
107.4189453125 290
107.7783203125 291
109.7890625 292
110.515625 293
111.20703125 294
112.1024169921875 295
117.2861328125 296
122.027587890625 297
124.7265625 298
125.185546875 299
129.0496826171875 300
129.7392578125 301
131.19921875 302
132.287109375 303
132.68359375 304
134.05029296875 305
134.138671875 306
134.275390625 307
134.982421875 308
138.05078125 309
154.6064453125 310
165.2099609375 311
173.734375 312
204.353515625 313
218.673828125 314
220.66064453125 315
226.23681640625 316
233.044921875 317
236.5703125 318
241.58984375 319
255.8603515625 320
260.3779296875 321
