0.1484375 1
0.1494140625 2
0.16552734375 3
0.16796875 4
0.169921875 5
0.17578125 6
0.5203857421875 7
0.7685546875 8
0.9970703125 9
1.005859375 10
1.0263671875 11
1.111328125 12
1.21533203125 13
1.404296875 14
1.46923828125 15
1.6171875 16
1.6982421875 17
1.720703125 18
1.740234375 19
1.816650390625 20
2.0048828125 21
2.1953125 22
2.234375 23
2.423828125 24
2.59765625 25
2.630859375 26
2.64093017578125 27
2.7265625 28
3.205078125 29
3.634765625 30
3.673828125 31
3.875 32
3.890625 33
4.185546875 34
4.654296875 35
4.71484375 36
4.76605224609375 37
5.00244140625 38
5.169921875 39
5.20703125 40
5.240234375 41
5.259765625 42
5.7890625 43
6.150390625 44
6.19140625 45
7.15625 46
7.201171875 47
7.42578125 48
7.74609375 49
7.8916015625 50
8.041015625 51
8.67578125 52
9.21484375 53
9.34375 54
9.4453125 55
9.67578125 56
9.759765625 57
9.79296875 58
9.796875 59
9.947265625 60
10.322021484375 61
10.419921875 62
10.701171875 63
11.18359375 64
11.35546875 65
11.392578125 66
11.67578125 67
11.740234375 68
12.21484375 69
12.2265625 70
12.6015625 71
12.6328125 72
12.86328125 73
12.88671875 74
13.189453125 75
13.25 76
13.6552734375 77
13.724853515625 78
13.8935546875 79
14.01904296875 80
14.0390625 81
14.177734375 82
14.728515625 83
14.74951171875 84
15.0443115234375 85
15.322265625 86
15.477294921875 87
15.7470703125 88
15.748046875 89
15.951171875 90
16.181640625 91
16.5908203125 92
18.689453125 93
19.315673828125 94
19.650390625 95
20.09765625 96
20.40716552734375 97
20.595703125 98
21.54296875 99
21.591796875 100
21.66015625 101
21.769287109375 102
21.892578125 103
22.12890625 104
23.294921875 105
23.6826171875 106
24.4111328125 107
24.89453125 108
25.517578125 109
26.234375 110
26.7822265625 111
27.513671875 112
27.71533203125 113
29.939208984375 114
30.24609375 115
31.435546875 116
38.8682861328125 117
40.3291015625 118
40.70703125 119
44.6796875 120
45.287109375 121
47.34375 122
47.357421875 123
51.65625 124
53.748046875 125
54.8486328125 126
57.6904296875 127
60.54931640625 128
60.783203125 129
67.912109375 130
68.56298828125 131
68.943115234375 132
69.15625 133
70.56640625 134
70.6064453125 135
70.94921875 136
75.541015625 137
76.658203125 138
78.685546875 139
82.71337890625 140
83.1015625 141
88.8330078125 142
89.85546875 143
90.7314453125 144
92.572265625 145
98.771484375 146
99.5390625 147
101.08984375 148
102.3486328125 149
105.28125 150
109.7890625 151
110.515625 152
111.20703125 153
112.1024169921875 154
122.027587890625 155
124.7265625 156
132.68359375 157
134.138671875 158
134.982421875 159
165.2099609375 160
218.673828125 161
220.66064453125 162
226.23681640625 163
233.044921875 164
255.8603515625 165
