0.208984375 1
0.255859375 2
0.33203125 3
0.35986328125 4
0.375 5
0.47991943359375 6
0.63916015625 7
0.716796875 8
0.7578125 9
0.78125 10
0.802734375 11
0.8046875 12
0.8134765625 13
0.8780517578125 14
0.90625 15
0.9228515625 16
0.931640625 17
0.982177734375 18
1.001953125 19
1.048828125 20
1.259765625 21
1.373046875 22
1.37548828125 23
1.431640625 24
1.68359375 25
1.869140625 26
1.876953125 27
2.083984375 28
2.1640625 29
2.453125 30
2.45703125 31
2.73046875 32
2.845703125 33
2.998046875 34
3.14892578125 35
3.176513671875 36
3.275390625 37
3.36376953125 38
3.43359375 39
3.642578125 40
3.88043212890625 41
3.921875 42
3.955078125 43
4.025390625 44
4.408203125 45
4.6162109375 46
4.791015625 47
4.822265625 48
4.83203125 49
5.0234375 50
5.791218280792236 51
7.390380859375 52
7.61328125 53
8.337890625 54
8.4716796875 55
8.86328125 56
9.017578125 57
9.0751953125 58
9.56787109375 59
9.57421875 60
9.7734375 61
9.818359375 62
9.931640625 63
10.662109375 64
11.169921875 65
11.197265625 66
11.26171875 67
11.51171875 68
12.248046875 69
12.3828125 70
12.56787109375 71
12.73828125 72
12.76171875 73
13.365234375 74
13.5078125 75
14.212890625 76
14.21484375 77
14.5625 78
14.96484375 79
16.5634765625 80
16.931640625 81
17.22265625 82
17.51953125 83
17.53125 84
17.822265625 85
18.25048828125 86
18.427734375 87
19.224609375 88
19.2587890625 89
19.7763671875 90
20.486328125 91
21.369140625 92
21.5029296875 93
21.896484375 94
22.7578125 95
23.32421875 96
24.109375 97
25.005859375 98
25.69415283203125 99
26.642578125 100
27.12890625 101
27.13671875 102
28.5087890625 103
29.642578125 104
29.89501953125 105
30.7099609375 106
30.99609375 107
31.43017578125 108
31.646484375 109
32.2052001953125 110
33.658203125 111
34.404296875 112
35.3359375 113
35.357421875 114
36.02490234375 115
37.05078125 116
37.1357421875 117
38.453125 118
40.4775390625 119
43.94921875 120
44.17578125 121
45.12109375 122
48.146484375 123
51.966796875 124
52.27734375 125
55.626953125 126
56.232421875 127
58.1005859375 128
58.9736328125 129
62.9609375 130
65.02734375 131
67.003173828125 132
75.083984375 133
76.5390625 134
77.388671875 135
77.55078125 136
78.84765625 137
83.4659423828125 138
100.08984375 139
107.4189453125 140
107.7783203125 141
117.2861328125 142
125.185546875 143
129.0496826171875 144
129.7392578125 145
131.19921875 146
132.287109375 147
134.05029296875 148
134.275390625 149
138.05078125 150
154.6064453125 151
173.734375 152
204.353515625 153
236.5703125 154
241.58984375 155
260.3779296875 156
