0.185546875 1
0.197265625 2
0.24609375 3
0.24609375 4
0.26171875 5
0.267578125 6
0.26806640625 7
0.29150390625 8
0.3037109375 9
0.30712890625 10
0.3291015625 11
0.333984375 12
0.353515625 13
0.4345703125 14
0.462890625 15
0.482421875 16
0.513671875 17
0.541015625 18
0.60052490234375 19
0.6669921875 20
0.6748046875 21
0.712890625 22
0.8076171875 23
0.81640625 24
0.919921875 25
1.0234375 26
1.1298828125 27
1.50390625 28
1.5234375 29
1.5234375 30
1.64031982421875 31
1.712890625 32
1.847900390625 33
1.951171875 34
2.12890625 35
2.1669921875 36
2.173828125 37
2.35205078125 38
2.484375 39
2.5849609375 40
2.627685546875 41
2.640625 42
2.6484375 43
2.676025390625 44
2.677734375 45
2.7236328125 46
2.7293701171875 47
2.759765625 48
2.926025390625 49
3.0419921875 50
3.107421875 51
3.1943359375 52
3.3486328125 53
3.35498046875 54
3.3740234375 55
3.585602283477783 56
3.677734375 57
3.771484375 58
3.77734375 59
3.919921875 60
4.08837890625 61
4.14111328125 62
4.165771484375 63
4.529296875 64
4.55078125 65
4.556640625 66
4.557373046875 67
4.615234375 68
4.640625 69
4.690399169921875 70
4.787109375 71
5.033203125 72
5.130859375 73
5.134765625 74
5.1396484375 75
5.20947265625 76
5.33984375 77
5.67578125 78
5.68359375 79
5.78125 80
5.83984375 81
6.28076171875 82
6.373046875 83
6.400390625 84
6.401611328125 85
6.43212890625 86
6.947265625 87
7.13671875 88
7.232421875 89
7.3427734375 90
7.5048828125 91
7.5390625 92
7.6611328125 93
7.689453125 94
7.972900390625 95
8.0086669921875 96
8.328125 97
8.388671875 98
8.5390625 99
8.6962890625 100
8.728515625 101
8.8193359375 102
8.986328125 103
9.153564453125 104
9.28369140625 105
9.369140625 106
9.3720703125 107
9.428466796875 108
9.6376953125 109
9.79296875 110
9.87451171875 111
9.986328125 112
10.12109375 113
10.1416015625 114
10.216796875 115
10.21875 116
10.2744140625 117
10.279296875 118
10.36328125 119
10.765625 120
10.796875 121
11.01953125 122
11.09765625 123
11.4580078125 124
11.537109375 125
12.767578125 126
12.7734375 127
13.083984375 128
13.22711181640625 129
13.662109375 130
13.72265625 131
14.0791015625 132
14.890625 133
14.955078125 134
15.04052734375 135
15.123046875 136
15.193359375 137
15.7373046875 138
15.755859375 139
15.8369140625 140
16.1298828125 141
16.35546875 142
16.619140625 143
16.650390625 144
16.718994140625 145
17.294921875 146
18.3779296875 147
18.576171875 148
18.59765625 149
18.681640625 150
20.1796875 151
21.9208984375 152
21.99609375 153
22.138671875 154
22.537109375 155
22.62109375 156
23.580078125 157
23.587890625 158
24.3818359375 159
24.4580078125 160
24.630859375 161
24.634765625 162
25.0224609375 163
25.201171875 164
25.27392578125 165
26.150390625 166
26.5048828125 167
26.63671875 168
26.8125 169
27.212890625 170
27.234375 171
27.79296875 172
27.955078125 173
27.95703125 174
28.005859375 175
28.44140625 176
28.634765625 177
28.64697265625 178
29.9384765625 179
30.09130859375 180
30.28515625 181
30.3984375 182
30.453125 183
30.5252685546875 184
30.7891845703125 185
31.04296875 186
31.390625 187
31.978515625 188
32.142578125 189
32.2568359375 190
32.66015625 191
33.6337890625 192
33.947265625 193
34.512451171875 194
34.841796875 195
35.1171875 196
35.4931640625 197
35.6845703125 198
35.7783203125 199
35.830078125 200
35.8642578125 201
36.759765625 202
37.287109375 203
37.96533203125 204
38.080078125 205
38.7740478515625 206
40.111328125 207
40.3392333984375 208
40.521484375 209
41.181640625 210
42.052734375 211
42.212890625 212
42.531005859375 213
44.724609375 214
44.8466796875 215
46.625 216
48.00390625 217
48.1220703125 218
48.4482421875 219
49.1708984375 220
51.654296875 221
52.271484375 222
52.60986328125 223
53.7236328125 224
55.146484375 225
55.76953125 226
58.15625 227
58.685546875 228
61.22265625 229
63.27490234375 230
64.49609375 231
64.8544921875 232
65.971923828125 233
67.1474609375 234
67.6826171875 235
68.6573486328125 236
68.7060546875 237
69.0966796875 238
72.54248046875 239
73.28125 240
73.529296875 241
74.6436767578125 242
74.8427734375 243
75.1473388671875 244
75.685546875 245
75.982421875 246
76.35498046875 247
76.720703125 248
78.19091796875 249
78.3369140625 250
79.4456787109375 251
79.541015625 252
80.330078125 253
80.33935546875 254
83.5302734375 255
86.22216796875 256
88.7265625 257
90.66552734375 258
91.15869140625 259
91.29296875 260
93.173828125 261
97.9892578125 262
99.01953125 263
101.106689453125 264
105.7919921875 265
106.37890625 266
109.28125 267
110.1494140625 268
114.76953125 269
116.896484375 270
118.2882080078125 271
120.029296875 272
126.763671875 273
132.80078125 274
134.5478515625 275
138.88671875 276
140.2705078125 277
143.1884765625 278
143.6513671875 279
144.4072265625 280
147.160888671875 281
148.289794921875 282
148.8125 283
149.8759765625 284
153.193359375 285
153.34765625 286
156.796875 287
162.125 288
166.734375 289
178.84375 290
183.899658203125 291
189.665771484375 292
190.013671875 293
196.419921875 294
199.998046875 295
200.9375 296
205.65966796875 297
214.98828125 298
218.6802978515625 299
222.1015625 300
227.021484375 301
239.287109375 302
256.650390625 303
264.156982421875 304
281.81640625 305
284.47265625 306
297.147705078125 307
297.44921875 308
