0.185546875 1
0.197265625 2
0.267578125 3
0.29150390625 4
0.3037109375 5
0.30712890625 6
0.333984375 7
0.353515625 8
0.4345703125 9
0.482421875 10
0.513671875 11
0.60052490234375 12
0.6669921875 13
0.6748046875 14
0.712890625 15
0.81640625 16
0.919921875 17
1.0234375 18
1.1298828125 19
1.50390625 20
1.5234375 21
1.5234375 22
1.64031982421875 23
1.712890625 24
1.847900390625 25
1.951171875 26
2.35205078125 27
2.484375 28
2.627685546875 29
2.677734375 30
2.7236328125 31
3.0419921875 32
3.1943359375 33
3.3486328125 34
3.35498046875 35
3.3740234375 36
3.585602283477783 37
3.677734375 38
3.919921875 39
4.14111328125 40
4.165771484375 41
4.529296875 42
4.55078125 43
4.556640625 44
4.557373046875 45
4.615234375 46
4.640625 47
4.787109375 48
5.033203125 49
5.134765625 50
5.20947265625 51
5.33984375 52
5.67578125 53
5.68359375 54
5.78125 55
6.28076171875 56
6.373046875 57
6.400390625 58
6.401611328125 59
6.43212890625 60
7.232421875 61
7.3427734375 62
7.5048828125 63
7.5390625 64
7.689453125 65
8.0086669921875 66
8.328125 67
8.388671875 68
8.5390625 69
8.728515625 70
8.8193359375 71
8.986328125 72
9.28369140625 73
9.369140625 74
9.3720703125 75
9.428466796875 76
9.79296875 77
9.87451171875 78
10.12109375 79
10.216796875 80
10.2744140625 81
10.796875 82
11.01953125 83
11.09765625 84
12.767578125 85
13.083984375 86
13.662109375 87
14.0791015625 88
14.955078125 89
15.04052734375 90
15.123046875 91
15.7373046875 92
15.755859375 93
16.650390625 94
17.294921875 95
18.3779296875 96
18.576171875 97
21.99609375 98
22.537109375 99
23.580078125 100
24.4580078125 101
25.201171875 102
26.5048828125 103
27.212890625 104
27.234375 105
27.79296875 106
27.955078125 107
27.95703125 108
28.634765625 109
29.9384765625 110
30.5252685546875 111
31.390625 112
31.978515625 113
32.2568359375 114
32.66015625 115
33.6337890625 116
34.512451171875 117
34.841796875 118
35.1171875 119
35.7783203125 120
35.8642578125 121
36.759765625 122
37.96533203125 123
38.080078125 124
38.7740478515625 125
42.212890625 126
42.531005859375 127
48.00390625 128
48.1220703125 129
52.271484375 130
52.60986328125 131
53.7236328125 132
55.76953125 133
58.685546875 134
64.8544921875 135
67.6826171875 136
69.0966796875 137
78.19091796875 138
80.33935546875 139
91.29296875 140
105.7919921875 141
114.76953125 142
132.80078125 143
134.5478515625 144
138.88671875 145
140.2705078125 146
156.796875 147
183.899658203125 148
189.665771484375 149
227.021484375 150
256.650390625 151
281.81640625 152
297.147705078125 153
