0.24609375 1
0.24609375 2
0.26171875 3
0.26806640625 4
0.3291015625 5
0.462890625 6
0.541015625 7
0.8076171875 8
2.12890625 9
2.1669921875 10
2.173828125 11
2.5849609375 12
2.640625 13
2.6484375 14
2.676025390625 15
2.7293701171875 16
2.759765625 17
2.926025390625 18
3.107421875 19
3.771484375 20
3.77734375 21
4.08837890625 22
4.690399169921875 23
5.130859375 24
5.1396484375 25
5.83984375 26
6.947265625 27
7.13671875 28
7.6611328125 29
7.972900390625 30
8.6962890625 31
9.153564453125 32
9.6376953125 33
9.986328125 34
10.1416015625 35
10.21875 36
10.279296875 37
10.36328125 38
10.765625 39
11.4580078125 40
11.537109375 41
12.7734375 42
13.22711181640625 43
13.72265625 44
14.890625 45
15.193359375 46
15.8369140625 47
16.1298828125 48
16.35546875 49
16.619140625 50
16.718994140625 51
18.59765625 52
18.681640625 53
20.1796875 54
21.9208984375 55
22.138671875 56
22.62109375 57
23.587890625 58
24.3818359375 59
24.630859375 60
24.634765625 61
25.0224609375 62
25.27392578125 63
26.150390625 64
26.63671875 65
26.8125 66
28.005859375 67
28.44140625 68
28.64697265625 69
30.09130859375 70
30.28515625 71
30.3984375 72
30.453125 73
30.7891845703125 74
31.04296875 75
32.142578125 76
33.947265625 77
35.4931640625 78
35.6845703125 79
35.830078125 80
37.287109375 81
40.111328125 82
40.3392333984375 83
40.521484375 84
41.181640625 85
42.052734375 86
44.724609375 87
44.8466796875 88
46.625 89
48.4482421875 90
49.1708984375 91
51.654296875 92
55.146484375 93
58.15625 94
61.22265625 95
63.27490234375 96
64.49609375 97
65.971923828125 98
67.1474609375 99
68.6573486328125 100
68.7060546875 101
72.54248046875 102
73.28125 103
73.529296875 104
74.6436767578125 105
74.8427734375 106
75.1473388671875 107
75.685546875 108
75.982421875 109
76.35498046875 110
76.720703125 111
78.3369140625 112
79.4456787109375 113
79.541015625 114
80.330078125 115
83.5302734375 116
86.22216796875 117
88.7265625 118
90.66552734375 119
91.15869140625 120
93.173828125 121
97.9892578125 122
99.01953125 123
101.106689453125 124
106.37890625 125
109.28125 126
110.1494140625 127
116.896484375 128
118.2882080078125 129
120.029296875 130
126.763671875 131
143.1884765625 132
143.6513671875 133
144.4072265625 134
147.160888671875 135
148.289794921875 136
148.8125 137
149.8759765625 138
153.193359375 139
153.34765625 140
162.125 141
166.734375 142
178.84375 143
190.013671875 144
196.419921875 145
199.998046875 146
200.9375 147
205.65966796875 148
214.98828125 149
218.6802978515625 150
222.1015625 151
239.287109375 152
264.156982421875 153
284.47265625 154
297.44921875 155
