0.1923828125 1
0.203125 2
0.2109375 3
0.23046875 4
0.251953125 5
0.26171875 6
0.262451171875 7
0.30224609375 8
0.3046875 9
0.3125 10
0.318359375 11
0.337890625 12
0.3447265625 13
0.3466796875 14
0.377685546875 15
0.38671875 16
0.4453125 17
0.46435546875 18
0.51953125 19
0.525390625 20
0.59130859375 21
0.5986328125 22
0.604217529296875 23
0.7412109375 24
0.751953125 25
0.783447265625 26
0.8037109375 27
0.81103515625 28
0.91357421875 29
0.9742431640625 30
1.0400390625 31
1.0712890625 32
1.2666015625 33
1.314453125 34
1.3603515625 35
1.4287109375 36
1.474609375 37
1.837310791015625 38
1.861328125 39
1.8717041015625 40
1.9326171875 41
1.96484375 42
2.017578125 43
2.04931640625 44
2.056640625 45
2.20556640625 46
2.20703125 47
2.212890625 48
2.2275390625 49
2.22802734375 50
2.30419921875 51
2.3118896484375 52
2.365478515625 53
2.39453125 54
2.43505859375 55
2.604248046875 56
2.6865234375 57
2.69140625 58
2.7001953125 59
2.8251953125 60
2.8402099609375 61
2.923828125 62
2.974853515625 63
2.99365234375 64
3.0009765625 65
3.0068359375 66
3.04248046875 67
3.18359375 68
3.2275390625 69
3.231201171875 70
3.25537109375 71
3.3076171875 72
3.337890625 73
3.515625 74
3.6533203125 75
3.6826171875 76
3.68505859375 77
3.73370361328125 78
3.7470703125 79
3.863525390625 80
4.005859375 81
4.01953125 82
4.02734375 83
4.1904296875 84
4.251220703125 85
4.285400390625 86
4.46240234375 87
4.47802734375 88
4.498046875 89
4.5126953125 90
4.5263671875 91
4.632568359375 92
4.6494140625 93
4.666015625 94
4.75146484375 95
4.82568359375 96
4.939453125 97
5.00185489654541 98
5.0830078125 99
5.1064453125 100
5.1318359375 101
5.18359375 102
5.32421875 103
5.3671875 104
5.431640625 105
5.4580078125 106
5.469482421875 107
5.6171875 108
5.73876953125 109
5.90869140625 110
6.01025390625 111
6.1494140625 112
6.30035400390625 113
6.37109375 114
6.48779296875 115
6.544921875 116
6.7666015625 117
6.78857421875 118
6.91015625 119
7.38916015625 120
7.427734375 121
7.78515625 122
8.14453125 123
8.154296875 124
8.17333984375 125
8.2744140625 126
8.30029296875 127
8.3388671875 128
8.775634765625 129
8.80859375 130
8.99609375 131
9.7431640625 132
9.74755859375 133
9.8359375 134
10.013671875 135
10.2919921875 136
10.318359375 137
10.3232421875 138
10.3642578125 139
10.4189453125 140
10.53125 141
10.6826171875 142
10.828125 143
11.060546875 144
11.27734375 145
11.283203125 146
11.298828125 147
11.4365234375 148
11.77099609375 149
11.8564453125 150
11.9228515625 151
12.5185546875 152
12.59228515625 153
12.7802734375 154
12.962890625 155
13.1142578125 156
13.1806640625 157
13.4033203125 158
13.755859375 159
13.9013671875 160
14.036865234375 161
14.06298828125 162
14.125 163
14.48291015625 164
14.6826171875 165
14.725860595703125 166
15.015625 167
15.162109375 168
15.2125244140625 169
15.28515625 170
15.46612548828125 171
15.625 172
15.8662109375 173
15.948486328125 174
16.36767578125 175
16.62158203125 176
16.69140625 177
16.818359375 178
17.14990234375 179
17.822021484375 180
18.1787109375 181
18.52734375 182
18.830078125 183
19.001953125 184
19.09228515625 185
19.48681640625 186
19.5732421875 187
19.6298828125 188
19.74072265625 189
19.75390625 190
19.828857421875 191
19.89013671875 192
20.169921875 193
20.2587890625 194
20.796875 195
20.94873046875 196
21.33203125 197
21.47265625 198
22.16015625 199
22.7626953125 200
22.7822265625 201
23.208984375 202
23.3056640625 203
24.239501953125 204
24.970703125 205
25.0029296875 206
25.21875 207
25.3262939453125 208
25.37109375 209
26.263671875 210
26.27490234375 211
26.7890625 212
26.9306640625 213
27.164794921875 214
27.6787109375 215
27.828125 216
27.990234375 217
28.056640625 218
28.15771484375 219
28.3330078125 220
28.344482421875 221
28.35888671875 222
29.7626953125 223
29.78515625 224
29.7890625 225
30.13037109375 226
30.1591796875 227
30.19677734375 228
30.322265625 229
31.062255859375 230
31.35009765625 231
31.7406005859375 232
31.94580078125 233
32.0625 234
32.109375 235
32.59033203125 236
32.7431640625 237
32.758544921875 238
33.74169921875 239
33.85009765625 240
34.205078125 241
34.6728515625 242
34.717498779296875 243
34.7353515625 244
34.763671875 245
35.125 246
35.1806640625 247
35.921142578125 248
36.21240234375 249
36.6845703125 250
37.130859375 251
37.55029296875 252
37.8798828125 253
40.421875 254
40.685546875 255
40.851806640625 256
41.4833984375 257
41.939453125 258
42.2529296875 259
42.52001953125 260
42.67578125 261
45.0400390625 262
46.7470703125 263
48.138427734375 264
51.41015625 265
52.7509765625 266
52.859375 267
53.665771484375 268
56.3623046875 269
56.53271484375 270
58.48046875 271
59.2060546875 272
60.068359375 273
61.03515625 274
62.177734375 275
62.79541015625 276
62.84912109375 277
62.951171875 278
63.6123046875 279
65.1845703125 280
66.6527099609375 281
67.591796875 282
68.67138671875 283
69.751953125 284
71.37548828125 285
72.2861328125 286
72.72265625 287
74.833984375 288
75.5966796875 289
80.99853515625 290
81.7197265625 291
85.0830078125 292
85.227783203125 293
89.6661376953125 294
94.7333984375 295
95.0390625 296
100.37451171875 297
106.518798828125 298
110.0107421875 299
114.767578125 300
114.771484375 301
115.69091796875 302
125.541015625 303
129.1796875 304
131.072265625 305
131.1005859375 306
144.32009887695313 307
147.501953125 308
167.09619140625 309
170.22021484375 310
175.07373046875 311
178.68994140625 312
199.640625 313
200.1953125 314
208.998046875 315
229.2822265625 316
247.32958984375 317
255.66796875 318
