0.1923828125 1
0.2109375 2
0.251953125 3
0.30224609375 4
0.3046875 5
0.3125 6
0.337890625 7
0.3447265625 8
0.3466796875 9
0.4453125 10
0.46435546875 11
0.51953125 12
0.59130859375 13
0.5986328125 14
0.604217529296875 15
0.7412109375 16
0.751953125 17
0.8037109375 18
0.81103515625 19
0.91357421875 20
0.9742431640625 21
1.0400390625 22
1.0712890625 23
1.2666015625 24
1.314453125 25
1.3603515625 26
1.4287109375 27
1.474609375 28
1.837310791015625 29
1.8717041015625 30
1.9326171875 31
2.017578125 32
2.04931640625 33
2.056640625 34
2.20556640625 35
2.2275390625 36
2.3118896484375 37
2.43505859375 38
2.69140625 39
2.8402099609375 40
2.923828125 41
2.974853515625 42
2.99365234375 43
3.0009765625 44
3.0068359375 45
3.04248046875 46
3.231201171875 47
3.25537109375 48
3.3076171875 49
3.337890625 50
3.515625 51
3.6533203125 52
3.6826171875 53
3.68505859375 54
3.863525390625 55
4.005859375 56
4.01953125 57
4.1904296875 58
4.285400390625 59
4.47802734375 60
4.5263671875 61
4.632568359375 62
4.6494140625 63
4.666015625 64
4.75146484375 65
4.82568359375 66
4.939453125 67
5.00185489654541 68
5.0830078125 69
5.1064453125 70
5.18359375 71
5.32421875 72
5.6171875 73
5.73876953125 74
5.90869140625 75
6.48779296875 76
6.544921875 77
6.78857421875 78
6.91015625 79
7.38916015625 80
7.427734375 81
8.14453125 82
8.17333984375 83
8.99609375 84
9.7431640625 85
9.74755859375 86
10.318359375 87
10.3232421875 88
10.4189453125 89
10.828125 90
11.283203125 91
11.8564453125 92
12.5185546875 93
12.59228515625 94
12.962890625 95
14.06298828125 96
14.125 97
14.6826171875 98
14.725860595703125 99
15.2125244140625 100
15.46612548828125 101
15.8662109375 102
16.69140625 103
18.52734375 104
19.001953125 105
19.09228515625 106
20.796875 107
20.94873046875 108
21.47265625 109
22.16015625 110
22.7822265625 111
24.239501953125 112
25.0029296875 113
25.21875 114
25.37109375 115
26.9306640625 116
27.6787109375 117
27.990234375 118
28.056640625 119
28.3330078125 120
29.7626953125 121
30.13037109375 122
30.1591796875 123
30.19677734375 124
31.062255859375 125
31.35009765625 126
32.109375 127
32.7431640625 128
33.85009765625 129
34.205078125 130
34.6728515625 131
34.7353515625 132
34.763671875 133
35.125 134
35.1806640625 135
35.921142578125 136
36.6845703125 137
41.4833984375 138
41.939453125 139
42.52001953125 140
42.67578125 141
51.41015625 142
52.7509765625 143
56.53271484375 144
58.48046875 145
71.37548828125 146
74.833984375 147
100.37451171875 148
147.501953125 149
167.09619140625 150
175.07373046875 151
199.640625 152
200.1953125 153
247.32958984375 154
