0.203125 1
0.23046875 2
0.26171875 3
0.262451171875 4
0.318359375 5
0.377685546875 6
0.38671875 7
0.525390625 8
0.783447265625 9
1.861328125 10
1.96484375 11
2.20703125 12
2.212890625 13
2.22802734375 14
2.30419921875 15
2.365478515625 16
2.39453125 17
2.604248046875 18
2.6865234375 19
2.7001953125 20
2.8251953125 21
3.18359375 22
3.2275390625 23
3.73370361328125 24
3.7470703125 25
4.02734375 26
4.251220703125 27
4.46240234375 28
4.498046875 29
4.5126953125 30
5.1318359375 31
5.3671875 32
5.431640625 33
5.4580078125 34
5.469482421875 35
6.01025390625 36
6.1494140625 37
6.30035400390625 38
6.37109375 39
6.7666015625 40
7.78515625 41
8.154296875 42
8.2744140625 43
8.30029296875 44
8.3388671875 45
8.775634765625 46
8.80859375 47
9.8359375 48
10.013671875 49
10.2919921875 50
10.3642578125 51
10.53125 52
10.6826171875 53
11.060546875 54
11.27734375 55
11.298828125 56
11.4365234375 57
11.77099609375 58
11.9228515625 59
12.7802734375 60
13.1142578125 61
13.1806640625 62
13.4033203125 63
13.755859375 64
13.9013671875 65
14.036865234375 66
14.48291015625 67
15.015625 68
15.162109375 69
15.28515625 70
15.625 71
15.948486328125 72
16.36767578125 73
16.62158203125 74
16.818359375 75
17.14990234375 76
17.822021484375 77
18.1787109375 78
18.830078125 79
19.48681640625 80
19.5732421875 81
19.6298828125 82
19.74072265625 83
19.75390625 84
19.828857421875 85
19.89013671875 86
20.169921875 87
20.2587890625 88
21.33203125 89
22.7626953125 90
23.208984375 91
23.3056640625 92
24.970703125 93
25.3262939453125 94
26.263671875 95
26.27490234375 96
26.7890625 97
27.164794921875 98
27.828125 99
28.15771484375 100
28.344482421875 101
28.35888671875 102
29.78515625 103
29.7890625 104
30.322265625 105
31.7406005859375 106
31.94580078125 107
32.0625 108
32.59033203125 109
32.758544921875 110
33.74169921875 111
34.717498779296875 112
36.21240234375 113
37.130859375 114
37.55029296875 115
37.8798828125 116
40.421875 117
40.685546875 118
40.851806640625 119
42.2529296875 120
45.0400390625 121
46.7470703125 122
48.138427734375 123
52.859375 124
53.665771484375 125
56.3623046875 126
59.2060546875 127
60.068359375 128
61.03515625 129
62.177734375 130
62.79541015625 131
62.84912109375 132
62.951171875 133
63.6123046875 134
65.1845703125 135
66.6527099609375 136
67.591796875 137
68.67138671875 138
69.751953125 139
72.2861328125 140
72.72265625 141
75.5966796875 142
80.99853515625 143
81.7197265625 144
85.0830078125 145
85.227783203125 146
89.6661376953125 147
94.7333984375 148
95.0390625 149
106.518798828125 150
110.0107421875 151
114.767578125 152
114.771484375 153
115.69091796875 154
125.541015625 155
129.1796875 156
131.072265625 157
131.1005859375 158
144.32009887695313 159
170.22021484375 160
178.68994140625 161
208.998046875 162
229.2822265625 163
255.66796875 164
