0.17022705078125 1
0.1748046875 2
0.177734375 3
0.18359375 4
0.1923828125 5
0.201171875 6
0.21875 7
0.251953125 8
0.26123046875 9
0.30859375 10
0.31396484375 11
0.357421875 12
0.37109375 13
0.390625 14
0.40625 15
0.48004150390625 16
0.52734375 17
0.54730224609375 18
0.619140625 19
0.62548828125 20
0.6875 21
0.6953125 22
0.70166015625 23
0.783203125 24
0.787109375 25
0.8037109375 26
0.8294677734375 27
0.8330078125 28
0.85302734375 29
0.8603515625 30
0.87109375 31
0.875 32
0.88427734375 33
0.9033203125 34
0.90692138671875 35
0.92333984375 36
0.951171875 37
0.953125 38
0.95849609375 39
0.9765625 40
1.0029296875 41
1.056640625 42
1.10546875 43
1.119140625 44
1.1328125 45
1.197265625 46
1.271484375 47
1.3408203125 48
1.349609375 49
1.3701171875 50
1.46484375 51
1.498046875 52
1.51953125 53
1.5234375 54
1.5272216796875 55
1.60107421875 56
1.623046875 57
1.62646484375 58
1.654541015625 59
1.6982421875 60
1.75927734375 61
1.76611328125 62
1.77288818359375 63
1.798828125 64
1.880859375 65
1.9765625 66
1.978515625 67
2.00390625 68
2.078125 69
2.099609375 70
2.1640625 71
2.248046875 72
2.2734375 73
2.298828125 74
2.49609375 75
2.54296875 76
2.5556640625 77
2.7236328125 78
2.79296875 79
2.83734130859375 80
2.900390625 81
2.9296875 82
3.05279541015625 83
3.220703125 84
3.2333984375 85
3.2333984375 86
3.263671875 87
3.265625 88
3.29736328125 89
3.29937744140625 90
3.34765625 91
3.4169921875 92
3.46484375 93
3.474609375 94
3.509765625 95
3.6484375 96
3.6806640625 97
3.681640625 98
3.736328125 99
4.0126953125 100
4.177734375 101
4.251953125 102
4.478515625 103
4.5859375 104
4.6640625 105
4.71875 106
4.798828125 107
4.826171875 108
4.91015625 109
5.08984375 110
5.15234375 111
5.2177734375 112
5.230712890625 113
5.3591461181640625 114
5.42578125 115
5.4765625 116
5.6787109375 117
5.9453125 118
6.064453125 119
6.11328125 120
6.193359375 121
6.2109375 122
6.3896484375 123
6.517578125 124
6.63671875 125
6.64453125 126
6.82421875 127
6.8392333984375 128
6.896484375 129
6.8974609375 130
7.212890625 131
7.22265625 132
7.3203125 133
7.373046875 134
7.48590087890625 135
7.59375 136
8.1044921875 137
8.150390625 138
8.208984375 139
8.404296875 140
8.51953125 141
8.5579833984375 142
8.5687255859375 143
8.6484375 144
8.7255859375 145
8.7548828125 146
8.76953125 147
9.1796875 148
9.53192138671875 149
9.55859375 150
9.564453125 151
9.806640625 152
9.869140625 153
10.14501953125 154
10.16552734375 155
10.212890625 156
10.251953125 157
10.263671875 158
10.46856689453125 159
10.5361328125 160
10.685546875 161
10.7421875 162
10.748046875 163
10.7734375 164
10.8046875 165
10.90087890625 166
10.943359375 167
11.1240234375 168
11.3974609375 169
11.3994140625 170
11.4140625 171
11.4248046875 172
11.435546875 173
11.4873046875 174
11.55859375 175
11.68359375 176
11.69921875 177
11.865234375 178
11.947265625 179
12.05609130859375 180
12.314453125 181
12.45703125 182
13.01953125 183
13.159912109375 184
13.166015625 185
13.2020263671875 186
13.271484375 187
13.431640625 188
13.50390625 189
13.509765625 190
13.5634765625 191
13.664306640625 192
13.79052734375 193
14.13134765625 194
14.1806640625 195
14.244140625 196
14.25 197
15.03369140625 198
15.159912109375 199
15.830078125 200
16.1298828125 201
16.173828125 202
16.19921875 203
16.326171875 204
16.404296875 205
16.404296875 206
16.5234375 207
16.78515625 208
17.484375 209
17.5576171875 210
17.6962890625 211
17.884765625 212
18.140380859375 213
18.9140625 214
18.97265625 215
19.224609375 216
19.874755859375 217
20.5234375 218
20.62890625 219
20.6806640625 220
20.8388671875 221
20.919921875 222
21.502197265625 223
21.5234375 224
21.580078125 225
21.6220703125 226
22.140625 227
23.44140625 228
23.658203125 229
24.142578125 230
24.16796875 231
24.759765625 232
25.0380859375 233
25.24609375 234
25.7109375 235
26.279296875 236
26.38873291015625 237
26.591796875 238
26.87109375 239
27.4892578125 240
27.705078125 241
28.111328125 242
28.16650390625 243
28.48828125 244
28.779296875 245
29.072265625 246
29.32470703125 247
29.64794921875 248
30.31201171875 249
30.9306640625 250
31.509765625 251
31.6124267578125 252
32.0771484375 253
32.27734375 254
33.41796875 255
34.26171875 256
34.275390625 257
34.57421875 258
34.88525390625 259
35.0458984375 260
35.056640625 261
35.19921875 262
35.28125 263
36.82421875 264
37.4443359375 265
38.61865234375 266
39.201171875 267
39.640625 268
41.599609375 269
41.947265625 270
42.107421875 271
44.150390625 272
45.013671875 273
45.49609375 274
46.2412109375 275
46.9482421875 276
47.4716796875 277
48.166015625 278
48.3154296875 279
49.10009765625 280
49.98779296875 281
50.23828125 282
51.111328125 283
51.513427734375 284
52.20599365234375 285
53.16015625 286
53.759765625 287
53.8466796875 288
54.1649169921875 289
54.51953125 290
55.28125 291
56.826171875 292
57.14453125 293
58.31640625 294
60.03515625 295
61.1795654296875 296
62.71728515625 297
64.287109375 298
64.634765625 299
65.765625 300
66.48046875 301
66.591796875 302
71.28125 303
71.6328125 304
72.03515625 305
72.48046875 306
74.3466796875 307
75.818359375 308
77.9873046875 309
78.75743865966797 310
80.7568359375 311
81.9375 312
83.2421875 313
87.27685546875 314
87.771484375 315
91.86328125 316
105.876953125 317
110.916015625 318
115.80078125 319
126.775390625 320
146.005859375 321
156.2734375 322
157.77734375 323
160.173828125 324
166.2734375 325
167.64501953125 326
172.998046875 327
187.8154296875 328
248.994140625 329
276.499755859375 330
292.3447265625 331
