0.17022705078125 1
0.1748046875 2
0.177734375 3
0.18359375 4
0.1923828125 5
0.201171875 6
0.54730224609375 7
0.787109375 8
0.9033203125 9
0.95849609375 10
1.0029296875 11
1.056640625 12
1.1328125 13
1.3408203125 14
1.46484375 15
1.498046875 16
1.51953125 17
1.623046875 18
1.654541015625 19
1.6982421875 20
1.75927734375 21
1.76611328125 22
1.77288818359375 23
1.798828125 24
2.00390625 25
2.1640625 26
2.248046875 27
2.2734375 28
2.298828125 29
2.49609375 30
2.7236328125 31
2.79296875 32
2.900390625 33
3.2333984375 34
3.265625 35
3.29937744140625 36
3.4169921875 37
3.46484375 38
3.509765625 39
3.6806640625 40
3.681640625 41
4.251953125 42
4.5859375 43
4.6640625 44
4.798828125 45
5.15234375 46
5.230712890625 47
5.4765625 48
5.6787109375 49
6.064453125 50
6.2109375 51
6.3896484375 52
6.517578125 53
6.82421875 54
6.896484375 55
6.8974609375 56
7.212890625 57
7.22265625 58
7.3203125 59
7.373046875 60
7.48590087890625 61
8.150390625 62
8.208984375 63
8.404296875 64
8.51953125 65
8.5579833984375 66
8.5687255859375 67
8.7255859375 68
8.7548828125 69
8.76953125 70
9.1796875 71
9.53192138671875 72
9.564453125 73
10.14501953125 74
10.251953125 75
10.263671875 76
10.685546875 77
10.7421875 78
10.748046875 79
10.943359375 80
11.1240234375 81
11.3994140625 82
11.4140625 83
11.4248046875 84
11.4873046875 85
11.55859375 86
11.68359375 87
11.69921875 88
11.865234375 89
11.947265625 90
12.05609130859375 91
12.314453125 92
12.45703125 93
13.01953125 94
13.166015625 95
13.271484375 96
13.50390625 97
13.509765625 98
13.664306640625 99
13.79052734375 100
14.13134765625 101
14.244140625 102
14.25 103
15.159912109375 104
16.326171875 105
17.5576171875 106
18.140380859375 107
18.9140625 108
18.97265625 109
19.224609375 110
19.874755859375 111
20.6806640625 112
20.8388671875 113
20.919921875 114
21.502197265625 115
21.6220703125 116
24.142578125 117
25.0380859375 118
26.38873291015625 119
26.591796875 120
28.111328125 121
28.779296875 122
29.072265625 123
30.31201171875 124
32.0771484375 125
32.27734375 126
34.26171875 127
34.88525390625 128
35.0458984375 129
35.056640625 130
35.28125 131
36.82421875 132
41.599609375 133
42.107421875 134
44.150390625 135
46.2412109375 136
47.4716796875 137
48.166015625 138
49.10009765625 139
49.98779296875 140
50.23828125 141
51.111328125 142
51.513427734375 143
53.16015625 144
53.759765625 145
53.8466796875 146
54.1649169921875 147
56.826171875 148
57.14453125 149
58.31640625 150
60.03515625 151
61.1795654296875 152
62.71728515625 153
64.287109375 154
64.634765625 155
65.765625 156
66.48046875 157
71.28125 158
71.6328125 159
77.9873046875 160
81.9375 161
87.27685546875 162
87.771484375 163
110.916015625 164
115.80078125 165
126.775390625 166
146.005859375 167
156.2734375 168
157.77734375 169
166.2734375 170
167.64501953125 171
172.998046875 172
248.994140625 173
292.3447265625 174
