0.21875 1
0.251953125 2
0.26123046875 3
0.30859375 4
0.31396484375 5
0.357421875 6
0.37109375 7
0.390625 8
0.40625 9
0.48004150390625 10
0.52734375 11
0.619140625 12
0.62548828125 13
0.6875 14
0.6953125 15
0.70166015625 16
0.783203125 17
0.8037109375 18
0.8294677734375 19
0.8330078125 20
0.85302734375 21
0.8603515625 22
0.87109375 23
0.875 24
0.88427734375 25
0.90692138671875 26
0.92333984375 27
0.951171875 28
0.953125 29
0.9765625 30
1.10546875 31
1.119140625 32
1.197265625 33
1.271484375 34
1.349609375 35
1.3701171875 36
1.5234375 37
1.5272216796875 38
1.60107421875 39
1.62646484375 40
1.880859375 41
1.9765625 42
1.978515625 43
2.078125 44
2.099609375 45
2.54296875 46
2.5556640625 47
2.83734130859375 48
2.9296875 49
3.05279541015625 50
3.220703125 51
3.2333984375 52
3.263671875 53
3.29736328125 54
3.34765625 55
3.474609375 56
3.6484375 57
3.736328125 58
4.0126953125 59
4.177734375 60
4.478515625 61
4.71875 62
4.826171875 63
4.91015625 64
5.08984375 65
5.2177734375 66
5.3591461181640625 67
5.42578125 68
5.9453125 69
6.11328125 70
6.193359375 71
6.63671875 72
6.64453125 73
6.8392333984375 74
7.59375 75
8.1044921875 76
8.6484375 77
9.55859375 78
9.806640625 79
9.869140625 80
10.16552734375 81
10.212890625 82
10.46856689453125 83
10.5361328125 84
10.7734375 85
10.8046875 86
10.90087890625 87
11.3974609375 88
11.435546875 89
13.159912109375 90
13.2020263671875 91
13.431640625 92
13.5634765625 93
14.1806640625 94
15.03369140625 95
15.830078125 96
16.1298828125 97
16.173828125 98
16.19921875 99
16.404296875 100
16.404296875 101
16.5234375 102
16.78515625 103
17.484375 104
17.6962890625 105
17.884765625 106
20.5234375 107
20.62890625 108
21.5234375 109
21.580078125 110
22.140625 111
23.44140625 112
23.658203125 113
24.16796875 114
24.759765625 115
25.24609375 116
25.7109375 117
26.279296875 118
26.87109375 119
27.4892578125 120
27.705078125 121
28.16650390625 122
28.48828125 123
29.32470703125 124
29.64794921875 125
30.9306640625 126
31.509765625 127
31.6124267578125 128
33.41796875 129
34.275390625 130
34.57421875 131
35.19921875 132
37.4443359375 133
38.61865234375 134
39.201171875 135
39.640625 136
41.947265625 137
45.013671875 138
45.49609375 139
46.9482421875 140
48.3154296875 141
52.20599365234375 142
54.51953125 143
55.28125 144
66.591796875 145
72.03515625 146
72.48046875 147
74.3466796875 148
75.818359375 149
78.75743865966797 150
80.7568359375 151
83.2421875 152
91.86328125 153
105.876953125 154
160.173828125 155
187.8154296875 156
276.499755859375 157
