0.1435546875 1
0.1640625 2
0.16796875 3
0.173828125 4
0.177490234375 5
0.208984375 6
0.234375 7
0.2734375 8
0.4476318359375 9
0.513671875 10
0.5234375 11
0.58984375 12
0.59765625 13
0.62109375 14
0.7783203125 15
0.84375 16
0.85546875 17
0.87109375 18
0.896484375 19
0.916015625 20
1.0078125 21
1.0107421875 22
1.072265625 23
1.08984375 24
1.1796875 25
1.18359375 26
1.21630859375 27
1.2744140625 28
1.3671875 29
1.4248046875 30
1.49560546875 31
1.6005859375 32
1.64453125 33
1.8125 34
1.814453125 35
1.85498046875 36
1.958251953125 37
2.0390625 38
2.337890625 39
2.677734375 40
2.689453125 41
2.96875 42
2.998046875 43
3.068359375 44
3.142578125 45
3.1484375 46
3.22265625 47
3.277587890625 48
3.6357421875 49
3.66796875 50
3.8818359375 51
3.984375 52
4.11328125 53
4.16015625 54
4.208984375 55
4.623046875 56
4.6279296875 57
4.78125 58
4.87109375 59
5.0390625 60
5.1328125 61
5.3203125 62
5.47265625 63
5.6025390625 64
5.677734375 65
5.83984375 66
5.9407958984375 67
5.978515625 68
6.109375 69
6.119140625 70
6.35736083984375 71
6.751953125 72
6.97265625 73
7.0546875 74
7.61328125 75
7.6171875 76
7.62890625 77
7.67919921875 78
8.0146484375 79
8.0234375 80
8.15234375 81
8.1983642578125 82
8.29296875 83
8.51171875 84
8.786376953125 85
8.80078125 86
8.888671875 87
9.03125 88
9.037109375 89
9.083984375 90
9.114013671875 91
9.2578125 92
9.30859375 93
9.8125 94
9.90625 95
9.9228515625 96
9.953125 97
10.171875 98
10.35107421875 99
10.462890625 100
10.6171875 101
10.65625 102
10.75390625 103
10.8525390625 104
11.6953125 105
11.96875 106
12.037109375 107
12.23291015625 108
12.3046875 109
12.4296875 110
12.58984375 111
12.96875 112
13.236328125 113
13.23828125 114
13.578125 115
13.638671875 116
13.708984375 117
13.8046875 118
14.6650390625 119
14.8515625 120
15.013671875 121
15.10546875 122
15.4775390625 123
15.56640625 124
15.986328125 125
16.11735725402832 126
16.146484375 127
16.181640625 128
16.29296875 129
16.349609375 130
16.85888671875 131
17.1767578125 132
17.25 133
17.328125 134
17.63720703125 135
17.765625 136
18.421875 137
18.677734375 138
18.95703125 139
19.1015625 140
19.16015625 141
19.33203125 142
19.408203125 143
19.904296875 144
20.1953125 145
20.87109375 146
20.955078125 147
21.71484375 148
21.96044921875 149
22.001953125 150
22.33984375 151
22.46484375 152
23.029296875 153
23.1171875 154
23.333984375 155
23.611328125 156
24.63671875 157
24.990234375 158
25.16015625 159
25.63671875 160
25.828125 161
25.8984375 162
26.1328125 163
26.416015625 164
26.95751953125 165
27.16796875 166
27.419921875 167
27.46875 168
28.625 169
29.02734375 170
29.607421875 171
29.861328125 172
29.8984375 173
30.72216796875 174
30.8690185546875 175
31.265625 176
31.7890625 177
31.90234375 178
32.267578125 179
32.4609375 180
33.310546875 181
34.3544921875 182
34.5078125 183
34.548828125 184
35.12109375 185
36.33984375 186
36.42578125 187
36.673828125 188
37.16015625 189
37.35137939453125 190
37.4736328125 191
38.06787109375 192
38.1015625 193
38.369140625 194
38.7265625 195
39.9287109375 196
40.056640625 197
40.45703125 198
40.5859375 199
41.265625 200
42.8515625 201
43.1328125 202
43.75567626953125 203
44.078125 204
44.859375 205
46.3916015625 206
46.45361328125 207
46.616943359375 208
47.4052734375 209
48.1015625 210
49.111328125 211
49.435546875 212
52.125 213
52.4580078125 214
54.859375 215
55.25390625 216
57.1875 217
59.91796875 218
60.1455078125 219
60.416015625 220
60.9296875 221
61.0390625 222
61.501953125 223
64.021484375 224
64.2734375 225
64.69140625 226
65.8671875 227
66.94921875 228
67.26171875 229
69.515625 230
71.1082763671875 231
71.201171875 232
72.43359375 233
74.443359375 234
74.90234375 235
80.203125 236
85.3125 237
85.490234375 238
85.619140625 239
87.41845703125 240
87.58984375 241
88.8046875 242
90.3515625 243
92.568359375 244
94.33984375 245
94.740966796875 246
95.94921875 247
97.765625 248
103.517578125 249
105.8125 250
106.6015625 251
112.28515625 252
115.890625 253
116.65234375 254
117.330810546875 255
120.01171875 256
132.2109375 257
133.759765625 258
134.4189453125 259
137.703125 260
137.98681640625 261
140.439453125 262
148.236328125 263
151.650390625 264
153.35546875 265
154.10205078125 266
160.20703125 267
162.0830078125 268
168.5205078125 269
168.73828125 270
169.13671875 271
170.38671875 272
170.97265625 273
171.8203125 274
175.634765625 275
178.62841796875 276
179.8203125 277
180.1328125 278
189.92578125 279
194.59375 280
195.0625 281
198.021484375 282
199.96484375 283
200.2724609375 284
200.69921875 285
207.19189453125 286
207.8985595703125 287
210.0478515625 288
210.7529296875 289
211.0859375 290
212.578125 291
213.3125 292
214.724609375 293
219.681640625 294
242.51123046875 295
249.563232421875 296
258.474609375 297
261.63671875 298
263.06640625 299
263.35546875 300
278.91015625 301
279.71875 302
280.98828125 303
285.7734375 304
302.3560791015625 305
