0.1435546875 1
0.1640625 2
0.16796875 3
0.173828125 4
0.177490234375 5
0.208984375 6
0.513671875 7
0.85546875 8
0.896484375 9
1.0107421875 10
1.08984375 11
1.1796875 12
1.2744140625 13
1.3671875 14
1.4248046875 15
1.49560546875 16
1.6005859375 17
1.64453125 18
2.677734375 19
2.689453125 20
2.96875 21
3.068359375 22
3.142578125 23
3.1484375 24
3.22265625 25
3.66796875 26
3.984375 27
4.6279296875 28
4.78125 29
5.1328125 30
5.3203125 31
5.83984375 32
6.109375 33
7.0546875 34
7.61328125 35
7.62890625 36
7.67919921875 37
8.0234375 38
8.15234375 39
8.80078125 40
8.888671875 41
9.114013671875 42
9.30859375 43
9.90625 44
10.171875 45
10.35107421875 46
10.462890625 47
10.75390625 48
10.8525390625 49
11.6953125 50
11.96875 51
12.4296875 52
12.96875 53
13.236328125 54
13.23828125 55
13.708984375 56
13.8046875 57
15.013671875 58
15.10546875 59
15.4775390625 60
15.56640625 61
15.986328125 62
16.146484375 63
16.181640625 64
17.25 65
17.328125 66
17.63720703125 67
17.765625 68
19.1015625 69
19.16015625 70
19.33203125 71
19.408203125 72
20.87109375 73
21.71484375 74
21.96044921875 75
22.001953125 76
22.33984375 77
22.46484375 78
23.1171875 79
23.333984375 80
23.611328125 81
24.63671875 82
25.16015625 83
25.63671875 84
26.1328125 85
26.95751953125 86
28.625 87
29.607421875 88
29.8984375 89
30.72216796875 90
30.8690185546875 91
31.7890625 92
31.90234375 93
32.267578125 94
34.3544921875 95
34.548828125 96
35.12109375 97
36.42578125 98
37.4736328125 99
38.06787109375 100
38.7265625 101
40.45703125 102
41.265625 103
42.8515625 104
43.1328125 105
44.078125 106
46.616943359375 107
48.1015625 108
52.125 109
54.859375 110
57.1875 111
60.416015625 112
60.9296875 113
61.501953125 114
64.2734375 115
66.94921875 116
67.26171875 117
71.1082763671875 118
80.203125 119
87.58984375 120
92.568359375 121
94.740966796875 122
97.765625 123
105.8125 124
120.01171875 125
132.2109375 126
137.703125 127
140.439453125 128
148.236328125 129
153.35546875 130
154.10205078125 131
160.20703125 132
162.0830078125 133
169.13671875 134
170.97265625 135
175.634765625 136
178.62841796875 137
189.92578125 138
194.59375 139
200.2724609375 140
207.19189453125 141
207.8985595703125 142
210.0478515625 143
210.7529296875 144
213.3125 145
214.724609375 146
219.681640625 147
249.563232421875 148
261.63671875 149
263.06640625 150
263.35546875 151
278.91015625 152
280.98828125 153
285.7734375 154
302.3560791015625 155
