0.234375 1
0.2734375 2
0.4476318359375 3
0.5234375 4
0.58984375 5
0.59765625 6
0.62109375 7
0.7783203125 8
0.84375 9
0.87109375 10
0.916015625 11
1.0078125 12
1.072265625 13
1.18359375 14
1.21630859375 15
1.8125 16
1.814453125 17
1.85498046875 18
1.958251953125 19
2.0390625 20
2.337890625 21
2.998046875 22
3.277587890625 23
3.6357421875 24
3.8818359375 25
4.11328125 26
4.16015625 27
4.208984375 28
4.623046875 29
4.87109375 30
5.0390625 31
5.47265625 32
5.6025390625 33
5.677734375 34
5.9407958984375 35
5.978515625 36
6.119140625 37
6.35736083984375 38
6.751953125 39
6.97265625 40
7.6171875 41
8.0146484375 42
8.1983642578125 43
8.29296875 44
8.51171875 45
8.786376953125 46
9.03125 47
9.037109375 48
9.083984375 49
9.2578125 50
9.8125 51
9.9228515625 52
9.953125 53
10.6171875 54
10.65625 55
12.037109375 56
12.23291015625 57
12.3046875 58
12.58984375 59
13.578125 60
13.638671875 61
14.6650390625 62
14.8515625 63
16.11735725402832 64
16.29296875 65
16.349609375 66
16.85888671875 67
17.1767578125 68
18.421875 69
18.677734375 70
18.95703125 71
19.904296875 72
20.1953125 73
20.955078125 74
23.029296875 75
24.990234375 76
25.828125 77
25.8984375 78
26.416015625 79
27.16796875 80
27.419921875 81
27.46875 82
29.02734375 83
29.861328125 84
31.265625 85
32.4609375 86
33.310546875 87
34.5078125 88
36.33984375 89
36.673828125 90
37.16015625 91
37.35137939453125 92
38.1015625 93
38.369140625 94
39.9287109375 95
40.056640625 96
40.5859375 97
43.75567626953125 98
44.859375 99
46.3916015625 100
46.45361328125 101
47.4052734375 102
49.111328125 103
49.435546875 104
52.4580078125 105
55.25390625 106
59.91796875 107
60.1455078125 108
61.0390625 109
64.021484375 110
64.69140625 111
65.8671875 112
69.515625 113
71.201171875 114
72.43359375 115
74.443359375 116
74.90234375 117
85.3125 118
85.490234375 119
85.619140625 120
87.41845703125 121
88.8046875 122
90.3515625 123
94.33984375 124
95.94921875 125
103.517578125 126
106.6015625 127
112.28515625 128
115.890625 129
116.65234375 130
117.330810546875 131
133.759765625 132
134.4189453125 133
137.98681640625 134
151.650390625 135
168.5205078125 136
168.73828125 137
170.38671875 138
171.8203125 139
179.8203125 140
180.1328125 141
195.0625 142
198.021484375 143
199.96484375 144
200.69921875 145
211.0859375 146
212.578125 147
242.51123046875 148
258.474609375 149
279.71875 150
