0 0.13738
0.001 0.0203237
0.002 0.0229536
0.003 0.0379186
0.004 0.0615104
0.005 0.0945763
0.006 0.115692
0.007 0.121425
0.008 0.101013
0.009 0.0774436
0.01 0.0650205
0.011 0.0404934
0.012 0.0281583
0.013 0.0186072
0.014 0.0118179
0.015 0.00887994
0.016 0.00591996
0.017 0.0048196
0.018 0.00441246
0.019 0.00367522
0.02 0.00335611
0.021 0.00250883
0.022 0.00159553
0.023 0.00117739
0.024 0.00105635
0.025 0.00105635
0.026 0.00100133
0.027 0.00103434
0.028 0.00116639
0.029 0.00103434
0.03 0.000638211
0.031 0.0006052
0.032 0.000341113
0.033 0.000253084
0.034 0.000264087
0.035 0.000143047
0.036 6.60219e-05
0.037 0.00012104
0.038 6.60219e-05
0.039 7.70255e-05
0.04 6.60219e-05
0.041 2.20073e-05
0.042 3.30109e-05
0.043 5.50182e-05
0.044 5.50182e-05
0.045 1.10036e-05
0.046 1.10036e-05
0.047 1.10036e-05
0.048 1.10036e-05
0.049 2.20073e-05
0.05 1.10036e-05
0.053 1.10036e-05
0.058 1.10036e-05
0.059 2.20073e-05
0.06 1.10036e-05
0.061 1.10036e-05
0.063 1.10036e-05
0.069 1.10036e-05
