0.002 0.000807624
0.003 0.00242287
0.004 0.00581489
0.005 0.0134066
0.006 0.0266516
0.007 0.0633177
0.008 0.13455
0.009 0.187207
0.01 0.206913
0.011 0.110644
0.012 0.0579874
0.013 0.0284284
0.014 0.0213213
0.015 0.0177677
0.016 0.0161525
0.017 0.016314
0.018 0.0192215
0.019 0.0127605
0.02 0.0127605
0.021 0.0104991
0.022 0.00646099
0.023 0.00436117
0.024 0.0025844
0.025 0.0032305
0.026 0.00242287
0.027 0.00306897
0.028 0.00145372
0.029 0.00274592
0.03 0.00145372
0.031 0.00161525
0.032 0.00113067
0.033 0.000807624
0.034 0.00032305
0.035 0.00032305
0.036 0.00032305
0.037 0.000161525
0.038 0.00032305
0.039 0.000161525
0.04 0.000484574
0.042 0.000161525
0.045 0.000484574
0.046 0.000161525
0.048 0.000161525
0.051 0.000161525
0.052 0.000161525
0.058 0.000161525
0.061 0.000161525
