0.1953125 1
0.2069091796875 2
0.252197265625 3
0.255859375 4
0.265625 5
0.27001953125 6
0.283203125 7
0.28662109375 8
0.2939453125 9
0.295654296875 10
0.29931640625 11
0.302734375 12
0.30419921875 13
0.3310546875 14
0.33740234375 15
0.361328125 16
0.3662109375 17
0.40283203125 18
0.4140625 19
0.5126953125 20
0.5302734375 21
0.53271484375 22
0.546875 23
0.55322265625 24
0.5771484375 25
0.626617431640625 26
0.66015625 27
0.7215576171875 28
0.794921875 29
0.796875 30
0.853515625 31
0.9013671875 32
0.90625 33
1.13720703125 34
1.3265440464019775 35
1.404052734375 36
1.407379150390625 37
1.416015625 38
1.469482421875 39
1.53515625 40
1.6142578125 41
1.69482421875 42
1.7099609375 43
1.716796875 44
1.736328125 45
1.8349609375 46
1.8662109375 47
1.94287109375 48
1.9635009765625 49
2.01123046875 50
2.0361328125 51
2.177734375 52
2.1953125 53
2.197265625 54
2.2138671875 55
2.2197265625 56
2.40869140625 57
2.465087890625 58
2.4755859375 59
2.5576171875 60
2.67626953125 61
2.69921875 62
2.708251953125 63
2.73974609375 64
2.78564453125 65
2.80859375 66
2.8857421875 67
2.890625 68
3.0400390625 69
3.07421875 70
3.111328125 71
3.14404296875 72
3.1602783203125 73
3.178955078125 74
3.205078125 75
3.3095703125 76
3.3408203125 77
3.5888671875 78
3.5947265625 79
3.705078125 80
3.715087890625 81
3.7703018188476563 82
3.888671875 83
4.1064453125 84
4.16162109375 85
4.18408203125 86
4.27783203125 87
4.298828125 88
4.2998046875 89
4.3154296875 90
4.4013671875 91
4.4091796875 92
4.4150390625 93
4.546875 94
4.619140625 95
4.69091796875 96
4.7294921875 97
4.7802734375 98
4.80908203125 99
4.931640625 100
4.9775390625 101
5.1328125 102
5.249267578125 103
5.30126953125 104
5.45263671875 105
5.70458984375 106
5.7275390625 107
5.7734375 108
5.775634765625 109
5.8076171875 110
5.872802734375 111
5.91796875 112
6.06298828125 113
6.16015625 114
6.21826171875 115
6.2646484375 116
6.3349609375 117
6.505859375 118
6.6552734375 119
6.65625 120
6.779296875 121
6.7998046875 122
7.11376953125 123
7.24072265625 124
7.28076171875 125
7.283203125 126
7.2958984375 127
7.4111328125 128
7.5966796875 129
7.67041015625 130
7.671875 131
8.076171875 132
8.7255859375 133
8.8564453125 134
9.06103515625 135
9.43212890625 136
9.454833984375 137
9.4599609375 138
9.66796875 139
9.760009765625 140
9.9736328125 141
9.98828125 142
10.0576171875 143
10.1162109375 144
10.197265625 145
10.911376953125 146
10.916015625 147
11.02734375 148
12.04052734375 149
12.2041015625 150
12.490234375 151
12.568359375 152
12.8271484375 153
13.2216796875 154
13.441436767578125 155
13.466796875 156
13.875 157
14.22998046875 158
14.2373046875 159
14.314453125 160
14.701171875 161
14.7666015625 162
15.0986328125 163
15.140625 164
15.2578125 165
15.2998046875 166
15.537109375 167
16.083984375 168
16.23046875 169
16.2734375 170
16.47607421875 171
16.732421875 172
16.74755859375 173
17.1171875 174
17.2252197265625 175
17.306884765625 176
17.708984375 177
17.7470703125 178
17.90667724609375 179
18.009765625 180
18.30078125 181
18.4560546875 182
18.65234375 183
18.693359375 184
18.9873046875 185
19.54541015625 186
19.61328125 187
19.6982421875 188
19.720703125 189
20.1796875 190
20.28857421875 191
20.3203125 192
20.515625 193
20.57421875 194
20.587890625 195
21.098876953125 196
21.67431640625 197
22.240234375 198
22.294921875 199
22.382568359375 200
23.0263671875 201
23.8408203125 202
24.181640625 203
24.283203125 204
24.373046875 205
24.5322265625 206
24.53564453125 207
25.7388916015625 208
26.2275390625 209
26.458984375 210
27.3466796875 211
28.20703125 212
28.30712890625 213
28.546875 214
28.62451171875 215
28.640625 216
29.1455078125 217
29.1982421875 218
29.3828125 219
30.0853271484375 220
31.087890625 221
31.351318359375 222
31.404296875 223
31.90234375 224
32.35302734375 225
32.8603515625 226
33.15234375 227
33.43359375 228
33.9884033203125 229
34.47607421875 230
34.9677734375 231
35.02978515625 232
35.046875 233
35.7998046875 234
35.81396484375 235
35.81982421875 236
36.77294921875 237
37.058349609375 238
38.0888671875 239
38.7333984375 240
39.0341796875 241
39.08837890625 242
39.220703125 243
39.85693359375 244
40.14453125 245
40.467315673828125 246
42.544921875 247
42.93896484375 248
43.2080078125 249
44.533203125 250
45.404296875 251
45.560546875 252
46.463134765625 253
47.5263671875 254
48.9990234375 255
49.191162109375 256
49.4716796875 257
49.513671875 258
49.9066162109375 259
50.18603515625 260
50.90234375 261
51.771484375 262
52.2373046875 263
53.538330078125 264
54.561279296875 265
58.181640625 266
58.818359375 267
59.2734375 268
59.490234375 269
59.9189453125 270
59.94921875 271
60.845703125 272
61.14306640625 273
61.220703125 274
61.6689453125 275
67.6103515625 276
69.4521484375 277
69.6552734375 278
69.869140625 279
70.259765625 280
71.7193603515625 281
72.873046875 282
73.240234375 283
73.33642578125 284
74.69384765625 285
75.267578125 286
76.16015625 287
76.16748046875 288
81.453125 289
84.966796875 290
91.11788940429688 291
91.3251953125 292
92.0888671875 293
92.283203125 294
93.37451171875 295
93.3983154296875 296
95.283203125 297
96.88671875 298
97.3115234375 299
98.185546875 300
99.3837890625 301
101.055419921875 302
104.800048828125 303
108.57177734375 304
113.68701171875 305
127.171875 306
127.869140625 307
127.898193359375 308
128.38623046875 309
131.666015625 310
141.08984375 311
148.7158203125 312
155.421875 313
182.6953125 314
196.11572265625 315
204.75390625 316
209.259765625 317
238.8984375 318
239.19970703125 319
279.494140625 320
285.3896484375 321
