0.2069091796875 1
0.255859375 2
0.27001953125 3
0.28662109375 4
0.2939453125 5
0.29931640625 6
0.302734375 7
0.30419921875 8
0.3310546875 9
0.361328125 10
0.3662109375 11
0.4140625 12
0.5126953125 13
0.5302734375 14
0.53271484375 15
0.546875 16
0.55322265625 17
0.626617431640625 18
0.66015625 19
0.7215576171875 20
0.794921875 21
0.853515625 22
0.9013671875 23
0.90625 24
1.13720703125 25
1.3265440464019775 26
1.404052734375 27
1.407379150390625 28
1.416015625 29
1.469482421875 30
1.53515625 31
1.6142578125 32
1.94287109375 33
2.01123046875 34
2.0361328125 35
2.1953125 36
2.40869140625 37
2.465087890625 38
2.4755859375 39
2.67626953125 40
2.69921875 41
2.73974609375 42
2.78564453125 43
2.80859375 44
2.8857421875 45
2.890625 46
3.0400390625 47
3.07421875 48
3.111328125 49
3.1602783203125 50
3.178955078125 51
3.3095703125 52
3.5888671875 53
3.5947265625 54
3.705078125 55
3.715087890625 56
3.888671875 57
4.1064453125 58
4.16162109375 59
4.18408203125 60
4.27783203125 61
4.298828125 62
4.2998046875 63
4.3154296875 64
4.4091796875 65
4.4150390625 66
4.546875 67
4.619140625 68
4.69091796875 69
4.931640625 70
4.9775390625 71
5.1328125 72
5.30126953125 73
5.45263671875 74
5.70458984375 75
5.7275390625 76
5.7734375 77
5.775634765625 78
5.8076171875 79
5.872802734375 80
5.91796875 81
6.06298828125 82
6.16015625 83
6.3349609375 84
6.65625 85
6.779296875 86
7.11376953125 87
7.283203125 88
7.2958984375 89
7.4111328125 90
7.5966796875 91
8.076171875 92
8.7255859375 93
9.06103515625 94
9.43212890625 95
9.454833984375 96
9.66796875 97
9.760009765625 98
9.9736328125 99
9.98828125 100
10.916015625 101
11.02734375 102
12.568359375 103
13.2216796875 104
13.875 105
14.7666015625 106
15.2578125 107
15.537109375 108
17.1171875 109
17.90667724609375 110
18.30078125 111
18.65234375 112
18.9873046875 113
19.54541015625 114
19.6982421875 115
20.1796875 116
20.515625 117
20.587890625 118
23.0263671875 119
24.181640625 120
24.53564453125 121
26.458984375 122
27.3466796875 123
28.546875 124
28.62451171875 125
28.640625 126
29.1455078125 127
31.087890625 128
33.15234375 129
34.9677734375 130
35.02978515625 131
35.046875 132
35.7998046875 133
35.81982421875 134
37.058349609375 135
39.0341796875 136
39.85693359375 137
42.544921875 138
42.93896484375 139
44.533203125 140
45.560546875 141
46.463134765625 142
47.5263671875 143
48.9990234375 144
49.4716796875 145
54.561279296875 146
58.818359375 147
61.6689453125 148
75.267578125 149
91.3251953125 150
127.898193359375 151
131.666015625 152
141.08984375 153
209.259765625 154
238.8984375 155
