0.1953125 1
0.252197265625 2
0.265625 3
0.283203125 4
0.295654296875 5
0.33740234375 6
0.40283203125 7
0.5771484375 8
0.796875 9
1.69482421875 10
1.7099609375 11
1.716796875 12
1.736328125 13
1.8349609375 14
1.8662109375 15
1.9635009765625 16
2.177734375 17
2.197265625 18
2.2138671875 19
2.2197265625 20
2.5576171875 21
2.708251953125 22
3.14404296875 23
3.205078125 24
3.3408203125 25
3.7703018188476563 26
4.4013671875 27
4.7294921875 28
4.7802734375 29
4.80908203125 30
5.249267578125 31
6.21826171875 32
6.2646484375 33
6.505859375 34
6.6552734375 35
6.7998046875 36
7.24072265625 37
7.28076171875 38
7.67041015625 39
7.671875 40
8.8564453125 41
9.4599609375 42
10.0576171875 43
10.1162109375 44
10.197265625 45
10.911376953125 46
12.04052734375 47
12.2041015625 48
12.490234375 49
12.8271484375 50
13.441436767578125 51
13.466796875 52
14.22998046875 53
14.2373046875 54
14.314453125 55
14.701171875 56
15.0986328125 57
15.140625 58
15.2998046875 59
16.083984375 60
16.23046875 61
16.2734375 62
16.47607421875 63
16.732421875 64
16.74755859375 65
17.2252197265625 66
17.306884765625 67
17.708984375 68
17.7470703125 69
18.009765625 70
18.4560546875 71
18.693359375 72
19.61328125 73
19.720703125 74
20.28857421875 75
20.3203125 76
20.57421875 77
21.098876953125 78
21.67431640625 79
22.240234375 80
22.294921875 81
22.382568359375 82
23.8408203125 83
24.283203125 84
24.373046875 85
24.5322265625 86
25.7388916015625 87
26.2275390625 88
28.20703125 89
28.30712890625 90
29.1982421875 91
29.3828125 92
30.0853271484375 93
31.351318359375 94
31.404296875 95
31.90234375 96
32.35302734375 97
32.8603515625 98
33.43359375 99
33.9884033203125 100
34.47607421875 101
35.81396484375 102
36.77294921875 103
38.0888671875 104
38.7333984375 105
39.08837890625 106
39.220703125 107
40.14453125 108
40.467315673828125 109
43.2080078125 110
45.404296875 111
49.191162109375 112
49.513671875 113
49.9066162109375 114
50.18603515625 115
50.90234375 116
51.771484375 117
52.2373046875 118
53.538330078125 119
58.181640625 120
59.2734375 121
59.490234375 122
59.9189453125 123
59.94921875 124
60.845703125 125
61.14306640625 126
61.220703125 127
67.6103515625 128
69.4521484375 129
69.6552734375 130
69.869140625 131
70.259765625 132
71.7193603515625 133
72.873046875 134
73.240234375 135
73.33642578125 136
74.69384765625 137
76.16015625 138
76.16748046875 139
81.453125 140
84.966796875 141
91.11788940429688 142
92.0888671875 143
92.283203125 144
93.37451171875 145
93.3983154296875 146
95.283203125 147
96.88671875 148
97.3115234375 149
98.185546875 150
99.3837890625 151
101.055419921875 152
104.800048828125 153
108.57177734375 154
113.68701171875 155
127.171875 156
127.869140625 157
128.38623046875 158
148.7158203125 159
155.421875 160
182.6953125 161
196.11572265625 162
204.75390625 163
239.19970703125 164
279.494140625 165
285.3896484375 166
