1 0.164122
2 0.0474428
3 0.245773
4 0.0939633
5 0.111161
6 0.109947
7 0.0936367
8 0.0510276
9 0.027302
10 0.0188869
11 0.0130998
12 0.00652214
13 0.00282768
14 0.00207508
15 0.0013731
16 0.00114621
17 0.000986009
18 0.000847737
19 0.00072863
20 0.000629798
21 0.000555084
22 0.000481729
23 0.000434524
24 0.000391936
25 0.000350202
26 0.000312036
27 0.000281032
28 0.000261168
29 0.000241409
30 0.000224258
31 0.000206565
32 0.000191422
33 0.000180219
34 0.00016343
35 0.000155617
36 0.00014509
37 0.000136121
38 0.000130081
39 0.000121397
40 0.000115074
41 0.000106049
42 0.000100474
43 9.4812e-05
44 9.04335e-05
45 8.6659e-05
46 8.21917e-05
47 7.80448e-05
48 7.36644e-05
49 7.05962e-05
50 6.90428e-05
51 6.80316e-05
52 6.51776e-05
53 6.22425e-05
54 5.89697e-05
55 5.57761e-05
56 5.57876e-05
57 5.42863e-05
58 5.1934e-05
59 5.00256e-05
60 4.93309e-05
