1.0219 1
1.0286 2
1.0312 3
1.03275 4
1.03677 5
1.03802 6
1.03999 7
1.07649 8
1.07797 9
1.12126 10
1.13478 11
1.1368 12
1.16 13
1.16502 14
1.16821 15
1.18276 16
1.1899 17
1.20551 18
1.28523 19
1.28537 20
1.29267 21
1.30702 22
1.46999 23
1.75771 24
2.13865 25
2.21065 26
2.31909 27
2.38079 28
2.44261 29
2.48844 30
2.6439 31
2.70717 32
2.79041 33
2.81233 34
2.84039 35
2.86333 36
3.21286 37
3.29066 38
3.31147 39
3.38825 40
3.39247 41
3.39971 42
3.4286 43
3.42968 44
3.44221 45
3.50829 46
3.60744 47
3.62171 48
3.62573 49
3.71321 50
3.79478 51
3.89498 52
4.05394 53
4.30099 54
4.30839 55
4.31264 56
4.31875 57
4.34273 58
4.39374 59
4.51069 60
4.55559 61
4.70641 62
4.83075 63
4.85567 64
4.881 65
4.95287 66
4.99817 67
5.01592 68
5.38045 69
5.38128 70
5.50539 71
5.64681 72
5.65942 73
5.66775 74
5.73007 75
5.87051 76
6.24033 77
6.27659 78
6.29248 79
6.33927 80
6.38818 81
6.57483 82
6.94028 83
6.96092 84
7.05947 85
7.23479 86
7.48686 87
8.05459 88
8.08601 89
8.13275 90
8.33644 91
8.47659 92
8.70713 93
8.96717 94
9.02271 95
9.30016 96
9.40838 97
9.7253 98
9.93706 99
10.0979 100
10.1495 101
10.4841 102
10.539 103
10.648 104
10.8311 105
10.976 106
11.1978 107
11.4545 108
11.5843 109
11.7869 110
12.0728 111
12.6739 112
12.8844 113
12.9376 114
12.964 115
13.1339 116
13.2069 117
13.359 118
13.6044 119
13.7083 120
13.8193 121
14.1486 122
14.1604 123
14.4288 124
14.5016 125
14.5912 126
14.9055 127
15.0752 128
15.1465 129
15.1906 130
15.5964 131
15.9361 132
16.7195 133
16.7999 134
17.6172 135
18.1302 136
18.3572 137
18.4262 138
19.0985 139
19.4999 140
19.707 141
20.3012 142
20.4094 143
20.6388 144
20.6408 145
20.6997 146
20.7134 147
20.8107 148
20.8114 149
21.0742 150
21.0817 151
21.2261 152
21.3871 153
21.4976 154
21.5198 155
21.778 156
22.5722 157
22.8586 158
22.8679 159
23.4677 160
23.4844 161
23.6582 162
23.7137 163
23.879 164
24.007 165
24.2067 166
24.3886 167
24.4475 168
24.6525 169
25.0469 170
25.1469 171
25.2077 172
25.2581 173
25.5537 174
26.5911 175
27.6928 176
27.8668 177
28.1564 178
28.1643 179
28.4237 180
28.6739 181
28.7772 182
28.8405 183
28.9042 184
29.1937 185
29.3013 186
29.7528 187
30.0309 188
31.2881 189
31.338 190
31.5705 191
32.1435 192
32.2101 193
32.5417 194
32.6606 195
33.328 196
35.6401 197
36.2318 198
36.4162 199
36.7682 200
36.8839 201
37.9472 202
38.0213 203
38.5712 204
38.8938 205
38.9207 206
38.9785 207
39.7806 208
41.4894 209
42.0897 210
42.1685 211
42.5447 212
43.3423 213
43.5223 214
43.7721 215
44.9647 216
45.126 217
45.6131 218
46.9753 219
47.4004 220
47.7746 221
47.9953 222
48.5741 223
51.1564 224
54.3024 225
55.0926 226
56.0449 227
56.2322 228
56.2489 229
58.3935 230
59.6841 231
60.1333 232
63.0558 233
64.1104 234
64.6538 235
69.9638 236
71.9975 237
72.3025 238
74.2845 239
75.5766 240
75.5948 241
76.1538 242
78.0145 243
79.2407 244
81.5959 245
85.3418 246
86.4822 247
90.3003 248
91.2632 249
95.0149 250
95.1875 251
95.6914 252
100.121 253
101.32 254
102.472 255
102.662 256
102.81 257
104.991 258
106.642 259
115.108 260
122.162 261
122.277 262
124.246 263
127.079 264
128.213 265
131.682 266
137.299 267
138.71 268
141.317 269
142.485 270
143.254 271
145.738 272
148.352 273
149.079 274
149.449 275
151.908 276
152.278 277
152.999 278
161.953 279
163.795 280
165.356 281
167.171 282
168.677 283
172.151 284
188.228 285
192.57 286
193.944 287
196.308 288
203.597 289
209.324 290
210.087 291
210.263 292
212.034 293
212.682 294
247.172 295
247.267 296
267.03 297
277.431 298
293.427 299
