1.03677 1
1.07649 2
1.07797 3
1.12126 4
1.13478 5
1.1368 6
1.16 7
1.16502 8
1.16821 9
1.18276 10
1.1899 11
1.20551 12
1.28523 13
1.28537 14
1.29267 15
1.30702 16
1.46999 17
2.13865 18
2.21065 19
2.31909 20
2.48844 21
2.6439 22
2.70717 23
2.79041 24
2.81233 25
2.84039 26
2.86333 27
3.29066 28
3.38825 29
3.39247 30
3.39971 31
3.60744 32
3.62171 33
3.89498 34
4.30099 35
4.55559 36
4.70641 37
4.83075 38
4.85567 39
4.881 40
4.95287 41
5.01592 42
5.38045 43
5.66775 44
6.24033 45
6.27659 46
6.29248 47
6.33927 48
6.96092 49
7.23479 50
8.05459 51
8.96717 52
9.02271 53
9.93706 54
10.0979 55
10.4841 56
10.648 57
10.8311 58
11.1978 59
11.5843 60
11.7869 61
12.6739 62
13.359 63
13.7083 64
15.9361 65
16.7195 66
16.7999 67
19.0985 68
20.4094 69
20.6997 70
20.7134 71
20.8107 72
21.2261 73
21.778 74
23.7137 75
24.2067 76
24.4475 77
24.6525 78
25.0469 79
25.2077 80
26.5911 81
28.1564 82
28.1643 83
28.4237 84
28.6739 85
29.1937 86
29.3013 87
31.5705 88
33.328 89
36.4162 90
36.7682 91
36.8839 92
37.9472 93
38.0213 94
38.8938 95
38.9207 96
39.7806 97
41.4894 98
42.0897 99
42.5447 100
43.3423 101
43.7721 102
44.9647 103
45.126 104
46.9753 105
47.9953 106
51.1564 107
54.3024 108
55.0926 109
56.2489 110
58.3935 111
59.6841 112
64.6538 113
71.9975 114
72.3025 115
74.2845 116
79.2407 117
90.3003 118
102.472 119
106.642 120
138.71 121
142.485 122
145.738 123
149.449 124
163.795 125
165.356 126
192.57 127
193.944 128
210.087 129
212.034 130
247.172 131
247.267 132
293.427 133
