1.0219 1
1.0286 2
1.0312 3
1.03275 4
1.03802 5
1.03999 6
1.75771 7
2.38079 8
2.44261 9
3.21286 10
3.31147 11
3.4286 12
3.42968 13
3.44221 14
3.50829 15
3.62573 16
3.71321 17
3.79478 18
4.05394 19
4.30839 20
4.31264 21
4.31875 22
4.34273 23
4.39374 24
4.51069 25
4.99817 26
5.38128 27
5.50539 28
5.64681 29
5.65942 30
5.73007 31
5.87051 32
6.38818 33
6.57483 34
6.94028 35
7.05947 36
7.48686 37
8.08601 38
8.13275 39
8.33644 40
8.47659 41
8.70713 42
9.30016 43
9.40838 44
9.7253 45
10.1495 46
10.539 47
10.976 48
11.4545 49
12.0728 50
12.8844 51
12.9376 52
12.964 53
13.1339 54
13.2069 55
13.6044 56
13.8193 57
14.1486 58
14.1604 59
14.4288 60
14.5016 61
14.5912 62
14.9055 63
15.0752 64
15.1465 65
15.1906 66
15.5964 67
17.6172 68
18.1302 69
18.3572 70
18.4262 71
19.4999 72
19.707 73
20.3012 74
20.6388 75
20.6408 76
20.8114 77
21.0742 78
21.0817 79
21.3871 80
21.4976 81
21.5198 82
22.5722 83
22.8586 84
22.8679 85
23.4677 86
23.4844 87
23.6582 88
23.879 89
24.007 90
24.3886 91
25.1469 92
25.2581 93
25.5537 94
27.6928 95
27.8668 96
28.7772 97
28.8405 98
28.9042 99
29.7528 100
30.0309 101
31.2881 102
31.338 103
32.1435 104
32.2101 105
32.5417 106
32.6606 107
35.6401 108
36.2318 109
38.5712 110
38.9785 111
42.1685 112
43.5223 113
45.6131 114
47.4004 115
47.7746 116
48.5741 117
56.0449 118
56.2322 119
60.1333 120
63.0558 121
64.1104 122
69.9638 123
75.5766 124
75.5948 125
76.1538 126
78.0145 127
81.5959 128
85.3418 129
86.4822 130
91.2632 131
95.0149 132
95.1875 133
95.6914 134
100.121 135
101.32 136
102.662 137
102.81 138
104.991 139
115.108 140
122.162 141
122.277 142
124.246 143
127.079 144
128.213 145
131.682 146
137.299 147
141.317 148
143.254 149
148.352 150
149.079 151
151.908 152
152.278 153
152.999 154
161.953 155
167.171 156
168.677 157
172.151 158
188.228 159
196.308 160
203.597 161
209.324 162
210.263 163
212.682 164
267.03 165
277.431 166
