0.2232666015625 1
0.2255859375 2
0.241455078125 3
0.244140625 4
0.25 5
0.2802734375 6
0.283203125 7
0.29248046875 8
0.294921875 9
0.295166015625 10
0.307373046875 11
0.3134765625 12
0.32373046875 13
0.3251953125 14
0.330078125 15
0.338134765625 16
0.37744140625 17
0.3974609375 18
0.43994140625 19
0.53125 20
0.5556640625 21
0.561279296875 22
0.5869140625 23
0.6383056640625 24
0.67041015625 25
0.742919921875 26
0.81884765625 27
0.863525390625 28
0.8818359375 29
0.90234375 30
0.9288330078125 31
1.0915422439575195 32
1.201171875 33
1.21142578125 34
1.247802734375 35
1.259765625 36
1.2685546875 37
1.32080078125 38
1.32891845703125 39
1.38916015625 40
1.447265625 41
1.447265625 42
1.486328125 43
1.52880859375 44
1.658203125 45
1.7470703125 46
1.7509765625 47
1.7520751953125 48
1.7841796875 49
1.79345703125 50
1.7939453125 51
1.79443359375 52
1.802734375 53
1.8271484375 54
1.8984375 55
1.91357421875 56
1.9765625 57
2.0068359375 58
2.10546875 59
2.13720703125 60
2.26708984375 61
2.28125 62
2.283447265625 63
2.32080078125 64
2.32373046875 65
2.388671875 66
2.421142578125 67
2.5316162109375 68
2.5341796875 69
2.54541015625 70
2.602783203125 71
2.688232421875 72
2.762451171875 73
2.7626953125 74
2.7744140625 75
2.9306640625 76
2.96337890625 77
3.0224609375 78
3.157958984375 79
3.1988525390625 80
3.212646484375 81
3.220703125 82
3.279296875 83
3.33203125 84
3.3457794189453125 85
3.6640625 86
3.7803955078125 87
3.78515625 88
3.791015625 89
3.806640625 90
3.888671875 91
3.8912353515625 92
3.918212890625 93
3.9326171875 94
4.002197265625 95
4.16015625 96
4.177001953125 97
4.20703125 98
4.2724609375 99
4.3505859375 100
4.37451171875 101
4.4443359375 102
4.45703125 103
4.4765625 104
4.5447998046875 105
4.763671875 106
4.8740234375 107
5.251953125 108
5.33544921875 109
5.591796875 110
5.85546875 111
5.861328125 112
5.90966796875 113
6.19140625 114
6.314453125 115
6.3779296875 116
6.4365234375 117
6.49755859375 118
6.51953125 119
6.56640625 120
6.58544921875 121
6.62109375 122
6.6298828125 123
6.64013671875 124
7.2783203125 125
7.34130859375 126
7.361328125 127
7.3760986328125 128
7.3828125 129
7.4228515625 130
7.5537109375 131
7.615234375 132
7.6181640625 133
7.68212890625 134
7.71630859375 135
7.7620849609375 136
7.775390625 137
7.94140625 138
8.3642578125 139
8.36865234375 140
8.43310546875 141
8.67333984375 142
9.36767578125 143
9.4921875 144
9.6435546875 145
9.775146484375 146
9.9541015625 147
9.9599609375 148
9.987762451171875 149
10.205078125 150
10.2877197265625 151
10.6162109375 152
10.853515625 153
10.9912109375 154
11.009521484375 155
11.0498046875 156
11.1435546875 157
11.33251953125 158
11.451171875 159
11.5166015625 160
11.71875 161
11.8076171875 162
11.873046875 163
11.92578125 164
12.54296875 165
12.7548828125 166
12.8173828125 167
12.923828125 168
12.9404296875 169
13.07470703125 170
13.138671875 171
13.1669921875 172
13.216796875 173
13.44189453125 174
13.4925537109375 175
13.740234375 176
13.83740234375 177
14.0625 178
14.1904296875 179
14.24755859375 180
14.34375 181
14.62646484375 182
15.02587890625 183
15.1845703125 184
15.623046875 185
16.2509765625 186
16.474609375 187
16.6103515625 188
16.837890625 189
17.33203125 190
17.49560546875 191
17.6708984375 192
18.0400390625 193
18.25390625 194
18.3095703125 195
18.5078125 196
18.7998046875 197
18.81494140625 198
19.0087890625 199
19.0784912109375 200
19.55078125 201
19.970458984375 202
20.3486328125 203
20.364990234375 204
20.802734375 205
21.14990234375 206
21.330322265625 207
21.3310546875 208
21.678955078125 209
22.5654296875 210
22.798828125 211
23.4560546875 212
23.5205078125 213
24.186767578125 214
24.6904296875 215
24.739990234375 216
24.850830078125 217
25.234375 218
25.682861328125 219
25.80364990234375 220
26.12640380859375 221
26.3359375 222
26.6953125 223
27.168212890625 224
27.4443359375 225
27.66357421875 226
27.74462890625 227
28.2587890625 228
28.31982421875 229
28.34814453125 230
28.39044189453125 231
28.6328125 232
28.69775390625 233
28.703125 234
28.7119140625 235
28.7880859375 236
29.2259521484375 237
29.8427734375 238
30.333984375 239
30.7158203125 240
30.8525390625 241
30.92041015625 242
31.689453125 243
31.8583984375 244
32.5478515625 245
33.28125 246
33.369873046875 247
34.843017578125 248
34.9580078125 249
35.021484375 250
35.08935546875 251
35.2841796875 252
35.7569580078125 253
35.7861328125 254
36.27734375 255
36.958740234375 256
40.65576171875 257
40.7421875 258
41.720703125 259
43.10400390625 260
43.8095703125 261
44.36669921875 262
45.3974609375 263
45.8935546875 264
46.5406494140625 265
46.78369140625 266
48.291015625 267
48.36328125 268
48.5283203125 269
48.9326171875 270
49.59814453125 271
49.662109375 272
49.890625 273
50.03271484375 274
50.87451171875 275
51.291015625 276
53.45361328125 277
53.5166015625 278
58.275390625 279
58.7861328125 280
60.08349609375 281
60.9365234375 282
61.18994140625 283
61.447509765625 284
62.31494140625 285
62.69140625 286
63.044921875 287
63.541748046875 288
63.5748291015625 289
63.6083984375 290
63.8359375 291
65.0361328125 292
65.26416015625 293
65.7271728515625 294
66.61669921875 295
67.951416015625 296
69.3759765625 297
70.193359375 298
70.45849609375 299
72.70654296875 300
74.755615234375 301
78.123046875 302
85.962890625 303
87.646728515625 304
88.8623046875 305
89.1220703125 306
90.92822265625 307
95.982421875 308
97.34912109375 309
98.962890625 310
100.767578125 311
100.7724609375 312
102.740234375 313
115.015625 314
119.99365234375 315
122.01425170898438 316
127.8154296875 317
129.640625 318
137.10546875 319
148.537109375 320
157.945556640625 321
166.263671875 322
214.82421875 323
240.771484375 324
246.341064453125 325
248.310546875 326
272.2373046875 327
276.71875 328
280.4765625 329
