0.2255859375 1
0.241455078125 2
0.25 3
0.2802734375 4
0.29248046875 5
0.330078125 6
0.3974609375 7
0.5869140625 8
0.81884765625 9
1.38916015625 10
1.486328125 11
1.7470703125 12
1.7509765625 13
1.7520751953125 14
1.7841796875 15
1.7939453125 16
1.79443359375 17
1.802734375 18
1.8984375 19
1.9765625 20
2.28125 21
2.283447265625 22
2.7626953125 23
2.7744140625 24
3.3457794189453125 25
3.7803955078125 26
3.78515625 27
4.16015625 28
4.20703125 29
4.4443359375 30
4.763671875 31
5.85546875 32
5.90966796875 33
6.314453125 34
6.3779296875 35
6.4365234375 36
6.49755859375 37
6.56640625 38
6.58544921875 39
7.2783203125 40
7.361328125 41
7.3760986328125 42
7.68212890625 43
7.94140625 44
8.3642578125 45
9.6435546875 46
9.775146484375 47
9.9541015625 48
9.987762451171875 49
10.853515625 50
11.33251953125 51
11.451171875 52
11.71875 53
11.8076171875 54
11.873046875 55
11.92578125 56
12.9404296875 57
13.07470703125 58
13.1669921875 59
13.44189453125 60
13.4925537109375 61
13.740234375 62
13.83740234375 63
14.0625 64
14.1904296875 65
14.24755859375 66
14.34375 67
14.62646484375 68
15.02587890625 69
15.1845703125 70
15.623046875 71
16.2509765625 72
16.474609375 73
17.33203125 74
17.49560546875 75
17.6708984375 76
18.25390625 77
18.3095703125 78
18.5078125 79
18.7998046875 80
18.81494140625 81
19.0087890625 82
19.0784912109375 83
20.364990234375 84
20.802734375 85
21.14990234375 86
21.330322265625 87
21.3310546875 88
21.678955078125 89
22.798828125 90
23.5205078125 91
24.186767578125 92
24.6904296875 93
24.850830078125 94
25.80364990234375 95
26.12640380859375 96
26.3359375 97
27.66357421875 98
28.31982421875 99
28.34814453125 100
28.703125 101
28.7880859375 102
29.2259521484375 103
29.8427734375 104
30.333984375 105
30.8525390625 106
30.92041015625 107
31.689453125 108
32.5478515625 109
33.28125 110
34.843017578125 111
35.7569580078125 112
40.65576171875 113
40.7421875 114
41.720703125 115
43.8095703125 116
44.36669921875 117
45.3974609375 118
45.8935546875 119
46.5406494140625 120
46.78369140625 121
48.291015625 122
48.5283203125 123
48.9326171875 124
49.59814453125 125
49.662109375 126
49.890625 127
50.87451171875 128
51.291015625 129
53.5166015625 130
58.275390625 131
60.08349609375 132
61.18994140625 133
61.447509765625 134
62.31494140625 135
62.69140625 136
63.044921875 137
63.5748291015625 138
63.6083984375 139
63.8359375 140
65.0361328125 141
65.26416015625 142
66.61669921875 143
67.951416015625 144
70.193359375 145
70.45849609375 146
72.70654296875 147
74.755615234375 148
78.123046875 149
85.962890625 150
87.646728515625 151
88.8623046875 152
89.1220703125 153
90.92822265625 154
95.982421875 155
97.34912109375 156
98.962890625 157
100.767578125 158
100.7724609375 159
115.015625 160
127.8154296875 161
129.640625 162
137.10546875 163
148.537109375 164
157.945556640625 165
166.263671875 166
240.771484375 167
246.341064453125 168
248.310546875 169
280.4765625 170
