0.2232666015625 1
0.244140625 2
0.283203125 3
0.294921875 4
0.295166015625 5
0.307373046875 6
0.3134765625 7
0.32373046875 8
0.3251953125 9
0.338134765625 10
0.37744140625 11
0.43994140625 12
0.53125 13
0.5556640625 14
0.561279296875 15
0.6383056640625 16
0.67041015625 17
0.742919921875 18
0.863525390625 19
0.8818359375 20
0.90234375 21
0.9288330078125 22
1.0915422439575195 23
1.201171875 24
1.21142578125 25
1.247802734375 26
1.259765625 27
1.2685546875 28
1.32080078125 29
1.32891845703125 30
1.447265625 31
1.447265625 32
1.52880859375 33
1.658203125 34
1.79345703125 35
1.8271484375 36
1.91357421875 37
2.0068359375 38
2.10546875 39
2.13720703125 40
2.26708984375 41
2.32080078125 42
2.32373046875 43
2.388671875 44
2.421142578125 45
2.5316162109375 46
2.5341796875 47
2.54541015625 48
2.602783203125 49
2.688232421875 50
2.762451171875 51
2.9306640625 52
2.96337890625 53
3.0224609375 54
3.157958984375 55
3.1988525390625 56
3.212646484375 57
3.220703125 58
3.279296875 59
3.33203125 60
3.6640625 61
3.791015625 62
3.806640625 63
3.888671875 64
3.8912353515625 65
3.918212890625 66
3.9326171875 67
4.002197265625 68
4.177001953125 69
4.2724609375 70
4.3505859375 71
4.37451171875 72
4.45703125 73
4.4765625 74
4.5447998046875 75
4.8740234375 76
5.251953125 77
5.33544921875 78
5.591796875 79
5.861328125 80
6.19140625 81
6.51953125 82
6.62109375 83
6.6298828125 84
6.64013671875 85
7.34130859375 86
7.3828125 87
7.4228515625 88
7.5537109375 89
7.615234375 90
7.6181640625 91
7.71630859375 92
7.7620849609375 93
7.775390625 94
8.36865234375 95
8.43310546875 96
8.67333984375 97
9.36767578125 98
9.4921875 99
9.9599609375 100
10.205078125 101
10.2877197265625 102
10.6162109375 103
10.9912109375 104
11.009521484375 105
11.0498046875 106
11.1435546875 107
11.5166015625 108
12.54296875 109
12.7548828125 110
12.8173828125 111
12.923828125 112
13.138671875 113
13.216796875 114
16.6103515625 115
16.837890625 116
18.0400390625 117
19.55078125 118
19.970458984375 119
20.3486328125 120
22.5654296875 121
23.4560546875 122
24.739990234375 123
25.234375 124
25.682861328125 125
26.6953125 126
27.168212890625 127
27.4443359375 128
27.74462890625 129
28.2587890625 130
28.39044189453125 131
28.6328125 132
28.69775390625 133
28.7119140625 134
30.7158203125 135
31.8583984375 136
33.369873046875 137
34.9580078125 138
35.021484375 139
35.08935546875 140
35.2841796875 141
35.7861328125 142
36.27734375 143
36.958740234375 144
43.10400390625 145
48.36328125 146
50.03271484375 147
53.45361328125 148
58.7861328125 149
60.9365234375 150
63.541748046875 151
65.7271728515625 152
69.3759765625 153
102.740234375 154
119.99365234375 155
122.01425170898438 156
214.82421875 157
272.2373046875 158
276.71875 159
