1.03832 1
1.04289 2
1.06135 3
1.09094 4
2.09599 5
2.09984 6
2.12765 7
2.15016 8
2.44626 9
2.58175 10
2.6455 11
2.68996 12
2.77407 13
2.77625 14
3.10945 15
3.12242 16
3.15341 17
3.17154 18
4.08583 19
4.09336 20
4.21152 21
4.42082 22
4.54177 23
5.12647 24
5.23565 25
5.37276 26
5.52029 27
6.10477 28
6.12477 29
6.19897 30
6.49138 31
6.61964 32
7.0994 33
7.18394 34
7.3728 35
7.65859 36
9.31472 37
9.34519 38
10.1492 39
10.3295 40
10.9072 41
11.3652 42
11.4171 43
12.4078 44
12.5692 45
13.1509 46
13.5045 47
15.1667 48
15.6458 49
16.227 50
16.492 51
17.5128 52
17.5243 53
26.3246 54
26.4539 55
26.7047 56
31.4369 57
32.6039 58
33.7983 59
34.081 60
36.7261 61
40.1259 62
40.3102 63
41.4442 64
42.2026 65
43.6081 66
45.16 67
47.3637 68
47.5972 69
49.1746 70
50.1161 71
51.4176 72
53.4225 73
54.5163 74
56.587 75
65.313 76
69.9532 77
71.1307 78
71.7376 79
72.2972 80
73.2107 81
73.7539 82
74.0691 83
75.4063 84
75.7385 85
76.0261 86
92.5122 87
95.686 88
97.8876 89
99.8964 90
100.855 91
103.963 92
106.153 93
106.597 94
115.659 95
115.675 96
116.191 97
120.344 98
127.676 99
128.258 100
128.836 101
129.479 102
131.624 103
139.312 104
148.151 105
168.33 106
180.308 107
182.929 108
224.644 109
228.329 110
234.946 111
239.863 112
243.421 113
250.396 114
252.626 115
283.154 116
287.393 117
