1.02337 1
1.02891 2
1.03148 3
1.03234 4
1.03585 5
1.03832 6
1.04108 7
1.04289 8
1.06135 9
1.09094 10
1.69655 11
2.09599 12
2.09984 13
2.12765 14
2.15016 15
2.29175 16
2.35957 17
2.44626 18
2.58175 19
2.6455 20
2.68996 21
2.77407 22
2.77625 23
3.10945 24
3.12242 25
3.1304 26
3.15341 27
3.17154 28
3.28707 29
3.36773 30
3.39777 31
3.96957 32
4.08583 33
4.09336 34
4.10394 35
4.18637 36
4.19784 37
4.19929 38
4.21152 39
4.42082 40
4.54177 41
5.12647 42
5.1644 43
5.23565 44
5.3478 45
5.37276 46
5.52029 47
6.10477 48
6.12477 49
6.16075 50
6.16381 51
6.16427 52
6.18322 53
6.19897 54
6.28639 55
6.49138 56
6.61964 57
7.0994 58
7.18394 59
7.3728 60
7.65859 61
8.20946 62
8.25714 63
8.55939 64
9.14616 65
9.31472 66
9.34519 67
10.1492 68
10.3295 69
10.3743 70
10.9072 71
11.3652 72
11.4171 73
12.2659 74
12.4078 75
12.5692 76
13.0075 77
13.1232 78
13.1509 79
13.1544 80
13.5045 81
14.1427 82
14.2419 83
14.4286 84
14.5317 85
15.1667 86
15.2757 87
15.6428 88
15.6458 89
15.7061 90
15.8973 91
16.227 92
16.492 93
16.6351 94
17.3419 95
17.4204 96
17.5128 97
17.5243 98
17.6133 99
17.6701 100
17.9365 101
18.5259 102
18.7405 103
19.5986 104
20.6255 105
21.0719 106
21.9006 107
22.1492 108
22.2126 109
22.6635 110
22.6784 111
22.8265 112
23.4929 113
23.8127 114
24.7278 115
25.032 116
25.05 117
26.3246 118
26.4539 119
26.7047 120
26.726 121
27.41 122
27.6844 123
28.5109 124
28.9597 125
29.2741 126
30.6574 127
31.4369 128
31.4676 129
32.5916 130
32.6039 131
32.7595 132
33.1408 133
33.7983 134
34.081 135
35.5392 136
36.5412 137
36.7005 138
36.7261 139
39.9657 140
40.1259 141
40.3102 142
41.3885 143
41.4079 144
41.4442 145
42.2026 146
42.4228 147
43.6081 148
43.9568 149
44.3856 150
44.7953 151
45.16 152
45.3239 153
45.5338 154
45.9345 155
45.9706 156
47.3637 157
47.5972 158
47.623 159
48.9656 160
49.1746 161
50.1161 162
51.4176 163
53.4225 164
54.5163 165
55.8608 166
56.4549 167
56.587 168
58.0765 169
58.1117 170
60.6727 171
64.7333 172
65.313 173
65.5859 174
67.226 175
68.7296 176
69.4605 177
69.9532 178
70.5003 179
71.1307 180
71.5197 181
71.7376 182
72.2972 183
73.2107 184
73.7539 185
74.0691 186
75.4063 187
75.7385 188
76.0261 189
78.4727 190
81.3526 191
81.5214 192
82.0668 193
83.6796 194
92.1997 195
92.5122 196
95.5432 197
95.686 198
97.5438 199
97.8876 200
98.4312 201
99.8964 202
100.855 203
102.062 204
103.963 205
106.153 206
106.597 207
114.55 208
114.665 209
115.659 210
115.675 211
116.191 212
116.277 213
117.57 214
120.344 215
121 216
122.254 217
127.676 218
127.788 219
128.258 220
128.836 221
129.479 222
129.738 223
131.624 224
133.467 225
139.312 226
143.989 227
148.151 228
158.805 229
163.421 230
165.83 231
167.761 232
168.33 233
172.393 234
175.193 235
177.291 236
180.308 237
182.929 238
185.777 239
192.54 240
199.25 241
201.115 242
205.624 243
209.647 244
214.28 245
215.118 246
224.644 247
225.026 248
226.015 249
227.776 250
228.329 251
234.946 252
236.13 253
237.459 254
239.863 255
243.421 256
243.87 257
245.009 258
250.293 259
250.396 260
252.626 261
258.851 262
267.71 263
273.553 264
275.803 265
277.355 266
283.154 267
285.407 268
287.393 269
294.921 270
