1.02337 1
1.02891 2
1.03148 3
1.03234 4
1.03585 5
1.04108 6
1.69655 7
2.29175 8
2.35957 9
3.1304 10
3.28707 11
3.36773 12
3.39777 13
3.96957 14
4.10394 15
4.18637 16
4.19784 17
4.19929 18
5.1644 19
5.3478 20
6.16075 21
6.16381 22
6.16427 23
6.18322 24
6.28639 25
8.20946 26
8.25714 27
8.55939 28
9.14616 29
10.3743 30
12.2659 31
13.0075 32
13.1232 33
13.1544 34
14.1427 35
14.2419 36
14.4286 37
14.5317 38
15.2757 39
15.6428 40
15.7061 41
15.8973 42
16.6351 43
17.3419 44
17.4204 45
17.6133 46
17.6701 47
17.9365 48
18.5259 49
18.7405 50
19.5986 51
20.6255 52
21.0719 53
21.9006 54
22.1492 55
22.2126 56
22.6635 57
22.6784 58
22.8265 59
23.4929 60
23.8127 61
24.7278 62
25.032 63
25.05 64
26.726 65
27.41 66
27.6844 67
28.5109 68
28.9597 69
29.2741 70
30.6574 71
31.4676 72
32.5916 73
32.7595 74
33.1408 75
35.5392 76
36.5412 77
36.7005 78
39.9657 79
41.3885 80
41.4079 81
42.4228 82
43.9568 83
44.3856 84
44.7953 85
45.3239 86
45.5338 87
45.9345 88
45.9706 89
47.623 90
48.9656 91
55.8608 92
56.4549 93
58.0765 94
58.1117 95
60.6727 96
64.7333 97
65.5859 98
67.226 99
68.7296 100
69.4605 101
70.5003 102
71.5197 103
78.4727 104
81.3526 105
81.5214 106
82.0668 107
83.6796 108
92.1997 109
95.5432 110
97.5438 111
98.4312 112
102.062 113
114.55 114
114.665 115
116.277 116
117.57 117
121 118
122.254 119
127.788 120
129.738 121
133.467 122
143.989 123
158.805 124
163.421 125
165.83 126
167.761 127
172.393 128
175.193 129
177.291 130
185.777 131
192.54 132
199.25 133
201.115 134
205.624 135
209.647 136
214.28 137
215.118 138
225.026 139
226.015 140
227.776 141
236.13 142
237.459 143
243.87 144
245.009 145
250.293 146
258.851 147
267.71 148
273.553 149
275.803 150
277.355 151
285.407 152
294.921 153
