0.000000 0.000232992
0.000000 0.000465983
0.000000 0.000698975
0.000000 0.000931966
0.000000 0.00116496
0.000000 0.00139795
0.000000 0.00163094
0.000000 0.00186393
0.000000 0.00209692
0.000000 0.00232992
0.000000 0.00256291
0.000000 0.0027959
0.000000 0.00302889
0.000000 0.00326188
0.000000 0.00349487
0.000000 0.00372787
0.000000 0.00396086
0.000092 0.00419385
0.000122 0.00442684
0.000122 0.00465983
0.000122 0.00489282
0.000122 0.00512582
0.000122 0.00535881
0.000122 0.0055918
0.000122 0.00582479
0.000122 0.00605778
0.000122 0.00629077
0.000122 0.00652377
0.000122 0.00675676
0.000122 0.00698975
0.000122 0.00722274
0.000122 0.00745573
0.000122 0.00768872
0.000122 0.00792171
0.000122 0.00815471
0.000122 0.0083877
0.000122 0.00862069
0.000122 0.00885368
0.000122 0.00908667
0.000122 0.00931966
0.000122 0.00955266
0.000122 0.00978565
0.000122 0.0100186
0.000122 0.0102516
0.000122 0.0104846
0.000122 0.0107176
0.000122 0.0109506
0.000122 0.0111836
0.000122 0.0114166
0.000122 0.0116496
0.000122 0.0118826
0.000122 0.0121156
0.000122 0.0123486
0.000122 0.0125815
0.000122 0.0128145
0.000122 0.0130475
0.000122 0.0132805
0.000122 0.0135135
0.000122 0.0137465
0.000122 0.0139795
0.000122 0.0142125
0.000130 0.0144455
0.000137 0.0146785
0.000153 0.0149115
0.000153 0.0151445
0.000153 0.0153774
0.000153 0.0156104
0.000153 0.0158434
0.000153 0.0160764
0.000153 0.0163094
0.000160 0.0165424
0.000160 0.0167754
0.000160 0.0170084
0.000160 0.0172414
0.000160 0.0174744
0.000160 0.0177074
0.000160 0.0179404
0.000160 0.0181733
0.000164 0.0184063
0.000168 0.0186393
0.000168 0.0188723
0.000168 0.0191053
0.000168 0.0193383
0.000168 0.0195713
0.000168 0.0198043
0.000168 0.0200373
0.000168 0.0202703
0.000168 0.0205033
0.000168 0.0207363
0.000168 0.0209692
0.000168 0.0212022
0.000168 0.0214352
0.000168 0.0216682
0.000168 0.0219012
0.000168 0.0221342
0.000168 0.0223672
0.000168 0.0226002
0.000168 0.0228332
0.000168 0.0230662
0.000168 0.0232992
0.000168 0.0235322
0.000168 0.0237651
0.000168 0.0239981
0.000168 0.0242311
0.000168 0.0244641
0.000168 0.0246971
0.000168 0.0249301
0.000168 0.0251631
0.000168 0.0253961
0.000168 0.0256291
0.000172 0.0258621
0.000172 0.0260951
0.000172 0.0263281
0.000172 0.026561
0.000175 0.026794
0.000175 0.027027
0.000175 0.02726
0.000175 0.027493
0.000175 0.027726
0.000175 0.027959
0.000175 0.028192
0.000175 0.028425
0.000175 0.028658
0.000175 0.028891
0.000175 0.029124
0.000175 0.0293569
0.000175 0.0295899
0.000175 0.0298229
0.000175 0.0300559
0.000175 0.0302889
0.000179 0.0305219
0.000179 0.0307549
0.000179 0.0309879
0.000179 0.0312209
0.000183 0.0314539
0.000183 0.0316869
0.000183 0.0319199
0.000183 0.0321528
0.000183 0.0323858
0.000183 0.0326188
0.000183 0.0328518
0.000183 0.0330848
0.000183 0.0333178
0.000183 0.0335508
0.000183 0.0337838
0.000183 0.0340168
0.000183 0.0342498
0.000183 0.0344828
0.000183 0.0347158
0.000183 0.0349487
0.000183 0.0351817
0.000183 0.0354147
0.000183 0.0356477
0.000183 0.0358807
0.000183 0.0361137
0.000183 0.0363467
0.000183 0.0365797
0.000183 0.0368127
0.000183 0.0370457
0.000183 0.0372787
0.000183 0.0375116
0.000183 0.0377446
0.000183 0.0379776
0.000183 0.0382106
0.000183 0.0384436
0.000183 0.0386766
0.000183 0.0389096
0.000183 0.0391426
0.000183 0.0393756
0.000183 0.0396086
0.000183 0.0398416
0.000183 0.0400746
0.000183 0.0403075
0.000183 0.0405405
0.000183 0.0407735
0.000183 0.0410065
0.000183 0.0412395
0.000183 0.0414725
0.000183 0.0417055
0.000183 0.0419385
0.000183 0.0421715
0.000183 0.0424045
0.000183 0.0426375
0.000183 0.0428705
0.000183 0.0431034
0.000183 0.0433364
0.000183 0.0435694
0.000183 0.0438024
0.000183 0.0440354
0.000183 0.0442684
0.000183 0.0445014
0.000183 0.0447344
0.000183 0.0449674
0.000183 0.0452004
0.000183 0.0454334
0.000183 0.0456664
0.000183 0.0458993
0.000183 0.0461323
0.000183 0.0463653
0.000183 0.0465983
0.000183 0.0468313
0.000183 0.0470643
0.000183 0.0472973
0.000183 0.0475303
0.000183 0.0477633
0.000183 0.0479963
0.000183 0.0482293
0.000183 0.0484623
0.000183 0.0486952
0.000183 0.0489282
0.000183 0.0491612
0.000183 0.0493942
0.000183 0.0496272
0.000183 0.0498602
0.000183 0.0500932
0.000183 0.0503262
0.000183 0.0505592
0.000183 0.0507922
0.000183 0.0510252
0.000183 0.0512582
0.000183 0.0514911
0.000183 0.0517241
0.000183 0.0519571
0.000183 0.0521901
0.000183 0.0524231
0.000183 0.0526561
0.000183 0.0528891
0.000183 0.0531221
0.000183 0.0533551
0.000187 0.0535881
0.000187 0.0538211
0.000191 0.0540541
0.000191 0.054287
0.000191 0.05452
0.000191 0.054753
0.000191 0.054986
0.000191 0.055219
0.000191 0.055452
0.000191 0.055685
0.000191 0.055918
0.000191 0.056151
0.000191 0.056384
0.000195 0.056617
0.000195 0.05685
0.000198 0.0570829
0.000198 0.0573159
0.000198 0.0575489
0.000198 0.0577819
0.000198 0.0580149
0.000198 0.0582479
0.000198 0.0584809
0.000198 0.0587139
0.000198 0.0589469
0.000198 0.0591799
0.000198 0.0594129
0.000198 0.0596459
0.000198 0.0598788
0.000198 0.0601118
0.000198 0.0603448
0.000198 0.0605778
0.000198 0.0608108
0.000198 0.0610438
0.000198 0.0612768
0.000198 0.0615098
0.000198 0.0617428
0.000198 0.0619758
0.000198 0.0622088
0.000198 0.0624418
0.000198 0.0626747
0.000198 0.0629077
0.000198 0.0631407
0.000198 0.0633737
0.000198 0.0636067
0.000198 0.0638397
0.000198 0.0640727
0.000198 0.0643057
0.000202 0.0645387
0.000202 0.0647717
0.000206 0.0650047
0.000206 0.0652377
0.000206 0.0654706
0.000206 0.0657036
0.000206 0.0659366
0.000206 0.0661696
0.000206 0.0664026
0.000206 0.0666356
0.000206 0.0668686
0.000206 0.0671016
0.000206 0.0673346
0.000206 0.0675676
0.000206 0.0678006
0.000214 0.0680336
0.000214 0.0682665
0.000214 0.0684995
0.000214 0.0687325
0.000214 0.0689655
0.000214 0.0691985
0.000214 0.0694315
0.000214 0.0696645
0.000214 0.0698975
0.000214 0.0701305
0.000214 0.0703635
0.000214 0.0705965
0.000214 0.0708295
0.000214 0.0710624
0.000214 0.0712954
0.000214 0.0715284
0.000214 0.0717614
0.000214 0.0719944
0.000217 0.0722274
0.000221 0.0724604
0.000229 0.0726934
0.000229 0.0729264
0.000229 0.0731594
0.000229 0.0733924
0.000229 0.0736253
0.000229 0.0738583
0.000229 0.0740913
0.000229 0.0743243
0.000244 0.0745573
0.000244 0.0747903
0.000244 0.0750233
0.000244 0.0752563
0.000244 0.0754893
0.000244 0.0757223
0.000244 0.0759553
0.000244 0.0761883
0.000244 0.0764212
0.000244 0.0766542
0.000244 0.0768872
0.000244 0.0771202
0.000244 0.0773532
0.000244 0.0775862
0.000244 0.0778192
0.000244 0.0780522
0.000244 0.0782852
0.000244 0.0785182
0.000244 0.0787512
0.000244 0.0789842
0.000244 0.0792171
0.000244 0.0794501
0.000244 0.0796831
0.000244 0.0799161
0.000244 0.0801491
0.000244 0.0803821
0.000244 0.0806151
0.000244 0.0808481
0.000244 0.0810811
0.000244 0.0813141
0.000244 0.0815471
0.000244 0.0817801
0.000244 0.082013
0.000244 0.082246
0.000244 0.082479
0.000244 0.082712
0.000244 0.082945
0.000244 0.083178
0.000244 0.083411
0.000244 0.083644
0.000244 0.083877
0.000244 0.08411
0.000244 0.084343
0.000244 0.084576
0.000244 0.0848089
0.000244 0.0850419
0.000244 0.0852749
0.000244 0.0855079
0.000244 0.0857409
0.000244 0.0859739
0.000244 0.0862069
0.000244 0.0864399
0.000244 0.0866729
0.000244 0.0869059
0.000244 0.0871389
0.000244 0.0873719
0.000244 0.0876048
0.000244 0.0878378
0.000244 0.0880708
0.000244 0.0883038
0.000244 0.0885368
0.000244 0.0887698
0.000244 0.0890028
0.000244 0.0892358
0.000244 0.0894688
0.000244 0.0897018
0.000244 0.0899348
0.000244 0.0901678
0.000244 0.0904007
0.000244 0.0906337
0.000244 0.0908667
0.000244 0.0910997
0.000244 0.0913327
0.000244 0.0915657
0.000244 0.0917987
0.000244 0.0920317
0.000244 0.0922647
0.000244 0.0924977
0.000244 0.0927307
0.000244 0.0929637
0.000244 0.0931966
0.000244 0.0934296
0.000244 0.0936626
0.000244 0.0938956
0.000244 0.0941286
0.000244 0.0943616
0.000244 0.0945946
0.000244 0.0948276
0.000244 0.0950606
0.000244 0.0952936
0.000244 0.0955266
0.000244 0.0957596
0.000244 0.0959925
0.000244 0.0962255
0.000244 0.0964585
0.000244 0.0966915
0.000244 0.0969245
0.000244 0.0971575
0.000244 0.0973905
0.000244 0.0976235
0.000244 0.0978565
0.000244 0.0980895
0.000244 0.0983225
0.000244 0.0985555
0.000244 0.0987884
0.000244 0.0990214
0.000244 0.0992544
0.000244 0.0994874
0.000244 0.0997204
0.000244 0.0999534
0.000244 0.100186
0.000244 0.100419
0.000244 0.100652
0.000244 0.100885
0.000244 0.101118
0.000244 0.101351
0.000244 0.101584
0.000244 0.101817
0.000244 0.10205
0.000244 0.102283
0.000244 0.102516
0.000244 0.102749
0.000244 0.102982
0.000244 0.103215
0.000244 0.103448
0.000244 0.103681
0.000244 0.103914
0.000244 0.104147
0.000244 0.10438
0.000244 0.104613
0.000244 0.104846
0.000244 0.105079
0.000244 0.105312
0.000244 0.105545
0.000244 0.105778
0.000244 0.106011
0.000244 0.106244
0.000244 0.106477
0.000244 0.10671
0.000244 0.106943
0.000244 0.107176
0.000244 0.107409
0.000244 0.107642
0.000244 0.107875
0.000244 0.108108
0.000244 0.108341
0.000244 0.108574
0.000244 0.108807
0.000244 0.10904
0.000244 0.109273
0.000244 0.109506
0.000244 0.109739
0.000244 0.109972
0.000244 0.110205
0.000244 0.110438
0.000244 0.110671
0.000244 0.110904
0.000244 0.111137
0.000244 0.11137
0.000244 0.111603
0.000244 0.111836
0.000244 0.112069
0.000244 0.112302
0.000244 0.112535
0.000244 0.112768
0.000244 0.113001
0.000244 0.113234
0.000244 0.113467
0.000244 0.1137
0.000244 0.113933
0.000244 0.114166
0.000244 0.114399
0.000244 0.114632
0.000244 0.114865
0.000244 0.115098
0.000244 0.115331
0.000244 0.115564
0.000244 0.115797
0.000244 0.11603
0.000244 0.116263
0.000244 0.116496
0.000244 0.116729
0.000244 0.116962
0.000244 0.117195
0.000244 0.117428
0.000244 0.117661
0.000244 0.117894
0.000244 0.118127
0.000244 0.11836
0.000244 0.118593
0.000244 0.118826
0.000244 0.119059
0.000244 0.119292
0.000244 0.119525
0.000244 0.119758
0.000244 0.119991
0.000244 0.120224
0.000244 0.120457
0.000244 0.12069
0.000244 0.120923
0.000244 0.121156
0.000244 0.121389
0.000244 0.121622
0.000244 0.121855
0.000244 0.122088
0.000244 0.122321
0.000244 0.122554
0.000244 0.122787
0.000244 0.12302
0.000244 0.123253
0.000244 0.123486
0.000244 0.123719
0.000244 0.123952
0.000244 0.124185
0.000244 0.124418
0.000244 0.124651
0.000244 0.124884
0.000244 0.125116
0.000244 0.125349
0.000244 0.125582
0.000244 0.125815
0.000244 0.126048
0.000244 0.126281
0.000244 0.126514
0.000244 0.126747
0.000252 0.12698
0.000259 0.127213
0.000259 0.127446
0.000259 0.127679
0.000259 0.127912
0.000275 0.128145
0.000275 0.128378
0.000282 0.128611
0.000298 0.128844
0.000298 0.129077
0.000298 0.12931
0.000305 0.129543
0.000305 0.129776
0.000305 0.130009
0.000305 0.130242
0.000305 0.130475
0.000305 0.130708
0.000305 0.130941
0.000305 0.131174
0.000305 0.131407
0.000305 0.13164
0.000305 0.131873
0.000305 0.132106
0.000305 0.132339
0.000305 0.132572
0.000305 0.132805
0.000305 0.133038
0.000305 0.133271
0.000305 0.133504
0.000305 0.133737
0.000305 0.13397
0.000305 0.134203
0.000305 0.134436
0.000305 0.134669
0.000305 0.134902
0.000305 0.135135
0.000305 0.135368
0.000305 0.135601
0.000305 0.135834
0.000305 0.136067
0.000305 0.1363
0.000305 0.136533
0.000305 0.136766
0.000305 0.136999
0.000305 0.137232
0.000305 0.137465
0.000305 0.137698
0.000305 0.137931
0.000305 0.138164
0.000305 0.138397
0.000305 0.13863
0.000305 0.138863
0.000305 0.139096
0.000305 0.139329
0.000305 0.139562
0.000305 0.139795
0.000305 0.140028
0.000305 0.140261
0.000313 0.140494
0.000313 0.140727
0.000313 0.14096
0.000313 0.141193
0.000313 0.141426
0.000317 0.141659
0.000317 0.141892
0.000317 0.142125
0.000317 0.142358
0.000317 0.142591
0.000317 0.142824
0.000317 0.143057
0.000317 0.14329
0.000317 0.143523
0.000320 0.143756
0.000320 0.143989
0.000320 0.144222
0.000320 0.144455
0.000320 0.144688
0.000320 0.144921
0.000320 0.145154
0.000320 0.145387
0.000320 0.14562
0.000320 0.145853
0.000320 0.146086
0.000320 0.146319
0.000320 0.146552
0.000320 0.146785
0.000320 0.147018
0.000320 0.147251
0.000320 0.147484
0.000320 0.147717
0.000320 0.14795
0.000320 0.148183
0.000320 0.148416
0.000320 0.148649
0.000320 0.148882
0.000320 0.149115
0.000320 0.149348
0.000320 0.149581
0.000320 0.149814
0.000320 0.150047
0.000320 0.15028
0.000320 0.150513
0.000320 0.150746
0.000320 0.150979
0.000320 0.151212
0.000320 0.151445
0.000320 0.151678
0.000320 0.151911
0.000320 0.152144
0.000320 0.152377
0.000320 0.15261
0.000320 0.152842
0.000320 0.153075
0.000320 0.153308
0.000320 0.153541
0.000320 0.153774
0.000320 0.154007
0.000320 0.15424
0.000320 0.154473
0.000320 0.154706
0.000320 0.154939
0.000324 0.155172
0.000324 0.155405
0.000324 0.155638
0.000324 0.155871
0.000324 0.156104
0.000324 0.156337
0.000324 0.15657
0.000324 0.156803
0.000324 0.157036
0.000328 0.157269
0.000328 0.157502
0.000328 0.157735
0.000328 0.157968
0.000328 0.158201
0.000328 0.158434
0.000328 0.158667
0.000328 0.1589
0.000328 0.159133
0.000328 0.159366
0.000328 0.159599
0.000328 0.159832
0.000328 0.160065
0.000328 0.160298
0.000328 0.160531
0.000328 0.160764
0.000328 0.160997
0.000328 0.16123
0.000328 0.161463
0.000328 0.161696
0.000328 0.161929
0.000328 0.162162
0.000328 0.162395
0.000328 0.162628
0.000328 0.162861
0.000328 0.163094
0.000328 0.163327
0.000328 0.16356
0.000328 0.163793
0.000328 0.164026
0.000328 0.164259
0.000328 0.164492
0.000328 0.164725
0.000328 0.164958
0.000328 0.165191
0.000328 0.165424
0.000328 0.165657
0.000328 0.16589
0.000328 0.166123
0.000328 0.166356
0.000328 0.166589
0.000328 0.166822
0.000328 0.167055
0.000328 0.167288
0.000328 0.167521
0.000328 0.167754
0.000328 0.167987
0.000332 0.16822
0.000332 0.168453
0.000332 0.168686
0.000332 0.168919
0.000332 0.169152
0.000332 0.169385
0.000332 0.169618
0.000332 0.169851
0.000332 0.170084
0.000332 0.170317
0.000336 0.17055
0.000336 0.170783
0.000336 0.171016
0.000336 0.171249
0.000336 0.171482
0.000336 0.171715
0.000336 0.171948
0.000336 0.172181
0.000336 0.172414
0.000336 0.172647
0.000336 0.17288
0.000336 0.173113
0.000336 0.173346
0.000336 0.173579
0.000336 0.173812
0.000336 0.174045
0.000336 0.174278
0.000336 0.174511
0.000336 0.174744
0.000336 0.174977
0.000336 0.17521
0.000336 0.175443
0.000336 0.175676
0.000336 0.175909
0.000336 0.176142
0.000336 0.176375
0.000336 0.176608
0.000336 0.176841
0.000336 0.177074
0.000336 0.177307
0.000336 0.17754
0.000336 0.177773
0.000336 0.178006
0.000336 0.178239
0.000336 0.178472
0.000336 0.178705
0.000336 0.178938
0.000336 0.179171
0.000336 0.179404
0.000336 0.179637
0.000336 0.17987
0.000336 0.180103
0.000336 0.180336
0.000336 0.180568
0.000336 0.180801
0.000336 0.181034
0.000336 0.181267
0.000336 0.1815
0.000336 0.181733
0.000336 0.181966
0.000336 0.182199
0.000336 0.182432
0.000336 0.182665
0.000336 0.182898
0.000336 0.183131
0.000336 0.183364
0.000336 0.183597
0.000336 0.18383
0.000336 0.184063
0.000336 0.184296
0.000336 0.184529
0.000336 0.184762
0.000336 0.184995
0.000336 0.185228
0.000336 0.185461
0.000336 0.185694
0.000336 0.185927
0.000336 0.18616
0.000336 0.186393
0.000336 0.186626
0.000336 0.186859
0.000336 0.187092
0.000336 0.187325
0.000336 0.187558
0.000336 0.187791
0.000336 0.188024
0.000336 0.188257
0.000336 0.18849
0.000336 0.188723
0.000336 0.188956
0.000336 0.189189
0.000336 0.189422
0.000336 0.189655
0.000336 0.189888
0.000336 0.190121
0.000336 0.190354
0.000336 0.190587
0.000336 0.19082
0.000336 0.191053
0.000336 0.191286
0.000336 0.191519
0.000336 0.191752
0.000336 0.191985
0.000336 0.192218
0.000336 0.192451
0.000336 0.192684
0.000336 0.192917
0.000336 0.19315
0.000336 0.193383
0.000336 0.193616
0.000336 0.193849
0.000336 0.194082
0.000336 0.194315
0.000336 0.194548
0.000336 0.194781
0.000336 0.195014
0.000336 0.195247
0.000336 0.19548
0.000336 0.195713
0.000336 0.195946
0.000336 0.196179
0.000336 0.196412
0.000336 0.196645
0.000336 0.196878
0.000336 0.197111
0.000336 0.197344
0.000336 0.197577
0.000340 0.19781
0.000340 0.198043
0.000340 0.198276
0.000340 0.198509
0.000340 0.198742
0.000343 0.198975
0.000343 0.199208
0.000343 0.199441
0.000343 0.199674
0.000343 0.199907
0.000343 0.20014
0.000343 0.200373
0.000343 0.200606
0.000343 0.200839
0.000343 0.201072
0.000343 0.201305
0.000347 0.201538
0.000347 0.201771
0.000347 0.202004
0.000347 0.202237
0.000347 0.20247
0.000351 0.202703
0.000351 0.202936
0.000351 0.203169
0.000351 0.203402
0.000351 0.203635
0.000351 0.203868
0.000351 0.204101
0.000351 0.204334
0.000351 0.204567
0.000351 0.2048
0.000351 0.205033
0.000351 0.205266
0.000351 0.205499
0.000351 0.205732
0.000351 0.205965
0.000351 0.206198
0.000351 0.206431
0.000351 0.206664
0.000351 0.206897
0.000351 0.20713
0.000351 0.207363
0.000351 0.207596
0.000351 0.207829
0.000351 0.208062
0.000351 0.208295
0.000355 0.208527
0.000355 0.20876
0.000355 0.208993
0.000359 0.209226
0.000359 0.209459
0.000359 0.209692
0.000362 0.209925
0.000362 0.210158
0.000366 0.210391
0.000366 0.210624
0.000366 0.210857
0.000366 0.21109
0.000366 0.211323
0.000366 0.211556
0.000366 0.211789
0.000366 0.212022
0.000366 0.212255
0.000366 0.212488
0.000366 0.212721
0.000366 0.212954
0.000366 0.213187
0.000366 0.21342
0.000366 0.213653
0.000366 0.213886
0.000366 0.214119
0.000366 0.214352
0.000366 0.214585
0.000366 0.214818
0.000366 0.215051
0.000366 0.215284
0.000366 0.215517
0.000366 0.21575
0.000366 0.215983
0.000366 0.216216
0.000366 0.216449
0.000366 0.216682
0.000366 0.216915
0.000366 0.217148
0.000366 0.217381
0.000366 0.217614
0.000366 0.217847
0.000366 0.21808
0.000366 0.218313
0.000366 0.218546
0.000366 0.218779
0.000366 0.219012
0.000366 0.219245
0.000366 0.219478
0.000366 0.219711
0.000366 0.219944
0.000366 0.220177
0.000366 0.22041
0.000366 0.220643
0.000366 0.220876
0.000366 0.221109
0.000366 0.221342
0.000366 0.221575
0.000366 0.221808
0.000366 0.222041
0.000366 0.222274
0.000366 0.222507
0.000366 0.22274
0.000366 0.222973
0.000366 0.223206
0.000366 0.223439
0.000366 0.223672
0.000366 0.223905
0.000366 0.224138
0.000366 0.224371
0.000366 0.224604
0.000366 0.224837
0.000366 0.22507
0.000366 0.225303
0.000366 0.225536
0.000366 0.225769
0.000366 0.226002
0.000366 0.226235
0.000366 0.226468
0.000366 0.226701
0.000366 0.226934
0.000366 0.227167
0.000366 0.2274
0.000366 0.227633
0.000366 0.227866
0.000366 0.228099
0.000366 0.228332
0.000366 0.228565
0.000366 0.228798
0.000366 0.229031
0.000366 0.229264
0.000366 0.229497
0.000366 0.22973
0.000366 0.229963
0.000366 0.230196
0.000366 0.230429
0.000366 0.230662
0.000366 0.230895
0.000366 0.231128
0.000366 0.231361
0.000366 0.231594
0.000366 0.231827
0.000366 0.23206
0.000366 0.232293
0.000366 0.232526
0.000366 0.232759
0.000366 0.232992
0.000366 0.233225
0.000366 0.233458
0.000366 0.233691
0.000366 0.233924
0.000366 0.234157
0.000366 0.23439
0.000366 0.234623
0.000366 0.234856
0.000366 0.235089
0.000366 0.235322
0.000366 0.235555
0.000366 0.235788
0.000366 0.236021
0.000366 0.236253
0.000366 0.236486
0.000366 0.236719
0.000366 0.236952
0.000366 0.237185
0.000366 0.237418
0.000366 0.237651
0.000366 0.237884
0.000366 0.238117
0.000366 0.23835
0.000366 0.238583
0.000366 0.238816
0.000366 0.239049
0.000366 0.239282
0.000366 0.239515
0.000366 0.239748
0.000366 0.239981
0.000366 0.240214
0.000366 0.240447
0.000366 0.24068
0.000366 0.240913
0.000366 0.241146
0.000366 0.241379
0.000366 0.241612
0.000366 0.241845
0.000366 0.242078
0.000366 0.242311
0.000366 0.242544
0.000366 0.242777
0.000366 0.24301
0.000366 0.243243
0.000366 0.243476
0.000366 0.243709
0.000366 0.243942
0.000366 0.244175
0.000366 0.244408
0.000366 0.244641
0.000366 0.244874
0.000366 0.245107
0.000366 0.24534
0.000366 0.245573
0.000366 0.245806
0.000366 0.246039
0.000366 0.246272
0.000366 0.246505
0.000366 0.246738
0.000366 0.246971
0.000366 0.247204
0.000366 0.247437
0.000366 0.24767
0.000366 0.247903
0.000366 0.248136
0.000366 0.248369
0.000366 0.248602
0.000366 0.248835
0.000366 0.249068
0.000366 0.249301
0.000366 0.249534
0.000366 0.249767
0.000366 0.25
0.000366 0.250233
0.000366 0.250466
0.000366 0.250699
0.000366 0.250932
0.000366 0.251165
0.000366 0.251398
0.000366 0.251631
0.000366 0.251864
0.000366 0.252097
0.000366 0.25233
0.000366 0.252563
0.000366 0.252796
0.000366 0.253029
0.000370 0.253262
0.000374 0.253495
0.000374 0.253728
0.000374 0.253961
0.000381 0.254194
0.000381 0.254427
0.000381 0.25466
0.000381 0.254893
0.000381 0.255126
0.000397 0.255359
0.000397 0.255592
0.000397 0.255825
0.000397 0.256058
0.000408 0.256291
0.000412 0.256524
0.000412 0.256757
0.000412 0.25699
0.000427 0.257223
0.000427 0.257456
0.000427 0.257689
0.000427 0.257922
0.000458 0.258155
0.000458 0.258388
0.000458 0.258621
0.000469 0.258854
0.000473 0.259087
0.000473 0.25932
0.000473 0.259553
0.000473 0.259786
0.000473 0.260019
0.000473 0.260252
0.000473 0.260485
0.000473 0.260718
0.000473 0.260951
0.000473 0.261184
0.000473 0.261417
0.000473 0.26165
0.000477 0.261883
0.000481 0.262116
0.000481 0.262349
0.000481 0.262582
0.000481 0.262815
0.000484 0.263048
0.000484 0.263281
0.000484 0.263514
0.000488 0.263747
0.000488 0.263979
0.000488 0.264212
0.000488 0.264445
0.000488 0.264678
0.000488 0.264911
0.000488 0.265144
0.000488 0.265377
0.000488 0.26561
0.000488 0.265843
0.000488 0.266076
0.000488 0.266309
0.000488 0.266542
0.000488 0.266775
0.000488 0.267008
0.000488 0.267241
0.000488 0.267474
0.000488 0.267707
0.000488 0.26794
0.000488 0.268173
0.000488 0.268406
0.000488 0.268639
0.000488 0.268872
0.000488 0.269105
0.000488 0.269338
0.000488 0.269571
0.000488 0.269804
0.000488 0.270037
0.000488 0.27027
0.000488 0.270503
0.000488 0.270736
0.000488 0.270969
0.000488 0.271202
0.000488 0.271435
0.000488 0.271668
0.000488 0.271901
0.000488 0.272134
0.000488 0.272367
0.000488 0.2726
0.000488 0.272833
0.000488 0.273066
0.000488 0.273299
0.000488 0.273532
0.000488 0.273765
0.000488 0.273998
0.000488 0.274231
0.000488 0.274464
0.000488 0.274697
0.000488 0.27493
0.000488 0.275163
0.000488 0.275396
0.000488 0.275629
0.000488 0.275862
0.000488 0.276095
0.000488 0.276328
0.000488 0.276561
0.000488 0.276794
0.000488 0.277027
0.000488 0.27726
0.000488 0.277493
0.000488 0.277726
0.000488 0.277959
0.000488 0.278192
0.000488 0.278425
0.000488 0.278658
0.000488 0.278891
0.000488 0.279124
0.000488 0.279357
0.000488 0.27959
0.000488 0.279823
0.000488 0.280056
0.000488 0.280289
0.000488 0.280522
0.000488 0.280755
0.000488 0.280988
0.000488 0.281221
0.000488 0.281454
0.000488 0.281687
0.000488 0.28192
0.000488 0.282153
0.000488 0.282386
0.000488 0.282619
0.000488 0.282852
0.000488 0.283085
0.000488 0.283318
0.000488 0.283551
0.000488 0.283784
0.000488 0.284017
0.000488 0.28425
0.000488 0.284483
0.000488 0.284716
0.000488 0.284949
0.000488 0.285182
0.000488 0.285415
0.000488 0.285648
0.000488 0.285881
0.000488 0.286114
0.000488 0.286347
0.000488 0.28658
0.000488 0.286813
0.000488 0.287046
0.000488 0.287279
0.000488 0.287512
0.000488 0.287745
0.000488 0.287978
0.000488 0.288211
0.000488 0.288444
0.000488 0.288677
0.000488 0.28891
0.000488 0.289143
0.000488 0.289376
0.000488 0.289609
0.000488 0.289842
0.000488 0.290075
0.000488 0.290308
0.000488 0.290541
0.000488 0.290774
0.000488 0.291007
0.000488 0.29124
0.000488 0.291473
0.000488 0.291705
0.000488 0.291938
0.000488 0.292171
0.000488 0.292404
0.000488 0.292637
0.000488 0.29287
0.000488 0.293103
0.000488 0.293336
0.000488 0.293569
0.000488 0.293802
0.000488 0.294035
0.000488 0.294268
0.000488 0.294501
0.000488 0.294734
0.000488 0.294967
0.000488 0.2952
0.000488 0.295433
0.000488 0.295666
0.000488 0.295899
0.000488 0.296132
0.000488 0.296365
0.000488 0.296598
0.000488 0.296831
0.000488 0.297064
0.000488 0.297297
0.000488 0.29753
0.000488 0.297763
0.000488 0.297996
0.000488 0.298229
0.000488 0.298462
0.000488 0.298695
0.000488 0.298928
0.000488 0.299161
0.000488 0.299394
0.000488 0.299627
0.000488 0.29986
0.000488 0.300093
0.000488 0.300326
0.000488 0.300559
0.000488 0.300792
0.000488 0.301025
0.000488 0.301258
0.000488 0.301491
0.000488 0.301724
0.000488 0.301957
0.000488 0.30219
0.000488 0.302423
0.000488 0.302656
0.000488 0.302889
0.000488 0.303122
0.000488 0.303355
0.000488 0.303588
0.000488 0.303821
0.000488 0.304054
0.000488 0.304287
0.000488 0.30452
0.000488 0.304753
0.000488 0.304986
0.000492 0.305219
0.000492 0.305452
0.000492 0.305685
0.000492 0.305918
0.000492 0.306151
0.000496 0.306384
0.000496 0.306617
0.000504 0.30685
0.000504 0.307083
0.000504 0.307316
0.000504 0.307549
0.000504 0.307782
0.000504 0.308015
0.000504 0.308248
0.000504 0.308481
0.000504 0.308714
0.000504 0.308947
0.000507 0.30918
0.000515 0.309413
0.000519 0.309646
0.000519 0.309879
0.000519 0.310112
0.000519 0.310345
0.000519 0.310578
0.000519 0.310811
0.000519 0.311044
0.000530 0.311277
0.000534 0.31151
0.000538 0.311743
0.000538 0.311976
0.000549 0.312209
0.000549 0.312442
0.000549 0.312675
0.000549 0.312908
0.000549 0.313141
0.000565 0.313374
0.000610 0.313607
0.000610 0.31384
0.000610 0.314073
0.000610 0.314306
0.000610 0.314539
0.000610 0.314772
0.000610 0.315005
0.000610 0.315238
0.000610 0.315471
0.000610 0.315704
0.000610 0.315937
0.000610 0.31617
0.000610 0.316403
0.000610 0.316636
0.000610 0.316869
0.000610 0.317102
0.000610 0.317335
0.000610 0.317568
0.000610 0.317801
0.000641 0.318034
0.000641 0.318267
0.000641 0.3185
0.000641 0.318733
0.000641 0.318966
0.000645 0.319199
0.000656 0.319432
0.000656 0.319664
0.000660 0.319897
0.000668 0.32013
0.000671 0.320363
0.000671 0.320596
0.000671 0.320829
0.000671 0.321062
0.000671 0.321295
0.000671 0.321528
0.000671 0.321761
0.000671 0.321994
0.000671 0.322227
0.000694 0.32246
0.000717 0.322693
0.000732 0.322926
0.000732 0.323159
0.000732 0.323392
0.000732 0.323625
0.000732 0.323858
0.000732 0.324091
0.000732 0.324324
0.000732 0.324557
0.000732 0.32479
0.000732 0.325023
0.000732 0.325256
0.000732 0.325489
0.000732 0.325722
0.000732 0.325955
0.000732 0.326188
0.000732 0.326421
0.000732 0.326654
0.000732 0.326887
0.000732 0.32712
0.000732 0.327353
0.000732 0.327586
0.000732 0.327819
0.000732 0.328052
0.000732 0.328285
0.000732 0.328518
0.000732 0.328751
0.000732 0.328984
0.000732 0.329217
0.000732 0.32945
0.000732 0.329683
0.000732 0.329916
0.000732 0.330149
0.000732 0.330382
0.000732 0.330615
0.000732 0.330848
0.000732 0.331081
0.000732 0.331314
0.000732 0.331547
0.000732 0.33178
0.000732 0.332013
0.000748 0.332246
0.000763 0.332479
0.000778 0.332712
0.000778 0.332945
0.000778 0.333178
0.000778 0.333411
0.000778 0.333644
0.000782 0.333877
0.000786 0.33411
0.000793 0.334343
0.000793 0.334576
0.000793 0.334809
0.000793 0.335042
0.000793 0.335275
0.000793 0.335508
0.000793 0.335741
0.000793 0.335974
0.000793 0.336207
0.000793 0.33644
0.000793 0.336673
0.000793 0.336906
0.000797 0.337139
0.000797 0.337372
0.000801 0.337605
0.000809 0.337838
0.000824 0.338071
0.000824 0.338304
0.000824 0.338537
0.000824 0.33877
0.000828 0.339003
0.000839 0.339236
0.000854 0.339469
0.000854 0.339702
0.000854 0.339935
0.000854 0.340168
0.000854 0.340401
0.000854 0.340634
0.000854 0.340867
0.000854 0.3411
0.000854 0.341333
0.000854 0.341566
0.000854 0.341799
0.000854 0.342032
0.000854 0.342265
0.000854 0.342498
0.000854 0.342731
0.000854 0.342964
0.000916 0.343197
0.000938 0.34343
0.000946 0.343663
0.000946 0.343896
0.000946 0.344129
0.000946 0.344362
0.000946 0.344595
0.000946 0.344828
0.000946 0.345061
0.000950 0.345294
0.000950 0.345527
0.000950 0.34576
0.000961 0.345993
0.000961 0.346226
0.000961 0.346459
0.000961 0.346692
0.000961 0.346925
0.000961 0.347158
0.000961 0.34739
0.000977 0.347623
0.000977 0.347856
0.000977 0.348089
0.000977 0.348322
0.000977 0.348555
0.000977 0.348788
0.000977 0.349021
0.000977 0.349254
0.000977 0.349487
0.000977 0.34972
0.000977 0.349953
0.000977 0.350186
0.000977 0.350419
0.000977 0.350652
0.000977 0.350885
0.000977 0.351118
0.000977 0.351351
0.000977 0.351584
0.000977 0.351817
0.000977 0.35205
0.000977 0.352283
0.000977 0.352516
0.000977 0.352749
0.000977 0.352982
0.000992 0.353215
0.000999 0.353448
0.001022 0.353681
0.001022 0.353914
0.001053 0.354147
0.001099 0.35438
0.001099 0.354613
0.001099 0.354846
0.001099 0.355079
0.001099 0.355312
0.001099 0.355545
0.001099 0.355778
0.001099 0.356011
0.001099 0.356244
0.001099 0.356477
0.001099 0.35671
0.001099 0.356943
0.001099 0.357176
0.001099 0.357409
0.001099 0.357642
0.001099 0.357875
0.001106 0.358108
0.001114 0.358341
0.001114 0.358574
0.001114 0.358807
0.001114 0.35904
0.001114 0.359273
0.001114 0.359506
0.001122 0.359739
0.001122 0.359972
0.001129 0.360205
0.001137 0.360438
0.001156 0.360671
0.001221 0.360904
0.001221 0.361137
0.001221 0.36137
0.001221 0.361603
0.001221 0.361836
0.001221 0.362069
0.001221 0.362302
0.001221 0.362535
0.001221 0.362768
0.001221 0.363001
0.001221 0.363234
0.001251 0.363467
0.001259 0.3637
0.001266 0.363933
0.001266 0.364166
0.001266 0.364399
0.001266 0.364632
0.001270 0.364865
0.001270 0.365098
0.001282 0.365331
0.001282 0.365564
0.001282 0.365797
0.001286 0.36603
0.001312 0.366263
0.001312 0.366496
0.001343 0.366729
0.001343 0.366962
0.001343 0.367195
0.001343 0.367428
0.001343 0.367661
0.001373 0.367894
0.001389 0.368127
0.001404 0.36836
0.001404 0.368593
0.001404 0.368826
0.001404 0.369059
0.001419 0.369292
0.001419 0.369525
0.001431 0.369758
0.001434 0.369991
0.001434 0.370224
0.001446 0.370457
0.001465 0.37069
0.001465 0.370923
0.001465 0.371156
0.001465 0.371389
0.001465 0.371622
0.001465 0.371855
0.001465 0.372088
0.001465 0.372321
0.001465 0.372554
0.001465 0.372787
0.001465 0.37302
0.001465 0.373253
0.001465 0.373486
0.001465 0.373719
0.001465 0.373952
0.001465 0.374185
0.001465 0.374418
0.001465 0.374651
0.001465 0.374884
0.001480 0.375116
0.001495 0.375349
0.001518 0.375582
0.001526 0.375815
0.001534 0.376048
0.001556 0.376281
0.001572 0.376514
0.001579 0.376747
0.001579 0.37698
0.001583 0.377213
0.001587 0.377446
0.001587 0.377679
0.001587 0.377912
0.001587 0.378145
0.001587 0.378378
0.001587 0.378611
0.001587 0.378844
0.001587 0.379077
0.001587 0.37931
0.001587 0.379543
0.001587 0.379776
0.001587 0.380009
0.001587 0.380242
0.001602 0.380475
0.001648 0.380708
0.001648 0.380941
0.001648 0.381174
0.001698 0.381407
0.001709 0.38164
0.001709 0.381873
0.001709 0.382106
0.001709 0.382339
0.001709 0.382572
0.001709 0.382805
0.001709 0.383038
0.001709 0.383271
0.001709 0.383504
0.001709 0.383737
0.001709 0.38397
0.001709 0.384203
0.001709 0.384436
0.001709 0.384669
0.001709 0.384902
0.001709 0.385135
0.001709 0.385368
0.001709 0.385601
0.001709 0.385834
0.001709 0.386067
0.001709 0.3863
0.001709 0.386533
0.001709 0.386766
0.001709 0.386999
0.001709 0.387232
0.001709 0.387465
0.001709 0.387698
0.001709 0.387931
0.001709 0.388164
0.001709 0.388397
0.001709 0.38863
0.001709 0.388863
0.001709 0.389096
0.001709 0.389329
0.001709 0.389562
0.001709 0.389795
0.001709 0.390028
0.001709 0.390261
0.001709 0.390494
0.001709 0.390727
0.001709 0.39096
0.001709 0.391193
0.001709 0.391426
0.001709 0.391659
0.001709 0.391892
0.001709 0.392125
0.001709 0.392358
0.001709 0.392591
0.001709 0.392824
0.001709 0.393057
0.001724 0.39329
0.001724 0.393523
0.001740 0.393756
0.001740 0.393989
0.001755 0.394222
0.001766 0.394455
0.001770 0.394688
0.001770 0.394921
0.001770 0.395154
0.001770 0.395387
0.001831 0.39562
0.001831 0.395853
0.001831 0.396086
0.001831 0.396319
0.001831 0.396552
0.001831 0.396785
0.001831 0.397018
0.001831 0.397251
0.001831 0.397484
0.001831 0.397717
0.001831 0.39795
0.001831 0.398183
0.001831 0.398416
0.001831 0.398649
0.001831 0.398882
0.001831 0.399115
0.001831 0.399348
0.001831 0.399581
0.001862 0.399814
0.001862 0.400047
0.001869 0.40028
0.001877 0.400513
0.001877 0.400746
0.001877 0.400979
0.001892 0.401212
0.001892 0.401445
0.001892 0.401678
0.001915 0.401911
0.001923 0.402144
0.001923 0.402377
0.001923 0.40261
0.001930 0.402842
0.001953 0.403075
0.001953 0.403308
0.001953 0.403541
0.001953 0.403774
0.001953 0.404007
0.001953 0.40424
0.001953 0.404473
0.001953 0.404706
0.001953 0.404939
0.001953 0.405172
0.001953 0.405405
0.001953 0.405638
0.001953 0.405871
0.001953 0.406104
0.001953 0.406337
0.001953 0.40657
0.001953 0.406803
0.001953 0.407036
0.001953 0.407269
0.001953 0.407502
0.001953 0.407735
0.001953 0.407968
0.001953 0.408201
0.001953 0.408434
0.001953 0.408667
0.001953 0.4089
0.001953 0.409133
0.001953 0.409366
0.001953 0.409599
0.001953 0.409832
0.001953 0.410065
0.001953 0.410298
0.001953 0.410531
0.001953 0.410764
0.001953 0.410997
0.001953 0.41123
0.001953 0.411463
0.001953 0.411696
0.001953 0.411929
0.001953 0.412162
0.001953 0.412395
0.001953 0.412628
0.001953 0.412861
0.001953 0.413094
0.001953 0.413327
0.001953 0.41356
0.001953 0.413793
0.001953 0.414026
0.001953 0.414259
0.001953 0.414492
0.001953 0.414725
0.001961 0.414958
0.001984 0.415191
0.001984 0.415424
0.001984 0.415657
0.002014 0.41589
0.002014 0.416123
0.002029 0.416356
0.002029 0.416589
0.002045 0.416822
0.002045 0.417055
0.002045 0.417288
0.002075 0.417521
0.002075 0.417754
0.002075 0.417987
0.002075 0.41822
0.002075 0.418453
0.002075 0.418686
0.002075 0.418919
0.002075 0.419152
0.002075 0.419385
0.002075 0.419618
0.002075 0.419851
0.002075 0.420084
0.002075 0.420317
0.002075 0.42055
0.002075 0.420783
0.002075 0.421016
0.002075 0.421249
0.002075 0.421482
0.002136 0.421715
0.002136 0.421948
0.002136 0.422181
0.002197 0.422414
0.002197 0.422647
0.002197 0.42288
0.002197 0.423113
0.002197 0.423346
0.002197 0.423579
0.002197 0.423812
0.002197 0.424045
0.002197 0.424278
0.002197 0.424511
0.002197 0.424744
0.002197 0.424977
0.002197 0.42521
0.002197 0.425443
0.002197 0.425676
0.002197 0.425909
0.002197 0.426142
0.002197 0.426375
0.002197 0.426608
0.002197 0.426841
0.002197 0.427074
0.002197 0.427307
0.002197 0.42754
0.002197 0.427773
0.002197 0.428006
0.002197 0.428239
0.002197 0.428472
0.002197 0.428705
0.002197 0.428938
0.002197 0.429171
0.002197 0.429404
0.002197 0.429637
0.002197 0.42987
0.002197 0.430103
0.002197 0.430336
0.002197 0.430568
0.002197 0.430801
0.002197 0.431034
0.002197 0.431267
0.002197 0.4315
0.002197 0.431733
0.002197 0.431966
0.002197 0.432199
0.002197 0.432432
0.002197 0.432665
0.002197 0.432898
0.002197 0.433131
0.002197 0.433364
0.002197 0.433597
0.002197 0.43383
0.002213 0.434063
0.002213 0.434296
0.002258 0.434529
0.002258 0.434762
0.002258 0.434995
0.002258 0.435228
0.002258 0.435461
0.002258 0.435694
0.002289 0.435927
0.002289 0.43616
0.002289 0.436393
0.002289 0.436626
0.002319 0.436859
0.002319 0.437092
0.002319 0.437325
0.002319 0.437558
0.002319 0.437791
0.002319 0.438024
0.002319 0.438257
0.002319 0.43849
0.002319 0.438723
0.002319 0.438956
0.002319 0.439189
0.002319 0.439422
0.002335 0.439655
0.002350 0.439888
0.002350 0.440121
0.002380 0.440354
0.002380 0.440587
0.002380 0.44082
0.002380 0.441053
0.002396 0.441286
0.002411 0.441519
0.002426 0.441752
0.002441 0.441985
0.002441 0.442218
0.002441 0.442451
0.002441 0.442684
0.002441 0.442917
0.002441 0.44315
0.002441 0.443383
0.002441 0.443616
0.002441 0.443849
0.002441 0.444082
0.002441 0.444315
0.002441 0.444548
0.002441 0.444781
0.002441 0.445014
0.002441 0.445247
0.002441 0.44548
0.002441 0.445713
0.002441 0.445946
0.002441 0.446179
0.002441 0.446412
0.002441 0.446645
0.002441 0.446878
0.002441 0.447111
0.002441 0.447344
0.002441 0.447577
0.002441 0.44781
0.002441 0.448043
0.002441 0.448276
0.002441 0.448509
0.002441 0.448742
0.002441 0.448975
0.002441 0.449208
0.002441 0.449441
0.002441 0.449674
0.002441 0.449907
0.002441 0.45014
0.002441 0.450373
0.002441 0.450606
0.002441 0.450839
0.002441 0.451072
0.002441 0.451305
0.002441 0.451538
0.002441 0.451771
0.002441 0.452004
0.002441 0.452237
0.002441 0.45247
0.002472 0.452703
0.002502 0.452936
0.002502 0.453169
0.002502 0.453402
0.002502 0.453635
0.002502 0.453868
0.002502 0.454101
0.002502 0.454334
0.002518 0.454567
0.002533 0.4548
0.002533 0.455033
0.002533 0.455266
0.002533 0.455499
0.002563 0.455732
0.002563 0.455965
0.002563 0.456198
0.002563 0.456431
0.002563 0.456664
0.002563 0.456897
0.002563 0.45713
0.002563 0.457363
0.002563 0.457596
0.002563 0.457829
0.002563 0.458062
0.002563 0.458295
0.002594 0.458527
0.002594 0.45876
0.002594 0.458993
0.002594 0.459226
0.002594 0.459459
0.002598 0.459692
0.002625 0.459925
0.002625 0.460158
0.002625 0.460391
0.002625 0.460624
0.002625 0.460857
0.002625 0.46109
0.002640 0.461323
0.002647 0.461556
0.002655 0.461789
0.002655 0.462022
0.002670 0.462255
0.002670 0.462488
0.002686 0.462721
0.002686 0.462954
0.002686 0.463187
0.002686 0.46342
0.002686 0.463653
0.002686 0.463886
0.002686 0.464119
0.002686 0.464352
0.002686 0.464585
0.002686 0.464818
0.002686 0.465051
0.002686 0.465284
0.002686 0.465517
0.002686 0.46575
0.002686 0.465983
0.002686 0.466216
0.002686 0.466449
0.002686 0.466682
0.002686 0.466915
0.002686 0.467148
0.002686 0.467381
0.002686 0.467614
0.002686 0.467847
0.002686 0.46808
0.002686 0.468313
0.002686 0.468546
0.002686 0.468779
0.002686 0.469012
0.002686 0.469245
0.002686 0.469478
0.002686 0.469711
0.002686 0.469944
0.002686 0.470177
0.002686 0.47041
0.002686 0.470643
0.002686 0.470876
0.002686 0.471109
0.002686 0.471342
0.002686 0.471575
0.002686 0.471808
0.002686 0.472041
0.002686 0.472274
0.002686 0.472507
0.002686 0.47274
0.002686 0.472973
0.002686 0.473206
0.002686 0.473439
0.002686 0.473672
0.002686 0.473905
0.002686 0.474138
0.002686 0.474371
0.002686 0.474604
0.002686 0.474837
0.002686 0.47507
0.002686 0.475303
0.002686 0.475536
0.002686 0.475769
0.002686 0.476002
0.002686 0.476235
0.002686 0.476468
0.002686 0.476701
0.002686 0.476934
0.002686 0.477167
0.002686 0.4774
0.002686 0.477633
0.002686 0.477866
0.002686 0.478099
0.002701 0.478332
0.002747 0.478565
0.002747 0.478798
0.002747 0.479031
0.002747 0.479264
0.002747 0.479497
0.002777 0.47973
0.002792 0.479963
0.002808 0.480196
0.002808 0.480429
0.002808 0.480662
0.002808 0.480895
0.002808 0.481128
0.002808 0.481361
0.002808 0.481594
0.002808 0.481827
0.002808 0.48206
0.002808 0.482293
0.002808 0.482526
0.002808 0.482759
0.002808 0.482992
0.002838 0.483225
0.002838 0.483458
0.002853 0.483691
0.002853 0.483924
0.002869 0.484157
0.002869 0.48439
0.002869 0.484623
0.002869 0.484856
0.002884 0.485089
0.002899 0.485322
0.002899 0.485555
0.002930 0.485788
0.002930 0.486021
0.002930 0.486253
0.002930 0.486486
0.002930 0.486719
0.002930 0.486952
0.002930 0.487185
0.002930 0.487418
0.002930 0.487651
0.002930 0.487884
0.002930 0.488117
0.002930 0.48835
0.002930 0.488583
0.002930 0.488816
0.002930 0.489049
0.002930 0.489282
0.002930 0.489515
0.002930 0.489748
0.002930 0.489981
0.002930 0.490214
0.002930 0.490447
0.002930 0.49068
0.002930 0.490913
0.002930 0.491146
0.002930 0.491379
0.002930 0.491612
0.002930 0.491845
0.002930 0.492078
0.002930 0.492311
0.002930 0.492544
0.002930 0.492777
0.002930 0.49301
0.002930 0.493243
0.002930 0.493476
0.002930 0.493709
0.002930 0.493942
0.002930 0.494175
0.002930 0.494408
0.002930 0.494641
0.002930 0.494874
0.002930 0.495107
0.002930 0.49534
0.002930 0.495573
0.002930 0.495806
0.002930 0.496039
0.002930 0.496272
0.002930 0.496505
0.002930 0.496738
0.002930 0.496971
0.002930 0.497204
0.002930 0.497437
0.002930 0.49767
0.002930 0.497903
0.002930 0.498136
0.002930 0.498369
0.002930 0.498602
0.002930 0.498835
0.002930 0.499068
0.002930 0.499301
0.002930 0.499534
0.002930 0.499767
0.002930 0.5
0.002930 0.500233
0.002930 0.500466
0.002945 0.500699
0.002975 0.500932
0.002975 0.501165
0.002991 0.501398
0.002991 0.501631
0.002991 0.501864
0.002991 0.502097
0.002991 0.50233
0.002991 0.502563
0.003036 0.502796
0.003052 0.503029
0.003052 0.503262
0.003052 0.503495
0.003052 0.503728
0.003052 0.503961
0.003052 0.504194
0.003052 0.504427
0.003052 0.50466
0.003052 0.504893
0.003052 0.505126
0.003052 0.505359
0.003052 0.505592
0.003052 0.505825
0.003052 0.506058
0.003052 0.506291
0.003052 0.506524
0.003052 0.506757
0.003052 0.50699
0.003052 0.507223
0.003052 0.507456
0.003052 0.507689
0.003052 0.507922
0.003052 0.508155
0.003052 0.508388
0.003113 0.508621
0.003113 0.508854
0.003113 0.509087
0.003113 0.50932
0.003113 0.509553
0.003113 0.509786
0.003120 0.510019
0.003159 0.510252
0.003174 0.510485
0.003174 0.510718
0.003174 0.510951
0.003174 0.511184
0.003174 0.511417
0.003174 0.51165
0.003174 0.511883
0.003174 0.512116
0.003174 0.512349
0.003174 0.512582
0.003174 0.512815
0.003174 0.513048
0.003174 0.513281
0.003174 0.513514
0.003174 0.513747
0.003174 0.513979
0.003174 0.514212
0.003174 0.514445
0.003174 0.514678
0.003174 0.514911
0.003174 0.515144
0.003174 0.515377
0.003174 0.51561
0.003174 0.515843
0.003174 0.516076
0.003174 0.516309
0.003174 0.516542
0.003174 0.516775
0.003174 0.517008
0.003174 0.517241
0.003174 0.517474
0.003174 0.517707
0.003174 0.51794
0.003174 0.518173
0.003174 0.518406
0.003174 0.518639
0.003174 0.518872
0.003174 0.519105
0.003174 0.519338
0.003174 0.519571
0.003174 0.519804
0.003174 0.520037
0.003174 0.52027
0.003174 0.520503
0.003174 0.520736
0.003174 0.520969
0.003174 0.521202
0.003174 0.521435
0.003174 0.521668
0.003174 0.521901
0.003174 0.522134
0.003174 0.522367
0.003204 0.5226
0.003204 0.522833
0.003235 0.523066
0.003235 0.523299
0.003235 0.523532
0.003235 0.523765
0.003235 0.523998
0.003235 0.524231
0.003265 0.524464
0.003265 0.524697
0.003265 0.52493
0.003281 0.525163
0.003296 0.525396
0.003296 0.525629
0.003296 0.525862
0.003296 0.526095
0.003296 0.526328
0.003296 0.526561
0.003296 0.526794
0.003296 0.527027
0.003296 0.52726
0.003296 0.527493
0.003296 0.527726
0.003296 0.527959
0.003296 0.528192
0.003296 0.528425
0.003296 0.528658
0.003296 0.528891
0.003296 0.529124
0.003296 0.529357
0.003296 0.52959
0.003326 0.529823
0.003326 0.530056
0.003357 0.530289
0.003357 0.530522
0.003357 0.530755
0.003387 0.530988
0.003418 0.531221
0.003418 0.531454
0.003418 0.531687
0.003418 0.53192
0.003418 0.532153
0.003418 0.532386
0.003418 0.532619
0.003418 0.532852
0.003418 0.533085
0.003418 0.533318
0.003418 0.533551
0.003418 0.533784
0.003418 0.534017
0.003418 0.53425
0.003418 0.534483
0.003418 0.534716
0.003418 0.534949
0.003418 0.535182
0.003418 0.535415
0.003418 0.535648
0.003418 0.535881
0.003418 0.536114
0.003418 0.536347
0.003418 0.53658
0.003418 0.536813
0.003418 0.537046
0.003418 0.537279
0.003418 0.537512
0.003418 0.537745
0.003418 0.537978
0.003418 0.538211
0.003418 0.538444
0.003418 0.538677
0.003418 0.53891
0.003418 0.539143
0.003418 0.539376
0.003418 0.539609
0.003418 0.539842
0.003418 0.540075
0.003418 0.540308
0.003418 0.540541
0.003418 0.540774
0.003418 0.541007
0.003418 0.54124
0.003418 0.541473
0.003418 0.541705
0.003418 0.541938
0.003448 0.542171
0.003448 0.542404
0.003448 0.542637
0.003479 0.54287
0.003479 0.543103
0.003479 0.543336
0.003479 0.543569
0.003494 0.543802
0.003510 0.544035
0.003540 0.544268
0.003540 0.544501
0.003540 0.544734
0.003540 0.544967
0.003540 0.5452
0.003540 0.545433
0.003540 0.545666
0.003540 0.545899
0.003540 0.546132
0.003540 0.546365
0.003540 0.546598
0.003540 0.546831
0.003540 0.547064
0.003540 0.547297
0.003540 0.54753
0.003540 0.547763
0.003540 0.547996
0.003540 0.548229
0.003540 0.548462
0.003540 0.548695
0.003540 0.548928
0.003540 0.549161
0.003540 0.549394
0.003540 0.549627
0.003540 0.54986
0.003540 0.550093
0.003540 0.550326
0.003540 0.550559
0.003586 0.550792
0.003601 0.551025
0.003601 0.551258
0.003601 0.551491
0.003601 0.551724
0.003601 0.551957
0.003662 0.55219
0.003662 0.552423
0.003662 0.552656
0.003662 0.552889
0.003662 0.553122
0.003662 0.553355
0.003662 0.553588
0.003662 0.553821
0.003662 0.554054
0.003662 0.554287
0.003662 0.55452
0.003662 0.554753
0.003662 0.554986
0.003662 0.555219
0.003662 0.555452
0.003662 0.555685
0.003662 0.555918
0.003662 0.556151
0.003662 0.556384
0.003662 0.556617
0.003662 0.55685
0.003662 0.557083
0.003662 0.557316
0.003662 0.557549
0.003662 0.557782
0.003662 0.558015
0.003662 0.558248
0.003662 0.558481
0.003662 0.558714
0.003662 0.558947
0.003662 0.55918
0.003662 0.559413
0.003662 0.559646
0.003662 0.559879
0.003662 0.560112
0.003662 0.560345
0.003662 0.560578
0.003662 0.560811
0.003662 0.561044
0.003662 0.561277
0.003662 0.56151
0.003662 0.561743
0.003662 0.561976
0.003662 0.562209
0.003662 0.562442
0.003662 0.562675
0.003662 0.562908
0.003662 0.563141
0.003662 0.563374
0.003662 0.563607
0.003662 0.56384
0.003662 0.564073
0.003662 0.564306
0.003693 0.564539
0.003693 0.564772
0.003723 0.565005
0.003723 0.565238
0.003723 0.565471
0.003723 0.565704
0.003723 0.565937
0.003723 0.56617
0.003723 0.566403
0.003784 0.566636
0.003784 0.566869
0.003784 0.567102
0.003784 0.567335
0.003784 0.567568
0.003784 0.567801
0.003784 0.568034
0.003784 0.568267
0.003784 0.5685
0.003784 0.568733
0.003784 0.568966
0.003784 0.569199
0.003784 0.569432
0.003815 0.569664
0.003830 0.569897
0.003845 0.57013
0.003845 0.570363
0.003845 0.570596
0.003845 0.570829
0.003876 0.571062
0.003906 0.571295
0.003906 0.571528
0.003906 0.571761
0.003906 0.571994
0.003906 0.572227
0.003906 0.57246
0.003906 0.572693
0.003906 0.572926
0.003906 0.573159
0.003906 0.573392
0.003906 0.573625
0.003906 0.573858
0.003906 0.574091
0.003906 0.574324
0.003906 0.574557
0.003906 0.57479
0.003906 0.575023
0.003906 0.575256
0.003906 0.575489
0.003906 0.575722
0.003906 0.575955
0.003906 0.576188
0.003906 0.576421
0.003906 0.576654
0.003906 0.576887
0.003906 0.57712
0.003906 0.577353
0.003906 0.577586
0.003906 0.577819
0.003906 0.578052
0.003906 0.578285
0.003906 0.578518
0.003906 0.578751
0.003906 0.578984
0.003906 0.579217
0.003906 0.57945
0.003906 0.579683
0.003906 0.579916
0.003906 0.580149
0.003906 0.580382
0.003906 0.580615
0.003906 0.580848
0.003906 0.581081
0.003906 0.581314
0.003906 0.581547
0.003906 0.58178
0.003906 0.582013
0.003906 0.582246
0.003906 0.582479
0.003906 0.582712
0.003906 0.582945
0.003906 0.583178
0.003906 0.583411
0.003906 0.583644
0.003906 0.583877
0.003906 0.58411
0.003906 0.584343
0.003906 0.584576
0.003906 0.584809
0.003906 0.585042
0.003906 0.585275
0.003906 0.585508
0.003906 0.585741
0.003906 0.585974
0.003906 0.586207
0.003906 0.58644
0.003906 0.586673
0.003922 0.586906
0.003937 0.587139
0.003967 0.587372
0.003967 0.587605
0.003998 0.587838
0.003998 0.588071
0.004028 0.588304
0.004028 0.588537
0.004028 0.58877
0.004028 0.589003
0.004028 0.589236
0.004028 0.589469
0.004028 0.589702
0.004028 0.589935
0.004028 0.590168
0.004028 0.590401
0.004028 0.590634
0.004028 0.590867
0.004028 0.5911
0.004028 0.591333
0.004059 0.591566
0.004089 0.591799
0.004089 0.592032
0.004089 0.592265
0.004089 0.592498
0.004135 0.592731
0.004150 0.592964
0.004150 0.593197
0.004150 0.59343
0.004150 0.593663
0.004150 0.593896
0.004150 0.594129
0.004150 0.594362
0.004150 0.594595
0.004150 0.594828
0.004150 0.595061
0.004150 0.595294
0.004150 0.595527
0.004150 0.59576
0.004150 0.595993
0.004150 0.596226
0.004150 0.596459
0.004150 0.596692
0.004150 0.596925
0.004150 0.597158
0.004150 0.59739
0.004150 0.597623
0.004150 0.597856
0.004150 0.598089
0.004150 0.598322
0.004150 0.598555
0.004150 0.598788
0.004150 0.599021
0.004150 0.599254
0.004150 0.599487
0.004150 0.59972
0.004150 0.599953
0.004150 0.600186
0.004150 0.600419
0.004150 0.600652
0.004150 0.600885
0.004150 0.601118
0.004150 0.601351
0.004150 0.601584
0.004150 0.601817
0.004150 0.60205
0.004150 0.602283
0.004150 0.602516
0.004150 0.602749
0.004150 0.602982
0.004150 0.603215
0.004150 0.603448
0.004150 0.603681
0.004150 0.603914
0.004150 0.604147
0.004150 0.60438
0.004150 0.604613
0.004150 0.604846
0.004150 0.605079
0.004150 0.605312
0.004150 0.605545
0.004150 0.605778
0.004150 0.606011
0.004150 0.606244
0.004150 0.606477
0.004150 0.60671
0.004181 0.606943
0.004211 0.607176
0.004211 0.607409
0.004211 0.607642
0.004211 0.607875
0.004211 0.608108
0.004211 0.608341
0.004211 0.608574
0.004211 0.608807
0.004211 0.60904
0.004242 0.609273
0.004257 0.609506
0.004272 0.609739
0.004272 0.609972
0.004272 0.610205
0.004272 0.610438
0.004272 0.610671
0.004272 0.610904
0.004272 0.611137
0.004272 0.61137
0.004272 0.611603
0.004272 0.611836
0.004272 0.612069
0.004272 0.612302
0.004272 0.612535
0.004272 0.612768
0.004272 0.613001
0.004272 0.613234
0.004272 0.613467
0.004272 0.6137
0.004272 0.613933
0.004272 0.614166
0.004272 0.614399
0.004272 0.614632
0.004288 0.614865
0.004318 0.615098
0.004333 0.615331
0.004333 0.615564
0.004364 0.615797
0.004379 0.61603
0.004395 0.616263
0.004395 0.616496
0.004395 0.616729
0.004395 0.616962
0.004395 0.617195
0.004395 0.617428
0.004395 0.617661
0.004395 0.617894
0.004395 0.618127
0.004395 0.61836
0.004395 0.618593
0.004395 0.618826
0.004395 0.619059
0.004395 0.619292
0.004395 0.619525
0.004395 0.619758
0.004395 0.619991
0.004395 0.620224
0.004395 0.620457
0.004395 0.62069
0.004395 0.620923
0.004395 0.621156
0.004395 0.621389
0.004395 0.621622
0.004395 0.621855
0.004395 0.622088
0.004395 0.622321
0.004395 0.622554
0.004395 0.622787
0.004395 0.62302
0.004395 0.623253
0.004395 0.623486
0.004395 0.623719
0.004395 0.623952
0.004395 0.624185
0.004395 0.624418
0.004395 0.624651
0.004395 0.624884
0.004395 0.625116
0.004395 0.625349
0.004395 0.625582
0.004395 0.625815
0.004395 0.626048
0.004395 0.626281
0.004395 0.626514
0.004395 0.626747
0.004456 0.62698
0.004456 0.627213
0.004456 0.627446
0.004456 0.627679
0.004456 0.627912
0.004486 0.628145
0.004486 0.628378
0.004501 0.628611
0.004517 0.628844
0.004517 0.629077
0.004517 0.62931
0.004517 0.629543
0.004517 0.629776
0.004517 0.630009
0.004517 0.630242
0.004517 0.630475
0.004517 0.630708
0.004517 0.630941
0.004517 0.631174
0.004517 0.631407
0.004517 0.63164
0.004517 0.631873
0.004517 0.632106
0.004532 0.632339
0.004547 0.632572
0.004578 0.632805
0.004578 0.633038
0.004578 0.633271
0.004578 0.633504
0.004578 0.633737
0.004578 0.63397
0.004578 0.634203
0.004578 0.634436
0.004578 0.634669
0.004593 0.634902
0.004639 0.635135
0.004639 0.635368
0.004639 0.635601
0.004639 0.635834
0.004639 0.636067
0.004639 0.6363
0.004639 0.636533
0.004639 0.636766
0.004639 0.636999
0.004639 0.637232
0.004639 0.637465
0.004639 0.637698
0.004639 0.637931
0.004639 0.638164
0.004639 0.638397
0.004639 0.63863
0.004639 0.638863
0.004639 0.639096
0.004639 0.639329
0.004639 0.639562
0.004639 0.639795
0.004639 0.640028
0.004639 0.640261
0.004639 0.640494
0.004639 0.640727
0.004639 0.64096
0.004639 0.641193
0.004639 0.641426
0.004639 0.641659
0.004639 0.641892
0.004639 0.642125
0.004639 0.642358
0.004639 0.642591
0.004639 0.642824
0.004639 0.643057
0.004639 0.64329
0.004639 0.643523
0.004639 0.643756
0.004639 0.643989
0.004639 0.644222
0.004639 0.644455
0.004639 0.644688
0.004639 0.644921
0.004639 0.645154
0.004639 0.645387
0.004639 0.64562
0.004639 0.645853
0.004639 0.646086
0.004669 0.646319
0.004684 0.646552
0.004684 0.646785
0.004700 0.647018
0.004700 0.647251
0.004700 0.647484
0.004700 0.647717
0.004715 0.64795
0.004745 0.648183
0.004761 0.648416
0.004761 0.648649
0.004761 0.648882
0.004761 0.649115
0.004761 0.649348
0.004761 0.649581
0.004761 0.649814
0.004761 0.650047
0.004761 0.65028
0.004761 0.650513
0.004761 0.650746
0.004761 0.650979
0.004761 0.651212
0.004761 0.651445
0.004761 0.651678
0.004787 0.651911
0.004807 0.652144
0.004807 0.652377
0.004822 0.65261
0.004822 0.652842
0.004852 0.653075
0.004852 0.653308
0.004868 0.653541
0.004883 0.653774
0.004883 0.654007
0.004883 0.65424
0.004883 0.654473
0.004883 0.654706
0.004883 0.654939
0.004883 0.655172
0.004883 0.655405
0.004883 0.655638
0.004883 0.655871
0.004883 0.656104
0.004883 0.656337
0.004883 0.65657
0.004883 0.656803
0.004883 0.657036
0.004883 0.657269
0.004883 0.657502
0.004883 0.657735
0.004883 0.657968
0.004883 0.658201
0.004883 0.658434
0.004883 0.658667
0.004883 0.6589
0.004883 0.659133
0.004883 0.659366
0.004883 0.659599
0.004883 0.659832
0.004883 0.660065
0.004883 0.660298
0.004883 0.660531
0.004883 0.660764
0.004883 0.660997
0.004883 0.66123
0.004883 0.661463
0.004883 0.661696
0.004883 0.661929
0.004883 0.662162
0.004883 0.662395
0.004883 0.662628
0.004883 0.662861
0.004883 0.663094
0.004883 0.663327
0.004883 0.66356
0.004883 0.663793
0.004883 0.664026
0.004883 0.664259
0.004883 0.664492
0.004883 0.664725
0.004883 0.664958
0.004883 0.665191
0.004883 0.665424
0.004898 0.665657
0.004898 0.66589
0.004929 0.666123
0.004929 0.666356
0.004944 0.666589
0.004944 0.666822
0.004944 0.667055
0.004944 0.667288
0.004944 0.667521
0.004944 0.667754
0.005005 0.667987
0.005005 0.66822
0.005005 0.668453
0.005005 0.668686
0.005005 0.668919
0.005005 0.669152
0.005005 0.669385
0.005005 0.669618
0.005005 0.669851
0.005005 0.670084
0.005005 0.670317
0.005005 0.67055
0.005005 0.670783
0.005005 0.671016
0.005005 0.671249
0.005005 0.671482
0.005005 0.671715
0.005005 0.671948
0.005005 0.672181
0.005035 0.672414
0.005066 0.672647
0.005066 0.67288
0.005066 0.673113
0.005066 0.673346
0.005066 0.673579
0.005066 0.673812
0.005066 0.674045
0.005081 0.674278
0.005096 0.674511
0.005127 0.674744
0.005127 0.674977
0.005127 0.67521
0.005127 0.675443
0.005127 0.675676
0.005127 0.675909
0.005127 0.676142
0.005127 0.676375
0.005127 0.676608
0.005127 0.676841
0.005127 0.677074
0.005127 0.677307
0.005127 0.67754
0.005127 0.677773
0.005127 0.678006
0.005127 0.678239
0.005127 0.678472
0.005127 0.678705
0.005127 0.678938
0.005127 0.679171
0.005127 0.679404
0.005127 0.679637
0.005127 0.67987
0.005127 0.680103
0.005127 0.680336
0.005127 0.680568
0.005127 0.680801
0.005127 0.681034
0.005127 0.681267
0.005127 0.6815
0.005127 0.681733
0.005127 0.681966
0.005127 0.682199
0.005127 0.682432
0.005127 0.682665
0.005127 0.682898
0.005127 0.683131
0.005127 0.683364
0.005127 0.683597
0.005127 0.68383
0.005127 0.684063
0.005127 0.684296
0.005127 0.684529
0.005127 0.684762
0.005127 0.684995
0.005127 0.685228
0.005127 0.685461
0.005127 0.685694
0.005127 0.685927
0.005127 0.68616
0.005127 0.686393
0.005127 0.686626
0.005127 0.686859
0.005127 0.687092
0.005127 0.687325
0.005127 0.687558
0.005127 0.687791
0.005127 0.688024
0.005127 0.688257
0.005127 0.68849
0.005127 0.688723
0.005142 0.688956
0.005157 0.689189
0.005157 0.689422
0.005188 0.689655
0.005188 0.689888
0.005188 0.690121
0.005188 0.690354
0.005203 0.690587
0.005219 0.69082
0.005234 0.691053
0.005249 0.691286
0.005249 0.691519
0.005249 0.691752
0.005249 0.691985
0.005249 0.692218
0.005249 0.692451
0.005249 0.692684
0.005249 0.692917
0.005249 0.69315
0.005249 0.693383
0.005249 0.693616
0.005249 0.693849
0.005249 0.694082
0.005249 0.694315
0.005249 0.694548
0.005249 0.694781
0.005295 0.695014
0.005310 0.695247
0.005310 0.69548
0.005310 0.695713
0.005310 0.695946
0.005341 0.696179
0.005341 0.696412
0.005356 0.696645
0.005356 0.696878
0.005371 0.697111
0.005371 0.697344
0.005371 0.697577
0.005371 0.69781
0.005371 0.698043
0.005371 0.698276
0.005371 0.698509
0.005371 0.698742
0.005371 0.698975
0.005371 0.699208
0.005371 0.699441
0.005371 0.699674
0.005371 0.699907
0.005371 0.70014
0.005371 0.700373
0.005371 0.700606
0.005371 0.700839
0.005371 0.701072
0.005371 0.701305
0.005371 0.701538
0.005371 0.701771
0.005371 0.702004
0.005371 0.702237
0.005371 0.70247
0.005371 0.702703
0.005371 0.702936
0.005371 0.703169
0.005371 0.703402
0.005371 0.703635
0.005371 0.703868
0.005371 0.704101
0.005371 0.704334
0.005371 0.704567
0.005371 0.7048
0.005371 0.705033
0.005371 0.705266
0.005371 0.705499
0.005371 0.705732
0.005371 0.705965
0.005371 0.706198
0.005371 0.706431
0.005371 0.706664
0.005371 0.706897
0.005371 0.70713
0.005371 0.707363
0.005371 0.707596
0.005371 0.707829
0.005371 0.708062
0.005371 0.708295
0.005371 0.708527
0.005371 0.70876
0.005371 0.708993
0.005371 0.709226
0.005371 0.709459
0.005371 0.709692
0.005371 0.709925
0.005371 0.710158
0.005371 0.710391
0.005371 0.710624
0.005402 0.710857
0.005432 0.71109
0.005432 0.711323
0.005432 0.711556
0.005432 0.711789
0.005432 0.712022
0.005432 0.712255
0.005447 0.712488
0.005463 0.712721
0.005463 0.712954
0.005493 0.713187
0.005493 0.71342
0.005493 0.713653
0.005493 0.713886
0.005493 0.714119
0.005493 0.714352
0.005493 0.714585
0.005493 0.714818
0.005493 0.715051
0.005493 0.715284
0.005493 0.715517
0.005493 0.71575
0.005493 0.715983
0.005493 0.716216
0.005493 0.716449
0.005493 0.716682
0.005524 0.716915
0.005539 0.717148
0.005554 0.717381
0.005554 0.717614
0.005585 0.717847
0.005585 0.71808
0.005600 0.718313
0.005608 0.718546
0.005615 0.718779
0.005615 0.719012
0.005615 0.719245
0.005615 0.719478
0.005615 0.719711
0.005615 0.719944
0.005615 0.720177
0.005615 0.72041
0.005615 0.720643
0.005615 0.720876
0.005615 0.721109
0.005615 0.721342
0.005615 0.721575
0.005615 0.721808
0.005615 0.722041
0.005615 0.722274
0.005615 0.722507
0.005615 0.72274
0.005615 0.722973
0.005615 0.723206
0.005615 0.723439
0.005615 0.723672
0.005615 0.723905
0.005615 0.724138
0.005615 0.724371
0.005615 0.724604
0.005615 0.724837
0.005615 0.72507
0.005615 0.725303
0.005676 0.725536
0.005676 0.725769
0.005692 0.726002
0.005737 0.726235
0.005737 0.726468
0.005737 0.726701
0.005737 0.726934
0.005737 0.727167
0.005737 0.7274
0.005737 0.727633
0.005737 0.727866
0.005737 0.728099
0.005737 0.728332
0.005737 0.728565
0.005737 0.728798
0.005737 0.729031
0.005737 0.729264
0.005737 0.729497
0.005737 0.72973
0.005737 0.729963
0.005737 0.730196
0.005737 0.730429
0.005737 0.730662
0.005737 0.730895
0.005798 0.731128
0.005798 0.731361
0.005798 0.731594
0.005814 0.731827
0.005859 0.73206
0.005859 0.732293
0.005859 0.732526
0.005859 0.732759
0.005859 0.732992
0.005859 0.733225
0.005859 0.733458
0.005859 0.733691
0.005859 0.733924
0.005859 0.734157
0.005859 0.73439
0.005859 0.734623
0.005859 0.734856
0.005859 0.735089
0.005859 0.735322
0.005859 0.735555
0.005859 0.735788
0.005859 0.736021
0.005859 0.736253
0.005859 0.736486
0.005859 0.736719
0.005859 0.736952
0.005859 0.737185
0.005859 0.737418
0.005859 0.737651
0.005859 0.737884
0.005859 0.738117
0.005859 0.73835
0.005859 0.738583
0.005859 0.738816
0.005859 0.739049
0.005859 0.739282
0.005859 0.739515
0.005859 0.739748
0.005859 0.739981
0.005859 0.740214
0.005859 0.740447
0.005859 0.74068
0.005859 0.740913
0.005859 0.741146
0.005859 0.741379
0.005859 0.741612
0.005890 0.741845
0.005920 0.742078
0.005920 0.742311
0.005920 0.742544
0.005981 0.742777
0.005981 0.74301
0.005981 0.743243
0.005981 0.743476
0.005981 0.743709
0.005981 0.743942
0.005981 0.744175
0.005981 0.744408
0.005981 0.744641
0.005981 0.744874
0.005981 0.745107
0.005981 0.74534
0.005981 0.745573
0.006012 0.745806
0.006012 0.746039
0.006027 0.746272
0.006042 0.746505
0.006042 0.746738
0.006042 0.746971
0.006073 0.747204
0.006088 0.747437
0.006088 0.74767
0.006104 0.747903
0.006104 0.748136
0.006104 0.748369
0.006104 0.748602
0.006104 0.748835
0.006104 0.749068
0.006104 0.749301
0.006104 0.749534
0.006104 0.749767
0.006104 0.75
0.006104 0.750233
0.006104 0.750466
0.006104 0.750699
0.006104 0.750932
0.006104 0.751165
0.006104 0.751398
0.006104 0.751631
0.006104 0.751864
0.006104 0.752097
0.006104 0.75233
0.006104 0.752563
0.006104 0.752796
0.006104 0.753029
0.006104 0.753262
0.006104 0.753495
0.006104 0.753728
0.006104 0.753961
0.006104 0.754194
0.006104 0.754427
0.006104 0.75466
0.006104 0.754893
0.006104 0.755126
0.006104 0.755359
0.006104 0.755592
0.006104 0.755825
0.006104 0.756058
0.006104 0.756291
0.006104 0.756524
0.006104 0.756757
0.006104 0.75699
0.006104 0.757223
0.006104 0.757456
0.006104 0.757689
0.006104 0.757922
0.006104 0.758155
0.006119 0.758388
0.006165 0.758621
0.006165 0.758854
0.006165 0.759087
0.006165 0.75932
0.006165 0.759553
0.006165 0.759786
0.006165 0.760019
0.006195 0.760252
0.006226 0.760485
0.006226 0.760718
0.006226 0.760951
0.006226 0.761184
0.006226 0.761417
0.006226 0.76165
0.006226 0.761883
0.006226 0.762116
0.006226 0.762349
0.006226 0.762582
0.006226 0.762815
0.006226 0.763048
0.006241 0.763281
0.006256 0.763514
0.006256 0.763747
0.006256 0.763979
0.006287 0.764212
0.006287 0.764445
0.006287 0.764678
0.006287 0.764911
0.006287 0.765144
0.006302 0.765377
0.006348 0.76561
0.006348 0.765843
0.006348 0.766076
0.006348 0.766309
0.006348 0.766542
0.006348 0.766775
0.006348 0.767008
0.006348 0.767241
0.006348 0.767474
0.006348 0.767707
0.006348 0.76794
0.006348 0.768173
0.006348 0.768406
0.006348 0.768639
0.006348 0.768872
0.006348 0.769105
0.006348 0.769338
0.006348 0.769571
0.006348 0.769804
0.006348 0.770037
0.006348 0.77027
0.006348 0.770503
0.006348 0.770736
0.006348 0.770969
0.006348 0.771202
0.006348 0.771435
0.006348 0.771668
0.006348 0.771901
0.006348 0.772134
0.006348 0.772367
0.006348 0.7726
0.006348 0.772833
0.006348 0.773066
0.006348 0.773299
0.006348 0.773532
0.006348 0.773765
0.006348 0.773998
0.006348 0.774231
0.006348 0.774464
0.006348 0.774697
0.006348 0.77493
0.006348 0.775163
0.006348 0.775396
0.006348 0.775629
0.006348 0.775862
0.006348 0.776095
0.006363 0.776328
0.006378 0.776561
0.006393 0.776794
0.006409 0.777027
0.006409 0.77726
0.006439 0.777493
0.006439 0.777726
0.006470 0.777959
0.006470 0.778192
0.006470 0.778425
0.006470 0.778658
0.006470 0.778891
0.006470 0.779124
0.006470 0.779357
0.006470 0.77959
0.006470 0.779823
0.006470 0.780056
0.006470 0.780289
0.006470 0.780522
0.006470 0.780755
0.006470 0.780988
0.006470 0.781221
0.006500 0.781454
0.006531 0.781687
0.006531 0.78192
0.006531 0.782153
0.006531 0.782386
0.006531 0.782619
0.006531 0.782852
0.006561 0.783085
0.006592 0.783318
0.006592 0.783551
0.006592 0.783784
0.006592 0.784017
0.006592 0.78425
0.006592 0.784483
0.006592 0.784716
0.006592 0.784949
0.006592 0.785182
0.006592 0.785415
0.006592 0.785648
0.006592 0.785881
0.006592 0.786114
0.006592 0.786347
0.006592 0.78658
0.006592 0.786813
0.006592 0.787046
0.006592 0.787279
0.006592 0.787512
0.006592 0.787745
0.006592 0.787978
0.006592 0.788211
0.006592 0.788444
0.006592 0.788677
0.006592 0.78891
0.006592 0.789143
0.006592 0.789376
0.006592 0.789609
0.006592 0.789842
0.006592 0.790075
0.006592 0.790308
0.006592 0.790541
0.006592 0.790774
0.006607 0.791007
0.006668 0.79124
0.006683 0.791473
0.006699 0.791705
0.006699 0.791938
0.006699 0.792171
0.006699 0.792404
0.006714 0.792637
0.006714 0.79287
0.006714 0.793103
0.006714 0.793336
0.006714 0.793569
0.006714 0.793802
0.006714 0.794035
0.006714 0.794268
0.006714 0.794501
0.006714 0.794734
0.006714 0.794967
0.006714 0.7952
0.006714 0.795433
0.006729 0.795666
0.006775 0.795899
0.006790 0.796132
0.006790 0.796365
0.006805 0.796598
0.006836 0.796831
0.006836 0.797064
0.006836 0.797297
0.006836 0.79753
0.006836 0.797763
0.006836 0.797996
0.006836 0.798229
0.006836 0.798462
0.006836 0.798695
0.006836 0.798928
0.006836 0.799161
0.006836 0.799394
0.006836 0.799627
0.006836 0.79986
0.006836 0.800093
0.006836 0.800326
0.006836 0.800559
0.006836 0.800792
0.006836 0.801025
0.006836 0.801258
0.006836 0.801491
0.006836 0.801724
0.006836 0.801957
0.006836 0.80219
0.006836 0.802423
0.006836 0.802656
0.006836 0.802889
0.006836 0.803122
0.006851 0.803355
0.006897 0.803588
0.006958 0.803821
0.006958 0.804054
0.006958 0.804287
0.006958 0.80452
0.006958 0.804753
0.006958 0.804986
0.006973 0.805219
0.006973 0.805452
0.007080 0.805685
0.007080 0.805918
0.007080 0.806151
0.007080 0.806384
0.007080 0.806617
0.007080 0.80685
0.007080 0.807083
0.007080 0.807316
0.007080 0.807549
0.007080 0.807782
0.007080 0.808015
0.007080 0.808248
0.007080 0.808481
0.007080 0.808714
0.007080 0.808947
0.007080 0.80918
0.007080 0.809413
0.007080 0.809646
0.007080 0.809879
0.007080 0.810112
0.007080 0.810345
0.007080 0.810578
0.007080 0.810811
0.007080 0.811044
0.007080 0.811277
0.007080 0.81151
0.007080 0.811743
0.007080 0.811976
0.007080 0.812209
0.007080 0.812442
0.007080 0.812675
0.007080 0.812908
0.007080 0.813141
0.007080 0.813374
0.007080 0.813607
0.007080 0.81384
0.007080 0.814073
0.007080 0.814306
0.007080 0.814539
0.007141 0.814772
0.007141 0.815005
0.007172 0.815238
0.007202 0.815471
0.007202 0.815704
0.007202 0.815937
0.007202 0.81617
0.007202 0.816403
0.007202 0.816636
0.007202 0.816869
0.007202 0.817102
0.007202 0.817335
0.007202 0.817568
0.007202 0.817801
0.007202 0.818034
0.007202 0.818267
0.007202 0.8185
0.007278 0.818733
0.007324 0.818966
0.007324 0.819199
0.007324 0.819432
0.007324 0.819664
0.007324 0.819897
0.007324 0.82013
0.007324 0.820363
0.007324 0.820596
0.007324 0.820829
0.007324 0.821062
0.007324 0.821295
0.007324 0.821528
0.007324 0.821761
0.007324 0.821994
0.007324 0.822227
0.007324 0.82246
0.007324 0.822693
0.007324 0.822926
0.007324 0.823159
0.007324 0.823392
0.007324 0.823625
0.007324 0.823858
0.007324 0.824091
0.007324 0.824324
0.007324 0.824557
0.007324 0.82479
0.007324 0.825023
0.007324 0.825256
0.007324 0.825489
0.007324 0.825722
0.007324 0.825955
0.007324 0.826188
0.007324 0.826421
0.007385 0.826654
0.007416 0.826887
0.007446 0.82712
0.007446 0.827353
0.007446 0.827586
0.007446 0.827819
0.007446 0.828052
0.007446 0.828285
0.007446 0.828518
0.007446 0.828751
0.007446 0.828984
0.007477 0.829217
0.007507 0.82945
0.007553 0.829683
0.007568 0.829916
0.007568 0.830149
0.007568 0.830382
0.007568 0.830615
0.007568 0.830848
0.007568 0.831081
0.007568 0.831314
0.007568 0.831547
0.007568 0.83178
0.007568 0.832013
0.007568 0.832246
0.007568 0.832479
0.007568 0.832712
0.007568 0.832945
0.007568 0.833178
0.007568 0.833411
0.007568 0.833644
0.007568 0.833877
0.007568 0.83411
0.007568 0.834343
0.007568 0.834576
0.007568 0.834809
0.007568 0.835042
0.007607 0.835275
0.007629 0.835508
0.007629 0.835741
0.007629 0.835974
0.007629 0.836207
0.007645 0.83644
0.007660 0.836673
0.007690 0.836906
0.007690 0.837139
0.007690 0.837372
0.007690 0.837605
0.007751 0.837838
0.007751 0.838071
0.007751 0.838304
0.007751 0.838537
0.007767 0.83877
0.007812 0.839003
0.007812 0.839236
0.007812 0.839469
0.007812 0.839702
0.007812 0.839935
0.007812 0.840168
0.007812 0.840401
0.007812 0.840634
0.007812 0.840867
0.007812 0.8411
0.007812 0.841333
0.007812 0.841566
0.007812 0.841799
0.007812 0.842032
0.007812 0.842265
0.007812 0.842498
0.007812 0.842731
0.007812 0.842964
0.007812 0.843197
0.007812 0.84343
0.007812 0.843663
0.007812 0.843896
0.007812 0.844129
0.007812 0.844362
0.007904 0.844595
0.007919 0.844828
0.007935 0.845061
0.007935 0.845294
0.007935 0.845527
0.007935 0.84576
0.007935 0.845993
0.007950 0.846226
0.007965 0.846459
0.007996 0.846692
0.007996 0.846925
0.008057 0.847158
0.008057 0.84739
0.008057 0.847623
0.008057 0.847856
0.008057 0.848089
0.008057 0.848322
0.008057 0.848555
0.008057 0.848788
0.008057 0.849021
0.008057 0.849254
0.008057 0.849487
0.008057 0.84972
0.008057 0.849953
0.008057 0.850186
0.008057 0.850419
0.008057 0.850652
0.008057 0.850885
0.008072 0.851118
0.008118 0.851351
0.008118 0.851584
0.008148 0.851817
0.008152 0.85205
0.008179 0.852283
0.008179 0.852516
0.008179 0.852749
0.008179 0.852982
0.008179 0.853215
0.008179 0.853448
0.008179 0.853681
0.008179 0.853914
0.008179 0.854147
0.008179 0.85438
0.008240 0.854613
0.008240 0.854846
0.008301 0.855079
0.008301 0.855312
0.008301 0.855545
0.008301 0.855778
0.008301 0.856011
0.008301 0.856244
0.008301 0.856477
0.008301 0.85671
0.008301 0.856943
0.008301 0.857176
0.008301 0.857409
0.008301 0.857642
0.008301 0.857875
0.008301 0.858108
0.008301 0.858341
0.008301 0.858574
0.008301 0.858807
0.008301 0.85904
0.008362 0.859273
0.008362 0.859506
0.008392 0.859739
0.008408 0.859972
0.008423 0.860205
0.008423 0.860438
0.008423 0.860671
0.008423 0.860904
0.008423 0.861137
0.008469 0.86137
0.008545 0.861603
0.008545 0.861836
0.008545 0.862069
0.008545 0.862302
0.008545 0.862535
0.008545 0.862768
0.008545 0.863001
0.008545 0.863234
0.008545 0.863467
0.008545 0.8637
0.008545 0.863933
0.008545 0.864166
0.008545 0.864399
0.008545 0.864632
0.008545 0.864865
0.008560 0.865098
0.008575 0.865331
0.008606 0.865564
0.008652 0.865797
0.008659 0.86603
0.008667 0.866263
0.008667 0.866496
0.008667 0.866729
0.008667 0.866962
0.008667 0.867195
0.008667 0.867428
0.008698 0.867661
0.008698 0.867894
0.008774 0.868127
0.008789 0.86836
0.008789 0.868593
0.008789 0.868826
0.008789 0.869059
0.008789 0.869292
0.008789 0.869525
0.008789 0.869758
0.008789 0.869991
0.008789 0.870224
0.008789 0.870457
0.008789 0.87069
0.008789 0.870923
0.008789 0.871156
0.008789 0.871389
0.008789 0.871622
0.008804 0.871855
0.008850 0.872088
0.008911 0.872321
0.008911 0.872554
0.008911 0.872787
0.008911 0.87302
0.008911 0.873253
0.008911 0.873486
0.008972 0.873719
0.008972 0.873952
0.008972 0.874185
0.008972 0.874418
0.009033 0.874651
0.009033 0.874884
0.009033 0.875116
0.009033 0.875349
0.009033 0.875582
0.009033 0.875815
0.009033 0.876048
0.009033 0.876281
0.009094 0.876514
0.009094 0.876747
0.009094 0.87698
0.009140 0.877213
0.009155 0.877446
0.009155 0.877679
0.009155 0.877912
0.009155 0.878145
0.009155 0.878378
0.009163 0.878611
0.009201 0.878844
0.009247 0.879077
0.009277 0.87931
0.009277 0.879543
0.009277 0.879776
0.009277 0.880009
0.009277 0.880242
0.009277 0.880475
0.009277 0.880708
0.009338 0.880941
0.009354 0.881174
0.009369 0.881407
0.009399 0.88164
0.009399 0.881873
0.009399 0.882106
0.009399 0.882339
0.009399 0.882572
0.009399 0.882805
0.009415 0.883038
0.009460 0.883271
0.009506 0.883504
0.009521 0.883737
0.009521 0.88397
0.009521 0.884203
0.009521 0.884436
0.009521 0.884669
0.009583 0.884902
0.009583 0.885135
0.009644 0.885368
0.009644 0.885601
0.009644 0.885834
0.009644 0.886067
0.009644 0.8863
0.009644 0.886533
0.009705 0.886766
0.009750 0.886999
0.009766 0.887232
0.009766 0.887465
0.009766 0.887698
0.009766 0.887931
0.009766 0.888164
0.009766 0.888397
0.009766 0.88863
0.009766 0.888863
0.009766 0.889096
0.009766 0.889329
0.009781 0.889562
0.009827 0.889795
0.009857 0.890028
0.009888 0.890261
0.009949 0.890494
0.009987 0.890727
0.010010 0.89096
0.010010 0.891193
0.010010 0.891426
0.010010 0.891659
0.010010 0.891892
0.010071 0.892125
0.010101 0.892358
0.010101 0.892591
0.010132 0.892824
0.010132 0.893057
0.010254 0.89329
0.010254 0.893523
0.010254 0.893756
0.010254 0.893989
0.010254 0.894222
0.010254 0.894455
0.010254 0.894688
0.010254 0.894921
0.010277 0.895154
0.010376 0.895387
0.010376 0.89562
0.010483 0.895853
0.010498 0.896086
0.010498 0.896319
0.010498 0.896552
0.010498 0.896785
0.010498 0.897018
0.010498 0.897251
0.010498 0.897484
0.010605 0.897717
0.010620 0.89795
0.010620 0.898183
0.010620 0.898416
0.010666 0.898649
0.010681 0.898882
0.010681 0.899115
0.010727 0.899348
0.010773 0.899581
0.010788 0.899814
0.010803 0.900047
0.010864 0.90028
0.010986 0.900513
0.010986 0.900746
0.010986 0.900979
0.010986 0.901212
0.010986 0.901445
0.010986 0.901678
0.011108 0.901911
0.011108 0.902144
0.011230 0.902377
0.011230 0.90261
0.011261 0.902842
0.011353 0.903075
0.011475 0.903308
0.011475 0.903541
0.011475 0.903774
0.011475 0.904007
0.011475 0.90424
0.011597 0.904473
0.011719 0.904706
0.011719 0.904939
0.011719 0.905172
0.011719 0.905405
0.011719 0.905638
0.011719 0.905871
0.011719 0.906104
0.011902 0.906337
0.011948 0.90657
0.011963 0.906803
0.011963 0.907036
0.011963 0.907269
0.011963 0.907502
0.011963 0.907735
0.012085 0.907968
0.012207 0.908201
0.012207 0.908434
0.012207 0.908667
0.012207 0.9089
0.012207 0.909133
0.012207 0.909366
0.012207 0.909599
0.012268 0.909832
0.012329 0.910065
0.012329 0.910298
0.012451 0.910531
0.012451 0.910764
0.012512 0.910997
0.012573 0.91123
0.012695 0.911463
0.012695 0.911696
0.012695 0.911929
0.012817 0.912162
0.012817 0.912395
0.012878 0.912628
0.012939 0.912861
0.012939 0.913094
0.012939 0.913327
0.012939 0.91356
0.012955 0.913793
0.012970 0.914026
0.013062 0.914259
0.013107 0.914492
0.013123 0.914725
0.013184 0.914958
0.013184 0.915191
0.013245 0.915424
0.013428 0.915657
0.013428 0.91589
0.013428 0.916123
0.013489 0.916356
0.013489 0.916589
0.013550 0.916822
0.013611 0.917055
0.013626 0.917288
0.013672 0.917521
0.013672 0.917754
0.013672 0.917987
0.013672 0.91822
0.013855 0.918453
0.013916 0.918686
0.013916 0.918919
0.013916 0.919152
0.013916 0.919385
0.013916 0.919618
0.014038 0.919851
0.014099 0.920084
0.014160 0.920317
0.014160 0.92055
0.014313 0.920783
0.014404 0.921016
0.014404 0.921249
0.014465 0.921482
0.014526 0.921715
0.014526 0.921948
0.014526 0.922181
0.014526 0.922414
0.014542 0.922647
0.014557 0.92288
0.014618 0.923113
0.014648 0.923346
0.014648 0.923579
0.014648 0.923812
0.014648 0.924045
0.014648 0.924278
0.014648 0.924511
0.014648 0.924744
0.014648 0.924977
0.014771 0.92521
0.014771 0.925443
0.014801 0.925676
0.014801 0.925909
0.014877 0.926142
0.014893 0.926375
0.014893 0.926608
0.014893 0.926841
0.014893 0.927074
0.014893 0.927307
0.014938 0.92754
0.014954 0.927773
0.015015 0.928006
0.015137 0.928239
0.015137 0.928472
0.015137 0.928705
0.015137 0.928938
0.015182 0.929171
0.015259 0.929404
0.015381 0.929637
0.015381 0.92987
0.015411 0.930103
0.015503 0.930336
0.015625 0.930568
0.015625 0.930801
0.015747 0.931034
0.015839 0.931267
0.015869 0.9315
0.015869 0.931733
0.015869 0.931966
0.015991 0.932199
0.015991 0.932432
0.016022 0.932665
0.016052 0.932898
0.016113 0.933131
0.016113 0.933364
0.016205 0.933597
0.016479 0.93383
0.016602 0.934063
0.016602 0.934296
0.016602 0.934529
0.016632 0.934762
0.016663 0.934995
0.016724 0.935228
0.016785 0.935461
0.016846 0.935694
0.016891 0.935927
0.016968 0.93616
0.016968 0.936393
0.017090 0.936626
0.017090 0.936859
0.017212 0.937092
0.017578 0.937325
0.017578 0.937558
0.017578 0.937791
0.017639 0.938024
0.017761 0.938257
0.017822 0.93849
0.017822 0.938723
0.017822 0.938956
0.017822 0.939189
0.017883 0.939422
0.017944 0.939655
0.018005 0.939888
0.018036 0.940121
0.018066 0.940354
0.018066 0.940587
0.018188 0.94082
0.018311 0.941053
0.018341 0.941286
0.018433 0.941519
0.018478 0.941752
0.018494 0.941985
0.018555 0.942218
0.018555 0.942451
0.018799 0.942684
0.018799 0.942917
0.018921 0.94315
0.019043 0.943383
0.019043 0.943616
0.019104 0.943849
0.019104 0.944082
0.019104 0.944315
0.019287 0.944548
0.019287 0.944781
0.019287 0.945014
0.019348 0.945247
0.019409 0.94548
0.019409 0.945713
0.019440 0.945946
0.019531 0.946179
0.019531 0.946412
0.019531 0.946645
0.019653 0.946878
0.019775 0.947111
0.019775 0.947344
0.019775 0.947577
0.019775 0.94781
0.020020 0.948043
0.020020 0.948276
0.020264 0.948509
0.020264 0.948742
0.020264 0.948975
0.020294 0.949208
0.020309 0.949441
0.020309 0.949674
0.020325 0.949907
0.020599 0.95014
0.020660 0.950373
0.020721 0.950606
0.020752 0.950839
0.020752 0.951072
0.020752 0.951305
0.020752 0.951538
0.020813 0.951771
0.020874 0.952004
0.020874 0.952237
0.020996 0.95247
0.020996 0.952703
0.021027 0.952936
0.021088 0.953169
0.021118 0.953402
0.021133 0.953635
0.021240 0.953868
0.021240 0.954101
0.021240 0.954334
0.021240 0.954567
0.021362 0.9548
0.021378 0.955033
0.021484 0.955266
0.021484 0.955499
0.021545 0.955732
0.021576 0.955965
0.021606 0.956198
0.021729 0.956431
0.021729 0.956664
0.021973 0.956897
0.022095 0.95713
0.022095 0.957363
0.022095 0.957596
0.022125 0.957829
0.022125 0.958062
0.022217 0.958295
0.022217 0.958527
0.022430 0.95876
0.022461 0.958993
0.022461 0.959226
0.022522 0.959459
0.022644 0.959692
0.022705 0.959925
0.022842 0.960158
0.022881 0.960391
0.022888 0.960624
0.022949 0.960857
0.022964 0.96109
0.023071 0.961323
0.023071 0.961556
0.023193 0.961789
0.023193 0.962022
0.023193 0.962255
0.023438 0.962488
0.023537 0.962721
0.023560 0.962954
0.023682 0.963187
0.023682 0.96342
0.023697 0.963653
0.023804 0.963886
0.023865 0.964119
0.023926 0.964352
0.023926 0.964585
0.024048 0.964818
0.024048 0.965051
0.024155 0.965284
0.024200 0.965517
0.024292 0.96575
0.024353 0.965983
0.024414 0.966216
0.024414 0.966449
0.024414 0.966682
0.024414 0.966915
0.024414 0.967148
0.024658 0.967381
0.024658 0.967614
0.024658 0.967847
0.024719 0.96808
0.024780 0.968313
0.024841 0.968546
0.024902 0.968779
0.024902 0.969012
0.024963 0.969245
0.025146 0.969478
0.025146 0.969711
0.025391 0.969944
0.025391 0.970177
0.025391 0.97041
0.025391 0.970643
0.025452 0.970876
0.025726 0.971109
0.025757 0.971342
0.025833 0.971575
0.025879 0.971808
0.025879 0.972041
0.025879 0.972274
0.025879 0.972507
0.025879 0.97274
0.025940 0.972973
0.025955 0.973206
0.026001 0.973439
0.026001 0.973672
0.026230 0.973905
0.026245 0.974138
0.026260 0.974371
0.026367 0.974604
0.026367 0.974837
0.026367 0.97507
0.026367 0.975303
0.026520 0.975536
0.026611 0.975769
0.026733 0.976002
0.026764 0.976235
0.026794 0.976468
0.026855 0.976701
0.026855 0.976934
0.026917 0.977167
0.026978 0.9774
0.026978 0.977633
0.026978 0.977866
0.026978 0.978099
0.027100 0.978332
0.027100 0.978565
0.027191 0.978798
0.027344 0.979031
0.027344 0.979264
0.027344 0.979497
0.027466 0.97973
0.027512 0.979963
0.027710 0.980196
0.027710 0.980429
0.027832 0.980662
0.027832 0.980895
0.027954 0.981128
0.028015 0.981361
0.028076 0.981594
0.028076 0.981827
0.028076 0.98206
0.028076 0.982293
0.028320 0.982526
0.028320 0.982759
0.028320 0.982992
0.028320 0.983225
0.028320 0.983458
0.028381 0.983691
0.028416 0.983924
0.028442 0.984157
0.028503 0.98439
0.028564 0.984623
0.028564 0.984856
0.028564 0.985089
0.028809 0.985322
0.028809 0.985555
0.028870 0.985788
0.029053 0.986021
0.029053 0.986253
0.029297 0.986486
0.029297 0.986719
0.029297 0.986952
0.029297 0.987185
0.029541 0.987418
0.029541 0.987651
0.029739 0.987884
0.029755 0.988117
0.029770 0.98835
0.029785 0.988583
0.029804 0.988816
0.029907 0.989049
0.030273 0.989282
0.030334 0.989515
0.030518 0.989748
0.030655 0.989981
0.030724 0.990214
0.030762 0.990447
0.031006 0.99068
0.031006 0.990913
0.031128 0.991146
0.031250 0.991379
0.031250 0.991612
0.031494 0.991845
0.031586 0.992078
0.031723 0.992311
0.031738 0.992544
0.032257 0.992777
0.032471 0.99301
0.032471 0.993243
0.032471 0.993476
0.032715 0.993709
0.032715 0.993942
0.033203 0.994175
0.033447 0.994408
0.033615 0.994641
0.033661 0.994874
0.034180 0.995107
0.035156 0.99534
0.035828 0.995573
0.036133 0.995806
0.036240 0.996039
0.036514 0.996272
0.036865 0.996505
0.036865 0.996738
0.038086 0.996971
0.038330 0.997204
0.038330 0.997437
0.038574 0.99767
0.039070 0.997903
0.039307 0.998136
0.040771 0.998369
0.041260 0.998602
0.041504 0.998835
0.041748 0.999068
0.042480 0.999301
0.047607 0.999534
0.048340 0.999767
0.106934 1
