0.000000 0.000236239
0.000000 0.000472478
0.000000 0.000708717
0.000000 0.000944956
0.000000 0.0011812
0.000000 0.00141743
0.000000 0.00165367
0.000000 0.00188991
0.000000 0.00212615
0.000000 0.00236239
0.000000 0.00259863
0.000000 0.00283487
0.000000 0.00307111
0.000000 0.00330735
0.000000 0.00354359
0.000000 0.00377983
0.000000 0.00401606
0.000000 0.0042523
0.000000 0.00448854
0.000122 0.00472478
0.000122 0.00496102
0.000122 0.00519726
0.000122 0.0054335
0.000122 0.00566974
0.000122 0.00590598
0.000122 0.00614222
0.000122 0.00637845
0.000122 0.00661469
0.000122 0.00685093
0.000122 0.00708717
0.000122 0.00732341
0.000122 0.00755965
0.000122 0.00779589
0.000122 0.00803213
0.000122 0.00826837
0.000122 0.00850461
0.000122 0.00874085
0.000122 0.00897708
0.000122 0.00921332
0.000122 0.00944956
0.000122 0.0096858
0.000122 0.00992204
0.000122 0.0101583
0.000122 0.0103945
0.000122 0.0106308
0.000122 0.010867
0.000122 0.0111032
0.000122 0.0113395
0.000122 0.0115757
0.000122 0.011812
0.000122 0.0120482
0.000122 0.0122844
0.000122 0.0125207
0.000122 0.0127569
0.000122 0.0129931
0.000122 0.0132294
0.000122 0.0134656
0.000122 0.0137019
0.000122 0.0139381
0.000122 0.0141743
0.000122 0.0144106
0.000122 0.0146468
0.000122 0.0148831
0.000122 0.0151193
0.000122 0.0153555
0.000122 0.0155918
0.000122 0.015828
0.000122 0.0160643
0.000122 0.0163005
0.000122 0.0165367
0.000122 0.016773
0.000122 0.0170092
0.000122 0.0172455
0.000122 0.0174817
0.000122 0.0177179
0.000122 0.0179542
0.000122 0.0181904
0.000122 0.0184266
0.000122 0.0186629
0.000122 0.0188991
0.000122 0.0191354
0.000122 0.0193716
0.000122 0.0196078
0.000122 0.0198441
0.000122 0.0200803
0.000122 0.0203166
0.000122 0.0205528
0.000122 0.020789
0.000122 0.0210253
0.000122 0.0212615
0.000122 0.0214978
0.000122 0.021734
0.000153 0.0219702
0.000153 0.0222065
0.000153 0.0224427
0.000153 0.022679
0.000153 0.0229152
0.000160 0.0231514
0.000160 0.0233877
0.000160 0.0236239
0.000160 0.0238601
0.000160 0.0240964
0.000160 0.0243326
0.000160 0.0245689
0.000160 0.0248051
0.000164 0.0250413
0.000164 0.0252776
0.000164 0.0255138
0.000164 0.0257501
0.000164 0.0259863
0.000164 0.0262225
0.000164 0.0264588
0.000164 0.026695
0.000164 0.0269313
0.000164 0.0271675
0.000164 0.0274037
0.000164 0.02764
0.000164 0.0278762
0.000164 0.0281124
0.000164 0.0283487
0.000164 0.0285849
0.000164 0.0288212
0.000168 0.0290574
0.000168 0.0292936
0.000168 0.0295299
0.000168 0.0297661
0.000168 0.0300024
0.000168 0.0302386
0.000168 0.0304748
0.000168 0.0307111
0.000168 0.0309473
0.000168 0.0311836
0.000168 0.0314198
0.000168 0.031656
0.000168 0.0318923
0.000168 0.0321285
0.000168 0.0323648
0.000168 0.032601
0.000168 0.0328372
0.000168 0.0330735
0.000168 0.0333097
0.000168 0.0335459
0.000168 0.0337822
0.000168 0.0340184
0.000168 0.0342547
0.000168 0.0344909
0.000168 0.0347271
0.000168 0.0349634
0.000168 0.0351996
0.000168 0.0354359
0.000168 0.0356721
0.000168 0.0359083
0.000168 0.0361446
0.000168 0.0363808
0.000168 0.0366171
0.000168 0.0368533
0.000168 0.0370895
0.000168 0.0373258
0.000168 0.037562
0.000168 0.0377983
0.000168 0.0380345
0.000168 0.0382707
0.000168 0.038507
0.000168 0.0387432
0.000168 0.0389794
0.000168 0.0392157
0.000168 0.0394519
0.000168 0.0396882
0.000168 0.0399244
0.000168 0.0401606
0.000168 0.0403969
0.000168 0.0406331
0.000168 0.0408694
0.000168 0.0411056
0.000168 0.0413418
0.000168 0.0415781
0.000168 0.0418143
0.000168 0.0420506
0.000168 0.0422868
0.000168 0.042523
0.000168 0.0427593
0.000168 0.0429955
0.000168 0.0432318
0.000168 0.043468
0.000168 0.0437042
0.000168 0.0439405
0.000168 0.0441767
0.000168 0.0444129
0.000168 0.0446492
0.000168 0.0448854
0.000168 0.0451217
0.000168 0.0453579
0.000168 0.0455941
0.000168 0.0458304
0.000168 0.0460666
0.000168 0.0463029
0.000168 0.0465391
0.000168 0.0467753
0.000172 0.0470116
0.000172 0.0472478
0.000172 0.0474841
0.000172 0.0477203
0.000172 0.0479565
0.000172 0.0481928
0.000172 0.048429
0.000175 0.0486652
0.000175 0.0489015
0.000175 0.0491377
0.000175 0.049374
0.000175 0.0496102
0.000175 0.0498464
0.000175 0.0500827
0.000175 0.0503189
0.000175 0.0505552
0.000175 0.0507914
0.000175 0.0510276
0.000175 0.0512639
0.000175 0.0515001
0.000175 0.0517364
0.000175 0.0519726
0.000175 0.0522088
0.000175 0.0524451
0.000175 0.0526813
0.000175 0.0529176
0.000175 0.0531538
0.000175 0.05339
0.000175 0.0536263
0.000175 0.0538625
0.000175 0.0540987
0.000175 0.054335
0.000175 0.0545712
0.000175 0.0548075
0.000175 0.0550437
0.000175 0.0552799
0.000175 0.0555162
0.000179 0.0557524
0.000179 0.0559887
0.000179 0.0562249
0.000179 0.0564611
0.000179 0.0566974
0.000179 0.0569336
0.000179 0.0571699
0.000183 0.0574061
0.000183 0.0576423
0.000183 0.0578786
0.000183 0.0581148
0.000183 0.0583511
0.000183 0.0585873
0.000183 0.0588235
0.000183 0.0590598
0.000183 0.059296
0.000183 0.0595322
0.000183 0.0597685
0.000183 0.0600047
0.000183 0.060241
0.000183 0.0604772
0.000183 0.0607134
0.000183 0.0609497
0.000183 0.0611859
0.000183 0.0614222
0.000183 0.0616584
0.000183 0.0618946
0.000183 0.0621309
0.000183 0.0623671
0.000183 0.0626034
0.000183 0.0628396
0.000183 0.0630758
0.000183 0.0633121
0.000183 0.0635483
0.000183 0.0637845
0.000183 0.0640208
0.000183 0.064257
0.000183 0.0644933
0.000183 0.0647295
0.000183 0.0649657
0.000183 0.065202
0.000183 0.0654382
0.000183 0.0656745
0.000183 0.0659107
0.000183 0.0661469
0.000183 0.0663832
0.000183 0.0666194
0.000183 0.0668557
0.000183 0.0670919
0.000183 0.0673281
0.000183 0.0675644
0.000183 0.0678006
0.000183 0.0680369
0.000183 0.0682731
0.000183 0.0685093
0.000183 0.0687456
0.000183 0.0689818
0.000183 0.069218
0.000183 0.0694543
0.000183 0.0696905
0.000183 0.0699268
0.000183 0.070163
0.000183 0.0703992
0.000183 0.0706355
0.000183 0.0708717
0.000183 0.071108
0.000183 0.0713442
0.000183 0.0715804
0.000183 0.0718167
0.000183 0.0720529
0.000183 0.0722892
0.000183 0.0725254
0.000183 0.0727616
0.000183 0.0729979
0.000183 0.0732341
0.000183 0.0734704
0.000183 0.0737066
0.000183 0.0739428
0.000183 0.0741791
0.000183 0.0744153
0.000183 0.0746515
0.000183 0.0748878
0.000183 0.075124
0.000183 0.0753603
0.000183 0.0755965
0.000183 0.0758327
0.000183 0.076069
0.000183 0.0763052
0.000183 0.0765415
0.000183 0.0767777
0.000183 0.0770139
0.000183 0.0772502
0.000183 0.0774864
0.000183 0.0777227
0.000183 0.0779589
0.000183 0.0781951
0.000183 0.0784314
0.000183 0.0786676
0.000183 0.0789039
0.000183 0.0791401
0.000183 0.0793763
0.000183 0.0796126
0.000183 0.0798488
0.000183 0.080085
0.000183 0.0803213
0.000183 0.0805575
0.000183 0.0807938
0.000183 0.08103
0.000183 0.0812662
0.000183 0.0815025
0.000183 0.0817387
0.000183 0.081975
0.000183 0.0822112
0.000187 0.0824474
0.000187 0.0826837
0.000187 0.0829199
0.000187 0.0831562
0.000187 0.0833924
0.000191 0.0836286
0.000191 0.0838649
0.000191 0.0841011
0.000191 0.0843373
0.000191 0.0845736
0.000191 0.0848098
0.000191 0.0850461
0.000191 0.0852823
0.000191 0.0855185
0.000191 0.0857548
0.000191 0.085991
0.000191 0.0862273
0.000191 0.0864635
0.000191 0.0866997
0.000191 0.086936
0.000191 0.0871722
0.000195 0.0874085
0.000198 0.0876447
0.000198 0.0878809
0.000198 0.0881172
0.000198 0.0883534
0.000198 0.0885897
0.000198 0.0888259
0.000198 0.0890621
0.000198 0.0892984
0.000198 0.0895346
0.000198 0.0897708
0.000198 0.0900071
0.000198 0.0902433
0.000198 0.0904796
0.000198 0.0907158
0.000198 0.090952
0.000198 0.0911883
0.000198 0.0914245
0.000198 0.0916608
0.000198 0.091897
0.000198 0.0921332
0.000198 0.0923695
0.000198 0.0926057
0.000198 0.092842
0.000198 0.0930782
0.000198 0.0933144
0.000198 0.0935507
0.000198 0.0937869
0.000198 0.0940232
0.000198 0.0942594
0.000198 0.0944956
0.000198 0.0947319
0.000198 0.0949681
0.000198 0.0952043
0.000198 0.0954406
0.000198 0.0956768
0.000198 0.0959131
0.000198 0.0961493
0.000198 0.0963855
0.000198 0.0966218
0.000202 0.096858
0.000202 0.0970943
0.000206 0.0973305
0.000206 0.0975667
0.000206 0.097803
0.000206 0.0980392
0.000206 0.0982755
0.000214 0.0985117
0.000214 0.0987479
0.000214 0.0989842
0.000214 0.0992204
0.000214 0.0994567
0.000214 0.0996929
0.000214 0.0999291
0.000214 0.100165
0.000214 0.100402
0.000214 0.100638
0.000214 0.100874
0.000214 0.10111
0.000214 0.101347
0.000221 0.101583
0.000229 0.101819
0.000229 0.102055
0.000229 0.102292
0.000229 0.102528
0.000229 0.102764
0.000229 0.103
0.000229 0.103236
0.000229 0.103473
0.000229 0.103709
0.000237 0.103945
0.000237 0.104181
0.000237 0.104418
0.000237 0.104654
0.000237 0.10489
0.000240 0.105126
0.000244 0.105363
0.000244 0.105599
0.000244 0.105835
0.000244 0.106071
0.000244 0.106308
0.000244 0.106544
0.000244 0.10678
0.000244 0.107016
0.000244 0.107253
0.000244 0.107489
0.000244 0.107725
0.000244 0.107961
0.000244 0.108197
0.000244 0.108434
0.000244 0.10867
0.000244 0.108906
0.000244 0.109142
0.000244 0.109379
0.000244 0.109615
0.000244 0.109851
0.000244 0.110087
0.000244 0.110324
0.000244 0.11056
0.000244 0.110796
0.000244 0.111032
0.000244 0.111269
0.000244 0.111505
0.000244 0.111741
0.000244 0.111977
0.000244 0.112214
0.000244 0.11245
0.000244 0.112686
0.000244 0.112922
0.000244 0.113159
0.000244 0.113395
0.000244 0.113631
0.000244 0.113867
0.000244 0.114103
0.000244 0.11434
0.000244 0.114576
0.000244 0.114812
0.000244 0.115048
0.000244 0.115285
0.000244 0.115521
0.000244 0.115757
0.000244 0.115993
0.000244 0.11623
0.000244 0.116466
0.000244 0.116702
0.000244 0.116938
0.000244 0.117175
0.000244 0.117411
0.000244 0.117647
0.000244 0.117883
0.000244 0.11812
0.000244 0.118356
0.000244 0.118592
0.000244 0.118828
0.000244 0.119064
0.000244 0.119301
0.000244 0.119537
0.000244 0.119773
0.000244 0.120009
0.000244 0.120246
0.000244 0.120482
0.000244 0.120718
0.000244 0.120954
0.000244 0.121191
0.000244 0.121427
0.000244 0.121663
0.000244 0.121899
0.000244 0.122136
0.000244 0.122372
0.000244 0.122608
0.000244 0.122844
0.000244 0.123081
0.000244 0.123317
0.000244 0.123553
0.000244 0.123789
0.000244 0.124026
0.000244 0.124262
0.000244 0.124498
0.000244 0.124734
0.000244 0.12497
0.000244 0.125207
0.000244 0.125443
0.000244 0.125679
0.000244 0.125915
0.000244 0.126152
0.000244 0.126388
0.000244 0.126624
0.000244 0.12686
0.000244 0.127097
0.000244 0.127333
0.000244 0.127569
0.000244 0.127805
0.000244 0.128042
0.000244 0.128278
0.000244 0.128514
0.000244 0.12875
0.000244 0.128987
0.000244 0.129223
0.000244 0.129459
0.000244 0.129695
0.000244 0.129931
0.000244 0.130168
0.000244 0.130404
0.000244 0.13064
0.000244 0.130876
0.000244 0.131113
0.000244 0.131349
0.000244 0.131585
0.000244 0.131821
0.000244 0.132058
0.000244 0.132294
0.000244 0.13253
0.000244 0.132766
0.000244 0.133003
0.000244 0.133239
0.000244 0.133475
0.000244 0.133711
0.000244 0.133948
0.000244 0.134184
0.000244 0.13442
0.000244 0.134656
0.000244 0.134893
0.000244 0.135129
0.000244 0.135365
0.000244 0.135601
0.000244 0.135837
0.000244 0.136074
0.000244 0.13631
0.000244 0.136546
0.000244 0.136782
0.000244 0.137019
0.000244 0.137255
0.000244 0.137491
0.000244 0.137727
0.000244 0.137964
0.000244 0.1382
0.000244 0.138436
0.000244 0.138672
0.000244 0.138909
0.000244 0.139145
0.000244 0.139381
0.000244 0.139617
0.000244 0.139854
0.000244 0.14009
0.000244 0.140326
0.000244 0.140562
0.000244 0.140798
0.000244 0.141035
0.000244 0.141271
0.000244 0.141507
0.000244 0.141743
0.000244 0.14198
0.000244 0.142216
0.000244 0.142452
0.000244 0.142688
0.000244 0.142925
0.000244 0.143161
0.000244 0.143397
0.000244 0.143633
0.000244 0.14387
0.000244 0.144106
0.000244 0.144342
0.000244 0.144578
0.000244 0.144815
0.000244 0.145051
0.000244 0.145287
0.000244 0.145523
0.000244 0.14576
0.000244 0.145996
0.000244 0.146232
0.000244 0.146468
0.000244 0.146704
0.000244 0.146941
0.000244 0.147177
0.000244 0.147413
0.000244 0.147649
0.000244 0.147886
0.000244 0.148122
0.000244 0.148358
0.000244 0.148594
0.000244 0.148831
0.000244 0.149067
0.000244 0.149303
0.000244 0.149539
0.000244 0.149776
0.000244 0.150012
0.000244 0.150248
0.000244 0.150484
0.000244 0.150721
0.000244 0.150957
0.000244 0.151193
0.000244 0.151429
0.000244 0.151665
0.000244 0.151902
0.000244 0.152138
0.000244 0.152374
0.000244 0.15261
0.000244 0.152847
0.000244 0.153083
0.000244 0.153319
0.000244 0.153555
0.000244 0.153792
0.000244 0.154028
0.000244 0.154264
0.000244 0.1545
0.000244 0.154737
0.000244 0.154973
0.000244 0.155209
0.000244 0.155445
0.000244 0.155682
0.000244 0.155918
0.000244 0.156154
0.000244 0.15639
0.000252 0.156627
0.000259 0.156863
0.000259 0.157099
0.000259 0.157335
0.000267 0.157571
0.000290 0.157808
0.000290 0.158044
0.000290 0.15828
0.000305 0.158516
0.000305 0.158753
0.000305 0.158989
0.000305 0.159225
0.000305 0.159461
0.000305 0.159698
0.000305 0.159934
0.000305 0.16017
0.000305 0.160406
0.000305 0.160643
0.000305 0.160879
0.000305 0.161115
0.000305 0.161351
0.000305 0.161588
0.000305 0.161824
0.000305 0.16206
0.000305 0.162296
0.000313 0.162532
0.000313 0.162769
0.000313 0.163005
0.000317 0.163241
0.000317 0.163477
0.000317 0.163714
0.000317 0.16395
0.000320 0.164186
0.000320 0.164422
0.000320 0.164659
0.000320 0.164895
0.000320 0.165131
0.000320 0.165367
0.000320 0.165604
0.000320 0.16584
0.000320 0.166076
0.000320 0.166312
0.000320 0.166549
0.000320 0.166785
0.000320 0.167021
0.000320 0.167257
0.000320 0.167494
0.000320 0.16773
0.000320 0.167966
0.000320 0.168202
0.000320 0.168438
0.000320 0.168675
0.000320 0.168911
0.000320 0.169147
0.000320 0.169383
0.000320 0.16962
0.000320 0.169856
0.000320 0.170092
0.000320 0.170328
0.000320 0.170565
0.000320 0.170801
0.000320 0.171037
0.000320 0.171273
0.000320 0.17151
0.000320 0.171746
0.000320 0.171982
0.000320 0.172218
0.000320 0.172455
0.000320 0.172691
0.000320 0.172927
0.000320 0.173163
0.000320 0.173399
0.000320 0.173636
0.000320 0.173872
0.000320 0.174108
0.000320 0.174344
0.000324 0.174581
0.000324 0.174817
0.000324 0.175053
0.000324 0.175289
0.000324 0.175526
0.000324 0.175762
0.000324 0.175998
0.000324 0.176234
0.000324 0.176471
0.000324 0.176707
0.000324 0.176943
0.000328 0.177179
0.000328 0.177416
0.000328 0.177652
0.000328 0.177888
0.000328 0.178124
0.000328 0.178361
0.000328 0.178597
0.000328 0.178833
0.000328 0.179069
0.000328 0.179305
0.000328 0.179542
0.000328 0.179778
0.000328 0.180014
0.000328 0.18025
0.000328 0.180487
0.000328 0.180723
0.000332 0.180959
0.000332 0.181195
0.000332 0.181432
0.000332 0.181668
0.000332 0.181904
0.000332 0.18214
0.000332 0.182377
0.000332 0.182613
0.000336 0.182849
0.000336 0.183085
0.000336 0.183322
0.000336 0.183558
0.000336 0.183794
0.000336 0.18403
0.000336 0.184266
0.000336 0.184503
0.000336 0.184739
0.000336 0.184975
0.000336 0.185211
0.000336 0.185448
0.000336 0.185684
0.000336 0.18592
0.000336 0.186156
0.000336 0.186393
0.000336 0.186629
0.000336 0.186865
0.000336 0.187101
0.000336 0.187338
0.000336 0.187574
0.000336 0.18781
0.000336 0.188046
0.000336 0.188283
0.000336 0.188519
0.000336 0.188755
0.000336 0.188991
0.000336 0.189227
0.000336 0.189464
0.000336 0.1897
0.000336 0.189936
0.000336 0.190172
0.000336 0.190409
0.000336 0.190645
0.000336 0.190881
0.000336 0.191117
0.000336 0.191354
0.000336 0.19159
0.000336 0.191826
0.000336 0.192062
0.000336 0.192299
0.000336 0.192535
0.000336 0.192771
0.000336 0.193007
0.000336 0.193244
0.000336 0.19348
0.000336 0.193716
0.000336 0.193952
0.000336 0.194189
0.000336 0.194425
0.000336 0.194661
0.000336 0.194897
0.000336 0.195133
0.000336 0.19537
0.000336 0.195606
0.000336 0.195842
0.000336 0.196078
0.000336 0.196315
0.000336 0.196551
0.000336 0.196787
0.000336 0.197023
0.000336 0.19726
0.000336 0.197496
0.000336 0.197732
0.000340 0.197968
0.000340 0.198205
0.000340 0.198441
0.000340 0.198677
0.000340 0.198913
0.000340 0.19915
0.000340 0.199386
0.000340 0.199622
0.000340 0.199858
0.000343 0.200094
0.000343 0.200331
0.000343 0.200567
0.000343 0.200803
0.000343 0.201039
0.000343 0.201276
0.000343 0.201512
0.000343 0.201748
0.000343 0.201984
0.000343 0.202221
0.000343 0.202457
0.000343 0.202693
0.000347 0.202929
0.000347 0.203166
0.000351 0.203402
0.000351 0.203638
0.000351 0.203874
0.000351 0.204111
0.000351 0.204347
0.000351 0.204583
0.000351 0.204819
0.000351 0.205056
0.000351 0.205292
0.000351 0.205528
0.000351 0.205764
0.000351 0.206
0.000351 0.206237
0.000351 0.206473
0.000351 0.206709
0.000351 0.206945
0.000351 0.207182
0.000351 0.207418
0.000351 0.207654
0.000351 0.20789
0.000351 0.208127
0.000351 0.208363
0.000355 0.208599
0.000355 0.208835
0.000355 0.209072
0.000359 0.209308
0.000359 0.209544
0.000359 0.20978
0.000359 0.210017
0.000359 0.210253
0.000362 0.210489
0.000362 0.210725
0.000362 0.210961
0.000362 0.211198
0.000362 0.211434
0.000366 0.21167
0.000366 0.211906
0.000366 0.212143
0.000366 0.212379
0.000366 0.212615
0.000366 0.212851
0.000366 0.213088
0.000366 0.213324
0.000366 0.21356
0.000366 0.213796
0.000366 0.214033
0.000366 0.214269
0.000366 0.214505
0.000366 0.214741
0.000366 0.214978
0.000366 0.215214
0.000366 0.21545
0.000366 0.215686
0.000366 0.215923
0.000366 0.216159
0.000366 0.216395
0.000366 0.216631
0.000366 0.216867
0.000366 0.217104
0.000366 0.21734
0.000366 0.217576
0.000366 0.217812
0.000366 0.218049
0.000366 0.218285
0.000366 0.218521
0.000366 0.218757
0.000366 0.218994
0.000366 0.21923
0.000366 0.219466
0.000366 0.219702
0.000366 0.219939
0.000366 0.220175
0.000366 0.220411
0.000366 0.220647
0.000366 0.220884
0.000366 0.22112
0.000366 0.221356
0.000366 0.221592
0.000366 0.221828
0.000366 0.222065
0.000366 0.222301
0.000366 0.222537
0.000366 0.222773
0.000366 0.22301
0.000366 0.223246
0.000366 0.223482
0.000366 0.223718
0.000366 0.223955
0.000366 0.224191
0.000366 0.224427
0.000366 0.224663
0.000366 0.2249
0.000366 0.225136
0.000366 0.225372
0.000366 0.225608
0.000366 0.225845
0.000366 0.226081
0.000366 0.226317
0.000366 0.226553
0.000366 0.22679
0.000366 0.227026
0.000366 0.227262
0.000366 0.227498
0.000366 0.227734
0.000366 0.227971
0.000366 0.228207
0.000366 0.228443
0.000366 0.228679
0.000366 0.228916
0.000366 0.229152
0.000366 0.229388
0.000366 0.229624
0.000366 0.229861
0.000366 0.230097
0.000366 0.230333
0.000366 0.230569
0.000366 0.230806
0.000366 0.231042
0.000366 0.231278
0.000366 0.231514
0.000366 0.231751
0.000366 0.231987
0.000366 0.232223
0.000366 0.232459
0.000366 0.232695
0.000366 0.232932
0.000366 0.233168
0.000366 0.233404
0.000366 0.23364
0.000366 0.233877
0.000366 0.234113
0.000366 0.234349
0.000366 0.234585
0.000366 0.234822
0.000366 0.235058
0.000366 0.235294
0.000366 0.23553
0.000366 0.235767
0.000366 0.236003
0.000366 0.236239
0.000366 0.236475
0.000366 0.236712
0.000366 0.236948
0.000366 0.237184
0.000366 0.23742
0.000366 0.237657
0.000366 0.237893
0.000366 0.238129
0.000366 0.238365
0.000366 0.238601
0.000366 0.238838
0.000366 0.239074
0.000366 0.23931
0.000366 0.239546
0.000366 0.239783
0.000366 0.240019
0.000366 0.240255
0.000366 0.240491
0.000366 0.240728
0.000366 0.240964
0.000366 0.2412
0.000366 0.241436
0.000366 0.241673
0.000366 0.241909
0.000366 0.242145
0.000366 0.242381
0.000366 0.242618
0.000366 0.242854
0.000366 0.24309
0.000366 0.243326
0.000366 0.243562
0.000366 0.243799
0.000366 0.244035
0.000366 0.244271
0.000366 0.244507
0.000366 0.244744
0.000366 0.24498
0.000366 0.245216
0.000366 0.245452
0.000366 0.245689
0.000366 0.245925
0.000366 0.246161
0.000366 0.246397
0.000366 0.246634
0.000366 0.24687
0.000366 0.247106
0.000366 0.247342
0.000366 0.247579
0.000366 0.247815
0.000366 0.248051
0.000366 0.248287
0.000374 0.248524
0.000374 0.24876
0.000374 0.248996
0.000374 0.249232
0.000374 0.249468
0.000381 0.249705
0.000381 0.249941
0.000381 0.250177
0.000381 0.250413
0.000381 0.25065
0.000381 0.250886
0.000381 0.251122
0.000381 0.251358
0.000393 0.251595
0.000397 0.251831
0.000397 0.252067
0.000397 0.252303
0.000397 0.25254
0.000416 0.252776
0.000427 0.253012
0.000427 0.253248
0.000427 0.253485
0.000427 0.253721
0.000435 0.253957
0.000443 0.254193
0.000458 0.254429
0.000458 0.254666
0.000473 0.254902
0.000473 0.255138
0.000473 0.255374
0.000473 0.255611
0.000473 0.255847
0.000473 0.256083
0.000473 0.256319
0.000473 0.256556
0.000473 0.256792
0.000473 0.257028
0.000477 0.257264
0.000481 0.257501
0.000481 0.257737
0.000481 0.257973
0.000484 0.258209
0.000488 0.258446
0.000488 0.258682
0.000488 0.258918
0.000488 0.259154
0.000488 0.259391
0.000488 0.259627
0.000488 0.259863
0.000488 0.260099
0.000488 0.260335
0.000488 0.260572
0.000488 0.260808
0.000488 0.261044
0.000488 0.26128
0.000488 0.261517
0.000488 0.261753
0.000488 0.261989
0.000488 0.262225
0.000488 0.262462
0.000488 0.262698
0.000488 0.262934
0.000488 0.26317
0.000488 0.263407
0.000488 0.263643
0.000488 0.263879
0.000488 0.264115
0.000488 0.264352
0.000488 0.264588
0.000488 0.264824
0.000488 0.26506
0.000488 0.265296
0.000488 0.265533
0.000488 0.265769
0.000488 0.266005
0.000488 0.266241
0.000488 0.266478
0.000488 0.266714
0.000488 0.26695
0.000488 0.267186
0.000488 0.267423
0.000488 0.267659
0.000488 0.267895
0.000488 0.268131
0.000488 0.268368
0.000488 0.268604
0.000488 0.26884
0.000488 0.269076
0.000488 0.269313
0.000488 0.269549
0.000488 0.269785
0.000488 0.270021
0.000488 0.270258
0.000488 0.270494
0.000488 0.27073
0.000488 0.270966
0.000488 0.271202
0.000488 0.271439
0.000488 0.271675
0.000488 0.271911
0.000488 0.272147
0.000488 0.272384
0.000488 0.27262
0.000488 0.272856
0.000488 0.273092
0.000488 0.273329
0.000488 0.273565
0.000488 0.273801
0.000488 0.274037
0.000488 0.274274
0.000488 0.27451
0.000488 0.274746
0.000488 0.274982
0.000488 0.275219
0.000488 0.275455
0.000488 0.275691
0.000488 0.275927
0.000488 0.276163
0.000488 0.2764
0.000488 0.276636
0.000488 0.276872
0.000488 0.277108
0.000488 0.277345
0.000488 0.277581
0.000488 0.277817
0.000488 0.278053
0.000488 0.27829
0.000488 0.278526
0.000488 0.278762
0.000488 0.278998
0.000488 0.279235
0.000488 0.279471
0.000488 0.279707
0.000488 0.279943
0.000488 0.28018
0.000488 0.280416
0.000488 0.280652
0.000488 0.280888
0.000488 0.281124
0.000488 0.281361
0.000488 0.281597
0.000488 0.281833
0.000488 0.282069
0.000488 0.282306
0.000488 0.282542
0.000488 0.282778
0.000488 0.283014
0.000488 0.283251
0.000488 0.283487
0.000488 0.283723
0.000488 0.283959
0.000488 0.284196
0.000488 0.284432
0.000488 0.284668
0.000488 0.284904
0.000488 0.285141
0.000488 0.285377
0.000488 0.285613
0.000488 0.285849
0.000488 0.286086
0.000488 0.286322
0.000488 0.286558
0.000488 0.286794
0.000488 0.28703
0.000488 0.287267
0.000488 0.287503
0.000488 0.287739
0.000488 0.287975
0.000488 0.288212
0.000488 0.288448
0.000488 0.288684
0.000488 0.28892
0.000488 0.289157
0.000488 0.289393
0.000488 0.289629
0.000488 0.289865
0.000488 0.290102
0.000488 0.290338
0.000488 0.290574
0.000488 0.29081
0.000488 0.291047
0.000488 0.291283
0.000488 0.291519
0.000488 0.291755
0.000488 0.291991
0.000488 0.292228
0.000488 0.292464
0.000488 0.2927
0.000488 0.292936
0.000488 0.293173
0.000488 0.293409
0.000488 0.293645
0.000488 0.293881
0.000488 0.294118
0.000488 0.294354
0.000488 0.29459
0.000488 0.294826
0.000488 0.295063
0.000488 0.295299
0.000488 0.295535
0.000488 0.295771
0.000488 0.296008
0.000488 0.296244
0.000488 0.29648
0.000488 0.296716
0.000488 0.296953
0.000488 0.297189
0.000488 0.297425
0.000488 0.297661
0.000488 0.297897
0.000488 0.298134
0.000488 0.29837
0.000488 0.298606
0.000488 0.298842
0.000488 0.299079
0.000488 0.299315
0.000488 0.299551
0.000488 0.299787
0.000488 0.300024
0.000488 0.30026
0.000488 0.300496
0.000488 0.300732
0.000488 0.300969
0.000488 0.301205
0.000488 0.301441
0.000488 0.301677
0.000488 0.301914
0.000488 0.30215
0.000488 0.302386
0.000488 0.302622
0.000488 0.302858
0.000488 0.303095
0.000488 0.303331
0.000488 0.303567
0.000488 0.303803
0.000488 0.30404
0.000488 0.304276
0.000488 0.304512
0.000488 0.304748
0.000488 0.304985
0.000488 0.305221
0.000488 0.305457
0.000488 0.305693
0.000488 0.30593
0.000488 0.306166
0.000488 0.306402
0.000488 0.306638
0.000488 0.306875
0.000488 0.307111
0.000488 0.307347
0.000488 0.307583
0.000488 0.30782
0.000488 0.308056
0.000488 0.308292
0.000488 0.308528
0.000488 0.308764
0.000488 0.309001
0.000488 0.309237
0.000488 0.309473
0.000488 0.309709
0.000488 0.309946
0.000488 0.310182
0.000488 0.310418
0.000488 0.310654
0.000488 0.310891
0.000488 0.311127
0.000488 0.311363
0.000488 0.311599
0.000488 0.311836
0.000488 0.312072
0.000488 0.312308
0.000488 0.312544
0.000488 0.312781
0.000488 0.313017
0.000488 0.313253
0.000488 0.313489
0.000488 0.313725
0.000488 0.313962
0.000488 0.314198
0.000488 0.314434
0.000488 0.31467
0.000488 0.314907
0.000488 0.315143
0.000488 0.315379
0.000488 0.315615
0.000488 0.315852
0.000488 0.316088
0.000488 0.316324
0.000488 0.31656
0.000488 0.316797
0.000488 0.317033
0.000488 0.317269
0.000488 0.317505
0.000488 0.317742
0.000488 0.317978
0.000488 0.318214
0.000488 0.31845
0.000488 0.318687
0.000488 0.318923
0.000488 0.319159
0.000488 0.319395
0.000488 0.319631
0.000488 0.319868
0.000488 0.320104
0.000488 0.32034
0.000488 0.320576
0.000488 0.320813
0.000488 0.321049
0.000488 0.321285
0.000488 0.321521
0.000488 0.321758
0.000488 0.321994
0.000492 0.32223
0.000492 0.322466
0.000496 0.322703
0.000496 0.322939
0.000496 0.323175
0.000496 0.323411
0.000496 0.323648
0.000504 0.323884
0.000504 0.32412
0.000504 0.324356
0.000504 0.324592
0.000504 0.324829
0.000504 0.325065
0.000504 0.325301
0.000504 0.325537
0.000504 0.325774
0.000504 0.32601
0.000504 0.326246
0.000504 0.326482
0.000511 0.326719
0.000511 0.326955
0.000519 0.327191
0.000519 0.327427
0.000519 0.327664
0.000519 0.3279
0.000519 0.328136
0.000519 0.328372
0.000519 0.328609
0.000519 0.328845
0.000519 0.329081
0.000519 0.329317
0.000519 0.329554
0.000519 0.32979
0.000519 0.330026
0.000519 0.330262
0.000534 0.330498
0.000534 0.330735
0.000534 0.330971
0.000534 0.331207
0.000534 0.331443
0.000534 0.33168
0.000534 0.331916
0.000549 0.332152
0.000549 0.332388
0.000549 0.332625
0.000549 0.332861
0.000549 0.333097
0.000549 0.333333
0.000549 0.33357
0.000549 0.333806
0.000549 0.334042
0.000549 0.334278
0.000549 0.334515
0.000549 0.334751
0.000549 0.334987
0.000549 0.335223
0.000549 0.335459
0.000549 0.335696
0.000549 0.335932
0.000565 0.336168
0.000580 0.336404
0.000595 0.336641
0.000610 0.336877
0.000610 0.337113
0.000610 0.337349
0.000610 0.337586
0.000610 0.337822
0.000610 0.338058
0.000610 0.338294
0.000610 0.338531
0.000610 0.338767
0.000610 0.339003
0.000610 0.339239
0.000610 0.339476
0.000610 0.339712
0.000610 0.339948
0.000610 0.340184
0.000610 0.340421
0.000610 0.340657
0.000610 0.340893
0.000610 0.341129
0.000610 0.341365
0.000610 0.341602
0.000610 0.341838
0.000610 0.342074
0.000610 0.34231
0.000610 0.342547
0.000610 0.342783
0.000610 0.343019
0.000610 0.343255
0.000610 0.343492
0.000610 0.343728
0.000610 0.343964
0.000610 0.3442
0.000610 0.344437
0.000610 0.344673
0.000610 0.344909
0.000610 0.345145
0.000610 0.345382
0.000610 0.345618
0.000610 0.345854
0.000610 0.34609
0.000610 0.346326
0.000610 0.346563
0.000610 0.346799
0.000610 0.347035
0.000610 0.347271
0.000610 0.347508
0.000610 0.347744
0.000610 0.34798
0.000610 0.348216
0.000610 0.348453
0.000610 0.348689
0.000610 0.348925
0.000610 0.349161
0.000610 0.349398
0.000610 0.349634
0.000626 0.34987
0.000626 0.350106
0.000626 0.350343
0.000626 0.350579
0.000626 0.350815
0.000626 0.351051
0.000626 0.351288
0.000626 0.351524
0.000629 0.35176
0.000633 0.351996
0.000633 0.352232
0.000641 0.352469
0.000641 0.352705
0.000641 0.352941
0.000641 0.353177
0.000641 0.353414
0.000641 0.35365
0.000641 0.353886
0.000641 0.354122
0.000641 0.354359
0.000641 0.354595
0.000641 0.354831
0.000645 0.355067
0.000648 0.355304
0.000648 0.35554
0.000656 0.355776
0.000656 0.356012
0.000656 0.356249
0.000656 0.356485
0.000656 0.356721
0.000656 0.356957
0.000656 0.357193
0.000664 0.35743
0.000671 0.357666
0.000671 0.357902
0.000671 0.358138
0.000671 0.358375
0.000671 0.358611
0.000671 0.358847
0.000671 0.359083
0.000671 0.35932
0.000671 0.359556
0.000671 0.359792
0.000671 0.360028
0.000671 0.360265
0.000671 0.360501
0.000671 0.360737
0.000671 0.360973
0.000671 0.36121
0.000671 0.361446
0.000671 0.361682
0.000671 0.361918
0.000671 0.362155
0.000671 0.362391
0.000671 0.362627
0.000671 0.362863
0.000671 0.363099
0.000671 0.363336
0.000671 0.363572
0.000671 0.363808
0.000675 0.364044
0.000679 0.364281
0.000679 0.364517
0.000687 0.364753
0.000687 0.364989
0.000687 0.365226
0.000687 0.365462
0.000687 0.365698
0.000702 0.365934
0.000702 0.366171
0.000702 0.366407
0.000702 0.366643
0.000717 0.366879
0.000732 0.367116
0.000732 0.367352
0.000732 0.367588
0.000732 0.367824
0.000732 0.36806
0.000732 0.368297
0.000732 0.368533
0.000732 0.368769
0.000732 0.369005
0.000732 0.369242
0.000732 0.369478
0.000732 0.369714
0.000732 0.36995
0.000732 0.370187
0.000732 0.370423
0.000732 0.370659
0.000732 0.370895
0.000732 0.371132
0.000732 0.371368
0.000732 0.371604
0.000732 0.37184
0.000732 0.372077
0.000732 0.372313
0.000732 0.372549
0.000732 0.372785
0.000732 0.373021
0.000732 0.373258
0.000732 0.373494
0.000732 0.37373
0.000732 0.373966
0.000732 0.374203
0.000732 0.374439
0.000732 0.374675
0.000732 0.374911
0.000732 0.375148
0.000732 0.375384
0.000732 0.37562
0.000732 0.375856
0.000732 0.376093
0.000732 0.376329
0.000732 0.376565
0.000732 0.376801
0.000732 0.377038
0.000732 0.377274
0.000732 0.37751
0.000732 0.377746
0.000732 0.377983
0.000732 0.378219
0.000732 0.378455
0.000732 0.378691
0.000732 0.378927
0.000732 0.379164
0.000732 0.3794
0.000732 0.379636
0.000732 0.379872
0.000732 0.380109
0.000732 0.380345
0.000732 0.380581
0.000732 0.380817
0.000732 0.381054
0.000732 0.38129
0.000732 0.381526
0.000732 0.381762
0.000732 0.381999
0.000732 0.382235
0.000732 0.382471
0.000732 0.382707
0.000732 0.382944
0.000732 0.38318
0.000732 0.383416
0.000732 0.383652
0.000732 0.383888
0.000732 0.384125
0.000732 0.384361
0.000732 0.384597
0.000732 0.384833
0.000732 0.38507
0.000732 0.385306
0.000732 0.385542
0.000732 0.385778
0.000732 0.386015
0.000732 0.386251
0.000732 0.386487
0.000732 0.386723
0.000732 0.38696
0.000732 0.387196
0.000732 0.387432
0.000732 0.387668
0.000732 0.387905
0.000732 0.388141
0.000732 0.388377
0.000732 0.388613
0.000732 0.38885
0.000732 0.389086
0.000732 0.389322
0.000732 0.389558
0.000732 0.389794
0.000732 0.390031
0.000732 0.390267
0.000732 0.390503
0.000732 0.390739
0.000732 0.390976
0.000732 0.391212
0.000732 0.391448
0.000732 0.391684
0.000732 0.391921
0.000732 0.392157
0.000732 0.392393
0.000732 0.392629
0.000732 0.392866
0.000732 0.393102
0.000732 0.393338
0.000732 0.393574
0.000732 0.393811
0.000732 0.394047
0.000732 0.394283
0.000732 0.394519
0.000732 0.394755
0.000732 0.394992
0.000732 0.395228
0.000732 0.395464
0.000732 0.3957
0.000732 0.395937
0.000732 0.396173
0.000732 0.396409
0.000732 0.396645
0.000732 0.396882
0.000732 0.397118
0.000732 0.397354
0.000732 0.39759
0.000732 0.397827
0.000732 0.398063
0.000732 0.398299
0.000732 0.398535
0.000732 0.398772
0.000732 0.399008
0.000732 0.399244
0.000732 0.39948
0.000732 0.399717
0.000732 0.399953
0.000732 0.400189
0.000732 0.400425
0.000732 0.400661
0.000732 0.400898
0.000763 0.401134
0.000763 0.40137
0.000778 0.401606
0.000778 0.401843
0.000782 0.402079
0.000786 0.402315
0.000793 0.402551
0.000793 0.402788
0.000793 0.403024
0.000793 0.40326
0.000793 0.403496
0.000793 0.403733
0.000793 0.403969
0.000793 0.404205
0.000793 0.404441
0.000793 0.404678
0.000793 0.404914
0.000793 0.40515
0.000793 0.405386
0.000793 0.405622
0.000809 0.405859
0.000809 0.406095
0.000809 0.406331
0.000816 0.406567
0.000824 0.406804
0.000824 0.40704
0.000824 0.407276
0.000824 0.407512
0.000839 0.407749
0.000839 0.407985
0.000839 0.408221
0.000854 0.408457
0.000854 0.408694
0.000854 0.40893
0.000854 0.409166
0.000854 0.409402
0.000854 0.409639
0.000854 0.409875
0.000854 0.410111
0.000854 0.410347
0.000854 0.410584
0.000854 0.41082
0.000854 0.411056
0.000854 0.411292
0.000854 0.411528
0.000854 0.411765
0.000854 0.412001
0.000854 0.412237
0.000854 0.412473
0.000854 0.41271
0.000854 0.412946
0.000854 0.413182
0.000854 0.413418
0.000854 0.413655
0.000854 0.413891
0.000854 0.414127
0.000854 0.414363
0.000854 0.4146
0.000854 0.414836
0.000854 0.415072
0.000854 0.415308
0.000854 0.415545
0.000854 0.415781
0.000854 0.416017
0.000854 0.416253
0.000854 0.416489
0.000854 0.416726
0.000854 0.416962
0.000854 0.417198
0.000854 0.417434
0.000854 0.417671
0.000854 0.417907
0.000854 0.418143
0.000854 0.418379
0.000854 0.418616
0.000854 0.418852
0.000854 0.419088
0.000854 0.419324
0.000854 0.419561
0.000854 0.419797
0.000854 0.420033
0.000854 0.420269
0.000854 0.420506
0.000854 0.420742
0.000854 0.420978
0.000854 0.421214
0.000854 0.421451
0.000854 0.421687
0.000870 0.421923
0.000870 0.422159
0.000870 0.422395
0.000885 0.422632
0.000885 0.422868
0.000885 0.423104
0.000885 0.42334
0.000900 0.423577
0.000916 0.423813
0.000916 0.424049
0.000916 0.424285
0.000916 0.424522
0.000916 0.424758
0.000916 0.424994
0.000916 0.42523
0.000923 0.425467
0.000931 0.425703
0.000946 0.425939
0.000946 0.426175
0.000946 0.426412
0.000946 0.426648
0.000946 0.426884
0.000946 0.42712
0.000946 0.427356
0.000954 0.427593
0.000961 0.427829
0.000961 0.428065
0.000961 0.428301
0.000961 0.428538
0.000961 0.428774
0.000961 0.42901
0.000977 0.429246
0.000977 0.429483
0.000977 0.429719
0.000977 0.429955
0.000977 0.430191
0.000977 0.430428
0.000977 0.430664
0.000977 0.4309
0.000977 0.431136
0.000977 0.431373
0.000977 0.431609
0.000977 0.431845
0.000977 0.432081
0.000977 0.432318
0.000977 0.432554
0.000977 0.43279
0.000977 0.433026
0.000977 0.433262
0.000977 0.433499
0.000977 0.433735
0.000977 0.433971
0.000977 0.434207
0.000977 0.434444
0.000977 0.43468
0.000977 0.434916
0.000977 0.435152
0.000977 0.435389
0.000977 0.435625
0.000977 0.435861
0.000977 0.436097
0.000977 0.436334
0.000977 0.43657
0.000977 0.436806
0.000977 0.437042
0.000977 0.437279
0.000977 0.437515
0.000977 0.437751
0.000977 0.437987
0.000977 0.438223
0.000977 0.43846
0.000977 0.438696
0.000977 0.438932
0.000977 0.439168
0.000977 0.439405
0.000977 0.439641
0.000977 0.439877
0.000977 0.440113
0.000977 0.44035
0.000977 0.440586
0.000977 0.440822
0.000977 0.441058
0.000977 0.441295
0.000977 0.441531
0.000977 0.441767
0.000977 0.442003
0.000977 0.44224
0.000977 0.442476
0.000977 0.442712
0.000977 0.442948
0.000977 0.443185
0.000977 0.443421
0.000977 0.443657
0.000977 0.443893
0.000977 0.444129
0.000977 0.444366
0.000977 0.444602
0.000977 0.444838
0.000977 0.445074
0.000977 0.445311
0.000977 0.445547
0.000977 0.445783
0.000977 0.446019
0.000977 0.446256
0.000977 0.446492
0.000977 0.446728
0.000977 0.446964
0.000977 0.447201
0.000977 0.447437
0.000977 0.447673
0.000977 0.447909
0.000977 0.448146
0.000977 0.448382
0.000977 0.448618
0.000977 0.448854
0.000977 0.44909
0.000977 0.449327
0.000977 0.449563
0.000977 0.449799
0.000977 0.450035
0.000977 0.450272
0.000977 0.450508
0.000977 0.450744
0.000977 0.45098
0.000977 0.451217
0.000977 0.451453
0.000977 0.451689
0.000977 0.451925
0.000977 0.452162
0.000977 0.452398
0.000977 0.452634
0.000977 0.45287
0.000977 0.453107
0.000977 0.453343
0.000977 0.453579
0.000977 0.453815
0.000977 0.454052
0.000977 0.454288
0.000977 0.454524
0.000977 0.45476
0.000977 0.454996
0.000977 0.455233
0.000977 0.455469
0.000977 0.455705
0.000977 0.455941
0.000977 0.456178
0.000977 0.456414
0.000977 0.45665
0.000977 0.456886
0.000977 0.457123
0.000977 0.457359
0.000992 0.457595
0.000992 0.457831
0.000999 0.458068
0.001007 0.458304
0.001007 0.45854
0.001007 0.458776
0.001007 0.459013
0.001007 0.459249
0.001022 0.459485
0.001038 0.459721
0.001038 0.459957
0.001038 0.460194
0.001038 0.46043
0.001053 0.460666
0.001083 0.460902
0.001083 0.461139
0.001083 0.461375
0.001083 0.461611
0.001099 0.461847
0.001099 0.462084
0.001099 0.46232
0.001099 0.462556
0.001099 0.462792
0.001099 0.463029
0.001099 0.463265
0.001099 0.463501
0.001099 0.463737
0.001099 0.463974
0.001099 0.46421
0.001099 0.464446
0.001099 0.464682
0.001099 0.464918
0.001099 0.465155
0.001099 0.465391
0.001099 0.465627
0.001099 0.465863
0.001099 0.4661
0.001099 0.466336
0.001099 0.466572
0.001099 0.466808
0.001099 0.467045
0.001099 0.467281
0.001099 0.467517
0.001099 0.467753
0.001099 0.46799
0.001099 0.468226
0.001099 0.468462
0.001099 0.468698
0.001099 0.468935
0.001106 0.469171
0.001114 0.469407
0.001114 0.469643
0.001114 0.46988
0.001114 0.470116
0.001114 0.470352
0.001129 0.470588
0.001129 0.470824
0.001144 0.471061
0.001160 0.471297
0.001160 0.471533
0.001160 0.471769
0.001160 0.472006
0.001160 0.472242
0.001160 0.472478
0.001160 0.472714
0.001160 0.472951
0.001160 0.473187
0.001175 0.473423
0.001175 0.473659
0.001183 0.473896
0.001190 0.474132
0.001221 0.474368
0.001221 0.474604
0.001221 0.474841
0.001221 0.475077
0.001221 0.475313
0.001221 0.475549
0.001221 0.475785
0.001221 0.476022
0.001221 0.476258
0.001221 0.476494
0.001221 0.47673
0.001221 0.476967
0.001221 0.477203
0.001221 0.477439
0.001221 0.477675
0.001221 0.477912
0.001221 0.478148
0.001221 0.478384
0.001221 0.47862
0.001221 0.478857
0.001221 0.479093
0.001221 0.479329
0.001221 0.479565
0.001221 0.479802
0.001221 0.480038
0.001221 0.480274
0.001221 0.48051
0.001221 0.480747
0.001221 0.480983
0.001221 0.481219
0.001221 0.481455
0.001221 0.481691
0.001221 0.481928
0.001221 0.482164
0.001221 0.4824
0.001221 0.482636
0.001221 0.482873
0.001221 0.483109
0.001221 0.483345
0.001221 0.483581
0.001221 0.483818
0.001221 0.484054
0.001221 0.48429
0.001221 0.484526
0.001221 0.484763
0.001221 0.484999
0.001221 0.485235
0.001221 0.485471
0.001221 0.485708
0.001221 0.485944
0.001221 0.48618
0.001221 0.486416
0.001221 0.486652
0.001221 0.486889
0.001221 0.487125
0.001221 0.487361
0.001221 0.487597
0.001221 0.487834
0.001221 0.48807
0.001221 0.488306
0.001221 0.488542
0.001221 0.488779
0.001221 0.489015
0.001221 0.489251
0.001221 0.489487
0.001221 0.489724
0.001221 0.48996
0.001221 0.490196
0.001221 0.490432
0.001221 0.490669
0.001221 0.490905
0.001221 0.491141
0.001221 0.491377
0.001221 0.491614
0.001221 0.49185
0.001221 0.492086
0.001221 0.492322
0.001221 0.492558
0.001221 0.492795
0.001236 0.493031
0.001236 0.493267
0.001236 0.493503
0.001251 0.49374
0.001251 0.493976
0.001251 0.494212
0.001251 0.494448
0.001266 0.494685
0.001266 0.494921
0.001266 0.495157
0.001282 0.495393
0.001282 0.49563
0.001282 0.495866
0.001282 0.496102
0.001282 0.496338
0.001282 0.496575
0.001282 0.496811
0.001282 0.497047
0.001282 0.497283
0.001297 0.497519
0.001312 0.497756
0.001343 0.497992
0.001343 0.498228
0.001343 0.498464
0.001343 0.498701
0.001343 0.498937
0.001343 0.499173
0.001343 0.499409
0.001343 0.499646
0.001343 0.499882
0.001343 0.500118
0.001343 0.500354
0.001343 0.500591
0.001343 0.500827
0.001343 0.501063
0.001343 0.501299
0.001343 0.501536
0.001343 0.501772
0.001343 0.502008
0.001343 0.502244
0.001343 0.502481
0.001343 0.502717
0.001343 0.502953
0.001343 0.503189
0.001343 0.503425
0.001343 0.503662
0.001358 0.503898
0.001373 0.504134
0.001373 0.50437
0.001389 0.504607
0.001404 0.504843
0.001404 0.505079
0.001404 0.505315
0.001404 0.505552
0.001404 0.505788
0.001404 0.506024
0.001404 0.50626
0.001404 0.506497
0.001404 0.506733
0.001404 0.506969
0.001404 0.507205
0.001404 0.507442
0.001404 0.507678
0.001404 0.507914
0.001404 0.50815
0.001404 0.508386
0.001415 0.508623
0.001419 0.508859
0.001419 0.509095
0.001419 0.509331
0.001419 0.509568
0.001434 0.509804
0.001434 0.51004
0.001434 0.510276
0.001434 0.510513
0.001465 0.510749
0.001465 0.510985
0.001465 0.511221
0.001465 0.511458
0.001465 0.511694
0.001465 0.51193
0.001465 0.512166
0.001465 0.512403
0.001465 0.512639
0.001465 0.512875
0.001465 0.513111
0.001465 0.513348
0.001465 0.513584
0.001465 0.51382
0.001465 0.514056
0.001465 0.514292
0.001465 0.514529
0.001465 0.514765
0.001465 0.515001
0.001465 0.515237
0.001465 0.515474
0.001465 0.51571
0.001465 0.515946
0.001465 0.516182
0.001465 0.516419
0.001465 0.516655
0.001465 0.516891
0.001465 0.517127
0.001465 0.517364
0.001465 0.5176
0.001465 0.517836
0.001465 0.518072
0.001465 0.518309
0.001465 0.518545
0.001465 0.518781
0.001465 0.519017
0.001465 0.519253
0.001465 0.51949
0.001465 0.519726
0.001465 0.519962
0.001465 0.520198
0.001465 0.520435
0.001465 0.520671
0.001465 0.520907
0.001465 0.521143
0.001465 0.52138
0.001465 0.521616
0.001465 0.521852
0.001465 0.522088
0.001465 0.522325
0.001465 0.522561
0.001465 0.522797
0.001465 0.523033
0.001465 0.52327
0.001465 0.523506
0.001465 0.523742
0.001465 0.523978
0.001465 0.524215
0.001465 0.524451
0.001465 0.524687
0.001465 0.524923
0.001465 0.525159
0.001465 0.525396
0.001465 0.525632
0.001465 0.525868
0.001465 0.526104
0.001465 0.526341
0.001465 0.526577
0.001465 0.526813
0.001465 0.527049
0.001465 0.527286
0.001465 0.527522
0.001465 0.527758
0.001465 0.527994
0.001465 0.528231
0.001465 0.528467
0.001465 0.528703
0.001465 0.528939
0.001465 0.529176
0.001465 0.529412
0.001465 0.529648
0.001465 0.529884
0.001465 0.53012
0.001472 0.530357
0.001495 0.530593
0.001518 0.530829
0.001526 0.531065
0.001526 0.531302
0.001526 0.531538
0.001526 0.531774
0.001526 0.53201
0.001526 0.532247
0.001526 0.532483
0.001526 0.532719
0.001526 0.532955
0.001549 0.533192
0.001556 0.533428
0.001556 0.533664
0.001556 0.5339
0.001556 0.534137
0.001556 0.534373
0.001556 0.534609
0.001572 0.534845
0.001572 0.535082
0.001572 0.535318
0.001572 0.535554
0.001572 0.53579
0.001587 0.536026
0.001587 0.536263
0.001587 0.536499
0.001587 0.536735
0.001587 0.536971
0.001587 0.537208
0.001587 0.537444
0.001587 0.53768
0.001587 0.537916
0.001587 0.538153
0.001587 0.538389
0.001587 0.538625
0.001587 0.538861
0.001587 0.539098
0.001587 0.539334
0.001587 0.53957
0.001587 0.539806
0.001587 0.540043
0.001587 0.540279
0.001587 0.540515
0.001587 0.540751
0.001587 0.540987
0.001587 0.541224
0.001587 0.54146
0.001587 0.541696
0.001587 0.541932
0.001587 0.542169
0.001587 0.542405
0.001587 0.542641
0.001587 0.542877
0.001587 0.543114
0.001587 0.54335
0.001587 0.543586
0.001587 0.543822
0.001587 0.544059
0.001587 0.544295
0.001587 0.544531
0.001587 0.544767
0.001587 0.545004
0.001617 0.54524
0.001617 0.545476
0.001617 0.545712
0.001648 0.545948
0.001648 0.546185
0.001648 0.546421
0.001648 0.546657
0.001648 0.546893
0.001648 0.54713
0.001648 0.547366
0.001648 0.547602
0.001648 0.547838
0.001648 0.548075
0.001682 0.548311
0.001709 0.548547
0.001709 0.548783
0.001709 0.54902
0.001709 0.549256
0.001709 0.549492
0.001709 0.549728
0.001709 0.549965
0.001709 0.550201
0.001709 0.550437
0.001709 0.550673
0.001709 0.55091
0.001709 0.551146
0.001709 0.551382
0.001709 0.551618
0.001709 0.551854
0.001709 0.552091
0.001709 0.552327
0.001709 0.552563
0.001709 0.552799
0.001709 0.553036
0.001709 0.553272
0.001709 0.553508
0.001709 0.553744
0.001709 0.553981
0.001709 0.554217
0.001709 0.554453
0.001709 0.554689
0.001709 0.554926
0.001709 0.555162
0.001709 0.555398
0.001709 0.555634
0.001709 0.555871
0.001709 0.556107
0.001709 0.556343
0.001709 0.556579
0.001709 0.556815
0.001709 0.557052
0.001709 0.557288
0.001709 0.557524
0.001709 0.55776
0.001709 0.557997
0.001709 0.558233
0.001709 0.558469
0.001709 0.558705
0.001709 0.558942
0.001709 0.559178
0.001709 0.559414
0.001709 0.55965
0.001709 0.559887
0.001709 0.560123
0.001709 0.560359
0.001709 0.560595
0.001709 0.560832
0.001709 0.561068
0.001709 0.561304
0.001709 0.56154
0.001709 0.561777
0.001709 0.562013
0.001709 0.562249
0.001709 0.562485
0.001709 0.562721
0.001709 0.562958
0.001709 0.563194
0.001709 0.56343
0.001709 0.563666
0.001709 0.563903
0.001709 0.564139
0.001709 0.564375
0.001709 0.564611
0.001709 0.564848
0.001709 0.565084
0.001709 0.56532
0.001709 0.565556
0.001709 0.565793
0.001709 0.566029
0.001709 0.566265
0.001709 0.566501
0.001709 0.566738
0.001709 0.566974
0.001709 0.56721
0.001709 0.567446
0.001709 0.567682
0.001709 0.567919
0.001709 0.568155
0.001709 0.568391
0.001709 0.568627
0.001709 0.568864
0.001709 0.5691
0.001709 0.569336
0.001709 0.569572
0.001709 0.569809
0.001709 0.570045
0.001709 0.570281
0.001709 0.570517
0.001709 0.570754
0.001709 0.57099
0.001709 0.571226
0.001709 0.571462
0.001724 0.571699
0.001724 0.571935
0.001732 0.572171
0.001747 0.572407
0.001755 0.572644
0.001770 0.57288
0.001770 0.573116
0.001770 0.573352
0.001770 0.573588
0.001770 0.573825
0.001770 0.574061
0.001801 0.574297
0.001801 0.574533
0.001801 0.57477
0.001801 0.575006
0.001831 0.575242
0.001831 0.575478
0.001831 0.575715
0.001831 0.575951
0.001831 0.576187
0.001831 0.576423
0.001831 0.57666
0.001831 0.576896
0.001831 0.577132
0.001831 0.577368
0.001831 0.577605
0.001831 0.577841
0.001831 0.578077
0.001831 0.578313
0.001831 0.578549
0.001831 0.578786
0.001831 0.579022
0.001831 0.579258
0.001831 0.579494
0.001831 0.579731
0.001831 0.579967
0.001831 0.580203
0.001831 0.580439
0.001831 0.580676
0.001831 0.580912
0.001831 0.581148
0.001831 0.581384
0.001831 0.581621
0.001831 0.581857
0.001831 0.582093
0.001846 0.582329
0.001862 0.582566
0.001862 0.582802
0.001862 0.583038
0.001862 0.583274
0.001877 0.583511
0.001877 0.583747
0.001877 0.583983
0.001877 0.584219
0.001877 0.584455
0.001892 0.584692
0.001892 0.584928
0.001892 0.585164
0.001907 0.5854
0.001923 0.585637
0.001923 0.585873
0.001923 0.586109
0.001945 0.586345
0.001953 0.586582
0.001953 0.586818
0.001953 0.587054
0.001953 0.58729
0.001953 0.587527
0.001953 0.587763
0.001953 0.587999
0.001953 0.588235
0.001953 0.588472
0.001953 0.588708
0.001953 0.588944
0.001953 0.58918
0.001953 0.589416
0.001953 0.589653
0.001953 0.589889
0.001953 0.590125
0.001953 0.590361
0.001953 0.590598
0.001953 0.590834
0.001953 0.59107
0.001953 0.591306
0.001953 0.591543
0.001953 0.591779
0.001953 0.592015
0.001953 0.592251
0.001953 0.592488
0.001953 0.592724
0.001953 0.59296
0.001953 0.593196
0.001953 0.593433
0.001953 0.593669
0.001953 0.593905
0.001953 0.594141
0.001953 0.594378
0.001953 0.594614
0.001953 0.59485
0.001953 0.595086
0.001953 0.595322
0.001953 0.595559
0.001953 0.595795
0.001953 0.596031
0.001953 0.596267
0.001953 0.596504
0.001953 0.59674
0.001953 0.596976
0.001953 0.597212
0.001953 0.597449
0.001953 0.597685
0.001953 0.597921
0.001953 0.598157
0.001953 0.598394
0.001953 0.59863
0.001968 0.598866
0.001984 0.599102
0.001999 0.599339
0.001999 0.599575
0.002014 0.599811
0.002014 0.600047
0.002014 0.600283
0.002014 0.60052
0.002014 0.600756
0.002029 0.600992
0.002029 0.601228
0.002045 0.601465
0.002045 0.601701
0.002075 0.601937
0.002075 0.602173
0.002075 0.60241
0.002075 0.602646
0.002075 0.602882
0.002075 0.603118
0.002075 0.603355
0.002075 0.603591
0.002075 0.603827
0.002075 0.604063
0.002075 0.6043
0.002075 0.604536
0.002075 0.604772
0.002075 0.605008
0.002075 0.605245
0.002075 0.605481
0.002075 0.605717
0.002075 0.605953
0.002075 0.606189
0.002075 0.606426
0.002106 0.606662
0.002136 0.606898
0.002136 0.607134
0.002136 0.607371
0.002136 0.607607
0.002136 0.607843
0.002136 0.608079
0.002167 0.608316
0.002167 0.608552
0.002167 0.608788
0.002167 0.609024
0.002167 0.609261
0.002182 0.609497
0.002182 0.609733
0.002197 0.609969
0.002197 0.610206
0.002197 0.610442
0.002197 0.610678
0.002197 0.610914
0.002197 0.61115
0.002197 0.611387
0.002197 0.611623
0.002197 0.611859
0.002197 0.612095
0.002197 0.612332
0.002197 0.612568
0.002197 0.612804
0.002197 0.61304
0.002197 0.613277
0.002197 0.613513
0.002197 0.613749
0.002197 0.613985
0.002197 0.614222
0.002197 0.614458
0.002197 0.614694
0.002197 0.61493
0.002197 0.615167
0.002197 0.615403
0.002197 0.615639
0.002197 0.615875
0.002197 0.616112
0.002197 0.616348
0.002197 0.616584
0.002197 0.61682
0.002197 0.617056
0.002197 0.617293
0.002197 0.617529
0.002197 0.617765
0.002197 0.618001
0.002197 0.618238
0.002197 0.618474
0.002197 0.61871
0.002197 0.618946
0.002197 0.619183
0.002197 0.619419
0.002197 0.619655
0.002197 0.619891
0.002197 0.620128
0.002197 0.620364
0.002197 0.6206
0.002197 0.620836
0.002197 0.621073
0.002197 0.621309
0.002197 0.621545
0.002197 0.621781
0.002197 0.622017
0.002197 0.622254
0.002197 0.62249
0.002197 0.622726
0.002197 0.622962
0.002197 0.623199
0.002197 0.623435
0.002197 0.623671
0.002213 0.623907
0.002228 0.624144
0.002258 0.62438
0.002258 0.624616
0.002258 0.624852
0.002258 0.625089
0.002289 0.625325
0.002289 0.625561
0.002289 0.625797
0.002289 0.626034
0.002304 0.62627
0.002319 0.626506
0.002319 0.626742
0.002319 0.626979
0.002319 0.627215
0.002319 0.627451
0.002319 0.627687
0.002319 0.627923
0.002319 0.62816
0.002319 0.628396
0.002319 0.628632
0.002319 0.628868
0.002319 0.629105
0.002319 0.629341
0.002319 0.629577
0.002342 0.629813
0.002350 0.63005
0.002350 0.630286
0.002380 0.630522
0.002380 0.630758
0.002380 0.630995
0.002380 0.631231
0.002411 0.631467
0.002411 0.631703
0.002441 0.63194
0.002441 0.632176
0.002441 0.632412
0.002441 0.632648
0.002441 0.632884
0.002441 0.633121
0.002441 0.633357
0.002441 0.633593
0.002441 0.633829
0.002441 0.634066
0.002441 0.634302
0.002441 0.634538
0.002441 0.634774
0.002441 0.635011
0.002441 0.635247
0.002441 0.635483
0.002441 0.635719
0.002441 0.635956
0.002441 0.636192
0.002441 0.636428
0.002441 0.636664
0.002441 0.636901
0.002441 0.637137
0.002441 0.637373
0.002441 0.637609
0.002441 0.637845
0.002441 0.638082
0.002441 0.638318
0.002441 0.638554
0.002441 0.63879
0.002441 0.639027
0.002441 0.639263
0.002441 0.639499
0.002441 0.639735
0.002441 0.639972
0.002441 0.640208
0.002441 0.640444
0.002441 0.64068
0.002441 0.640917
0.002441 0.641153
0.002441 0.641389
0.002441 0.641625
0.002441 0.641862
0.002441 0.642098
0.002441 0.642334
0.002441 0.64257
0.002457 0.642807
0.002472 0.643043
0.002483 0.643279
0.002502 0.643515
0.002502 0.643751
0.002502 0.643988
0.002502 0.644224
0.002502 0.64446
0.002533 0.644696
0.002533 0.644933
0.002563 0.645169
0.002563 0.645405
0.002563 0.645641
0.002563 0.645878
0.002563 0.646114
0.002563 0.64635
0.002563 0.646586
0.002563 0.646823
0.002563 0.647059
0.002563 0.647295
0.002563 0.647531
0.002563 0.647768
0.002563 0.648004
0.002563 0.64824
0.002594 0.648476
0.002594 0.648712
0.002594 0.648949
0.002625 0.649185
0.002625 0.649421
0.002625 0.649657
0.002640 0.649894
0.002655 0.65013
0.002686 0.650366
0.002686 0.650602
0.002686 0.650839
0.002686 0.651075
0.002686 0.651311
0.002686 0.651547
0.002686 0.651784
0.002686 0.65202
0.002686 0.652256
0.002686 0.652492
0.002686 0.652729
0.002686 0.652965
0.002686 0.653201
0.002686 0.653437
0.002686 0.653674
0.002686 0.65391
0.002686 0.654146
0.002686 0.654382
0.002686 0.654618
0.002686 0.654855
0.002686 0.655091
0.002686 0.655327
0.002686 0.655563
0.002686 0.6558
0.002686 0.656036
0.002686 0.656272
0.002686 0.656508
0.002686 0.656745
0.002686 0.656981
0.002686 0.657217
0.002686 0.657453
0.002686 0.65769
0.002686 0.657926
0.002686 0.658162
0.002686 0.658398
0.002686 0.658635
0.002686 0.658871
0.002686 0.659107
0.002686 0.659343
0.002686 0.659579
0.002686 0.659816
0.002686 0.660052
0.002686 0.660288
0.002686 0.660524
0.002716 0.660761
0.002716 0.660997
0.002747 0.661233
0.002747 0.661469
0.002747 0.661706
0.002747 0.661942
0.002747 0.662178
0.002747 0.662414
0.002747 0.662651
0.002777 0.662887
0.002808 0.663123
0.002808 0.663359
0.002808 0.663596
0.002808 0.663832
0.002808 0.664068
0.002808 0.664304
0.002808 0.664541
0.002808 0.664777
0.002808 0.665013
0.002808 0.665249
0.002808 0.665485
0.002808 0.665722
0.002808 0.665958
0.002838 0.666194
0.002838 0.66643
0.002869 0.666667
0.002869 0.666903
0.002914 0.667139
0.002922 0.667375
0.002930 0.667612
0.002930 0.667848
0.002930 0.668084
0.002930 0.66832
0.002930 0.668557
0.002930 0.668793
0.002930 0.669029
0.002930 0.669265
0.002930 0.669502
0.002930 0.669738
0.002930 0.669974
0.002930 0.67021
0.002930 0.670446
0.002930 0.670683
0.002930 0.670919
0.002930 0.671155
0.002930 0.671391
0.002930 0.671628
0.002930 0.671864
0.002930 0.6721
0.002930 0.672336
0.002930 0.672573
0.002930 0.672809
0.002930 0.673045
0.002930 0.673281
0.002930 0.673518
0.002930 0.673754
0.002930 0.67399
0.002930 0.674226
0.002930 0.674463
0.002930 0.674699
0.002930 0.674935
0.002930 0.675171
0.002960 0.675408
0.002975 0.675644
0.002991 0.67588
0.002991 0.676116
0.003021 0.676352
0.003021 0.676589
0.003021 0.676825
0.003036 0.677061
0.003052 0.677297
0.003052 0.677534
0.003052 0.67777
0.003052 0.678006
0.003052 0.678242
0.003052 0.678479
0.003052 0.678715
0.003052 0.678951
0.003067 0.679187
0.003082 0.679424
0.003082 0.67966
0.003113 0.679896
0.003113 0.680132
0.003113 0.680369
0.003143 0.680605
0.003143 0.680841
0.003143 0.681077
0.003159 0.681313
0.003174 0.68155
0.003174 0.681786
0.003174 0.682022
0.003174 0.682258
0.003174 0.682495
0.003174 0.682731
0.003174 0.682967
0.003174 0.683203
0.003174 0.68344
0.003174 0.683676
0.003174 0.683912
0.003174 0.684148
0.003174 0.684385
0.003174 0.684621
0.003174 0.684857
0.003174 0.685093
0.003174 0.68533
0.003174 0.685566
0.003174 0.685802
0.003174 0.686038
0.003174 0.686275
0.003174 0.686511
0.003174 0.686747
0.003174 0.686983
0.003174 0.687219
0.003174 0.687456
0.003174 0.687692
0.003174 0.687928
0.003204 0.688164
0.003235 0.688401
0.003265 0.688637
0.003296 0.688873
0.003296 0.689109
0.003296 0.689346
0.003296 0.689582
0.003296 0.689818
0.003296 0.690054
0.003296 0.690291
0.003296 0.690527
0.003357 0.690763
0.003357 0.690999
0.003387 0.691236
0.003403 0.691472
0.003403 0.691708
0.003418 0.691944
0.003418 0.69218
0.003418 0.692417
0.003418 0.692653
0.003418 0.692889
0.003418 0.693125
0.003418 0.693362
0.003418 0.693598
0.003418 0.693834
0.003418 0.69407
0.003418 0.694307
0.003418 0.694543
0.003418 0.694779
0.003418 0.695015
0.003418 0.695252
0.003418 0.695488
0.003418 0.695724
0.003418 0.69596
0.003418 0.696197
0.003418 0.696433
0.003418 0.696669
0.003418 0.696905
0.003418 0.697142
0.003418 0.697378
0.003418 0.697614
0.003418 0.69785
0.003418 0.698086
0.003418 0.698323
0.003479 0.698559
0.003479 0.698795
0.003525 0.699031
0.003540 0.699268
0.003540 0.699504
0.003540 0.69974
0.003540 0.699976
0.003540 0.700213
0.003540 0.700449
0.003540 0.700685
0.003540 0.700921
0.003540 0.701158
0.003540 0.701394
0.003540 0.70163
0.003571 0.701866
0.003571 0.702103
0.003601 0.702339
0.003601 0.702575
0.003601 0.702811
0.003601 0.703047
0.003616 0.703284
0.003639 0.70352
0.003662 0.703756
0.003662 0.703992
0.003662 0.704229
0.003662 0.704465
0.003662 0.704701
0.003662 0.704937
0.003662 0.705174
0.003662 0.70541
0.003662 0.705646
0.003662 0.705882
0.003662 0.706119
0.003662 0.706355
0.003662 0.706591
0.003662 0.706827
0.003662 0.707064
0.003662 0.7073
0.003693 0.707536
0.003723 0.707772
0.003769 0.708009
0.003784 0.708245
0.003784 0.708481
0.003784 0.708717
0.003784 0.708953
0.003784 0.70919
0.003784 0.709426
0.003784 0.709662
0.003784 0.709898
0.003845 0.710135
0.003845 0.710371
0.003845 0.710607
0.003876 0.710843
0.003876 0.71108
0.003906 0.711316
0.003906 0.711552
0.003906 0.711788
0.003906 0.712025
0.003906 0.712261
0.003906 0.712497
0.003906 0.712733
0.003906 0.71297
0.003906 0.713206
0.003906 0.713442
0.003906 0.713678
0.003906 0.713914
0.003906 0.714151
0.003906 0.714387
0.003906 0.714623
0.003906 0.714859
0.003906 0.715096
0.003906 0.715332
0.003906 0.715568
0.003906 0.715804
0.003906 0.716041
0.003906 0.716277
0.003906 0.716513
0.003906 0.716749
0.003906 0.716986
0.003906 0.717222
0.003906 0.717458
0.003906 0.717694
0.003906 0.717931
0.003906 0.718167
0.003967 0.718403
0.004028 0.718639
0.004028 0.718876
0.004044 0.719112
0.004051 0.719348
0.004089 0.719584
0.004089 0.71982
0.004089 0.720057
0.004105 0.720293
0.004120 0.720529
0.004150 0.720765
0.004150 0.721002
0.004150 0.721238
0.004150 0.721474
0.004150 0.72171
0.004150 0.721947
0.004150 0.722183
0.004150 0.722419
0.004150 0.722655
0.004150 0.722892
0.004150 0.723128
0.004150 0.723364
0.004150 0.7236
0.004150 0.723837
0.004150 0.724073
0.004150 0.724309
0.004150 0.724545
0.004150 0.724781
0.004150 0.725018
0.004150 0.725254
0.004150 0.72549
0.004150 0.725726
0.004150 0.725963
0.004150 0.726199
0.004150 0.726435
0.004150 0.726671
0.004150 0.726908
0.004150 0.727144
0.004181 0.72738
0.004211 0.727616
0.004211 0.727853
0.004211 0.728089
0.004272 0.728325
0.004272 0.728561
0.004272 0.728798
0.004272 0.729034
0.004272 0.72927
0.004272 0.729506
0.004333 0.729742
0.004333 0.729979
0.004333 0.730215
0.004333 0.730451
0.004333 0.730687
0.004333 0.730924
0.004349 0.73116
0.004395 0.731396
0.004395 0.731632
0.004395 0.731869
0.004395 0.732105
0.004395 0.732341
0.004395 0.732577
0.004395 0.732814
0.004395 0.73305
0.004395 0.733286
0.004395 0.733522
0.004395 0.733759
0.004395 0.733995
0.004395 0.734231
0.004395 0.734467
0.004395 0.734704
0.004395 0.73494
0.004395 0.735176
0.004456 0.735412
0.004501 0.735648
0.004501 0.735885
0.004517 0.736121
0.004517 0.736357
0.004517 0.736593
0.004517 0.73683
0.004578 0.737066
0.004578 0.737302
0.004639 0.737538
0.004639 0.737775
0.004639 0.738011
0.004639 0.738247
0.004639 0.738483
0.004639 0.73872
0.004639 0.738956
0.004639 0.739192
0.004639 0.739428
0.004639 0.739665
0.004639 0.739901
0.004639 0.740137
0.004639 0.740373
0.004639 0.740609
0.004639 0.740846
0.004639 0.741082
0.004639 0.741318
0.004639 0.741554
0.004639 0.741791
0.004639 0.742027
0.004639 0.742263
0.004662 0.742499
0.004700 0.742736
0.004761 0.742972
0.004761 0.743208
0.004761 0.743444
0.004761 0.743681
0.004761 0.743917
0.004761 0.744153
0.004761 0.744389
0.004822 0.744626
0.004822 0.744862
0.004822 0.745098
0.004883 0.745334
0.004883 0.745571
0.004883 0.745807
0.004883 0.746043
0.004883 0.746279
0.004883 0.746515
0.004883 0.746752
0.004883 0.746988
0.004883 0.747224
0.004883 0.74746
0.004883 0.747697
0.004883 0.747933
0.004883 0.748169
0.004883 0.748405
0.004883 0.748642
0.004883 0.748878
0.004883 0.749114
0.004883 0.74935
0.004913 0.749587
0.004944 0.749823
0.004944 0.750059
0.004974 0.750295
0.005005 0.750532
0.005066 0.750768
0.005127 0.751004
0.005127 0.75124
0.005127 0.751476
0.005127 0.751713
0.005127 0.751949
0.005127 0.752185
0.005127 0.752421
0.005127 0.752658
0.005127 0.752894
0.005127 0.75313
0.005127 0.753366
0.005127 0.753603
0.005127 0.753839
0.005127 0.754075
0.005127 0.754311
0.005127 0.754548
0.005127 0.754784
0.005127 0.75502
0.005127 0.755256
0.005127 0.755493
0.005127 0.755729
0.005127 0.755965
0.005127 0.756201
0.005127 0.756438
0.005127 0.756674
0.005157 0.75691
0.005249 0.757146
0.005249 0.757382
0.005249 0.757619
0.005249 0.757855
0.005310 0.758091
0.005371 0.758327
0.005371 0.758564
0.005371 0.7588
0.005371 0.759036
0.005371 0.759272
0.005371 0.759509
0.005371 0.759745
0.005371 0.759981
0.005371 0.760217
0.005371 0.760454
0.005371 0.76069
0.005371 0.760926
0.005371 0.761162
0.005371 0.761399
0.005371 0.761635
0.005432 0.761871
0.005432 0.762107
0.005463 0.762343
0.005493 0.76258
0.005493 0.762816
0.005508 0.763052
0.005524 0.763288
0.005524 0.763525
0.005554 0.763761
0.005554 0.763997
0.005615 0.764233
0.005615 0.76447
0.005615 0.764706
0.005615 0.764942
0.005615 0.765178
0.005615 0.765415
0.005615 0.765651
0.005615 0.765887
0.005615 0.766123
0.005615 0.76636
0.005615 0.766596
0.005615 0.766832
0.005615 0.767068
0.005615 0.767305
0.005615 0.767541
0.005615 0.767777
0.005615 0.768013
0.005615 0.768249
0.005615 0.768486
0.005615 0.768722
0.005615 0.768958
0.005661 0.769194
0.005676 0.769431
0.005676 0.769667
0.005692 0.769903
0.005707 0.770139
0.005737 0.770376
0.005737 0.770612
0.005737 0.770848
0.005859 0.771084
0.005859 0.771321
0.005859 0.771557
0.005859 0.771793
0.005859 0.772029
0.005859 0.772266
0.005859 0.772502
0.005859 0.772738
0.005859 0.772974
0.005859 0.77321
0.005859 0.773447
0.005859 0.773683
0.005859 0.773919
0.005859 0.774155
0.005859 0.774392
0.005859 0.774628
0.005859 0.774864
0.005890 0.7751
0.005890 0.775337
0.005905 0.775573
0.005920 0.775809
0.005951 0.776045
0.005951 0.776282
0.005951 0.776518
0.005981 0.776754
0.005981 0.77699
0.005981 0.777227
0.006042 0.777463
0.006042 0.777699
0.006104 0.777935
0.006104 0.778172
0.006104 0.778408
0.006104 0.778644
0.006104 0.77888
0.006104 0.779116
0.006104 0.779353
0.006104 0.779589
0.006226 0.779825
0.006226 0.780061
0.006317 0.780298
0.006348 0.780534
0.006348 0.78077
0.006348 0.781006
0.006348 0.781243
0.006393 0.781479
0.006409 0.781715
0.006470 0.781951
0.006470 0.782188
0.006485 0.782424
0.006516 0.78266
0.006531 0.782896
0.006561 0.783133
0.006592 0.783369
0.006592 0.783605
0.006592 0.783841
0.006592 0.784077
0.006592 0.784314
0.006592 0.78455
0.006592 0.784786
0.006592 0.785022
0.006592 0.785259
0.006592 0.785495
0.006592 0.785731
0.006592 0.785967
0.006607 0.786204
0.006622 0.78644
0.006622 0.786676
0.006638 0.786912
0.006653 0.787149
0.006653 0.787385
0.006653 0.787621
0.006714 0.787857
0.006714 0.788094
0.006836 0.78833
0.006836 0.788566
0.006836 0.788802
0.006836 0.789039
0.006836 0.789275
0.006836 0.789511
0.006836 0.789747
0.006836 0.789983
0.006836 0.79022
0.006836 0.790456
0.006836 0.790692
0.006836 0.790928
0.006836 0.791165
0.006897 0.791401
0.006912 0.791637
0.006958 0.791873
0.006958 0.79211
0.006958 0.792346
0.006958 0.792582
0.006958 0.792818
0.006989 0.793055
0.007019 0.793291
0.007080 0.793527
0.007080 0.793763
0.007080 0.794
0.007080 0.794236
0.007080 0.794472
0.007080 0.794708
0.007080 0.794944
0.007080 0.795181
0.007080 0.795417
0.007080 0.795653
0.007080 0.795889
0.007080 0.796126
0.007080 0.796362
0.007111 0.796598
0.007141 0.796834
0.007202 0.797071
0.007202 0.797307
0.007202 0.797543
0.007202 0.797779
0.007324 0.798016
0.007324 0.798252
0.007324 0.798488
0.007324 0.798724
0.007324 0.798961
0.007324 0.799197
0.007385 0.799433
0.007385 0.799669
0.007385 0.799906
0.007446 0.800142
0.007446 0.800378
0.007507 0.800614
0.007507 0.80085
0.007568 0.801087
0.007568 0.801323
0.007568 0.801559
0.007568 0.801795
0.007568 0.802032
0.007690 0.802268
0.007690 0.802504
0.007690 0.80274
0.007751 0.802977
0.007751 0.803213
0.007751 0.803449
0.007812 0.803685
0.007812 0.803922
0.007812 0.804158
0.007812 0.804394
0.007812 0.80463
0.007812 0.804867
0.007896 0.805103
0.007935 0.805339
0.008057 0.805575
0.008057 0.805811
0.008057 0.806048
0.008057 0.806284
0.008057 0.80652
0.008179 0.806756
0.008240 0.806993
0.008240 0.807229
0.008301 0.807465
0.008301 0.807701
0.008301 0.807938
0.008301 0.808174
0.008301 0.80841
0.008301 0.808646
0.008301 0.808883
0.008301 0.809119
0.008331 0.809355
0.008362 0.809591
0.008514 0.809828
0.008545 0.810064
0.008545 0.8103
0.008545 0.810536
0.008545 0.810773
0.008545 0.811009
0.008545 0.811245
0.008545 0.811481
0.008606 0.811717
0.008636 0.811954
0.008636 0.81219
0.008667 0.812426
0.008667 0.812662
0.008667 0.812899
0.008789 0.813135
0.008789 0.813371
0.008789 0.813607
0.008789 0.813844
0.008789 0.81408
0.008789 0.814316
0.008789 0.814552
0.008804 0.814789
0.008820 0.815025
0.008865 0.815261
0.008881 0.815497
0.008911 0.815734
0.008911 0.81597
0.008911 0.816206
0.008942 0.816442
0.008972 0.816678
0.008972 0.816915
0.009033 0.817151
0.009033 0.817387
0.009033 0.817623
0.009033 0.81786
0.009125 0.818096
0.009125 0.818332
0.009155 0.818568
0.009155 0.818805
0.009277 0.819041
0.009277 0.819277
0.009277 0.819513
0.009277 0.81975
0.009399 0.819986
0.009460 0.820222
0.009521 0.820458
0.009521 0.820695
0.009521 0.820931
0.009521 0.821167
0.009521 0.821403
0.009583 0.821639
0.009644 0.821876
0.009674 0.822112
0.009705 0.822348
0.009766 0.822584
0.009766 0.822821
0.009766 0.823057
0.009766 0.823293
0.009766 0.823529
0.009766 0.823766
0.009766 0.824002
0.009766 0.824238
0.009857 0.824474
0.009918 0.824711
0.009949 0.824947
0.010010 0.825183
0.010010 0.825419
0.010010 0.825656
0.010010 0.825892
0.010010 0.826128
0.010162 0.826364
0.010174 0.826601
0.010193 0.826837
0.010254 0.827073
0.010254 0.827309
0.010254 0.827545
0.010254 0.827782
0.010315 0.828018
0.010376 0.828254
0.010376 0.82849
0.010498 0.828727
0.010498 0.828963
0.010498 0.829199
0.010498 0.829435
0.010498 0.829672
0.010498 0.829908
0.010620 0.830144
0.010681 0.83038
0.010681 0.830617
0.010742 0.830853
0.010742 0.831089
0.010742 0.831325
0.010742 0.831562
0.010742 0.831798
0.010757 0.832034
0.010864 0.83227
0.010925 0.832506
0.010986 0.832743
0.010986 0.832979
0.010986 0.833215
0.010986 0.833451
0.010986 0.833688
0.010986 0.833924
0.010986 0.83416
0.010986 0.834396
0.011108 0.834633
0.011169 0.834869
0.011230 0.835105
0.011230 0.835341
0.011230 0.835578
0.011230 0.835814
0.011230 0.83605
0.011230 0.836286
0.011292 0.836523
0.011353 0.836759
0.011353 0.836995
0.011475 0.837231
0.011475 0.837468
0.011475 0.837704
0.011475 0.83794
0.011475 0.838176
0.011475 0.838412
0.011475 0.838649
0.011475 0.838885
0.011475 0.839121
0.011597 0.839357
0.011597 0.839594
0.011627 0.83983
0.011658 0.840066
0.011719 0.840302
0.011719 0.840539
0.011719 0.840775
0.011719 0.841011
0.011719 0.841247
0.011719 0.841484
0.011749 0.84172
0.011795 0.841956
0.011841 0.842192
0.011868 0.842429
0.011932 0.842665
0.011963 0.842901
0.011963 0.843137
0.011963 0.843373
0.011963 0.84361
0.011963 0.843846
0.011963 0.844082
0.011963 0.844318
0.011986 0.844555
0.011993 0.844791
0.012024 0.845027
0.012047 0.845263
0.012054 0.8455
0.012085 0.845736
0.012108 0.845972
0.012138 0.846208
0.012207 0.846445
0.012207 0.846681
0.012207 0.846917
0.012207 0.847153
0.012207 0.84739
0.012207 0.847626
0.012207 0.847862
0.012207 0.848098
0.012207 0.848335
0.012268 0.848571
0.012299 0.848807
0.012329 0.849043
0.012329 0.849279
0.012329 0.849516
0.012329 0.849752
0.012390 0.849988
0.012421 0.850224
0.012421 0.850461
0.012451 0.850697
0.012451 0.850933
0.012451 0.851169
0.012451 0.851406
0.012573 0.851642
0.012573 0.851878
0.012665 0.852114
0.012695 0.852351
0.012695 0.852587
0.012695 0.852823
0.012695 0.853059
0.012817 0.853296
0.012817 0.853532
0.012817 0.853768
0.012863 0.854004
0.012939 0.85424
0.012939 0.854477
0.012939 0.854713
0.012939 0.854949
0.012939 0.855185
0.012985 0.855422
0.013000 0.855658
0.013000 0.855894
0.013000 0.85613
0.013046 0.856367
0.013046 0.856603
0.013062 0.856839
0.013062 0.857075
0.013062 0.857312
0.013092 0.857548
0.013184 0.857784
0.013184 0.85802
0.013184 0.858257
0.013184 0.858493
0.013184 0.858729
0.013184 0.858965
0.013184 0.859202
0.013184 0.859438
0.013184 0.859674
0.013184 0.85991
0.013306 0.860146
0.013306 0.860383
0.013306 0.860619
0.013306 0.860855
0.013306 0.861091
0.013428 0.861328
0.013428 0.861564
0.013428 0.8618
0.013428 0.862036
0.013428 0.862273
0.013428 0.862509
0.013428 0.862745
0.013428 0.862981
0.013428 0.863218
0.013550 0.863454
0.013611 0.86369
0.013641 0.863926
0.013672 0.864163
0.013672 0.864399
0.013672 0.864635
0.013733 0.864871
0.013794 0.865107
0.013916 0.865344
0.013916 0.86558
0.013916 0.865816
0.013916 0.866052
0.013916 0.866289
0.013916 0.866525
0.013916 0.866761
0.013916 0.866997
0.013916 0.867234
0.013916 0.86747
0.013916 0.867706
0.013916 0.867942
0.013916 0.868179
0.013916 0.868415
0.013916 0.868651
0.014038 0.868887
0.014038 0.869124
0.014038 0.86936
0.014053 0.869596
0.014130 0.869832
0.014145 0.870069
0.014160 0.870305
0.014160 0.870541
0.014160 0.870777
0.014160 0.871013
0.014160 0.87125
0.014160 0.871486
0.014160 0.871722
0.014267 0.871958
0.014282 0.872195
0.014282 0.872431
0.014404 0.872667
0.014404 0.872903
0.014404 0.87314
0.014404 0.873376
0.014404 0.873612
0.014404 0.873848
0.014404 0.874085
0.014404 0.874321
0.014404 0.874557
0.014450 0.874793
0.014481 0.87503
0.014496 0.875266
0.014526 0.875502
0.014618 0.875738
0.014618 0.875974
0.014633 0.876211
0.014648 0.876447
0.014648 0.876683
0.014648 0.876919
0.014648 0.877156
0.014648 0.877392
0.014664 0.877628
0.014862 0.877864
0.014893 0.878101
0.014893 0.878337
0.014893 0.878573
0.014893 0.878809
0.014893 0.879046
0.014893 0.879282
0.014923 0.879518
0.014954 0.879754
0.015015 0.879991
0.015060 0.880227
0.015137 0.880463
0.015228 0.880699
0.015259 0.880936
0.015259 0.881172
0.015381 0.881408
0.015381 0.881644
0.015381 0.88188
0.015381 0.882117
0.015381 0.882353
0.015381 0.882589
0.015381 0.882825
0.015381 0.883062
0.015381 0.883298
0.015381 0.883534
0.015381 0.88377
0.015381 0.884007
0.015442 0.884243
0.015503 0.884479
0.015625 0.884715
0.015625 0.884952
0.015625 0.885188
0.015625 0.885424
0.015640 0.88566
0.015701 0.885897
0.015701 0.886133
0.015747 0.886369
0.015747 0.886605
0.015808 0.886841
0.015869 0.887078
0.015869 0.887314
0.015869 0.88755
0.015869 0.887786
0.015869 0.888023
0.015869 0.888259
0.015915 0.888495
0.015991 0.888731
0.015991 0.888968
0.015991 0.889204
0.016113 0.88944
0.016113 0.889676
0.016113 0.889913
0.016113 0.890149
0.016144 0.890385
0.016205 0.890621
0.016205 0.890858
0.016235 0.891094
0.016235 0.89133
0.016235 0.891566
0.016266 0.891803
0.016357 0.892039
0.016357 0.892275
0.016357 0.892511
0.016357 0.892747
0.016388 0.892984
0.016479 0.89322
0.016479 0.893456
0.016479 0.893692
0.016602 0.893929
0.016602 0.894165
0.016602 0.894401
0.016602 0.894637
0.016602 0.894874
0.016602 0.89511
0.016602 0.895346
0.016602 0.895582
0.016724 0.895819
0.016724 0.896055
0.016724 0.896291
0.016724 0.896527
0.016846 0.896764
0.016846 0.897
0.016846 0.897236
0.016846 0.897472
0.016968 0.897708
0.016968 0.897945
0.016998 0.898181
0.017090 0.898417
0.017090 0.898653
0.017090 0.89889
0.017090 0.899126
0.017090 0.899362
0.017090 0.899598
0.017090 0.899835
0.017090 0.900071
0.017212 0.900307
0.017212 0.900543
0.017212 0.90078
0.017334 0.901016
0.017334 0.901252
0.017334 0.901488
0.017334 0.901725
0.017334 0.901961
0.017334 0.902197
0.017334 0.902433
0.017517 0.90267
0.017578 0.902906
0.017578 0.903142
0.017578 0.903378
0.017578 0.903614
0.017578 0.903851
0.017700 0.904087
0.017700 0.904323
0.017822 0.904559
0.017822 0.904796
0.017822 0.905032
0.017944 0.905268
0.018066 0.905504
0.018066 0.905741
0.018066 0.905977
0.018066 0.906213
0.018127 0.906449
0.018127 0.906686
0.018188 0.906922
0.018188 0.907158
0.018204 0.907394
0.018280 0.907631
0.018311 0.907867
0.018311 0.908103
0.018311 0.908339
0.018311 0.908575
0.018356 0.908812
0.018433 0.909048
0.018433 0.909284
0.018555 0.90952
0.018555 0.909757
0.018555 0.909993
0.018555 0.910229
0.018555 0.910465
0.018799 0.910702
0.018799 0.910938
0.018799 0.911174
0.018799 0.91141
0.018921 0.911647
0.018921 0.911883
0.019043 0.912119
0.019043 0.912355
0.019043 0.912592
0.019043 0.912828
0.019287 0.913064
0.019409 0.9133
0.019531 0.913536
0.019531 0.913773
0.019531 0.914009
0.019653 0.914245
0.019997 0.914481
0.020012 0.914718
0.020020 0.914954
0.020020 0.91519
0.020020 0.915426
0.020050 0.915663
0.020096 0.915899
0.020264 0.916135
0.020264 0.916371
0.020264 0.916608
0.020264 0.916844
0.020386 0.91708
0.020386 0.917316
0.020447 0.917553
0.020508 0.917789
0.020508 0.918025
0.020508 0.918261
0.020569 0.918498
0.020630 0.918734
0.020630 0.91897
0.020630 0.919206
0.020630 0.919442
0.020691 0.919679
0.020752 0.919915
0.020752 0.920151
0.020752 0.920387
0.020782 0.920624
0.020874 0.92086
0.020874 0.921096
0.020966 0.921332
0.020996 0.921569
0.020996 0.921805
0.020996 0.922041
0.021057 0.922277
0.021118 0.922514
0.021240 0.92275
0.021240 0.922986
0.021240 0.923222
0.021240 0.923459
0.021240 0.923695
0.021240 0.923931
0.021240 0.924167
0.021240 0.924403
0.021362 0.92464
0.021484 0.924876
0.021484 0.925112
0.021484 0.925348
0.021484 0.925585
0.021484 0.925821
0.021484 0.926057
0.021484 0.926293
0.021576 0.92653
0.021606 0.926766
0.021606 0.927002
0.021667 0.927238
0.021713 0.927475
0.021729 0.927711
0.021729 0.927947
0.021729 0.928183
0.021824 0.92842
0.021851 0.928656
0.021912 0.928892
0.021912 0.929128
0.021927 0.929365
0.021973 0.929601
0.021973 0.929837
0.021973 0.930073
0.021973 0.930309
0.021973 0.930546
0.021988 0.930782
0.022034 0.931018
0.022095 0.931254
0.022095 0.931491
0.022186 0.931727
0.022217 0.931963
0.022217 0.932199
0.022217 0.932436
0.022339 0.932672
0.022339 0.932908
0.022400 0.933144
0.022461 0.933381
0.022461 0.933617
0.022461 0.933853
0.022461 0.934089
0.022461 0.934326
0.022461 0.934562
0.022583 0.934798
0.022583 0.935034
0.022705 0.93527
0.022705 0.935507
0.022705 0.935743
0.022705 0.935979
0.022705 0.936215
0.022766 0.936452
0.022827 0.936688
0.022827 0.936924
0.022888 0.93716
0.022926 0.937397
0.022949 0.937633
0.022949 0.937869
0.022949 0.938105
0.022949 0.938342
0.022949 0.938578
0.022949 0.938814
0.022949 0.93905
0.023071 0.939287
0.023071 0.939523
0.023071 0.939759
0.023071 0.939995
0.023132 0.940232
0.023163 0.940468
0.023193 0.940704
0.023193 0.94094
0.023193 0.941176
0.023193 0.941413
0.023193 0.941649
0.023254 0.941885
0.023376 0.942121
0.023438 0.942358
0.023438 0.942594
0.023438 0.94283
0.023438 0.943066
0.023560 0.943303
0.023560 0.943539
0.023682 0.943775
0.023682 0.944011
0.023682 0.944248
0.023682 0.944484
0.023804 0.94472
0.023834 0.944956
0.023926 0.945193
0.023926 0.945429
0.023926 0.945665
0.023926 0.945901
0.023926 0.946137
0.023956 0.946374
0.023987 0.94661
0.024048 0.946846
0.024094 0.947082
0.024170 0.947319
0.024170 0.947555
0.024170 0.947791
0.024170 0.948027
0.024200 0.948264
0.024292 0.9485
0.024292 0.948736
0.024292 0.948972
0.024414 0.949209
0.024414 0.949445
0.024414 0.949681
0.024414 0.949917
0.024414 0.950154
0.024475 0.95039
0.024475 0.950626
0.024536 0.950862
0.024567 0.951099
0.024658 0.951335
0.024658 0.951571
0.024902 0.951807
0.024902 0.952043
0.024902 0.95228
0.024902 0.952516
0.024902 0.952752
0.024902 0.952988
0.025024 0.953225
0.025024 0.953461
0.025116 0.953697
0.025146 0.953933
0.025146 0.95417
0.025146 0.954406
0.025146 0.954642
0.025146 0.954878
0.025146 0.955115
0.025146 0.955351
0.025146 0.955587
0.025146 0.955823
0.025269 0.95606
0.025391 0.956296
0.025391 0.956532
0.025452 0.956768
0.025452 0.957004
0.025513 0.957241
0.025528 0.957477
0.025574 0.957713
0.025635 0.957949
0.025635 0.958186
0.025757 0.958422
0.025879 0.958658
0.025879 0.958894
0.025879 0.959131
0.025879 0.959367
0.025909 0.959603
0.025940 0.959839
0.025940 0.960076
0.026062 0.960312
0.026123 0.960548
0.026123 0.960784
0.026123 0.961021
0.026245 0.961257
0.026306 0.961493
0.026367 0.961729
0.026367 0.961966
0.026367 0.962202
0.026428 0.962438
0.026489 0.962674
0.026581 0.96291
0.026611 0.963147
0.026855 0.963383
0.026855 0.963619
0.026855 0.963855
0.026886 0.964092
0.026886 0.964328
0.026886 0.964564
0.026917 0.9648
0.026978 0.965037
0.026978 0.965273
0.027100 0.965509
0.027100 0.965745
0.027191 0.965982
0.027222 0.966218
0.027222 0.966454
0.027344 0.96669
0.027466 0.966927
0.027588 0.967163
0.027710 0.967399
0.027954 0.967635
0.028076 0.967871
0.028076 0.968108
0.028107 0.968344
0.028381 0.96858
0.028442 0.968816
0.028564 0.969053
0.028564 0.969289
0.028687 0.969525
0.029053 0.969761
0.029358 0.969998
0.029419 0.970234
0.029785 0.97047
0.029785 0.970706
0.029861 0.970943
0.030029 0.971179
0.030136 0.971415
0.030334 0.971651
0.030518 0.971888
0.030670 0.972124
0.030762 0.97236
0.030762 0.972596
0.030762 0.972833
0.030823 0.973069
0.031006 0.973305
0.031006 0.973541
0.031006 0.973777
0.031128 0.974014
0.031250 0.97425
0.031258 0.974486
0.031265 0.974722
0.031311 0.974959
0.031494 0.975195
0.031616 0.975431
0.031738 0.975667
0.031754 0.975904
0.031982 0.97614
0.032089 0.976376
0.032104 0.976612
0.032410 0.976849
0.032471 0.977085
0.032593 0.977321
0.032715 0.977557
0.033203 0.977794
0.033295 0.97803
0.033447 0.978266
0.033691 0.978502
0.033691 0.978738
0.033691 0.978975
0.033691 0.979211
0.033813 0.979447
0.033905 0.979683
0.034058 0.97992
0.034180 0.980156
0.034180 0.980392
0.034424 0.980628
0.034607 0.980865
0.034729 0.981101
0.034912 0.981337
0.034912 0.981573
0.035156 0.98181
0.035400 0.982046
0.035645 0.982282
0.035858 0.982518
0.036110 0.982755
0.036377 0.982991
0.036743 0.983227
0.036865 0.983463
0.036865 0.9837
0.036865 0.983936
0.037109 0.984172
0.037109 0.984408
0.037231 0.984644
0.037308 0.984881
0.037354 0.985117
0.037598 0.985353
0.038040 0.985589
0.038086 0.985826
0.038086 0.986062
0.038452 0.986298
0.039307 0.986534
0.039551 0.986771
0.039673 0.987007
0.039673 0.987243
0.040619 0.987479
0.040955 0.987716
0.041077 0.987952
0.041260 0.988188
0.041504 0.988424
0.041504 0.988661
0.041748 0.988897
0.041992 0.989133
0.042114 0.989369
0.042236 0.989605
0.042297 0.989842
0.042603 0.990078
0.042969 0.990314
0.042999 0.99055
0.043091 0.990787
0.043213 0.991023
0.044067 0.991259
0.044189 0.991495
0.044189 0.991732
0.044189 0.991968
0.044556 0.992204
0.045166 0.99244
0.045654 0.992677
0.046021 0.992913
0.046982 0.993149
0.047119 0.993385
0.047363 0.993622
0.048203 0.993858
0.049438 0.994094
0.049500 0.99433
0.049561 0.994567
0.049805 0.994803
0.051514 0.995039
0.051819 0.995275
0.052002 0.995511
0.052490 0.995748
0.053650 0.995984
0.053833 0.99622
0.053955 0.996456
0.054321 0.996693
0.056396 0.996929
0.057129 0.997165
0.057251 0.997401
0.057373 0.997638
0.058533 0.997874
0.062134 0.99811
0.062866 0.998346
0.064331 0.998583
0.067383 0.998819
0.068115 0.999055
0.073975 0.999291
0.078094 0.999528
0.082031 0.999764
0.138428 1
