0.000000 0.000234522
0.000000 0.000469043
0.000000 0.000703565
0.000000 0.000938086
0.000000 0.00117261
0.000000 0.00140713
0.000000 0.00164165
0.000000 0.00187617
0.000000 0.00211069
0.000000 0.00234522
0.000000 0.00257974
0.000000 0.00281426
0.000000 0.00304878
0.000000 0.0032833
0.000000 0.00351782
0.000000 0.00375235
0.000000 0.00398687
0.000000 0.00422139
0.000000 0.00445591
0.000000 0.00469043
0.000000 0.00492495
0.000000 0.00515947
0.000000 0.005394
0.000000 0.00562852
0.000000 0.00586304
0.000000 0.00609756
0.000122 0.00633208
0.000122 0.0065666
0.000122 0.00680113
0.000122 0.00703565
0.000122 0.00727017
0.000122 0.00750469
0.000122 0.00773921
0.000122 0.00797373
0.000122 0.00820826
0.000122 0.00844278
0.000122 0.0086773
0.000122 0.00891182
0.000122 0.00914634
0.000122 0.00938086
0.000122 0.00961538
0.000122 0.00984991
0.000122 0.0100844
0.000122 0.0103189
0.000122 0.0105535
0.000122 0.010788
0.000122 0.0110225
0.000122 0.011257
0.000122 0.0114916
0.000122 0.0117261
0.000122 0.0119606
0.000122 0.0121951
0.000122 0.0124296
0.000122 0.0126642
0.000122 0.0128987
0.000122 0.0131332
0.000122 0.0133677
0.000122 0.0136023
0.000122 0.0138368
0.000122 0.0140713
0.000122 0.0143058
0.000122 0.0145403
0.000122 0.0147749
0.000122 0.0150094
0.000122 0.0152439
0.000122 0.0154784
0.000122 0.0157129
0.000122 0.0159475
0.000122 0.016182
0.000122 0.0164165
0.000122 0.016651
0.000122 0.0168856
0.000122 0.0171201
0.000122 0.0173546
0.000122 0.0175891
0.000122 0.0178236
0.000122 0.0180582
0.000122 0.0182927
0.000122 0.0185272
0.000122 0.0187617
0.000122 0.0189962
0.000122 0.0192308
0.000122 0.0194653
0.000122 0.0196998
0.000122 0.0199343
0.000122 0.0201689
0.000122 0.0204034
0.000122 0.0206379
0.000122 0.0208724
0.000122 0.0211069
0.000122 0.0213415
0.000137 0.021576
0.000153 0.0218105
0.000153 0.022045
0.000153 0.0222795
0.000153 0.0225141
0.000153 0.0227486
0.000153 0.0229831
0.000153 0.0232176
0.000153 0.0234522
0.000153 0.0236867
0.000153 0.0239212
0.000153 0.0241557
0.000153 0.0243902
0.000153 0.0246248
0.000153 0.0248593
0.000153 0.0250938
0.000153 0.0253283
0.000160 0.0255629
0.000160 0.0257974
0.000160 0.0260319
0.000160 0.0262664
0.000160 0.0265009
0.000160 0.0267355
0.000160 0.02697
0.000160 0.0272045
0.000160 0.027439
0.000160 0.0276735
0.000160 0.0279081
0.000160 0.0281426
0.000160 0.0283771
0.000160 0.0286116
0.000160 0.0288462
0.000164 0.0290807
0.000164 0.0293152
0.000164 0.0295497
0.000164 0.0297842
0.000164 0.0300188
0.000164 0.0302533
0.000164 0.0304878
0.000164 0.0307223
0.000168 0.0309568
0.000168 0.0311914
0.000168 0.0314259
0.000168 0.0316604
0.000168 0.0318949
0.000168 0.0321295
0.000168 0.032364
0.000168 0.0325985
0.000168 0.032833
0.000168 0.0330675
0.000168 0.0333021
0.000168 0.0335366
0.000168 0.0337711
0.000168 0.0340056
0.000168 0.0342402
0.000168 0.0344747
0.000168 0.0347092
0.000168 0.0349437
0.000168 0.0351782
0.000168 0.0354128
0.000168 0.0356473
0.000168 0.0358818
0.000168 0.0361163
0.000168 0.0363508
0.000168 0.0365854
0.000168 0.0368199
0.000168 0.0370544
0.000168 0.0372889
0.000168 0.0375235
0.000168 0.037758
0.000168 0.0379925
0.000168 0.038227
0.000168 0.0384615
0.000168 0.0386961
0.000168 0.0389306
0.000168 0.0391651
0.000168 0.0393996
0.000168 0.0396341
0.000168 0.0398687
0.000168 0.0401032
0.000168 0.0403377
0.000168 0.0405722
0.000168 0.0408068
0.000168 0.0410413
0.000168 0.0412758
0.000168 0.0415103
0.000168 0.0417448
0.000168 0.0419794
0.000168 0.0422139
0.000168 0.0424484
0.000168 0.0426829
0.000168 0.0429174
0.000168 0.043152
0.000168 0.0433865
0.000168 0.043621
0.000168 0.0438555
0.000168 0.0440901
0.000168 0.0443246
0.000168 0.0445591
0.000168 0.0447936
0.000168 0.0450281
0.000168 0.0452627
0.000168 0.0454972
0.000168 0.0457317
0.000168 0.0459662
0.000168 0.0462008
0.000168 0.0464353
0.000168 0.0466698
0.000168 0.0469043
0.000168 0.0471388
0.000168 0.0473734
0.000168 0.0476079
0.000168 0.0478424
0.000168 0.0480769
0.000168 0.0483114
0.000168 0.048546
0.000168 0.0487805
0.000168 0.049015
0.000168 0.0492495
0.000168 0.0494841
0.000168 0.0497186
0.000168 0.0499531
0.000168 0.0501876
0.000168 0.0504221
0.000168 0.0506567
0.000168 0.0508912
0.000168 0.0511257
0.000168 0.0513602
0.000168 0.0515947
0.000168 0.0518293
0.000168 0.0520638
0.000168 0.0522983
0.000172 0.0525328
0.000172 0.0527674
0.000172 0.0530019
0.000172 0.0532364
0.000172 0.0534709
0.000172 0.0537054
0.000172 0.05394
0.000172 0.0541745
0.000172 0.054409
0.000172 0.0546435
0.000175 0.054878
0.000175 0.0551126
0.000175 0.0553471
0.000175 0.0555816
0.000175 0.0558161
0.000175 0.0560507
0.000175 0.0562852
0.000175 0.0565197
0.000175 0.0567542
0.000175 0.0569887
0.000175 0.0572233
0.000175 0.0574578
0.000175 0.0576923
0.000175 0.0579268
0.000175 0.0581614
0.000175 0.0583959
0.000175 0.0586304
0.000175 0.0588649
0.000175 0.0590994
0.000175 0.059334
0.000175 0.0595685
0.000175 0.059803
0.000175 0.0600375
0.000175 0.060272
0.000175 0.0605066
0.000175 0.0607411
0.000175 0.0609756
0.000175 0.0612101
0.000175 0.0614447
0.000175 0.0616792
0.000175 0.0619137
0.000179 0.0621482
0.000179 0.0623827
0.000179 0.0626173
0.000179 0.0628518
0.000179 0.0630863
0.000179 0.0633208
0.000183 0.0635553
0.000183 0.0637899
0.000183 0.0640244
0.000183 0.0642589
0.000183 0.0644934
0.000183 0.064728
0.000183 0.0649625
0.000183 0.065197
0.000183 0.0654315
0.000183 0.065666
0.000183 0.0659006
0.000183 0.0661351
0.000183 0.0663696
0.000183 0.0666041
0.000183 0.0668386
0.000183 0.0670732
0.000183 0.0673077
0.000183 0.0675422
0.000183 0.0677767
0.000183 0.0680113
0.000183 0.0682458
0.000183 0.0684803
0.000183 0.0687148
0.000183 0.0689493
0.000183 0.0691839
0.000183 0.0694184
0.000183 0.0696529
0.000183 0.0698874
0.000183 0.070122
0.000183 0.0703565
0.000183 0.070591
0.000183 0.0708255
0.000183 0.07106
0.000183 0.0712946
0.000183 0.0715291
0.000183 0.0717636
0.000183 0.0719981
0.000183 0.0722326
0.000183 0.0724672
0.000183 0.0727017
0.000183 0.0729362
0.000183 0.0731707
0.000183 0.0734053
0.000183 0.0736398
0.000183 0.0738743
0.000183 0.0741088
0.000183 0.0743433
0.000183 0.0745779
0.000183 0.0748124
0.000183 0.0750469
0.000183 0.0752814
0.000183 0.0755159
0.000183 0.0757505
0.000183 0.075985
0.000183 0.0762195
0.000183 0.076454
0.000183 0.0766886
0.000183 0.0769231
0.000183 0.0771576
0.000183 0.0773921
0.000183 0.0776266
0.000183 0.0778612
0.000183 0.0780957
0.000183 0.0783302
0.000183 0.0785647
0.000183 0.0787992
0.000183 0.0790338
0.000183 0.0792683
0.000183 0.0795028
0.000183 0.0797373
0.000183 0.0799719
0.000183 0.0802064
0.000183 0.0804409
0.000183 0.0806754
0.000183 0.0809099
0.000183 0.0811445
0.000183 0.081379
0.000183 0.0816135
0.000183 0.081848
0.000183 0.0820826
0.000183 0.0823171
0.000183 0.0825516
0.000183 0.0827861
0.000183 0.0830206
0.000183 0.0832552
0.000183 0.0834897
0.000183 0.0837242
0.000183 0.0839587
0.000183 0.0841932
0.000183 0.0844278
0.000183 0.0846623
0.000183 0.0848968
0.000183 0.0851313
0.000183 0.0853659
0.000183 0.0856004
0.000183 0.0858349
0.000183 0.0860694
0.000183 0.0863039
0.000183 0.0865385
0.000183 0.086773
0.000183 0.0870075
0.000183 0.087242
0.000183 0.0874765
0.000183 0.0877111
0.000183 0.0879456
0.000183 0.0881801
0.000183 0.0884146
0.000183 0.0886492
0.000183 0.0888837
0.000183 0.0891182
0.000183 0.0893527
0.000183 0.0895872
0.000187 0.0898218
0.000187 0.0900563
0.000191 0.0902908
0.000191 0.0905253
0.000191 0.0907598
0.000191 0.0909944
0.000191 0.0912289
0.000191 0.0914634
0.000191 0.0916979
0.000191 0.0919325
0.000191 0.092167
0.000191 0.0924015
0.000191 0.092636
0.000191 0.0928705
0.000191 0.0931051
0.000191 0.0933396
0.000191 0.0935741
0.000191 0.0938086
0.000198 0.0940432
0.000198 0.0942777
0.000198 0.0945122
0.000198 0.0947467
0.000198 0.0949812
0.000198 0.0952158
0.000198 0.0954503
0.000198 0.0956848
0.000198 0.0959193
0.000198 0.0961538
0.000198 0.0963884
0.000198 0.0966229
0.000198 0.0968574
0.000198 0.0970919
0.000198 0.0973265
0.000198 0.097561
0.000198 0.0977955
0.000198 0.09803
0.000198 0.0982645
0.000198 0.0984991
0.000198 0.0987336
0.000198 0.0989681
0.000198 0.0992026
0.000198 0.0994371
0.000198 0.0996717
0.000198 0.0999062
0.000198 0.100141
0.000198 0.100375
0.000198 0.10061
0.000198 0.100844
0.000198 0.101079
0.000198 0.101313
0.000198 0.101548
0.000198 0.101782
0.000198 0.102017
0.000198 0.102251
0.000202 0.102486
0.000202 0.10272
0.000202 0.102955
0.000202 0.103189
0.000206 0.103424
0.000206 0.103659
0.000206 0.103893
0.000206 0.104128
0.000206 0.104362
0.000206 0.104597
0.000206 0.104831
0.000206 0.105066
0.000206 0.1053
0.000206 0.105535
0.000206 0.105769
0.000206 0.106004
0.000206 0.106238
0.000210 0.106473
0.000210 0.106707
0.000214 0.106942
0.000214 0.107176
0.000214 0.107411
0.000214 0.107645
0.000214 0.10788
0.000214 0.108114
0.000214 0.108349
0.000214 0.108583
0.000214 0.108818
0.000214 0.109053
0.000214 0.109287
0.000214 0.109522
0.000214 0.109756
0.000214 0.109991
0.000214 0.110225
0.000214 0.11046
0.000214 0.110694
0.000214 0.110929
0.000214 0.111163
0.000214 0.111398
0.000214 0.111632
0.000214 0.111867
0.000214 0.112101
0.000214 0.112336
0.000221 0.11257
0.000225 0.112805
0.000225 0.113039
0.000229 0.113274
0.000229 0.113508
0.000229 0.113743
0.000244 0.113977
0.000244 0.114212
0.000244 0.114447
0.000244 0.114681
0.000244 0.114916
0.000244 0.11515
0.000244 0.115385
0.000244 0.115619
0.000244 0.115854
0.000244 0.116088
0.000244 0.116323
0.000244 0.116557
0.000244 0.116792
0.000244 0.117026
0.000244 0.117261
0.000244 0.117495
0.000244 0.11773
0.000244 0.117964
0.000244 0.118199
0.000244 0.118433
0.000244 0.118668
0.000244 0.118902
0.000244 0.119137
0.000244 0.119371
0.000244 0.119606
0.000244 0.119841
0.000244 0.120075
0.000244 0.12031
0.000244 0.120544
0.000244 0.120779
0.000244 0.121013
0.000244 0.121248
0.000244 0.121482
0.000244 0.121717
0.000244 0.121951
0.000244 0.122186
0.000244 0.12242
0.000244 0.122655
0.000244 0.122889
0.000244 0.123124
0.000244 0.123358
0.000244 0.123593
0.000244 0.123827
0.000244 0.124062
0.000244 0.124296
0.000244 0.124531
0.000244 0.124765
0.000244 0.125
0.000244 0.125235
0.000244 0.125469
0.000244 0.125704
0.000244 0.125938
0.000244 0.126173
0.000244 0.126407
0.000244 0.126642
0.000244 0.126876
0.000244 0.127111
0.000244 0.127345
0.000244 0.12758
0.000244 0.127814
0.000244 0.128049
0.000244 0.128283
0.000244 0.128518
0.000244 0.128752
0.000244 0.128987
0.000244 0.129221
0.000244 0.129456
0.000244 0.12969
0.000244 0.129925
0.000244 0.130159
0.000244 0.130394
0.000244 0.130629
0.000244 0.130863
0.000244 0.131098
0.000244 0.131332
0.000244 0.131567
0.000244 0.131801
0.000244 0.132036
0.000244 0.13227
0.000244 0.132505
0.000244 0.132739
0.000244 0.132974
0.000244 0.133208
0.000244 0.133443
0.000244 0.133677
0.000244 0.133912
0.000244 0.134146
0.000244 0.134381
0.000244 0.134615
0.000244 0.13485
0.000244 0.135084
0.000244 0.135319
0.000244 0.135553
0.000244 0.135788
0.000244 0.136023
0.000244 0.136257
0.000244 0.136492
0.000244 0.136726
0.000244 0.136961
0.000244 0.137195
0.000244 0.13743
0.000244 0.137664
0.000244 0.137899
0.000244 0.138133
0.000244 0.138368
0.000244 0.138602
0.000244 0.138837
0.000244 0.139071
0.000244 0.139306
0.000244 0.13954
0.000244 0.139775
0.000244 0.140009
0.000244 0.140244
0.000244 0.140478
0.000244 0.140713
0.000244 0.140947
0.000244 0.141182
0.000244 0.141417
0.000244 0.141651
0.000244 0.141886
0.000244 0.14212
0.000244 0.142355
0.000244 0.142589
0.000244 0.142824
0.000244 0.143058
0.000244 0.143293
0.000244 0.143527
0.000244 0.143762
0.000244 0.143996
0.000244 0.144231
0.000244 0.144465
0.000244 0.1447
0.000244 0.144934
0.000244 0.145169
0.000244 0.145403
0.000244 0.145638
0.000244 0.145872
0.000244 0.146107
0.000244 0.146341
0.000244 0.146576
0.000244 0.146811
0.000244 0.147045
0.000244 0.14728
0.000244 0.147514
0.000244 0.147749
0.000244 0.147983
0.000244 0.148218
0.000244 0.148452
0.000244 0.148687
0.000244 0.148921
0.000244 0.149156
0.000244 0.14939
0.000244 0.149625
0.000244 0.149859
0.000244 0.150094
0.000244 0.150328
0.000244 0.150563
0.000244 0.150797
0.000244 0.151032
0.000244 0.151266
0.000244 0.151501
0.000244 0.151735
0.000244 0.15197
0.000244 0.152205
0.000244 0.152439
0.000244 0.152674
0.000244 0.152908
0.000244 0.153143
0.000244 0.153377
0.000244 0.153612
0.000244 0.153846
0.000244 0.154081
0.000244 0.154315
0.000244 0.15455
0.000244 0.154784
0.000244 0.155019
0.000244 0.155253
0.000244 0.155488
0.000244 0.155722
0.000244 0.155957
0.000244 0.156191
0.000244 0.156426
0.000244 0.15666
0.000244 0.156895
0.000244 0.157129
0.000256 0.157364
0.000267 0.157598
0.000301 0.157833
0.000305 0.158068
0.000305 0.158302
0.000305 0.158537
0.000305 0.158771
0.000305 0.159006
0.000305 0.15924
0.000305 0.159475
0.000305 0.159709
0.000305 0.159944
0.000305 0.160178
0.000305 0.160413
0.000305 0.160647
0.000305 0.160882
0.000305 0.161116
0.000305 0.161351
0.000313 0.161585
0.000317 0.16182
0.000320 0.162054
0.000320 0.162289
0.000320 0.162523
0.000320 0.162758
0.000320 0.162992
0.000320 0.163227
0.000320 0.163462
0.000320 0.163696
0.000320 0.163931
0.000320 0.164165
0.000320 0.1644
0.000320 0.164634
0.000320 0.164869
0.000320 0.165103
0.000320 0.165338
0.000320 0.165572
0.000320 0.165807
0.000320 0.166041
0.000320 0.166276
0.000320 0.16651
0.000320 0.166745
0.000320 0.166979
0.000324 0.167214
0.000324 0.167448
0.000324 0.167683
0.000324 0.167917
0.000324 0.168152
0.000324 0.168386
0.000324 0.168621
0.000324 0.168856
0.000328 0.16909
0.000328 0.169325
0.000328 0.169559
0.000328 0.169794
0.000328 0.170028
0.000328 0.170263
0.000328 0.170497
0.000328 0.170732
0.000328 0.170966
0.000328 0.171201
0.000328 0.171435
0.000328 0.17167
0.000328 0.171904
0.000328 0.172139
0.000328 0.172373
0.000328 0.172608
0.000328 0.172842
0.000328 0.173077
0.000332 0.173311
0.000332 0.173546
0.000332 0.17378
0.000336 0.174015
0.000336 0.17425
0.000336 0.174484
0.000336 0.174719
0.000336 0.174953
0.000336 0.175188
0.000336 0.175422
0.000336 0.175657
0.000336 0.175891
0.000336 0.176126
0.000336 0.17636
0.000336 0.176595
0.000336 0.176829
0.000336 0.177064
0.000336 0.177298
0.000336 0.177533
0.000336 0.177767
0.000336 0.178002
0.000336 0.178236
0.000336 0.178471
0.000336 0.178705
0.000336 0.17894
0.000336 0.179174
0.000336 0.179409
0.000336 0.179644
0.000336 0.179878
0.000336 0.180113
0.000336 0.180347
0.000336 0.180582
0.000336 0.180816
0.000336 0.181051
0.000336 0.181285
0.000336 0.18152
0.000336 0.181754
0.000340 0.181989
0.000340 0.182223
0.000340 0.182458
0.000343 0.182692
0.000343 0.182927
0.000343 0.183161
0.000343 0.183396
0.000343 0.18363
0.000343 0.183865
0.000343 0.184099
0.000343 0.184334
0.000347 0.184568
0.000347 0.184803
0.000347 0.185038
0.000347 0.185272
0.000351 0.185507
0.000351 0.185741
0.000351 0.185976
0.000351 0.18621
0.000351 0.186445
0.000351 0.186679
0.000351 0.186914
0.000351 0.187148
0.000351 0.187383
0.000351 0.187617
0.000351 0.187852
0.000351 0.188086
0.000351 0.188321
0.000355 0.188555
0.000355 0.18879
0.000355 0.189024
0.000359 0.189259
0.000359 0.189493
0.000359 0.189728
0.000359 0.189962
0.000362 0.190197
0.000362 0.190432
0.000366 0.190666
0.000366 0.190901
0.000366 0.191135
0.000366 0.19137
0.000366 0.191604
0.000366 0.191839
0.000366 0.192073
0.000366 0.192308
0.000366 0.192542
0.000366 0.192777
0.000366 0.193011
0.000366 0.193246
0.000366 0.19348
0.000366 0.193715
0.000366 0.193949
0.000366 0.194184
0.000366 0.194418
0.000366 0.194653
0.000366 0.194887
0.000366 0.195122
0.000366 0.195356
0.000366 0.195591
0.000366 0.195826
0.000366 0.19606
0.000366 0.196295
0.000366 0.196529
0.000366 0.196764
0.000366 0.196998
0.000366 0.197233
0.000366 0.197467
0.000366 0.197702
0.000366 0.197936
0.000366 0.198171
0.000366 0.198405
0.000366 0.19864
0.000366 0.198874
0.000366 0.199109
0.000366 0.199343
0.000366 0.199578
0.000366 0.199812
0.000366 0.200047
0.000366 0.200281
0.000366 0.200516
0.000366 0.20075
0.000366 0.200985
0.000366 0.20122
0.000366 0.201454
0.000366 0.201689
0.000366 0.201923
0.000366 0.202158
0.000366 0.202392
0.000366 0.202627
0.000366 0.202861
0.000366 0.203096
0.000366 0.20333
0.000366 0.203565
0.000366 0.203799
0.000366 0.204034
0.000366 0.204268
0.000366 0.204503
0.000366 0.204737
0.000366 0.204972
0.000366 0.205206
0.000366 0.205441
0.000366 0.205675
0.000366 0.20591
0.000366 0.206144
0.000366 0.206379
0.000366 0.206614
0.000366 0.206848
0.000366 0.207083
0.000366 0.207317
0.000366 0.207552
0.000366 0.207786
0.000366 0.208021
0.000366 0.208255
0.000366 0.20849
0.000366 0.208724
0.000366 0.208959
0.000366 0.209193
0.000366 0.209428
0.000366 0.209662
0.000366 0.209897
0.000366 0.210131
0.000366 0.210366
0.000366 0.2106
0.000366 0.210835
0.000366 0.211069
0.000366 0.211304
0.000366 0.211538
0.000366 0.211773
0.000366 0.212008
0.000366 0.212242
0.000366 0.212477
0.000366 0.212711
0.000366 0.212946
0.000366 0.21318
0.000366 0.213415
0.000374 0.213649
0.000381 0.213884
0.000381 0.214118
0.000381 0.214353
0.000385 0.214587
0.000389 0.214822
0.000397 0.215056
0.000404 0.215291
0.000427 0.215525
0.000427 0.21576
0.000427 0.215994
0.000427 0.216229
0.000443 0.216463
0.000450 0.216698
0.000473 0.216932
0.000481 0.217167
0.000481 0.217402
0.000481 0.217636
0.000488 0.217871
0.000488 0.218105
0.000488 0.21834
0.000488 0.218574
0.000488 0.218809
0.000488 0.219043
0.000488 0.219278
0.000488 0.219512
0.000488 0.219747
0.000488 0.219981
0.000488 0.220216
0.000488 0.22045
0.000488 0.220685
0.000488 0.220919
0.000488 0.221154
0.000488 0.221388
0.000488 0.221623
0.000488 0.221857
0.000488 0.222092
0.000488 0.222326
0.000488 0.222561
0.000488 0.222795
0.000488 0.22303
0.000488 0.223265
0.000488 0.223499
0.000488 0.223734
0.000488 0.223968
0.000488 0.224203
0.000488 0.224437
0.000488 0.224672
0.000488 0.224906
0.000488 0.225141
0.000488 0.225375
0.000488 0.22561
0.000488 0.225844
0.000488 0.226079
0.000488 0.226313
0.000488 0.226548
0.000488 0.226782
0.000488 0.227017
0.000488 0.227251
0.000488 0.227486
0.000488 0.22772
0.000488 0.227955
0.000488 0.228189
0.000488 0.228424
0.000488 0.228659
0.000488 0.228893
0.000488 0.229128
0.000488 0.229362
0.000488 0.229597
0.000488 0.229831
0.000488 0.230066
0.000488 0.2303
0.000488 0.230535
0.000488 0.230769
0.000488 0.231004
0.000488 0.231238
0.000488 0.231473
0.000488 0.231707
0.000488 0.231942
0.000488 0.232176
0.000488 0.232411
0.000488 0.232645
0.000488 0.23288
0.000488 0.233114
0.000488 0.233349
0.000488 0.233583
0.000488 0.233818
0.000488 0.234053
0.000488 0.234287
0.000488 0.234522
0.000488 0.234756
0.000488 0.234991
0.000488 0.235225
0.000488 0.23546
0.000488 0.235694
0.000496 0.235929
0.000496 0.236163
0.000496 0.236398
0.000504 0.236632
0.000504 0.236867
0.000519 0.237101
0.000519 0.237336
0.000534 0.23757
0.000549 0.237805
0.000549 0.238039
0.000549 0.238274
0.000549 0.238508
0.000549 0.238743
0.000549 0.238977
0.000549 0.239212
0.000549 0.239447
0.000549 0.239681
0.000565 0.239916
0.000565 0.24015
0.000610 0.240385
0.000610 0.240619
0.000610 0.240854
0.000610 0.241088
0.000610 0.241323
0.000610 0.241557
0.000610 0.241792
0.000610 0.242026
0.000610 0.242261
0.000610 0.242495
0.000610 0.24273
0.000610 0.242964
0.000610 0.243199
0.000610 0.243433
0.000610 0.243668
0.000610 0.243902
0.000626 0.244137
0.000652 0.244371
0.000671 0.244606
0.000671 0.244841
0.000671 0.245075
0.000671 0.24531
0.000687 0.245544
0.000702 0.245779
0.000732 0.246013
0.000732 0.246248
0.000732 0.246482
0.000732 0.246717
0.000732 0.246951
0.000732 0.247186
0.000732 0.24742
0.000732 0.247655
0.000732 0.247889
0.000732 0.248124
0.000732 0.248358
0.000732 0.248593
0.000732 0.248827
0.000732 0.249062
0.000732 0.249296
0.000732 0.249531
0.000732 0.249765
0.000732 0.25
0.000732 0.250235
0.000732 0.250469
0.000732 0.250704
0.000732 0.250938
0.000732 0.251173
0.000732 0.251407
0.000732 0.251642
0.000732 0.251876
0.000732 0.252111
0.000763 0.252345
0.000809 0.25258
0.000809 0.252814
0.000824 0.253049
0.000824 0.253283
0.000824 0.253518
0.000839 0.253752
0.000854 0.253987
0.000854 0.254221
0.000854 0.254456
0.000854 0.25469
0.000854 0.254925
0.000854 0.255159
0.000854 0.255394
0.000854 0.255629
0.000854 0.255863
0.000916 0.256098
0.000916 0.256332
0.000931 0.256567
0.000931 0.256801
0.000938 0.257036
0.000961 0.25727
0.000961 0.257505
0.000961 0.257739
0.000969 0.257974
0.000977 0.258208
0.000977 0.258443
0.000977 0.258677
0.000977 0.258912
0.000977 0.259146
0.000977 0.259381
0.000977 0.259615
0.000977 0.25985
0.000977 0.260084
0.000977 0.260319
0.000977 0.260553
0.000977 0.260788
0.000977 0.261023
0.000977 0.261257
0.000977 0.261492
0.000977 0.261726
0.000977 0.261961
0.000977 0.262195
0.000992 0.26243
0.000992 0.262664
0.000992 0.262899
0.000992 0.263133
0.001038 0.263368
0.001038 0.263602
0.001038 0.263837
0.001099 0.264071
0.001099 0.264306
0.001099 0.26454
0.001099 0.264775
0.001099 0.265009
0.001099 0.265244
0.001099 0.265478
0.001099 0.265713
0.001099 0.265947
0.001110 0.266182
0.001114 0.266417
0.001114 0.266651
0.001129 0.266886
0.001144 0.26712
0.001144 0.267355
0.001144 0.267589
0.001160 0.267824
0.001160 0.268058
0.001190 0.268293
0.001221 0.268527
0.001221 0.268762
0.001221 0.268996
0.001221 0.269231
0.001221 0.269465
0.001221 0.2697
0.001221 0.269934
0.001221 0.270169
0.001221 0.270403
0.001221 0.270638
0.001221 0.270872
0.001221 0.271107
0.001221 0.271341
0.001221 0.271576
0.001221 0.271811
0.001221 0.272045
0.001221 0.27228
0.001221 0.272514
0.001221 0.272749
0.001266 0.272983
0.001266 0.273218
0.001266 0.273452
0.001282 0.273687
0.001282 0.273921
0.001282 0.274156
0.001297 0.27439
0.001297 0.274625
0.001297 0.274859
0.001312 0.275094
0.001312 0.275328
0.001312 0.275563
0.001343 0.275797
0.001343 0.276032
0.001343 0.276266
0.001343 0.276501
0.001343 0.276735
0.001343 0.27697
0.001343 0.277205
0.001343 0.277439
0.001343 0.277674
0.001343 0.277908
0.001358 0.278143
0.001373 0.278377
0.001389 0.278612
0.001404 0.278846
0.001404 0.279081
0.001404 0.279315
0.001404 0.27955
0.001404 0.279784
0.001404 0.280019
0.001404 0.280253
0.001419 0.280488
0.001431 0.280722
0.001434 0.280957
0.001434 0.281191
0.001434 0.281426
0.001465 0.28166
0.001465 0.281895
0.001465 0.282129
0.001465 0.282364
0.001465 0.282598
0.001465 0.282833
0.001465 0.283068
0.001465 0.283302
0.001465 0.283537
0.001465 0.283771
0.001465 0.284006
0.001465 0.28424
0.001465 0.284475
0.001465 0.284709
0.001465 0.284944
0.001465 0.285178
0.001465 0.285413
0.001465 0.285647
0.001465 0.285882
0.001465 0.286116
0.001465 0.286351
0.001465 0.286585
0.001465 0.28682
0.001465 0.287054
0.001465 0.287289
0.001465 0.287523
0.001465 0.287758
0.001465 0.287992
0.001465 0.288227
0.001465 0.288462
0.001465 0.288696
0.001465 0.288931
0.001465 0.289165
0.001465 0.2894
0.001465 0.289634
0.001465 0.289869
0.001465 0.290103
0.001465 0.290338
0.001465 0.290572
0.001465 0.290807
0.001465 0.291041
0.001465 0.291276
0.001472 0.29151
0.001480 0.291745
0.001480 0.291979
0.001495 0.292214
0.001495 0.292448
0.001495 0.292683
0.001518 0.292917
0.001526 0.293152
0.001526 0.293386
0.001556 0.293621
0.001556 0.293856
0.001556 0.29409
0.001572 0.294325
0.001572 0.294559
0.001572 0.294794
0.001572 0.295028
0.001587 0.295263
0.001587 0.295497
0.001587 0.295732
0.001587 0.295966
0.001587 0.296201
0.001587 0.296435
0.001587 0.29667
0.001587 0.296904
0.001587 0.297139
0.001587 0.297373
0.001587 0.297608
0.001587 0.297842
0.001587 0.298077
0.001587 0.298311
0.001587 0.298546
0.001587 0.29878
0.001587 0.299015
0.001587 0.29925
0.001587 0.299484
0.001587 0.299719
0.001587 0.299953
0.001587 0.300188
0.001587 0.300422
0.001598 0.300657
0.001602 0.300891
0.001602 0.301126
0.001617 0.30136
0.001617 0.301595
0.001617 0.301829
0.001640 0.302064
0.001648 0.302298
0.001648 0.302533
0.001648 0.302767
0.001648 0.303002
0.001671 0.303236
0.001678 0.303471
0.001709 0.303705
0.001709 0.30394
0.001709 0.304174
0.001709 0.304409
0.001709 0.304644
0.001709 0.304878
0.001709 0.305113
0.001709 0.305347
0.001709 0.305582
0.001709 0.305816
0.001709 0.306051
0.001709 0.306285
0.001709 0.30652
0.001709 0.306754
0.001709 0.306989
0.001709 0.307223
0.001709 0.307458
0.001709 0.307692
0.001709 0.307927
0.001709 0.308161
0.001709 0.308396
0.001709 0.30863
0.001709 0.308865
0.001709 0.309099
0.001709 0.309334
0.001709 0.309568
0.001709 0.309803
0.001709 0.310038
0.001709 0.310272
0.001709 0.310507
0.001709 0.310741
0.001709 0.310976
0.001709 0.31121
0.001709 0.311445
0.001709 0.311679
0.001709 0.311914
0.001709 0.312148
0.001709 0.312383
0.001709 0.312617
0.001709 0.312852
0.001709 0.313086
0.001709 0.313321
0.001709 0.313555
0.001709 0.31379
0.001709 0.314024
0.001709 0.314259
0.001709 0.314493
0.001709 0.314728
0.001717 0.314962
0.001732 0.315197
0.001740 0.315432
0.001740 0.315666
0.001740 0.315901
0.001740 0.316135
0.001740 0.31637
0.001740 0.316604
0.001740 0.316839
0.001755 0.317073
0.001770 0.317308
0.001770 0.317542
0.001770 0.317777
0.001770 0.318011
0.001770 0.318246
0.001785 0.31848
0.001801 0.318715
0.001801 0.318949
0.001801 0.319184
0.001831 0.319418
0.001831 0.319653
0.001831 0.319887
0.001831 0.320122
0.001831 0.320356
0.001831 0.320591
0.001831 0.320826
0.001831 0.32106
0.001831 0.321295
0.001831 0.321529
0.001831 0.321764
0.001831 0.321998
0.001831 0.322233
0.001831 0.322467
0.001831 0.322702
0.001831 0.322936
0.001831 0.323171
0.001831 0.323405
0.001831 0.32364
0.001831 0.323874
0.001831 0.324109
0.001831 0.324343
0.001831 0.324578
0.001831 0.324812
0.001831 0.325047
0.001831 0.325281
0.001846 0.325516
0.001862 0.32575
0.001862 0.325985
0.001862 0.32622
0.001862 0.326454
0.001869 0.326689
0.001877 0.326923
0.001877 0.327158
0.001877 0.327392
0.001892 0.327627
0.001892 0.327861
0.001892 0.328096
0.001892 0.32833
0.001892 0.328565
0.001892 0.328799
0.001892 0.329034
0.001892 0.329268
0.001892 0.329503
0.001892 0.329737
0.001900 0.329972
0.001907 0.330206
0.001907 0.330441
0.001923 0.330675
0.001923 0.33091
0.001923 0.331144
0.001923 0.331379
0.001930 0.331614
0.001938 0.331848
0.001938 0.332083
0.001953 0.332317
0.001953 0.332552
0.001953 0.332786
0.001953 0.333021
0.001953 0.333255
0.001953 0.33349
0.001953 0.333724
0.001953 0.333959
0.001953 0.334193
0.001953 0.334428
0.001953 0.334662
0.001953 0.334897
0.001953 0.335131
0.001953 0.335366
0.001953 0.3356
0.001953 0.335835
0.001953 0.336069
0.001953 0.336304
0.001953 0.336538
0.001953 0.336773
0.001953 0.337008
0.001953 0.337242
0.001953 0.337477
0.001953 0.337711
0.001953 0.337946
0.001953 0.33818
0.001953 0.338415
0.001953 0.338649
0.001953 0.338884
0.001953 0.339118
0.001953 0.339353
0.001953 0.339587
0.001953 0.339822
0.001953 0.340056
0.001953 0.340291
0.001953 0.340525
0.001953 0.34076
0.001953 0.340994
0.001953 0.341229
0.001953 0.341463
0.001953 0.341698
0.001968 0.341932
0.001968 0.342167
0.002014 0.342402
0.002014 0.342636
0.002014 0.342871
0.002014 0.343105
0.002014 0.34334
0.002014 0.343574
0.002014 0.343809
0.002029 0.344043
0.002029 0.344278
0.002029 0.344512
0.002029 0.344747
0.002045 0.344981
0.002045 0.345216
0.002052 0.34545
0.002075 0.345685
0.002075 0.345919
0.002075 0.346154
0.002075 0.346388
0.002075 0.346623
0.002075 0.346857
0.002075 0.347092
0.002075 0.347326
0.002075 0.347561
0.002075 0.347795
0.002075 0.34803
0.002075 0.348265
0.002075 0.348499
0.002075 0.348734
0.002075 0.348968
0.002075 0.349203
0.002075 0.349437
0.002098 0.349672
0.002106 0.349906
0.002121 0.350141
0.002121 0.350375
0.002136 0.35061
0.002136 0.350844
0.002136 0.351079
0.002136 0.351313
0.002136 0.351548
0.002136 0.351782
0.002136 0.352017
0.002136 0.352251
0.002136 0.352486
0.002136 0.35272
0.002167 0.352955
0.002182 0.353189
0.002182 0.353424
0.002197 0.353659
0.002197 0.353893
0.002197 0.354128
0.002197 0.354362
0.002197 0.354597
0.002197 0.354831
0.002197 0.355066
0.002197 0.3553
0.002197 0.355535
0.002197 0.355769
0.002197 0.356004
0.002197 0.356238
0.002197 0.356473
0.002197 0.356707
0.002197 0.356942
0.002197 0.357176
0.002197 0.357411
0.002197 0.357645
0.002197 0.35788
0.002197 0.358114
0.002197 0.358349
0.002197 0.358583
0.002197 0.358818
0.002197 0.359053
0.002197 0.359287
0.002197 0.359522
0.002197 0.359756
0.002197 0.359991
0.002197 0.360225
0.002197 0.36046
0.002197 0.360694
0.002197 0.360929
0.002197 0.361163
0.002197 0.361398
0.002197 0.361632
0.002197 0.361867
0.002197 0.362101
0.002197 0.362336
0.002197 0.36257
0.002197 0.362805
0.002197 0.363039
0.002197 0.363274
0.002197 0.363508
0.002197 0.363743
0.002197 0.363977
0.002197 0.364212
0.002197 0.364447
0.002197 0.364681
0.002197 0.364916
0.002197 0.36515
0.002197 0.365385
0.002197 0.365619
0.002197 0.365854
0.002197 0.366088
0.002197 0.366323
0.002197 0.366557
0.002197 0.366792
0.002197 0.367026
0.002197 0.367261
0.002213 0.367495
0.002243 0.36773
0.002243 0.367964
0.002258 0.368199
0.002258 0.368433
0.002258 0.368668
0.002258 0.368902
0.002258 0.369137
0.002258 0.369371
0.002274 0.369606
0.002304 0.369841
0.002304 0.370075
0.002319 0.37031
0.002319 0.370544
0.002319 0.370779
0.002319 0.371013
0.002319 0.371248
0.002319 0.371482
0.002319 0.371717
0.002319 0.371951
0.002319 0.372186
0.002319 0.37242
0.002319 0.372655
0.002319 0.372889
0.002319 0.373124
0.002319 0.373358
0.002319 0.373593
0.002319 0.373827
0.002319 0.374062
0.002319 0.374296
0.002327 0.374531
0.002335 0.374765
0.002335 0.375
0.002335 0.375235
0.002335 0.375469
0.002335 0.375704
0.002335 0.375938
0.002350 0.376173
0.002350 0.376407
0.002350 0.376642
0.002350 0.376876
0.002350 0.377111
0.002350 0.377345
0.002350 0.37758
0.002350 0.377814
0.002350 0.378049
0.002350 0.378283
0.002361 0.378518
0.002365 0.378752
0.002365 0.378987
0.002380 0.379221
0.002380 0.379456
0.002380 0.37969
0.002380 0.379925
0.002380 0.380159
0.002380 0.380394
0.002380 0.380629
0.002411 0.380863
0.002411 0.381098
0.002411 0.381332
0.002441 0.381567
0.002441 0.381801
0.002441 0.382036
0.002441 0.38227
0.002441 0.382505
0.002441 0.382739
0.002441 0.382974
0.002441 0.383208
0.002441 0.383443
0.002441 0.383677
0.002441 0.383912
0.002441 0.384146
0.002441 0.384381
0.002441 0.384615
0.002441 0.38485
0.002441 0.385084
0.002441 0.385319
0.002441 0.385553
0.002441 0.385788
0.002441 0.386023
0.002441 0.386257
0.002441 0.386492
0.002441 0.386726
0.002441 0.386961
0.002441 0.387195
0.002441 0.38743
0.002441 0.387664
0.002441 0.387899
0.002441 0.388133
0.002441 0.388368
0.002441 0.388602
0.002441 0.388837
0.002441 0.389071
0.002441 0.389306
0.002441 0.38954
0.002441 0.389775
0.002441 0.390009
0.002441 0.390244
0.002441 0.390478
0.002441 0.390713
0.002441 0.390947
0.002441 0.391182
0.002441 0.391417
0.002441 0.391651
0.002441 0.391886
0.002441 0.39212
0.002441 0.392355
0.002441 0.392589
0.002441 0.392824
0.002441 0.393058
0.002441 0.393293
0.002441 0.393527
0.002441 0.393762
0.002487 0.393996
0.002502 0.394231
0.002502 0.394465
0.002502 0.3947
0.002502 0.394934
0.002518 0.395169
0.002518 0.395403
0.002533 0.395638
0.002533 0.395872
0.002548 0.396107
0.002563 0.396341
0.002563 0.396576
0.002563 0.396811
0.002563 0.397045
0.002563 0.39728
0.002563 0.397514
0.002563 0.397749
0.002563 0.397983
0.002563 0.398218
0.002563 0.398452
0.002563 0.398687
0.002563 0.398921
0.002563 0.399156
0.002563 0.39939
0.002563 0.399625
0.002563 0.399859
0.002563 0.400094
0.002594 0.400328
0.002609 0.400563
0.002609 0.400797
0.002625 0.401032
0.002625 0.401266
0.002640 0.401501
0.002640 0.401735
0.002640 0.40197
0.002640 0.402205
0.002655 0.402439
0.002655 0.402674
0.002655 0.402908
0.002655 0.403143
0.002655 0.403377
0.002655 0.403612
0.002663 0.403846
0.002670 0.404081
0.002670 0.404315
0.002674 0.40455
0.002686 0.404784
0.002686 0.405019
0.002686 0.405253
0.002686 0.405488
0.002686 0.405722
0.002686 0.405957
0.002686 0.406191
0.002686 0.406426
0.002686 0.40666
0.002686 0.406895
0.002686 0.407129
0.002686 0.407364
0.002686 0.407598
0.002686 0.407833
0.002686 0.408068
0.002686 0.408302
0.002686 0.408537
0.002686 0.408771
0.002686 0.409006
0.002686 0.40924
0.002686 0.409475
0.002686 0.409709
0.002686 0.409944
0.002686 0.410178
0.002686 0.410413
0.002686 0.410647
0.002686 0.410882
0.002686 0.411116
0.002686 0.411351
0.002686 0.411585
0.002686 0.41182
0.002686 0.412054
0.002686 0.412289
0.002686 0.412523
0.002686 0.412758
0.002686 0.412992
0.002686 0.413227
0.002686 0.413462
0.002686 0.413696
0.002686 0.413931
0.002686 0.414165
0.002686 0.4144
0.002686 0.414634
0.002686 0.414869
0.002686 0.415103
0.002686 0.415338
0.002686 0.415572
0.002686 0.415807
0.002686 0.416041
0.002686 0.416276
0.002686 0.41651
0.002686 0.416745
0.002686 0.416979
0.002701 0.417214
0.002716 0.417448
0.002716 0.417683
0.002747 0.417917
0.002747 0.418152
0.002747 0.418386
0.002747 0.418621
0.002747 0.418856
0.002747 0.41909
0.002747 0.419325
0.002747 0.419559
0.002747 0.419794
0.002777 0.420028
0.002777 0.420263
0.002785 0.420497
0.002792 0.420732
0.002792 0.420966
0.002808 0.421201
0.002808 0.421435
0.002808 0.42167
0.002808 0.421904
0.002808 0.422139
0.002808 0.422373
0.002808 0.422608
0.002808 0.422842
0.002808 0.423077
0.002808 0.423311
0.002808 0.423546
0.002808 0.42378
0.002808 0.424015
0.002808 0.42425
0.002808 0.424484
0.002808 0.424719
0.002808 0.424953
0.002808 0.425188
0.002808 0.425422
0.002808 0.425657
0.002808 0.425891
0.002808 0.426126
0.002808 0.42636
0.002808 0.426595
0.002823 0.426829
0.002838 0.427064
0.002838 0.427298
0.002853 0.427533
0.002853 0.427767
0.002853 0.428002
0.002869 0.428236
0.002869 0.428471
0.002869 0.428705
0.002869 0.42894
0.002869 0.429174
0.002869 0.429409
0.002869 0.429644
0.002884 0.429878
0.002884 0.430113
0.002899 0.430347
0.002930 0.430582
0.002930 0.430816
0.002930 0.431051
0.002930 0.431285
0.002930 0.43152
0.002930 0.431754
0.002930 0.431989
0.002930 0.432223
0.002930 0.432458
0.002930 0.432692
0.002930 0.432927
0.002930 0.433161
0.002930 0.433396
0.002930 0.43363
0.002930 0.433865
0.002930 0.434099
0.002930 0.434334
0.002930 0.434568
0.002930 0.434803
0.002930 0.435038
0.002930 0.435272
0.002930 0.435507
0.002930 0.435741
0.002930 0.435976
0.002930 0.43621
0.002930 0.436445
0.002930 0.436679
0.002930 0.436914
0.002930 0.437148
0.002930 0.437383
0.002930 0.437617
0.002930 0.437852
0.002930 0.438086
0.002930 0.438321
0.002930 0.438555
0.002930 0.43879
0.002930 0.439024
0.002930 0.439259
0.002930 0.439493
0.002930 0.439728
0.002930 0.439962
0.002930 0.440197
0.002930 0.440432
0.002930 0.440666
0.002930 0.440901
0.002930 0.441135
0.002930 0.44137
0.002930 0.441604
0.002930 0.441839
0.002930 0.442073
0.002930 0.442308
0.002930 0.442542
0.002930 0.442777
0.002960 0.443011
0.002960 0.443246
0.002960 0.44348
0.002960 0.443715
0.002960 0.443949
0.002975 0.444184
0.002975 0.444418
0.002991 0.444653
0.002991 0.444887
0.002991 0.445122
0.002991 0.445356
0.002991 0.445591
0.003006 0.445826
0.003021 0.44606
0.003021 0.446295
0.003021 0.446529
0.003033 0.446764
0.003044 0.446998
0.003052 0.447233
0.003052 0.447467
0.003052 0.447702
0.003052 0.447936
0.003052 0.448171
0.003052 0.448405
0.003052 0.44864
0.003052 0.448874
0.003052 0.449109
0.003052 0.449343
0.003052 0.449578
0.003052 0.449812
0.003052 0.450047
0.003052 0.450281
0.003052 0.450516
0.003052 0.45075
0.003052 0.450985
0.003052 0.45122
0.003052 0.451454
0.003052 0.451689
0.003052 0.451923
0.003052 0.452158
0.003082 0.452392
0.003082 0.452627
0.003098 0.452861
0.003098 0.453096
0.003098 0.45333
0.003098 0.453565
0.003113 0.453799
0.003113 0.454034
0.003113 0.454268
0.003113 0.454503
0.003113 0.454737
0.003113 0.454972
0.003113 0.455206
0.003113 0.455441
0.003128 0.455675
0.003143 0.45591
0.003143 0.456144
0.003143 0.456379
0.003159 0.456614
0.003159 0.456848
0.003174 0.457083
0.003174 0.457317
0.003174 0.457552
0.003174 0.457786
0.003174 0.458021
0.003174 0.458255
0.003174 0.45849
0.003174 0.458724
0.003174 0.458959
0.003174 0.459193
0.003174 0.459428
0.003174 0.459662
0.003174 0.459897
0.003174 0.460131
0.003174 0.460366
0.003174 0.4606
0.003174 0.460835
0.003174 0.461069
0.003174 0.461304
0.003174 0.461538
0.003174 0.461773
0.003174 0.462008
0.003174 0.462242
0.003174 0.462477
0.003174 0.462711
0.003174 0.462946
0.003174 0.46318
0.003174 0.463415
0.003174 0.463649
0.003174 0.463884
0.003174 0.464118
0.003174 0.464353
0.003174 0.464587
0.003174 0.464822
0.003174 0.465056
0.003174 0.465291
0.003174 0.465525
0.003174 0.46576
0.003174 0.465994
0.003174 0.466229
0.003174 0.466463
0.003174 0.466698
0.003174 0.466932
0.003174 0.467167
0.003174 0.467402
0.003174 0.467636
0.003174 0.467871
0.003174 0.468105
0.003174 0.46834
0.003174 0.468574
0.003174 0.468809
0.003174 0.469043
0.003174 0.469278
0.003174 0.469512
0.003174 0.469747
0.003174 0.469981
0.003174 0.470216
0.003174 0.47045
0.003174 0.470685
0.003174 0.470919
0.003174 0.471154
0.003174 0.471388
0.003174 0.471623
0.003189 0.471857
0.003189 0.472092
0.003235 0.472326
0.003235 0.472561
0.003235 0.472795
0.003235 0.47303
0.003235 0.473265
0.003235 0.473499
0.003235 0.473734
0.003250 0.473968
0.003250 0.474203
0.003265 0.474437
0.003281 0.474672
0.003281 0.474906
0.003296 0.475141
0.003296 0.475375
0.003296 0.47561
0.003296 0.475844
0.003296 0.476079
0.003296 0.476313
0.003296 0.476548
0.003296 0.476782
0.003296 0.477017
0.003296 0.477251
0.003296 0.477486
0.003296 0.47772
0.003296 0.477955
0.003296 0.478189
0.003296 0.478424
0.003296 0.478659
0.003296 0.478893
0.003296 0.479128
0.003296 0.479362
0.003296 0.479597
0.003296 0.479831
0.003296 0.480066
0.003296 0.4803
0.003296 0.480535
0.003296 0.480769
0.003296 0.481004
0.003296 0.481238
0.003296 0.481473
0.003296 0.481707
0.003296 0.481942
0.003296 0.482176
0.003326 0.482411
0.003357 0.482645
0.003357 0.48288
0.003357 0.483114
0.003357 0.483349
0.003357 0.483583
0.003357 0.483818
0.003387 0.484053
0.003387 0.484287
0.003403 0.484522
0.003403 0.484756
0.003410 0.484991
0.003418 0.485225
0.003418 0.48546
0.003418 0.485694
0.003418 0.485929
0.003418 0.486163
0.003418 0.486398
0.003418 0.486632
0.003418 0.486867
0.003418 0.487101
0.003418 0.487336
0.003418 0.48757
0.003418 0.487805
0.003418 0.488039
0.003418 0.488274
0.003418 0.488508
0.003418 0.488743
0.003418 0.488977
0.003418 0.489212
0.003418 0.489447
0.003418 0.489681
0.003418 0.489916
0.003418 0.49015
0.003418 0.490385
0.003418 0.490619
0.003418 0.490854
0.003418 0.491088
0.003418 0.491323
0.003418 0.491557
0.003418 0.491792
0.003418 0.492026
0.003418 0.492261
0.003418 0.492495
0.003418 0.49273
0.003418 0.492964
0.003418 0.493199
0.003418 0.493433
0.003418 0.493668
0.003418 0.493902
0.003418 0.494137
0.003418 0.494371
0.003418 0.494606
0.003418 0.494841
0.003418 0.495075
0.003418 0.49531
0.003418 0.495544
0.003418 0.495779
0.003418 0.496013
0.003418 0.496248
0.003418 0.496482
0.003418 0.496717
0.003418 0.496951
0.003418 0.497186
0.003433 0.49742
0.003441 0.497655
0.003448 0.497889
0.003452 0.498124
0.003479 0.498358
0.003479 0.498593
0.003479 0.498827
0.003479 0.499062
0.003479 0.499296
0.003494 0.499531
0.003494 0.499765
0.003510 0.5
0.003525 0.500235
0.003525 0.500469
0.003540 0.500704
0.003540 0.500938
0.003540 0.501173
0.003540 0.501407
0.003540 0.501642
0.003540 0.501876
0.003540 0.502111
0.003540 0.502345
0.003540 0.50258
0.003540 0.502814
0.003540 0.503049
0.003540 0.503283
0.003540 0.503518
0.003540 0.503752
0.003540 0.503987
0.003540 0.504221
0.003540 0.504456
0.003540 0.50469
0.003540 0.504925
0.003555 0.505159
0.003555 0.505394
0.003555 0.505629
0.003555 0.505863
0.003571 0.506098
0.003571 0.506332
0.003571 0.506567
0.003586 0.506801
0.003601 0.507036
0.003601 0.50727
0.003601 0.507505
0.003601 0.507739
0.003601 0.507974
0.003601 0.508208
0.003616 0.508443
0.003632 0.508677
0.003632 0.508912
0.003632 0.509146
0.003647 0.509381
0.003662 0.509615
0.003662 0.50985
0.003662 0.510084
0.003662 0.510319
0.003662 0.510553
0.003662 0.510788
0.003662 0.511023
0.003662 0.511257
0.003662 0.511492
0.003662 0.511726
0.003662 0.511961
0.003662 0.512195
0.003662 0.51243
0.003662 0.512664
0.003662 0.512899
0.003662 0.513133
0.003662 0.513368
0.003662 0.513602
0.003662 0.513837
0.003662 0.514071
0.003662 0.514306
0.003662 0.51454
0.003662 0.514775
0.003662 0.515009
0.003662 0.515244
0.003662 0.515478
0.003662 0.515713
0.003662 0.515947
0.003662 0.516182
0.003662 0.516417
0.003662 0.516651
0.003662 0.516886
0.003662 0.51712
0.003662 0.517355
0.003662 0.517589
0.003662 0.517824
0.003662 0.518058
0.003662 0.518293
0.003662 0.518527
0.003662 0.518762
0.003662 0.518996
0.003662 0.519231
0.003662 0.519465
0.003662 0.5197
0.003662 0.519934
0.003662 0.520169
0.003662 0.520403
0.003662 0.520638
0.003662 0.520872
0.003662 0.521107
0.003662 0.521341
0.003662 0.521576
0.003662 0.521811
0.003662 0.522045
0.003662 0.52228
0.003662 0.522514
0.003662 0.522749
0.003662 0.522983
0.003662 0.523218
0.003662 0.523452
0.003662 0.523687
0.003662 0.523921
0.003662 0.524156
0.003662 0.52439
0.003693 0.524625
0.003723 0.524859
0.003723 0.525094
0.003723 0.525328
0.003723 0.525563
0.003723 0.525797
0.003723 0.526032
0.003738 0.526266
0.003738 0.526501
0.003754 0.526735
0.003754 0.52697
0.003769 0.527205
0.003784 0.527439
0.003784 0.527674
0.003784 0.527908
0.003784 0.528143
0.003784 0.528377
0.003784 0.528612
0.003784 0.528846
0.003784 0.529081
0.003784 0.529315
0.003784 0.52955
0.003784 0.529784
0.003784 0.530019
0.003784 0.530253
0.003784 0.530488
0.003784 0.530722
0.003784 0.530957
0.003784 0.531191
0.003784 0.531426
0.003784 0.53166
0.003784 0.531895
0.003784 0.532129
0.003784 0.532364
0.003784 0.532598
0.003784 0.532833
0.003784 0.533068
0.003799 0.533302
0.003799 0.533537
0.003815 0.533771
0.003815 0.534006
0.003834 0.53424
0.003845 0.534475
0.003845 0.534709
0.003845 0.534944
0.003845 0.535178
0.003845 0.535413
0.003845 0.535647
0.003860 0.535882
0.003876 0.536116
0.003876 0.536351
0.003876 0.536585
0.003876 0.53682
0.003891 0.537054
0.003891 0.537289
0.003906 0.537523
0.003906 0.537758
0.003906 0.537992
0.003906 0.538227
0.003906 0.538462
0.003906 0.538696
0.003906 0.538931
0.003906 0.539165
0.003906 0.5394
0.003906 0.539634
0.003906 0.539869
0.003906 0.540103
0.003906 0.540338
0.003906 0.540572
0.003906 0.540807
0.003906 0.541041
0.003906 0.541276
0.003906 0.54151
0.003906 0.541745
0.003906 0.541979
0.003906 0.542214
0.003906 0.542448
0.003906 0.542683
0.003906 0.542917
0.003906 0.543152
0.003906 0.543386
0.003906 0.543621
0.003906 0.543856
0.003906 0.54409
0.003906 0.544325
0.003906 0.544559
0.003906 0.544794
0.003906 0.545028
0.003906 0.545263
0.003906 0.545497
0.003906 0.545732
0.003906 0.545966
0.003906 0.546201
0.003906 0.546435
0.003906 0.54667
0.003906 0.546904
0.003906 0.547139
0.003906 0.547373
0.003906 0.547608
0.003906 0.547842
0.003906 0.548077
0.003906 0.548311
0.003906 0.548546
0.003906 0.54878
0.003906 0.549015
0.003906 0.54925
0.003906 0.549484
0.003906 0.549719
0.003906 0.549953
0.003906 0.550188
0.003906 0.550422
0.003906 0.550657
0.003906 0.550891
0.003906 0.551126
0.003906 0.55136
0.003906 0.551595
0.003906 0.551829
0.003906 0.552064
0.003914 0.552298
0.003937 0.552533
0.003937 0.552767
0.003952 0.553002
0.003967 0.553236
0.003967 0.553471
0.003967 0.553705
0.003967 0.55394
0.003967 0.554174
0.003967 0.554409
0.003967 0.554644
0.003967 0.554878
0.003998 0.555113
0.003998 0.555347
0.003998 0.555582
0.003998 0.555816
0.003998 0.556051
0.004005 0.556285
0.004013 0.55652
0.004021 0.556754
0.004028 0.556989
0.004028 0.557223
0.004028 0.557458
0.004028 0.557692
0.004028 0.557927
0.004028 0.558161
0.004028 0.558396
0.004028 0.55863
0.004028 0.558865
0.004028 0.559099
0.004028 0.559334
0.004028 0.559568
0.004028 0.559803
0.004028 0.560038
0.004028 0.560272
0.004028 0.560507
0.004028 0.560741
0.004028 0.560976
0.004028 0.56121
0.004028 0.561445
0.004028 0.561679
0.004028 0.561914
0.004028 0.562148
0.004028 0.562383
0.004028 0.562617
0.004028 0.562852
0.004028 0.563086
0.004028 0.563321
0.004044 0.563555
0.004059 0.56379
0.004086 0.564024
0.004089 0.564259
0.004089 0.564493
0.004089 0.564728
0.004089 0.564962
0.004089 0.565197
0.004089 0.565432
0.004105 0.565666
0.004120 0.565901
0.004150 0.566135
0.004150 0.56637
0.004150 0.566604
0.004150 0.566839
0.004150 0.567073
0.004150 0.567308
0.004150 0.567542
0.004150 0.567777
0.004150 0.568011
0.004150 0.568246
0.004150 0.56848
0.004150 0.568715
0.004150 0.568949
0.004150 0.569184
0.004150 0.569418
0.004150 0.569653
0.004150 0.569887
0.004150 0.570122
0.004150 0.570356
0.004150 0.570591
0.004150 0.570826
0.004150 0.57106
0.004150 0.571295
0.004150 0.571529
0.004150 0.571764
0.004150 0.571998
0.004150 0.572233
0.004150 0.572467
0.004150 0.572702
0.004150 0.572936
0.004150 0.573171
0.004150 0.573405
0.004150 0.57364
0.004150 0.573874
0.004150 0.574109
0.004150 0.574343
0.004150 0.574578
0.004150 0.574812
0.004150 0.575047
0.004150 0.575281
0.004150 0.575516
0.004150 0.57575
0.004150 0.575985
0.004150 0.57622
0.004150 0.576454
0.004150 0.576689
0.004150 0.576923
0.004150 0.577158
0.004150 0.577392
0.004150 0.577627
0.004150 0.577861
0.004150 0.578096
0.004150 0.57833
0.004150 0.578565
0.004150 0.578799
0.004150 0.579034
0.004150 0.579268
0.004150 0.579503
0.004150 0.579737
0.004150 0.579972
0.004150 0.580206
0.004150 0.580441
0.004150 0.580675
0.004150 0.58091
0.004150 0.581144
0.004166 0.581379
0.004166 0.581614
0.004181 0.581848
0.004181 0.582083
0.004181 0.582317
0.004181 0.582552
0.004196 0.582786
0.004211 0.583021
0.004211 0.583255
0.004211 0.58349
0.004211 0.583724
0.004211 0.583959
0.004211 0.584193
0.004242 0.584428
0.004242 0.584662
0.004257 0.584897
0.004257 0.585131
0.004272 0.585366
0.004272 0.5856
0.004272 0.585835
0.004272 0.586069
0.004272 0.586304
0.004272 0.586538
0.004272 0.586773
0.004272 0.587008
0.004272 0.587242
0.004272 0.587477
0.004272 0.587711
0.004272 0.587946
0.004272 0.58818
0.004272 0.588415
0.004272 0.588649
0.004272 0.588884
0.004272 0.589118
0.004272 0.589353
0.004303 0.589587
0.004318 0.589822
0.004318 0.590056
0.004333 0.590291
0.004333 0.590525
0.004333 0.59076
0.004333 0.590994
0.004349 0.591229
0.004349 0.591463
0.004349 0.591698
0.004349 0.591932
0.004353 0.592167
0.004364 0.592402
0.004364 0.592636
0.004395 0.592871
0.004395 0.593105
0.004395 0.59334
0.004395 0.593574
0.004395 0.593809
0.004395 0.594043
0.004395 0.594278
0.004395 0.594512
0.004395 0.594747
0.004395 0.594981
0.004395 0.595216
0.004395 0.59545
0.004395 0.595685
0.004395 0.595919
0.004395 0.596154
0.004395 0.596388
0.004395 0.596623
0.004395 0.596857
0.004395 0.597092
0.004395 0.597326
0.004395 0.597561
0.004395 0.597795
0.004395 0.59803
0.004395 0.598265
0.004395 0.598499
0.004395 0.598734
0.004395 0.598968
0.004395 0.599203
0.004395 0.599437
0.004395 0.599672
0.004395 0.599906
0.004395 0.600141
0.004395 0.600375
0.004395 0.60061
0.004395 0.600844
0.004395 0.601079
0.004395 0.601313
0.004395 0.601548
0.004395 0.601782
0.004395 0.602017
0.004395 0.602251
0.004395 0.602486
0.004395 0.60272
0.004395 0.602955
0.004395 0.603189
0.004395 0.603424
0.004395 0.603659
0.004395 0.603893
0.004395 0.604128
0.004395 0.604362
0.004395 0.604597
0.004395 0.604831
0.004395 0.605066
0.004395 0.6053
0.004395 0.605535
0.004395 0.605769
0.004417 0.606004
0.004425 0.606238
0.004425 0.606473
0.004456 0.606707
0.004456 0.606942
0.004456 0.607176
0.004456 0.607411
0.004456 0.607645
0.004456 0.60788
0.004486 0.608114
0.004486 0.608349
0.004517 0.608583
0.004517 0.608818
0.004517 0.609053
0.004517 0.609287
0.004517 0.609522
0.004517 0.609756
0.004517 0.609991
0.004517 0.610225
0.004517 0.61046
0.004517 0.610694
0.004517 0.610929
0.004517 0.611163
0.004517 0.611398
0.004517 0.611632
0.004517 0.611867
0.004517 0.612101
0.004517 0.612336
0.004517 0.61257
0.004517 0.612805
0.004517 0.613039
0.004517 0.613274
0.004532 0.613508
0.004547 0.613743
0.004547 0.613977
0.004562 0.614212
0.004578 0.614447
0.004578 0.614681
0.004578 0.614916
0.004578 0.61515
0.004578 0.615385
0.004578 0.615619
0.004578 0.615854
0.004578 0.616088
0.004578 0.616323
0.004578 0.616557
0.004593 0.616792
0.004608 0.617026
0.004608 0.617261
0.004623 0.617495
0.004639 0.61773
0.004639 0.617964
0.004639 0.618199
0.004639 0.618433
0.004639 0.618668
0.004639 0.618902
0.004639 0.619137
0.004639 0.619371
0.004639 0.619606
0.004639 0.619841
0.004639 0.620075
0.004639 0.62031
0.004639 0.620544
0.004639 0.620779
0.004639 0.621013
0.004639 0.621248
0.004639 0.621482
0.004639 0.621717
0.004639 0.621951
0.004639 0.622186
0.004639 0.62242
0.004639 0.622655
0.004639 0.622889
0.004639 0.623124
0.004639 0.623358
0.004639 0.623593
0.004639 0.623827
0.004639 0.624062
0.004639 0.624296
0.004639 0.624531
0.004639 0.624765
0.004639 0.625
0.004639 0.625235
0.004639 0.625469
0.004639 0.625704
0.004639 0.625938
0.004639 0.626173
0.004639 0.626407
0.004639 0.626642
0.004639 0.626876
0.004639 0.627111
0.004639 0.627345
0.004639 0.62758
0.004639 0.627814
0.004639 0.628049
0.004639 0.628283
0.004639 0.628518
0.004639 0.628752
0.004639 0.628987
0.004639 0.629221
0.004639 0.629456
0.004639 0.62969
0.004639 0.629925
0.004639 0.630159
0.004639 0.630394
0.004639 0.630629
0.004639 0.630863
0.004639 0.631098
0.004639 0.631332
0.004639 0.631567
0.004639 0.631801
0.004639 0.632036
0.004646 0.63227
0.004654 0.632505
0.004654 0.632739
0.004654 0.632974
0.004669 0.633208
0.004669 0.633443
0.004669 0.633677
0.004684 0.633912
0.004684 0.634146
0.004700 0.634381
0.004700 0.634615
0.004715 0.63485
0.004715 0.635084
0.004742 0.635319
0.004761 0.635553
0.004761 0.635788
0.004761 0.636023
0.004761 0.636257
0.004761 0.636492
0.004761 0.636726
0.004761 0.636961
0.004761 0.637195
0.004761 0.63743
0.004761 0.637664
0.004761 0.637899
0.004761 0.638133
0.004761 0.638368
0.004761 0.638602
0.004761 0.638837
0.004761 0.639071
0.004761 0.639306
0.004761 0.63954
0.004761 0.639775
0.004776 0.640009
0.004791 0.640244
0.004791 0.640478
0.004807 0.640713
0.004807 0.640947
0.004807 0.641182
0.004807 0.641417
0.004822 0.641651
0.004822 0.641886
0.004833 0.64212
0.004837 0.642355
0.004852 0.642589
0.004868 0.642824
0.004883 0.643058
0.004883 0.643293
0.004883 0.643527
0.004883 0.643762
0.004883 0.643996
0.004883 0.644231
0.004883 0.644465
0.004883 0.6447
0.004883 0.644934
0.004883 0.645169
0.004883 0.645403
0.004883 0.645638
0.004883 0.645872
0.004883 0.646107
0.004883 0.646341
0.004883 0.646576
0.004883 0.646811
0.004883 0.647045
0.004883 0.64728
0.004883 0.647514
0.004883 0.647749
0.004883 0.647983
0.004883 0.648218
0.004883 0.648452
0.004883 0.648687
0.004883 0.648921
0.004883 0.649156
0.004883 0.64939
0.004883 0.649625
0.004883 0.649859
0.004883 0.650094
0.004883 0.650328
0.004883 0.650563
0.004883 0.650797
0.004883 0.651032
0.004883 0.651266
0.004883 0.651501
0.004883 0.651735
0.004883 0.65197
0.004883 0.652205
0.004883 0.652439
0.004883 0.652674
0.004883 0.652908
0.004883 0.653143
0.004883 0.653377
0.004883 0.653612
0.004883 0.653846
0.004883 0.654081
0.004883 0.654315
0.004883 0.65455
0.004883 0.654784
0.004883 0.655019
0.004883 0.655253
0.004883 0.655488
0.004883 0.655722
0.004883 0.655957
0.004883 0.656191
0.004898 0.656426
0.004898 0.65666
0.004929 0.656895
0.004944 0.657129
0.004944 0.657364
0.004944 0.657598
0.004959 0.657833
0.004959 0.658068
0.004974 0.658302
0.004974 0.658537
0.004974 0.658771
0.004990 0.659006
0.005005 0.65924
0.005005 0.659475
0.005005 0.659709
0.005005 0.659944
0.005005 0.660178
0.005005 0.660413
0.005005 0.660647
0.005005 0.660882
0.005005 0.661116
0.005005 0.661351
0.005005 0.661585
0.005005 0.66182
0.005028 0.662054
0.005035 0.662289
0.005035 0.662523
0.005035 0.662758
0.005066 0.662992
0.005066 0.663227
0.005066 0.663462
0.005066 0.663696
0.005096 0.663931
0.005096 0.664165
0.005096 0.6644
0.005096 0.664634
0.005096 0.664869
0.005112 0.665103
0.005112 0.665338
0.005127 0.665572
0.005127 0.665807
0.005127 0.666041
0.005127 0.666276
0.005127 0.66651
0.005127 0.666745
0.005127 0.666979
0.005127 0.667214
0.005127 0.667448
0.005127 0.667683
0.005127 0.667917
0.005127 0.668152
0.005127 0.668386
0.005127 0.668621
0.005127 0.668856
0.005127 0.66909
0.005127 0.669325
0.005127 0.669559
0.005127 0.669794
0.005127 0.670028
0.005127 0.670263
0.005127 0.670497
0.005127 0.670732
0.005127 0.670966
0.005127 0.671201
0.005127 0.671435
0.005127 0.67167
0.005127 0.671904
0.005127 0.672139
0.005127 0.672373
0.005127 0.672608
0.005127 0.672842
0.005127 0.673077
0.005127 0.673311
0.005127 0.673546
0.005127 0.67378
0.005127 0.674015
0.005127 0.67425
0.005127 0.674484
0.005127 0.674719
0.005127 0.674953
0.005127 0.675188
0.005127 0.675422
0.005127 0.675657
0.005127 0.675891
0.005127 0.676126
0.005127 0.67636
0.005127 0.676595
0.005127 0.676829
0.005127 0.677064
0.005127 0.677298
0.005127 0.677533
0.005127 0.677767
0.005127 0.678002
0.005127 0.678236
0.005127 0.678471
0.005127 0.678705
0.005127 0.67894
0.005127 0.679174
0.005173 0.679409
0.005188 0.679644
0.005188 0.679878
0.005234 0.680113
0.005249 0.680347
0.005249 0.680582
0.005249 0.680816
0.005249 0.681051
0.005249 0.681285
0.005249 0.68152
0.005249 0.681754
0.005249 0.681989
0.005249 0.682223
0.005249 0.682458
0.005249 0.682692
0.005249 0.682927
0.005249 0.683161
0.005249 0.683396
0.005249 0.68363
0.005249 0.683865
0.005249 0.684099
0.005249 0.684334
0.005249 0.684568
0.005249 0.684803
0.005249 0.685038
0.005280 0.685272
0.005280 0.685507
0.005295 0.685741
0.005310 0.685976
0.005310 0.68621
0.005310 0.686445
0.005310 0.686679
0.005310 0.686914
0.005310 0.687148
0.005310 0.687383
0.005310 0.687617
0.005310 0.687852
0.005310 0.688086
0.005371 0.688321
0.005371 0.688555
0.005371 0.68879
0.005371 0.689024
0.005371 0.689259
0.005371 0.689493
0.005371 0.689728
0.005371 0.689962
0.005371 0.690197
0.005371 0.690432
0.005371 0.690666
0.005371 0.690901
0.005371 0.691135
0.005371 0.69137
0.005371 0.691604
0.005371 0.691839
0.005371 0.692073
0.005371 0.692308
0.005371 0.692542
0.005371 0.692777
0.005371 0.693011
0.005371 0.693246
0.005371 0.69348
0.005371 0.693715
0.005371 0.693949
0.005371 0.694184
0.005371 0.694418
0.005371 0.694653
0.005371 0.694887
0.005371 0.695122
0.005371 0.695356
0.005371 0.695591
0.005371 0.695826
0.005371 0.69606
0.005371 0.696295
0.005371 0.696529
0.005371 0.696764
0.005371 0.696998
0.005371 0.697233
0.005371 0.697467
0.005371 0.697702
0.005371 0.697936
0.005371 0.698171
0.005371 0.698405
0.005371 0.69864
0.005371 0.698874
0.005371 0.699109
0.005371 0.699343
0.005371 0.699578
0.005371 0.699812
0.005371 0.700047
0.005371 0.700281
0.005371 0.700516
0.005371 0.70075
0.005371 0.700985
0.005371 0.70122
0.005371 0.701454
0.005371 0.701689
0.005371 0.701923
0.005371 0.702158
0.005371 0.702392
0.005371 0.702627
0.005371 0.702861
0.005371 0.703096
0.005371 0.70333
0.005371 0.703565
0.005371 0.703799
0.005371 0.704034
0.005402 0.704268
0.005409 0.704503
0.005432 0.704737
0.005432 0.704972
0.005432 0.705206
0.005447 0.705441
0.005463 0.705675
0.005463 0.70591
0.005493 0.706144
0.005493 0.706379
0.005493 0.706614
0.005493 0.706848
0.005493 0.707083
0.005493 0.707317
0.005493 0.707552
0.005493 0.707786
0.005493 0.708021
0.005493 0.708255
0.005493 0.70849
0.005493 0.708724
0.005493 0.708959
0.005493 0.709193
0.005524 0.709428
0.005539 0.709662
0.005554 0.709897
0.005554 0.710131
0.005554 0.710366
0.005554 0.7106
0.005554 0.710835
0.005554 0.711069
0.005554 0.711304
0.005554 0.711538
0.005554 0.711773
0.005569 0.712008
0.005569 0.712242
0.005585 0.712477
0.005585 0.712711
0.005615 0.712946
0.005615 0.71318
0.005615 0.713415
0.005615 0.713649
0.005615 0.713884
0.005615 0.714118
0.005615 0.714353
0.005615 0.714587
0.005615 0.714822
0.005615 0.715056
0.005615 0.715291
0.005615 0.715525
0.005615 0.71576
0.005615 0.715994
0.005615 0.716229
0.005615 0.716463
0.005615 0.716698
0.005615 0.716932
0.005615 0.717167
0.005615 0.717402
0.005615 0.717636
0.005615 0.717871
0.005615 0.718105
0.005615 0.71834
0.005615 0.718574
0.005615 0.718809
0.005615 0.719043
0.005615 0.719278
0.005615 0.719512
0.005615 0.719747
0.005615 0.719981
0.005615 0.720216
0.005615 0.72045
0.005615 0.720685
0.005615 0.720919
0.005615 0.721154
0.005615 0.721388
0.005615 0.721623
0.005615 0.721857
0.005615 0.722092
0.005615 0.722326
0.005615 0.722561
0.005615 0.722795
0.005615 0.72303
0.005615 0.723265
0.005615 0.723499
0.005615 0.723734
0.005615 0.723968
0.005615 0.724203
0.005615 0.724437
0.005615 0.724672
0.005615 0.724906
0.005615 0.725141
0.005615 0.725375
0.005615 0.72561
0.005615 0.725844
0.005615 0.726079
0.005615 0.726313
0.005615 0.726548
0.005615 0.726782
0.005615 0.727017
0.005615 0.727251
0.005615 0.727486
0.005615 0.72772
0.005615 0.727955
0.005615 0.728189
0.005615 0.728424
0.005615 0.728659
0.005615 0.728893
0.005615 0.729128
0.005615 0.729362
0.005615 0.729597
0.005615 0.729831
0.005615 0.730066
0.005615 0.7303
0.005646 0.730535
0.005646 0.730769
0.005646 0.731004
0.005676 0.731238
0.005676 0.731473
0.005707 0.731707
0.005707 0.731942
0.005737 0.732176
0.005737 0.732411
0.005737 0.732645
0.005737 0.73288
0.005737 0.733114
0.005737 0.733349
0.005737 0.733583
0.005737 0.733818
0.005737 0.734053
0.005737 0.734287
0.005737 0.734522
0.005737 0.734756
0.005737 0.734991
0.005737 0.735225
0.005737 0.73546
0.005737 0.735694
0.005753 0.735929
0.005753 0.736163
0.005798 0.736398
0.005798 0.736632
0.005798 0.736867
0.005798 0.737101
0.005829 0.737336
0.005829 0.73757
0.005844 0.737805
0.005859 0.738039
0.005859 0.738274
0.005859 0.738508
0.005859 0.738743
0.005859 0.738977
0.005859 0.739212
0.005859 0.739447
0.005859 0.739681
0.005859 0.739916
0.005859 0.74015
0.005859 0.740385
0.005859 0.740619
0.005859 0.740854
0.005859 0.741088
0.005859 0.741323
0.005859 0.741557
0.005859 0.741792
0.005859 0.742026
0.005859 0.742261
0.005859 0.742495
0.005859 0.74273
0.005859 0.742964
0.005859 0.743199
0.005859 0.743433
0.005859 0.743668
0.005859 0.743902
0.005859 0.744137
0.005859 0.744371
0.005859 0.744606
0.005859 0.744841
0.005859 0.745075
0.005859 0.74531
0.005859 0.745544
0.005859 0.745779
0.005859 0.746013
0.005859 0.746248
0.005859 0.746482
0.005859 0.746717
0.005859 0.746951
0.005859 0.747186
0.005859 0.74742
0.005859 0.747655
0.005859 0.747889
0.005859 0.748124
0.005859 0.748358
0.005859 0.748593
0.005859 0.748827
0.005859 0.749062
0.005859 0.749296
0.005859 0.749531
0.005859 0.749765
0.005859 0.75
0.005859 0.750235
0.005859 0.750469
0.005859 0.750704
0.005859 0.750938
0.005859 0.751173
0.005859 0.751407
0.005859 0.751642
0.005859 0.751876
0.005890 0.752111
0.005920 0.752345
0.005920 0.75258
0.005920 0.752814
0.005920 0.753049
0.005920 0.753283
0.005951 0.753518
0.005966 0.753752
0.005974 0.753987
0.005981 0.754221
0.005981 0.754456
0.005981 0.75469
0.005981 0.754925
0.005981 0.755159
0.005981 0.755394
0.005981 0.755629
0.005981 0.755863
0.005981 0.756098
0.005981 0.756332
0.005981 0.756567
0.005981 0.756801
0.005981 0.757036
0.005997 0.75727
0.006012 0.757505
0.006027 0.757739
0.006042 0.757974
0.006042 0.758208
0.006042 0.758443
0.006042 0.758677
0.006042 0.758912
0.006042 0.759146
0.006058 0.759381
0.006058 0.759615
0.006073 0.75985
0.006088 0.760084
0.006096 0.760319
0.006104 0.760553
0.006104 0.760788
0.006104 0.761023
0.006104 0.761257
0.006104 0.761492
0.006104 0.761726
0.006104 0.761961
0.006104 0.762195
0.006104 0.76243
0.006104 0.762664
0.006104 0.762899
0.006104 0.763133
0.006104 0.763368
0.006104 0.763602
0.006104 0.763837
0.006104 0.764071
0.006104 0.764306
0.006104 0.76454
0.006104 0.764775
0.006104 0.765009
0.006104 0.765244
0.006104 0.765478
0.006104 0.765713
0.006104 0.765947
0.006104 0.766182
0.006104 0.766417
0.006104 0.766651
0.006104 0.766886
0.006104 0.76712
0.006104 0.767355
0.006104 0.767589
0.006104 0.767824
0.006104 0.768058
0.006104 0.768293
0.006104 0.768527
0.006104 0.768762
0.006104 0.768996
0.006104 0.769231
0.006104 0.769465
0.006104 0.7697
0.006104 0.769934
0.006104 0.770169
0.006104 0.770403
0.006104 0.770638
0.006104 0.770872
0.006104 0.771107
0.006104 0.771341
0.006104 0.771576
0.006104 0.771811
0.006104 0.772045
0.006104 0.77228
0.006104 0.772514
0.006104 0.772749
0.006104 0.772983
0.006134 0.773218
0.006134 0.773452
0.006226 0.773687
0.006226 0.773921
0.006226 0.774156
0.006226 0.77439
0.006226 0.774625
0.006226 0.774859
0.006226 0.775094
0.006226 0.775328
0.006226 0.775563
0.006226 0.775797
0.006226 0.776032
0.006226 0.776266
0.006226 0.776501
0.006226 0.776735
0.006241 0.77697
0.006256 0.777205
0.006256 0.777439
0.006287 0.777674
0.006287 0.777908
0.006287 0.778143
0.006287 0.778377
0.006317 0.778612
0.006332 0.778846
0.006332 0.779081
0.006340 0.779315
0.006348 0.77955
0.006348 0.779784
0.006348 0.780019
0.006348 0.780253
0.006348 0.780488
0.006348 0.780722
0.006348 0.780957
0.006348 0.781191
0.006348 0.781426
0.006348 0.78166
0.006348 0.781895
0.006348 0.782129
0.006348 0.782364
0.006348 0.782598
0.006348 0.782833
0.006348 0.783068
0.006348 0.783302
0.006348 0.783537
0.006348 0.783771
0.006348 0.784006
0.006348 0.78424
0.006348 0.784475
0.006348 0.784709
0.006348 0.784944
0.006348 0.785178
0.006348 0.785413
0.006348 0.785647
0.006348 0.785882
0.006348 0.786116
0.006348 0.786351
0.006348 0.786585
0.006348 0.78682
0.006348 0.787054
0.006348 0.787289
0.006348 0.787523
0.006348 0.787758
0.006348 0.787992
0.006348 0.788227
0.006348 0.788462
0.006348 0.788696
0.006348 0.788931
0.006348 0.789165
0.006348 0.7894
0.006348 0.789634
0.006348 0.789869
0.006348 0.790103
0.006348 0.790338
0.006348 0.790572
0.006348 0.790807
0.006348 0.791041
0.006348 0.791276
0.006363 0.79151
0.006378 0.791745
0.006378 0.791979
0.006378 0.792214
0.006393 0.792448
0.006409 0.792683
0.006409 0.792917
0.006470 0.793152
0.006470 0.793386
0.006470 0.793621
0.006470 0.793856
0.006470 0.79409
0.006470 0.794325
0.006470 0.794559
0.006470 0.794794
0.006470 0.795028
0.006470 0.795263
0.006470 0.795497
0.006477 0.795732
0.006485 0.795966
0.006500 0.796201
0.006500 0.796435
0.006531 0.79667
0.006531 0.796904
0.006531 0.797139
0.006561 0.797373
0.006592 0.797608
0.006592 0.797842
0.006592 0.798077
0.006592 0.798311
0.006592 0.798546
0.006592 0.79878
0.006592 0.799015
0.006592 0.79925
0.006592 0.799484
0.006592 0.799719
0.006592 0.799953
0.006592 0.800188
0.006592 0.800422
0.006592 0.800657
0.006592 0.800891
0.006592 0.801126
0.006592 0.80136
0.006592 0.801595
0.006592 0.801829
0.006592 0.802064
0.006592 0.802298
0.006592 0.802533
0.006592 0.802767
0.006592 0.803002
0.006592 0.803236
0.006592 0.803471
0.006592 0.803705
0.006592 0.80394
0.006592 0.804174
0.006592 0.804409
0.006607 0.804644
0.006653 0.804878
0.006653 0.805113
0.006653 0.805347
0.006653 0.805582
0.006668 0.805816
0.006683 0.806051
0.006691 0.806285
0.006714 0.80652
0.006714 0.806754
0.006714 0.806989
0.006714 0.807223
0.006714 0.807458
0.006714 0.807692
0.006714 0.807927
0.006714 0.808161
0.006714 0.808396
0.006714 0.80863
0.006714 0.808865
0.006714 0.809099
0.006714 0.809334
0.006714 0.809568
0.006760 0.809803
0.006760 0.810038
0.006775 0.810272
0.006775 0.810507
0.006775 0.810741
0.006775 0.810976
0.006821 0.81121
0.006836 0.811445
0.006836 0.811679
0.006836 0.811914
0.006836 0.812148
0.006836 0.812383
0.006836 0.812617
0.006836 0.812852
0.006836 0.813086
0.006836 0.813321
0.006836 0.813555
0.006836 0.81379
0.006836 0.814024
0.006836 0.814259
0.006836 0.814493
0.006836 0.814728
0.006836 0.814962
0.006836 0.815197
0.006836 0.815432
0.006836 0.815666
0.006836 0.815901
0.006836 0.816135
0.006836 0.81637
0.006836 0.816604
0.006836 0.816839
0.006836 0.817073
0.006836 0.817308
0.006836 0.817542
0.006836 0.817777
0.006836 0.818011
0.006836 0.818246
0.006836 0.81848
0.006836 0.818715
0.006836 0.818949
0.006836 0.819184
0.006836 0.819418
0.006836 0.819653
0.006836 0.819887
0.006836 0.820122
0.006836 0.820356
0.006836 0.820591
0.006897 0.820826
0.006897 0.82106
0.006897 0.821295
0.006927 0.821529
0.006958 0.821764
0.006958 0.821998
0.006958 0.822233
0.006958 0.822467
0.006958 0.822702
0.006958 0.822936
0.006958 0.823171
0.006958 0.823405
0.006958 0.82364
0.006958 0.823874
0.006973 0.824109
0.006989 0.824343
0.007019 0.824578
0.007019 0.824812
0.007019 0.825047
0.007050 0.825281
0.007080 0.825516
0.007080 0.82575
0.007080 0.825985
0.007080 0.82622
0.007080 0.826454
0.007080 0.826689
0.007080 0.826923
0.007080 0.827158
0.007080 0.827392
0.007080 0.827627
0.007080 0.827861
0.007080 0.828096
0.007080 0.82833
0.007080 0.828565
0.007080 0.828799
0.007080 0.829034
0.007080 0.829268
0.007080 0.829503
0.007080 0.829737
0.007080 0.829972
0.007080 0.830206
0.007080 0.830441
0.007080 0.830675
0.007080 0.83091
0.007080 0.831144
0.007080 0.831379
0.007080 0.831614
0.007080 0.831848
0.007080 0.832083
0.007080 0.832317
0.007080 0.832552
0.007080 0.832786
0.007080 0.833021
0.007080 0.833255
0.007080 0.83349
0.007111 0.833724
0.007141 0.833959
0.007156 0.834193
0.007172 0.834428
0.007172 0.834662
0.007202 0.834897
0.007202 0.835131
0.007202 0.835366
0.007202 0.8356
0.007202 0.835835
0.007202 0.836069
0.007202 0.836304
0.007202 0.836538
0.007202 0.836773
0.007202 0.837008
0.007202 0.837242
0.007202 0.837477
0.007202 0.837711
0.007202 0.837946
0.007202 0.83818
0.007202 0.838415
0.007202 0.838649
0.007202 0.838884
0.007202 0.839118
0.007233 0.839353
0.007263 0.839587
0.007263 0.839822
0.007263 0.840056
0.007263 0.840291
0.007278 0.840525
0.007324 0.84076
0.007324 0.840994
0.007324 0.841229
0.007324 0.841463
0.007324 0.841698
0.007324 0.841932
0.007324 0.842167
0.007324 0.842402
0.007324 0.842636
0.007324 0.842871
0.007324 0.843105
0.007324 0.84334
0.007324 0.843574
0.007324 0.843809
0.007324 0.844043
0.007324 0.844278
0.007324 0.844512
0.007324 0.844747
0.007324 0.844981
0.007324 0.845216
0.007324 0.84545
0.007324 0.845685
0.007324 0.845919
0.007324 0.846154
0.007324 0.846388
0.007324 0.846623
0.007324 0.846857
0.007324 0.847092
0.007324 0.847326
0.007324 0.847561
0.007324 0.847795
0.007324 0.84803
0.007324 0.848265
0.007324 0.848499
0.007324 0.848734
0.007324 0.848968
0.007324 0.849203
0.007324 0.849437
0.007324 0.849672
0.007324 0.849906
0.007324 0.850141
0.007324 0.850375
0.007339 0.85061
0.007393 0.850844
0.007416 0.851079
0.007431 0.851313
0.007431 0.851548
0.007439 0.851782
0.007446 0.852017
0.007446 0.852251
0.007446 0.852486
0.007446 0.85272
0.007446 0.852955
0.007446 0.853189
0.007446 0.853424
0.007446 0.853659
0.007446 0.853893
0.007446 0.854128
0.007446 0.854362
0.007446 0.854597
0.007507 0.854831
0.007507 0.855066
0.007568 0.8553
0.007568 0.855535
0.007568 0.855769
0.007568 0.856004
0.007568 0.856238
0.007568 0.856473
0.007568 0.856707
0.007568 0.856942
0.007568 0.857176
0.007568 0.857411
0.007568 0.857645
0.007568 0.85788
0.007568 0.858114
0.007568 0.858349
0.007568 0.858583
0.007568 0.858818
0.007568 0.859053
0.007568 0.859287
0.007568 0.859522
0.007568 0.859756
0.007568 0.859991
0.007568 0.860225
0.007568 0.86046
0.007568 0.860694
0.007568 0.860929
0.007568 0.861163
0.007568 0.861398
0.007568 0.861632
0.007568 0.861867
0.007568 0.862101
0.007568 0.862336
0.007568 0.86257
0.007568 0.862805
0.007599 0.863039
0.007599 0.863274
0.007599 0.863508
0.007629 0.863743
0.007629 0.863977
0.007629 0.864212
0.007629 0.864447
0.007660 0.864681
0.007675 0.864916
0.007690 0.86515
0.007690 0.865385
0.007690 0.865619
0.007690 0.865854
0.007690 0.866088
0.007706 0.866323
0.007751 0.866557
0.007751 0.866792
0.007751 0.867026
0.007751 0.867261
0.007751 0.867495
0.007751 0.86773
0.007812 0.867964
0.007812 0.868199
0.007812 0.868433
0.007812 0.868668
0.007812 0.868902
0.007812 0.869137
0.007812 0.869371
0.007812 0.869606
0.007812 0.869841
0.007812 0.870075
0.007812 0.87031
0.007812 0.870544
0.007812 0.870779
0.007812 0.871013
0.007812 0.871248
0.007812 0.871482
0.007812 0.871717
0.007812 0.871951
0.007812 0.872186
0.007812 0.87242
0.007812 0.872655
0.007812 0.872889
0.007812 0.873124
0.007812 0.873358
0.007812 0.873593
0.007812 0.873827
0.007812 0.874062
0.007812 0.874296
0.007812 0.874531
0.007812 0.874765
0.007812 0.875
0.007812 0.875235
0.007812 0.875469
0.007812 0.875704
0.007812 0.875938
0.007858 0.876173
0.007874 0.876407
0.007874 0.876642
0.007874 0.876876
0.007874 0.877111
0.007874 0.877345
0.007904 0.87758
0.007919 0.877814
0.007919 0.878049
0.007935 0.878283
0.007935 0.878518
0.007935 0.878752
0.008011 0.878987
0.008057 0.879221
0.008057 0.879456
0.008057 0.87969
0.008057 0.879925
0.008057 0.880159
0.008057 0.880394
0.008057 0.880629
0.008057 0.880863
0.008057 0.881098
0.008057 0.881332
0.008057 0.881567
0.008057 0.881801
0.008057 0.882036
0.008057 0.88227
0.008057 0.882505
0.008057 0.882739
0.008057 0.882974
0.008057 0.883208
0.008057 0.883443
0.008118 0.883677
0.008118 0.883912
0.008118 0.884146
0.008179 0.884381
0.008179 0.884615
0.008179 0.88485
0.008179 0.885084
0.008179 0.885319
0.008236 0.885553
0.008240 0.885788
0.008240 0.886023
0.008240 0.886257
0.008240 0.886492
0.008301 0.886726
0.008301 0.886961
0.008301 0.887195
0.008301 0.88743
0.008301 0.887664
0.008301 0.887899
0.008301 0.888133
0.008301 0.888368
0.008301 0.888602
0.008301 0.888837
0.008301 0.889071
0.008301 0.889306
0.008301 0.88954
0.008362 0.889775
0.008362 0.890009
0.008377 0.890244
0.008392 0.890478
0.008423 0.890713
0.008423 0.890947
0.008423 0.891182
0.008423 0.891417
0.008423 0.891651
0.008423 0.891886
0.008423 0.89212
0.008484 0.892355
0.008484 0.892589
0.008499 0.892824
0.008511 0.893058
0.008545 0.893293
0.008545 0.893527
0.008545 0.893762
0.008545 0.893996
0.008545 0.894231
0.008545 0.894465
0.008545 0.8947
0.008545 0.894934
0.008545 0.895169
0.008545 0.895403
0.008545 0.895638
0.008545 0.895872
0.008545 0.896107
0.008545 0.896341
0.008545 0.896576
0.008545 0.896811
0.008545 0.897045
0.008545 0.89728
0.008545 0.897514
0.008545 0.897749
0.008545 0.897983
0.008545 0.898218
0.008545 0.898452
0.008575 0.898687
0.008667 0.898921
0.008667 0.899156
0.008667 0.89939
0.008667 0.899625
0.008667 0.899859
0.008667 0.900094
0.008667 0.900328
0.008698 0.900563
0.008713 0.900797
0.008728 0.901032
0.008728 0.901266
0.008728 0.901501
0.008747 0.901735
0.008789 0.90197
0.008789 0.902205
0.008789 0.902439
0.008789 0.902674
0.008789 0.902908
0.008789 0.903143
0.008789 0.903377
0.008789 0.903612
0.008789 0.903846
0.008789 0.904081
0.008789 0.904315
0.008789 0.90455
0.008789 0.904784
0.008804 0.905019
0.008850 0.905253
0.008850 0.905488
0.008896 0.905722
0.008911 0.905957
0.008911 0.906191
0.008911 0.906426
0.008911 0.90666
0.008926 0.906895
0.008987 0.907129
0.009018 0.907364
0.009018 0.907598
0.009033 0.907833
0.009033 0.908068
0.009033 0.908302
0.009033 0.908537
0.009033 0.908771
0.009033 0.909006
0.009033 0.90924
0.009033 0.909475
0.009033 0.909709
0.009033 0.909944
0.009033 0.910178
0.009033 0.910413
0.009033 0.910647
0.009033 0.910882
0.009033 0.911116
0.009033 0.911351
0.009033 0.911585
0.009033 0.91182
0.009064 0.912054
0.009079 0.912289
0.009109 0.912523
0.009155 0.912758
0.009155 0.912992
0.009262 0.913227
0.009277 0.913462
0.009277 0.913696
0.009277 0.913931
0.009277 0.914165
0.009277 0.9144
0.009277 0.914634
0.009277 0.914869
0.009277 0.915103
0.009338 0.915338
0.009399 0.915572
0.009399 0.915807
0.009399 0.916041
0.009460 0.916276
0.009460 0.91651
0.009521 0.916745
0.009521 0.916979
0.009521 0.917214
0.009521 0.917448
0.009521 0.917683
0.009521 0.917917
0.009552 0.918152
0.009567 0.918386
0.009583 0.918621
0.009583 0.918856
0.009705 0.91909
0.009766 0.919325
0.009766 0.919559
0.009766 0.919794
0.009766 0.920028
0.009766 0.920263
0.009766 0.920497
0.009766 0.920732
0.009766 0.920966
0.009857 0.921201
0.009888 0.921435
0.009888 0.92167
0.009888 0.921904
0.009888 0.922139
0.009888 0.922373
0.009949 0.922608
0.010010 0.922842
0.010010 0.923077
0.010010 0.923311
0.010025 0.923546
0.010056 0.92378
0.010132 0.924015
0.010162 0.92425
0.010193 0.924484
0.010223 0.924719
0.010254 0.924953
0.010254 0.925188
0.010254 0.925422
0.010254 0.925657
0.010315 0.925891
0.010376 0.926126
0.010376 0.92636
0.010498 0.926595
0.010498 0.926829
0.010498 0.927064
0.010498 0.927298
0.010498 0.927533
0.010559 0.927767
0.010574 0.928002
0.010620 0.928236
0.010635 0.928471
0.010696 0.928705
0.010742 0.92894
0.010742 0.929174
0.010742 0.929409
0.010742 0.929644
0.010742 0.929878
0.010742 0.930113
0.010742 0.930347
0.010864 0.930582
0.010986 0.930816
0.010986 0.931051
0.010986 0.931285
0.010986 0.93152
0.010986 0.931754
0.010986 0.931989
0.010986 0.932223
0.011108 0.932458
0.011154 0.932692
0.011169 0.932927
0.011200 0.933161
0.011230 0.933396
0.011230 0.93363
0.011292 0.933865
0.011292 0.934099
0.011322 0.934334
0.011475 0.934568
0.011475 0.934803
0.011597 0.935038
0.011597 0.935272
0.011719 0.935507
0.011719 0.935741
0.011719 0.935976
0.011963 0.93621
0.011963 0.936445
0.011963 0.936679
0.011963 0.936914
0.011963 0.937148
0.011963 0.937383
0.011963 0.937617
0.012024 0.937852
0.012039 0.938086
0.012047 0.938321
0.012047 0.938555
0.012054 0.93879
0.012054 0.939024
0.012207 0.939259
0.012207 0.939493
0.012207 0.939728
0.012207 0.939962
0.012207 0.940197
0.012207 0.940432
0.012268 0.940666
0.012329 0.940901
0.012360 0.941135
0.012360 0.94137
0.012390 0.941604
0.012451 0.941839
0.012451 0.942073
0.012451 0.942308
0.012451 0.942542
0.012451 0.942777
0.012451 0.943011
0.012451 0.943246
0.012451 0.94348
0.012573 0.943715
0.012573 0.943949
0.012604 0.944184
0.012680 0.944418
0.012695 0.944653
0.012817 0.944887
0.012863 0.945122
0.012878 0.945356
0.012939 0.945591
0.012985 0.945826
0.013184 0.94606
0.013184 0.946295
0.013184 0.946529
0.013428 0.946764
0.013428 0.946998
0.013428 0.947233
0.013596 0.947467
0.013672 0.947702
0.013672 0.947936
0.013672 0.948171
0.013672 0.948405
0.013672 0.94864
0.013672 0.948874
0.013916 0.949109
0.013916 0.949343
0.013916 0.949578
0.013916 0.949812
0.014160 0.950047
0.014160 0.950281
0.014198 0.950516
0.014282 0.95075
0.014404 0.950985
0.014404 0.95122
0.014404 0.951454
0.014404 0.951689
0.014404 0.951923
0.014526 0.952158
0.014526 0.952392
0.014526 0.952627
0.014648 0.952861
0.014648 0.953096
0.014709 0.95333
0.014771 0.953565
0.014832 0.953799
0.014893 0.954034
0.014893 0.954268
0.014969 0.954503
0.014999 0.954737
0.015091 0.954972
0.015091 0.955206
0.015137 0.955441
0.015274 0.955675
0.015274 0.95591
0.015289 0.956144
0.015381 0.956379
0.015381 0.956614
0.015381 0.956848
0.015381 0.957083
0.015442 0.957317
0.015564 0.957552
0.015625 0.957786
0.015625 0.958021
0.015625 0.958255
0.015625 0.95849
0.015625 0.958724
0.015686 0.958959
0.015717 0.959193
0.015774 0.959428
0.015869 0.959662
0.015869 0.959897
0.015869 0.960131
0.015869 0.960366
0.015911 0.9606
0.015930 0.960835
0.015961 0.961069
0.015976 0.961304
0.016113 0.961538
0.016113 0.961773
0.016113 0.962008
0.016113 0.962242
0.016235 0.962477
0.016342 0.962711
0.016357 0.962946
0.016357 0.96318
0.016357 0.963415
0.016357 0.963649
0.016479 0.963884
0.016602 0.964118
0.016602 0.964353
0.016602 0.964587
0.016724 0.964822
0.016846 0.965056
0.016846 0.965291
0.016846 0.965525
0.016895 0.96576
0.017151 0.965994
0.017288 0.966229
0.017319 0.966463
0.017334 0.966698
0.017334 0.966932
0.017334 0.967167
0.017334 0.967402
0.017456 0.967636
0.017487 0.967871
0.017487 0.968105
0.017578 0.96834
0.017715 0.968574
0.017944 0.968809
0.018066 0.969043
0.018066 0.969278
0.018066 0.969512
0.018265 0.969747
0.018433 0.969981
0.018494 0.970216
0.018677 0.97045
0.018921 0.970685
0.018982 0.970919
0.019043 0.971154
0.019043 0.971388
0.019043 0.971623
0.019104 0.971857
0.019165 0.972092
0.019287 0.972326
0.019287 0.972561
0.019287 0.972795
0.019287 0.97303
0.019318 0.973265
0.019409 0.973499
0.019470 0.973734
0.019547 0.973968
0.019562 0.974203
0.019730 0.974437
0.019775 0.974672
0.019852 0.974906
0.019928 0.975141
0.019943 0.975375
0.019958 0.97561
0.020020 0.975844
0.020020 0.976079
0.020264 0.976313
0.020264 0.976548
0.020264 0.976782
0.020264 0.977017
0.020279 0.977251
0.020294 0.977486
0.020508 0.97772
0.020508 0.977955
0.020630 0.978189
0.020752 0.978424
0.020874 0.978659
0.020874 0.978893
0.021057 0.979128
0.021240 0.979362
0.021362 0.979597
0.021484 0.979831
0.021545 0.980066
0.021606 0.9803
0.021729 0.980535
0.021851 0.980769
0.021851 0.981004
0.021851 0.981238
0.021973 0.981473
0.022217 0.981707
0.022461 0.981942
0.022705 0.982176
0.022720 0.982411
0.022766 0.982645
0.022827 0.98288
0.022949 0.983114
0.022949 0.983349
0.022949 0.983583
0.023010 0.983818
0.023193 0.984053
0.023193 0.984287
0.023193 0.984522
0.023193 0.984756
0.023438 0.984991
0.023529 0.985225
0.023682 0.98546
0.023682 0.985694
0.023941 0.985929
0.024193 0.986163
0.024536 0.986398
0.024719 0.986632
0.025146 0.986867
0.025146 0.987101
0.025146 0.987336
0.025330 0.98757
0.025391 0.987805
0.025513 0.988039
0.025635 0.988274
0.025757 0.988508
0.025879 0.988743
0.025940 0.988977
0.026123 0.989212
0.026337 0.989447
0.026733 0.989681
0.026825 0.989916
0.026855 0.99015
0.027222 0.990385
0.027313 0.990619
0.027344 0.990854
0.027344 0.991088
0.027588 0.991323
0.027588 0.991557
0.027649 0.991792
0.027832 0.992026
0.027832 0.992261
0.027969 0.992495
0.028076 0.99273
0.028320 0.992964
0.028320 0.993199
0.028412 0.993433
0.028442 0.993668
0.028564 0.993902
0.028564 0.994137
0.028610 0.994371
0.028931 0.994606
0.029053 0.994841
0.029053 0.995075
0.029297 0.99531
0.029449 0.995544
0.029694 0.995779
0.029907 0.996013
0.030518 0.996248
0.030945 0.996482
0.031494 0.996717
0.032715 0.996951
0.032959 0.997186
0.033035 0.99742
0.033325 0.997655
0.033417 0.997889
0.034180 0.998124
0.035370 0.998358
0.036621 0.998593
0.036743 0.998827
0.037567 0.999062
0.038208 0.999296
0.039307 0.999531
0.041504 0.999765
0.042511 1
