0.1171875 1
0.1263427734375 2
0.130859375 3
0.1328125 4
0.1328125 5
0.13348388671875 6
0.1640625 7
0.19140625 8
0.21142578125 9
0.21484375 10
0.23583984375 11
0.2392578125 12
0.254150390625 13
0.31005859375 14
0.330078125 15
0.3671875 16
0.42071533203125 17
0.4307861328125 18
0.46484375 19
0.478515625 20
0.486328125 21
0.4892578125 22
0.4921875 23
0.516357421875 24
0.6708984375 25
0.7001953125 26
0.7373046875 27
0.748046875 28
0.81640625 29
0.84375 30
0.8515625 31
0.86328125 32
0.8828125 33
0.884765625 34
0.890625 35
0.90625 36
0.94921875 37
0.9599609375 38
0.986328125 39
1.0009765625 40
1.009765625 41
1.029296875 42
1.03125 43
1.0406494140625 44
1.16015625 45
1.17578125 46
1.22265625 47
1.296875 48
1.3291015625 49
1.435546875 50
1.4375 51
1.49609375 52
1.51025390625 53
1.640625 54
1.712890625 55
1.75 56
1.76904296875 57
1.82421875 58
1.953125 59
1.9873046875 60
2.123046875 61
2.1982421875 62
2.201171875 63
2.23828125 64
2.2908935546875 65
2.3125 66
2.42578125 67
2.458984375 68
2.515625 69
2.56884765625 70
2.939453125 71
3.134765625 72
3.203125 73
3.203125 74
3.32958984375 75
3.376953125 76
3.4112548828125 77
3.412841796875 78
3.44921875 79
3.703125 80
3.76953125 81
3.7734375 82
4.02734375 83
4.22265625 84
4.421875 85
4.578125 86
4.7802734375 87
4.93359375 88
5.3828125 89
5.466796875 90
5.9921875 91
6.306640625 92
6.3804931640625 93
6.44140625 94
6.804931640625 95
6.939453125 96
7.0269775390625 97
7.111328125 98
7.3525390625 99
7.4287109375 100
7.978944778442383 101
8.0234375 102
8.2265625 103
8.259765625 104
8.284337043762207 105
8.91552734375 106
9.51806640625 107
10.1259765625 108
10.2578125 109
10.3828125 110
10.5439453125 111
10.669921875 112
10.80859375 113
11.40234375 114
11.576171875 115
11.8828125 116
12.177734375 117
12.6328125 118
12.85498046875 119
13.49169921875 120
14.158203125 121
14.2626953125 122
14.28125 123
14.955078125 124
15.0224609375 125
15.33154296875 126
16.181396484375 127
16.44140625 128
16.544921875 129
16.60546875 130
17.31640625 131
17.79833984375 132
18.015625 133
18.0625 134
19.1513671875 135
19.42578125 136
19.6318359375 137
20.8359375 138
21.23828125 139
24.171875 140
24.26953125 141
24.85546875 142
24.931640625 143
25.52764892578125 144
25.84765625 145
25.853515625 146
26.91796875 147
27.2822265625 148
27.87109375 149
28.412109375 150
28.56103515625 151
29.26171875 152
29.7275390625 153
29.8515625 154
29.927734375 155
30.646484375 156
30.97021484375 157
32.37188720703125 158
32.451171875 159
32.9921875 160
33.205078125 161
33.669921875 162
33.755859375 163
34.21484375 164
35.1796875 165
35.44921875 166
35.484375 167
35.8822021484375 168
35.984375 169
36.478515625 170
36.88134765625 171
37.0390625 172
37.080078125 173
38.62890625 174
38.650390625 175
38.8759765625 176
39.05078125 177
39.1181640625 178
39.2122802734375 179
39.9453125 180
40.4453125 181
42.390625 182
42.63671875 183
43.564453125 184
43.673828125 185
43.7314453125 186
45.775634765625 187
46.111328125 188
46.619140625 189
47.21484375 190
47.513671875 191
48.28515625 192
49.765625 193
50.69921875 194
51.724609375 195
52.044921875 196
52.98828125 197
53.396484375 198
54.7919921875 199
55.9560546875 200
56.318359375 201
57.01171875 202
57.224609375 203
58.802734375 204
59.7939453125 205
61.3125 206
62.15625 207
63.5966796875 208
64.47216796875 209
65.130859375 210
65.2265625 211
65.66796875 212
67.5234375 213
67.66796875 214
67.994140625 215
71.400390625 216
75.59375 217
75.732421875 218
75.8828125 219
76.79345703125 220
80.259765625 221
81.8131103515625 222
88.02734375 223
91.7265625 224
91.81640625 225
93.009765625 226
96.69921875 227
98.5751953125 228
104.58984375 229
124.4298095703125 230
128.171875 231
132.14794921875 232
133.4453125 233
149.05712890625 234
159.576171875 235
159.99560546875 236
169.2978515625 237
172.42578125 238
191.14215087890625 239
196.45703125 240
198.623046875 241
203.4453125 242
205.6328125 243
206.30078125 244
206.8515625 245
207.28515625 246
209.748046875 247
210.103515625 248
211.423828125 249
214.93115234375 250
216.7646484375 251
219.150390625 252
219.5625 253
224.9638671875 254
234.9296875 255
266.68359375 256
268.79833984375 257
272.6171875 258
272.8984375 259
284.015625 260
292.923828125 261
