0.1171875 1
0.1263427734375 2
0.130859375 3
0.1328125 4
0.1328125 5
0.13348388671875 6
0.21142578125 7
0.516357421875 8
0.8828125 9
0.9599609375 10
1.009765625 11
1.03125 12
1.4375 13
1.712890625 14
1.82421875 15
1.9873046875 16
2.1982421875 17
2.201171875 18
2.515625 19
2.939453125 20
3.4112548828125 21
4.7802734375 22
6.44140625 23
7.3525390625 24
10.5439453125 25
10.80859375 26
11.576171875 27
12.177734375 28
12.6328125 29
15.33154296875 30
16.544921875 31
17.31640625 32
17.79833984375 33
19.42578125 34
20.8359375 35
24.85546875 36
24.931640625 37
25.52764892578125 38
26.91796875 39
27.2822265625 40
27.87109375 41
28.412109375 42
28.56103515625 43
29.26171875 44
30.646484375 45
32.37188720703125 46
32.451171875 47
32.9921875 48
33.205078125 49
34.21484375 50
35.8822021484375 51
35.984375 52
36.88134765625 53
37.0390625 54
37.080078125 55
38.62890625 56
39.9453125 57
43.564453125 58
43.673828125 59
45.775634765625 60
47.21484375 61
49.765625 62
52.044921875 63
52.98828125 64
53.396484375 65
54.7919921875 66
55.9560546875 67
56.318359375 68
57.224609375 69
58.802734375 70
61.3125 71
62.15625 72
63.5966796875 73
64.47216796875 74
65.2265625 75
67.994140625 76
71.400390625 77
75.732421875 78
75.8828125 79
76.79345703125 80
91.7265625 81
96.69921875 82
98.5751953125 83
104.58984375 84
124.4298095703125 85
128.171875 86
133.4453125 87
149.05712890625 88
159.576171875 89
159.99560546875 90
169.2978515625 91
172.42578125 92
191.14215087890625 93
198.623046875 94
203.4453125 95
205.6328125 96
206.8515625 97
207.28515625 98
209.748046875 99
210.103515625 100
211.423828125 101
214.93115234375 102
216.7646484375 103
219.150390625 104
219.5625 105
266.68359375 106
268.79833984375 107
272.6171875 108
272.8984375 109
284.015625 110
