0.1640625 1
0.19140625 2
0.21484375 3
0.23583984375 4
0.2392578125 5
0.254150390625 6
0.31005859375 7
0.330078125 8
0.3671875 9
0.42071533203125 10
0.4307861328125 11
0.46484375 12
0.478515625 13
0.486328125 14
0.4892578125 15
0.4921875 16
0.6708984375 17
0.7001953125 18
0.7373046875 19
0.748046875 20
0.81640625 21
0.84375 22
0.8515625 23
0.86328125 24
0.884765625 25
0.890625 26
0.90625 27
0.94921875 28
0.986328125 29
1.0009765625 30
1.029296875 31
1.0406494140625 32
1.16015625 33
1.17578125 34
1.22265625 35
1.296875 36
1.3291015625 37
1.435546875 38
1.49609375 39
1.51025390625 40
1.640625 41
1.75 42
1.76904296875 43
1.953125 44
2.123046875 45
2.23828125 46
2.2908935546875 47
2.3125 48
2.42578125 49
2.458984375 50
2.56884765625 51
3.134765625 52
3.203125 53
3.203125 54
3.32958984375 55
3.376953125 56
3.412841796875 57
3.44921875 58
3.703125 59
3.76953125 60
3.7734375 61
4.02734375 62
4.22265625 63
4.421875 64
4.578125 65
4.93359375 66
5.3828125 67
5.466796875 68
5.9921875 69
6.306640625 70
6.3804931640625 71
6.804931640625 72
6.939453125 73
7.0269775390625 74
7.111328125 75
7.4287109375 76
7.978944778442383 77
8.0234375 78
8.2265625 79
8.259765625 80
8.284337043762207 81
8.91552734375 82
9.51806640625 83
10.1259765625 84
10.2578125 85
10.3828125 86
10.669921875 87
11.40234375 88
11.8828125 89
12.85498046875 90
13.49169921875 91
14.158203125 92
14.2626953125 93
14.28125 94
14.955078125 95
15.0224609375 96
16.181396484375 97
16.44140625 98
16.60546875 99
18.015625 100
18.0625 101
19.1513671875 102
19.6318359375 103
21.23828125 104
24.171875 105
24.26953125 106
25.84765625 107
25.853515625 108
29.7275390625 109
29.8515625 110
29.927734375 111
30.97021484375 112
33.669921875 113
33.755859375 114
35.1796875 115
35.44921875 116
35.484375 117
36.478515625 118
38.650390625 119
38.8759765625 120
39.05078125 121
39.1181640625 122
39.2122802734375 123
40.4453125 124
42.390625 125
42.63671875 126
43.7314453125 127
46.111328125 128
46.619140625 129
47.513671875 130
48.28515625 131
50.69921875 132
51.724609375 133
57.01171875 134
59.7939453125 135
65.130859375 136
65.66796875 137
67.5234375 138
67.66796875 139
75.59375 140
80.259765625 141
81.8131103515625 142
88.02734375 143
91.81640625 144
93.009765625 145
132.14794921875 146
196.45703125 147
206.30078125 148
224.9638671875 149
234.9296875 150
292.923828125 151
