0.212890625 1
0.2528076171875 2
0.261962890625 3
0.31884765625 4
0.33251953125 5
0.36376953125 6
0.37548828125 7
0.37646484375 8
0.376953125 9
0.3955078125 10
0.40234375 11
0.402587890625 12
0.40771484375 13
0.453125 14
0.5556640625 15
0.583984375 16
0.664886474609375 17
0.693359375 18
0.7119140625 19
0.798583984375 20
0.81689453125 21
0.89697265625 22
0.95556640625 23
1.0244140625 24
1.267578125 25
1.2744140625 26
1.34033203125 27
1.3505859375 28
1.3819580078125 29
1.4169921875 30
1.42724609375 31
1.5400390625 32
1.720703125 33
1.830078125 34
1.8544921875 35
2.201171875 36
2.208984375 37
2.25341796875 38
2.296875 39
2.307373046875 40
2.328125 41
2.45556640625 42
2.52734375 43
2.5908203125 44
2.609375 45
2.6695556640625 46
2.6845703125 47
2.69140625 48
2.705078125 49
2.75244140625 50
2.76171875 51
2.83892822265625 52
2.9404296875 53
2.9632568359375 54
3.13720703125 55
3.16015625 56
3.185546875 57
3.3183670043945313 58
3.34423828125 59
3.34716796875 60
3.40625 61
3.5361328125 62
3.6337890625 63
3.6572265625 64
3.6796875 65
3.69384765625 66
3.8046875 67
3.820556640625 68
3.8955078125 69
4.1318359375 70
4.1611328125 71
4.181396484375 72
4.2080078125 73
4.34765625 74
4.3564453125 75
4.40185546875 76
4.4560546875 77
4.479736328125 78
4.482421875 79
4.5107421875 80
4.56689453125 81
4.76171875 82
5.158935546875 83
5.17578125 84
5.1982421875 85
5.211669921875 86
5.302734375 87
5.6416015625 88
5.68280029296875 89
5.693603515625 90
5.70068359375 91
5.7899169921875 92
5.90625 93
6.061767578125 94
6.1806640625 95
6.27197265625 96
6.292724609375 97
6.33251953125 98
6.3671875 99
6.6337890625 100
6.96875 101
7.0811767578125 102
7.0859375 103
7.0927734375 104
7.330078125 105
7.408203125 106
7.4580078125 107
7.4921875 108
7.53955078125 109
7.64404296875 110
7.67626953125 111
7.8095703125 112
7.93017578125 113
8.206241607666016 114
8.240234375 115
8.407745361328125 116
8.4189453125 117
8.4921875 118
8.814453125 119
8.92529296875 120
9.04296875 121
9.169921875 122
9.517578125 123
9.76171875 124
9.783203125 125
9.79638671875 126
9.806640625 127
9.947265625 128
9.984375 129
10.009765625 130
10.16162109375 131
10.201171875 132
10.3321533203125 133
10.603515625 134
10.6357421875 135
10.91796875 136
11.2998046875 137
11.33642578125 138
12.2978515625 139
12.42578125 140
12.53076171875 141
12.53466796875 142
12.66015625 143
12.7109375 144
12.765625 145
12.771484375 146
12.9169921875 147
12.9453125 148
13.015625 149
13.1357421875 150
13.1552734375 151
13.37109375 152
13.37890625 153
13.591796875 154
13.7236328125 155
13.7744140625 156
13.875 157
14.4111328125 158
14.5908203125 159
14.5986328125 160
14.6328125 161
15.51904296875 162
15.55810546875 163
15.9853515625 164
16.19140625 165
16.2275390625 166
16.22900390625 167
16.3125 168
16.3642578125 169
16.59912109375 170
17.246337890625 171
17.30517578125 172
17.323486328125 173
17.431640625 174
17.587890625 175
17.736328125 176
17.7880859375 177
17.951171875 178
18.125 179
18.65234375 180
18.6923828125 181
18.77685546875 182
18.86328125 183
18.927001953125 184
18.943359375 185
19.49267578125 186
20.2705078125 187
20.5439453125 188
20.8408203125 189
20.96484375 190
21.1962890625 191
21.21875 192
21.4833984375 193
22.12060546875 194
22.26806640625 195
22.43505859375 196
22.44140625 197
22.50927734375 198
22.747314453125 199
22.9884033203125 200
23.2882080078125 201
23.7252197265625 202
23.81884765625 203
23.8779296875 204
24.78759765625 205
25.02783203125 206
25.125 207
25.2216796875 208
25.951171875 209
26.12890625 210
26.1904296875 211
26.43603515625 212
27.205078125 213
27.267578125 214
27.4757080078125 215
28.3984375 216
28.53125 217
28.61181640625 218
29.45556640625 219
29.96142578125 220
32.244140625 221
32.978759765625 222
32.9912109375 223
33.53369140625 224
33.725830078125 225
34.06640625 226
34.71923828125 227
34.9755859375 228
35.0 229
35.197265625 230
35.2158203125 231
35.302490234375 232
35.333251953125 233
35.578125 234
35.76318359375 235
36.23583984375 236
37.25 237
37.69970703125 238
37.749176025390625 239
37.755859375 240
37.76171875 241
38.266845703125 242
38.82470703125 243
38.901123046875 244
39.2119140625 245
39.64892578125 246
40.681640625 247
40.69482421875 248
41.31396484375 249
41.368408203125 250
42.09466552734375 251
43.53125 252
44.591796875 253
45.8798828125 254
47.298828125 255
48.068359375 256
49.68603515625 257
50.7568359375 258
51.73193359375 259
52.020263671875 260
53.458984375 261
53.9580078125 262
54.587158203125 263
54.634765625 264
57.103759765625 265
57.744140625 266
57.8173828125 267
59.099609375 268
61.81640625 269
63.265625 270
65.48876953125 271
67.3046875 272
67.4091796875 273
69.626953125 274
70.51171875 275
70.7880859375 276
71.2490234375 277
71.2921142578125 278
72.68359375 279
74.79541015625 280
74.9296875 281
77.177734375 282
77.451171875 283
77.87939453125 284
79.41796875 285
79.689453125 286
81.2197265625 287
81.2724609375 288
81.388671875 289
81.623046875 290
81.9736328125 291
82.775390625 292
85.2119140625 293
89.365234375 294
89.568359375 295
89.615234375 296
92.589111328125 297
93.897216796875 298
94.6943359375 299
97.20458984375 300
99.85578155517578 301
104.27001953125 302
106.5093994140625 303
107.271484375 304
107.41796875 305
108.03857421875 306
108.517578125 307
121.275390625 308
129.890625 309
130.46533203125 310
131.046875 311
137.69921875 312
148.7451171875 313
172.662109375 314
176.720458984375 315
186.76123046875 316
200.2880859375 317
205.14599609375 318
213.88525390625 319
265.365234375 320
280.095458984375 321
