0.212890625 1
0.2528076171875 2
0.261962890625 3
0.33251953125 4
0.37548828125 5
0.376953125 6
0.40234375 7
0.453125 8
0.583984375 9
0.664886474609375 10
0.693359375 11
0.7119140625 12
0.81689453125 13
0.89697265625 14
0.95556640625 15
1.0244140625 16
1.267578125 17
1.2744140625 18
1.34033203125 19
1.3505859375 20
1.3819580078125 21
1.4169921875 22
1.42724609375 23
1.5400390625 24
1.720703125 25
1.830078125 26
1.8544921875 27
2.201171875 28
2.307373046875 29
2.328125 30
2.45556640625 31
2.52734375 32
2.5908203125 33
2.609375 34
2.83892822265625 35
2.9404296875 36
2.9632568359375 37
3.13720703125 38
3.34423828125 39
3.34716796875 40
3.40625 41
3.5361328125 42
3.6572265625 43
3.6796875 44
3.820556640625 45
3.8955078125 46
4.1611328125 47
4.181396484375 48
4.2080078125 49
4.34765625 50
4.40185546875 51
4.4560546875 52
4.479736328125 53
4.482421875 54
4.5107421875 55
4.56689453125 56
5.158935546875 57
5.17578125 58
5.1982421875 59
5.211669921875 60
5.302734375 61
5.68280029296875 62
5.7899169921875 63
5.90625 64
6.061767578125 65
6.1806640625 66
6.27197265625 67
6.3671875 68
6.6337890625 69
7.0811767578125 70
7.0859375 71
7.330078125 72
7.4580078125 73
7.53955078125 74
7.67626953125 75
7.8095703125 76
8.206241607666016 77
8.240234375 78
8.4921875 79
8.814453125 80
9.04296875 81
9.169921875 82
9.517578125 83
9.76171875 84
9.783203125 85
9.79638671875 86
9.806640625 87
9.947265625 88
10.009765625 89
10.16162109375 90
10.201171875 91
10.3321533203125 92
10.603515625 93
10.91796875 94
11.2998046875 95
12.42578125 96
12.53076171875 97
12.53466796875 98
12.9453125 99
13.1357421875 100
13.1552734375 101
13.591796875 102
13.7744140625 103
14.5908203125 104
14.5986328125 105
14.6328125 106
16.3125 107
16.59912109375 108
17.246337890625 109
17.431640625 110
17.951171875 111
18.77685546875 112
18.927001953125 113
19.49267578125 114
20.5439453125 115
20.8408203125 116
22.12060546875 117
22.44140625 118
22.747314453125 119
23.7252197265625 120
23.81884765625 121
25.2216796875 122
26.12890625 123
26.43603515625 124
27.205078125 125
28.3984375 126
28.53125 127
28.61181640625 128
32.978759765625 129
34.06640625 130
34.71923828125 131
34.9755859375 132
35.0 133
35.333251953125 134
35.578125 135
35.76318359375 136
37.69970703125 137
37.755859375 138
38.901123046875 139
43.53125 140
45.8798828125 141
48.068359375 142
53.458984375 143
54.587158203125 144
59.099609375 145
69.626953125 146
71.2490234375 147
74.79541015625 148
77.87939453125 149
81.388671875 150
89.615234375 151
107.41796875 152
129.890625 153
130.46533203125 154
176.720458984375 155
205.14599609375 156
