0.31884765625 1
0.36376953125 2
0.37646484375 3
0.3955078125 4
0.402587890625 5
0.40771484375 6
0.5556640625 7
0.798583984375 8
2.208984375 9
2.25341796875 10
2.296875 11
2.6695556640625 12
2.6845703125 13
2.69140625 14
2.705078125 15
2.75244140625 16
2.76171875 17
3.16015625 18
3.185546875 19
3.3183670043945313 20
3.6337890625 21
3.69384765625 22
3.8046875 23
4.1318359375 24
4.3564453125 25
4.76171875 26
5.6416015625 27
5.693603515625 28
5.70068359375 29
6.292724609375 30
6.33251953125 31
6.96875 32
7.0927734375 33
7.408203125 34
7.4921875 35
7.64404296875 36
7.93017578125 37
8.407745361328125 38
8.4189453125 39
8.92529296875 40
9.984375 41
10.6357421875 42
11.33642578125 43
12.2978515625 44
12.66015625 45
12.7109375 46
12.765625 47
12.771484375 48
12.9169921875 49
13.015625 50
13.37109375 51
13.37890625 52
13.7236328125 53
13.875 54
14.4111328125 55
15.51904296875 56
15.55810546875 57
15.9853515625 58
16.19140625 59
16.2275390625 60
16.22900390625 61
16.3642578125 62
17.30517578125 63
17.323486328125 64
17.587890625 65
17.736328125 66
17.7880859375 67
18.125 68
18.65234375 69
18.6923828125 70
18.86328125 71
18.943359375 72
20.2705078125 73
20.96484375 74
21.1962890625 75
21.21875 76
21.4833984375 77
22.26806640625 78
22.43505859375 79
22.50927734375 80
22.9884033203125 81
23.2882080078125 82
23.8779296875 83
24.78759765625 84
25.02783203125 85
25.125 86
25.951171875 87
26.1904296875 88
27.267578125 89
27.4757080078125 90
29.45556640625 91
29.96142578125 92
32.244140625 93
32.9912109375 94
33.53369140625 95
33.725830078125 96
35.197265625 97
35.2158203125 98
35.302490234375 99
36.23583984375 100
37.25 101
37.749176025390625 102
37.76171875 103
38.266845703125 104
38.82470703125 105
39.2119140625 106
39.64892578125 107
40.681640625 108
40.69482421875 109
41.31396484375 110
41.368408203125 111
42.09466552734375 112
44.591796875 113
47.298828125 114
49.68603515625 115
50.7568359375 116
51.73193359375 117
52.020263671875 118
53.9580078125 119
54.634765625 120
57.103759765625 121
57.744140625 122
57.8173828125 123
61.81640625 124
63.265625 125
65.48876953125 126
67.3046875 127
67.4091796875 128
70.51171875 129
70.7880859375 130
71.2921142578125 131
72.68359375 132
74.9296875 133
77.177734375 134
77.451171875 135
79.41796875 136
79.689453125 137
81.2197265625 138
81.2724609375 139
81.623046875 140
81.9736328125 141
82.775390625 142
85.2119140625 143
89.365234375 144
89.568359375 145
92.589111328125 146
93.897216796875 147
94.6943359375 148
97.20458984375 149
99.85578155517578 150
104.27001953125 151
106.5093994140625 152
107.271484375 153
108.03857421875 154
108.517578125 155
121.275390625 156
131.046875 157
137.69921875 158
148.7451171875 159
172.662109375 160
186.76123046875 161
200.2880859375 162
213.88525390625 163
265.365234375 164
280.095458984375 165
