1.384 0
2.384 0
3.384 0
4.385 0
5.385 1
6.386 2
7.386 3
8.387 4
9.387 4
10.388 3
11.389 5
12.389 4
13.390 4
14.390 8
15.390 8
16.391 10
17.391 10
18.391 10
19.392 13
20.392 19
21.393 19
22.393 19
23.394 19
24.394 18
25.395 17
26.395 17
27.395 17
28.396 17
29.396 17
30.396 19
31.397 19
32.398 19
33.398 19
34.398 19
35.399 18
36.399 19
37.400 19
38.400 18
39.401 21
40.401 21
41.402 23
42.402 23
43.403 28
44.403 27
45.403 29
46.404 33
47.404 34
48.404 34
49.405 34
50.405 34
51.406 34
52.406 34
53.406 34
54.406 34
55.407 34
56.407 34
57.408 35
58.408 35
59.408 35
60.409 35
61.409 35
62.410 34
63.410 34
64.410 36
65.411 37
66.411 38
67.412 38
68.412 38
69.412 38
70.413 38
71.413 38
72.413 38
73.414 39
74.414 39
75.415 39
76.415 39
77.416 39
78.416 38
79.416 37
80.417 37
81.417 40
82.417 40
83.418 41
84.418 40
85.418 40
86.419 43
87.419 47
88.419 46
89.420 46
90.421 46
91.421 47
92.422 54
93.422 55
94.422 56
95.423 56
96.424 58
97.424 58
98.424 60
99.425 61
100.425 63
101.426 63
102.426 62
103.427 62
104.428 63
105.428 62
106.428 61
107.429 61
108.429 59
109.430 59
110.430 60
111.431 58
112.431 58
113.432 57
114.432 58
115.433 59
116.433 60
117.433 60
118.434 60
119.434 59
120.434 59
121.435 59
122.435 59
123.436 60
124.436 60
125.437 60
126.437 60
127.438 63
128.440 63
129.440 63
130.441 65
131.441 66
132.442 68
133.442 69
134.442 70
135.443 70
136.443 70
137.443 69
138.444 69
139.444 69
140.445 69
141.445 69
142.445 69
143.446 70
144.446 70
145.447 70
146.447 70
147.447 71
148.448 73
149.448 74
150.448 78
151.449 77
152.449 77
153.450 77
154.450 78
155.451 78
156.451 78
157.452 79
158.452 77
159.453 76
160.453 76
161.453 76
162.454 76
163.454 74
164.455 75
165.455 75
166.456 77
167.456 77
168.457 77
169.457 76
170.458 76
171.458 75
172.458 75
173.459 75
174.460 75
175.460 74
176.461 73
177.461 76
178.462 77
179.462 77
180.462 81
181.463 82
182.463 82
183.464 83
184.464 82
185.465 82
186.465 82
187.465 81
188.466 80
189.466 81
190.467 85
191.467 86
192.468 86
193.468 87
194.469 87
195.469 87
196.470 86
197.470 86
198.471 85
199.471 85
200.472 85
201.472 85
202.473 85
203.473 84
204.474 84
205.474 84
206.474 85
207.475 86
208.475 88
209.476 89
210.476 89
211.476 89
212.477 88
213.477 88
214.478 89
215.478 91
216.478 92
217.479 92
218.479 91
219.480 91
220.480 91
221.481 91
222.481 92
223.482 92
224.482 92
225.483 93
226.483 95
227.484 99
228.484 98
229.484 99
230.485 100
231.485 102
232.486 102
233.486 101
234.487 104
235.487 105
236.488 103
237.488 100
238.489 99
239.489 99
240.490 100
241.490 99
242.490 99
243.491 97
244.492 96
245.492 95
246.492 94
247.493 94
248.493 94
249.494 96
250.494 97
251.494 96
252.495 97
253.496 98
254.496 97
255.497 97
256.497 96
257.497 96
258.498 99
259.498 99
260.498 98
261.499 98
262.499 97
263.500 96
264.500 96
265.501 95
266.501 95
267.501 95
268.502 95
269.502 95
270.503 94
271.503 93
272.504 94
273.504 94
274.506 93
275.507 95
276.507 95
277.508 95
278.511 96
279.512 97
280.512 96
281.512 95
282.512 95
283.513 97
284.513 96
285.513 99
286.514 101
287.514 101
288.514 101
289.515 100
290.515 99
291.516 99
292.516 100
293.517 99
294.517 99
295.517 98
296.517 98
297.518 102
298.518 103
299.519 100
300.519 100
301.519 100
302.520 100
303.520 100
304.520 100
305.521 99
306.521 98
307.521 98
308.522 99
309.522 99
310.523 100
311.523 101
312.523 101
313.524 103
314.524 106
315.524 107
316.525 107
317.525 106
318.526 105
319.526 104
320.526 102
321.526 102
322.527 106
323.527 108
324.527 107
325.528 107
326.528 106
327.528 105
328.528 103
329.529 103
330.529 105
331.529 104
332.530 102
333.530 102
334.531 100
335.531 101
336.531 101
337.532 100
338.532 99
339.533 102
340.533 101
341.533 99
342.534 99
343.534 99
344.534 101
345.535 102
346.535 101
347.535 100
348.536 100
349.536 100
350.537 99
351.537 98
352.537 96
353.538 96
354.538 97
355.538 97
356.539 97
357.539 97
358.539 97
359.540 96
360.540 96
361.540 96
362.541 100
363.541 99
364.541 101
365.542 101
366.542 100
367.542 100
368.543 101
369.543 100
370.544 99
371.544 101
372.544 100
373.545 100
374.545 99
375.546 99
376.546 98
377.546 99
378.546 99
379.547 98
380.548 99
381.548 99
382.548 101
383.549 101
384.549 101
385.549 101
386.550 102
387.550 101
388.551 101
389.551 101
390.552 101
391.552 102
392.552 99
393.553 100
394.553 100
395.554 100
396.555 99
397.555 97
398.556 99
399.556 101
400.556 101
401.557 101
402.557 101
403.557 104
404.558 104
405.558 104
406.558 103
407.559 103
408.559 108
409.560 109
410.560 109
411.561 108
412.561 108
413.561 109
414.562 109
415.562 109
416.562 109
417.563 109
418.563 109
419.564 110
420.564 113
421.564 112
422.565 113
423.565 111
424.566 108
425.566 108
426.566 108
427.567 108
428.567 114
429.568 114
430.568 114
431.568 114
432.569 113
433.569 113
434.570 113
435.570 114
436.570 114
437.571 116
438.571 115
439.572 114
440.572 113
441.572 113
442.573 112
443.573 111
444.573 115
445.574 116
446.574 115
447.574 117
448.575 117
449.575 117
450.576 116
451.576 114
452.576 114
453.577 114
454.577 114
455.578 114
456.578 113
457.579 111
458.579 110
459.579 112
460.579 112
461.580 113
462.580 113
463.580 115
464.581 115
465.581 115
466.582 113
467.582 114
468.583 113
469.583 113
470.583 112
471.584 114
472.585 112
473.585 112
474.585 112
475.586 112
476.586 116
477.587 117
478.587 120
479.588 120
480.588 118
481.588 120
482.589 125
483.589 125
484.589 123
485.590 124
486.591 123
487.591 127
488.591 128
489.592 130
490.592 130
491.593 129
492.593 127
493.594 127
494.594 128
495.594 129
496.595 130
497.595 128
498.596 127
499.596 126
500.596 126
501.597 125
502.597 123
503.598 123
504.598 120
505.599 119
506.599 121
507.599 125
508.600 126
509.600 125
510.600 123
511.601 123
512.601 126
513.602 126
514.602 125
515.602 125
516.602 124
517.603 124
518.603 124
519.603 124
520.604 122
521.604 120
522.604 120
523.605 120
524.605 118
525.605 118
526.606 119
527.606 118
528.606 119
529.607 120
530.607 119
531.607 119
532.607 120
533.608 119
534.608 118
535.608 119
536.609 122
537.609 123
538.609 126
539.610 126
540.610 125
541.610 127
542.611 130
543.611 131
544.611 131
545.612 129
546.612 129
547.612 128
548.613 130
549.613 128
550.613 132
551.613 135
552.614 133
553.614 132
554.614 132
555.615 136
556.615 134
557.615 133
558.616 130
559.616 129
560.616 131
561.617 129
562.617 128
563.617 128
564.618 131
565.618 134
566.618 135
567.618 134
568.619 134
569.619 140
570.619 141
571.620 141
572.620 140
573.620 138
574.621 138
575.621 134
576.621 132
577.622 134
578.622 134
579.622 136
580.622 139
581.623 138
582.623 136
583.624 136
584.624 138
585.624 138
586.625 138
587.625 136
588.625 136
589.626 134
590.626 134
591.626 136
592.626 136
593.627 134
594.627 133
595.628 136
596.628 135
597.628 134
598.628 132
599.629 131
600.629 131
601.629 134
602.630 132
603.630 132
604.630 135
605.631 137
606.631 136
607.632 139
608.632 139
609.632 139
610.633 138
611.633 137
612.633 137
613.634 141
614.634 141
615.634 140
616.635 139
617.635 138
618.636 136
619.636 136
620.636 136
621.637 136
622.637 136
623.637 135
624.638 136
625.638 137
626.638 137
627.639 137
628.639 137
629.639 136
630.640 136
631.640 136
632.640 136
633.641 136
634.641 134
635.641 134
636.641 133
637.642 133
638.642 132
639.642 132
640.643 132
641.643 137
642.643 138
643.644 139
644.644 138
645.644 138
646.645 139
647.645 143
648.646 143
649.646 147
650.646 146
651.646 146
652.647 148
653.647 145
654.647 144
655.648 143
656.648 143
657.648 145
658.648 142
659.649 142
660.649 143
661.650 143
662.650 141
663.650 142
664.651 143
665.651 145
666.651 144
667.651 143
668.652 142
669.652 146
670.652 149
671.653 148
672.653 149
673.653 152
674.654 151
675.654 148
676.654 146
677.654 145
678.655 145
679.655 144
680.655 146
681.656 146
682.656 144
683.656 143
684.656 143
685.657 144
686.657 144
687.658 143
688.658 142
689.658 144
690.658 145
691.659 146
692.659 149
693.659 151
694.659 148
695.660 146
696.660 147
697.660 146
698.660 147
699.661 146
700.661 145
701.661 143
702.661 143
703.662 142
704.662 141
705.662 139
706.663 138
707.663 137
708.663 138
709.664 138
710.664 137
711.664 137
712.665 137
713.665 138
714.665 138
715.666 138
716.666 137
717.666 139
718.667 139
719.667 138
720.667 138
721.668 136
722.668 136
723.668 136
724.668 137
725.668 137
726.669 139
727.669 138
728.669 141
729.669 145
730.670 148
731.670 149
732.670 147
733.671 147
734.671 145
735.671 146
736.671 146
737.671 147
738.672 147
739.672 146
740.673 147
741.673 148
742.673 148
743.674 148
744.674 146
745.674 148
746.674 147
747.675 147
748.675 146
749.676 144
750.676 142
751.676 142
752.677 141
753.677 142
754.677 149
755.678 148
756.678 149
757.678 148
758.678 148
759.679 150
760.679 153
761.679 151
762.680 152
763.680 152
764.680 150
765.681 149
766.681 148
767.681 148
768.681 149
769.682 150
770.682 150
771.683 147
772.683 144
773.683 143
774.683 143
775.684 143
776.684 142
777.684 142
778.685 142
779.685 141
780.685 140
781.685 139
782.686 140
783.686 140
784.687 140
785.687 140
786.687 142
787.687 141
788.688 140
789.688 139
790.689 138
791.689 139
792.689 141
793.689 141
794.690 143
795.690 143
796.690 143
797.691 143
798.691 141
799.691 139
800.692 137
801.692 137
802.692 139
803.693 138
804.693 138
805.693 137
806.694 141
807.694 141
808.694 142
809.694 144
810.695 144
811.695 144
812.695 143
813.696 142
814.696 143
815.696 143
816.696 142
817.697 141
818.697 141
819.698 142
820.698 142
821.698 142
822.699 142
823.699 145
824.699 147
825.700 147
826.700 147
827.701 147
828.701 148
829.701 149
830.702 149
831.702 150
832.702 150
833.702 150
834.703 149
835.703 149
836.703 148
837.703 147
838.704 144
839.704 143
840.704 142
841.705 142
842.705 143
843.705 141
844.706 140
845.706 140
846.706 140
847.706 139
848.707 138
849.707 138
850.707 137
851.708 136
852.708 138
853.708 140
854.709 139
855.709 138
856.709 138
857.709 138
858.710 135
859.710 137
860.710 135
861.711 135
862.711 135
863.711 134
864.712 133
865.712 133
866.712 131
867.713 128
868.713 130
869.713 129
870.713 129
871.714 129
872.714 129
873.714 129
874.715 127
875.715 127
876.715 126
877.716 125
878.716 124
879.716 123
880.716 122
881.717 121
882.717 126
883.718 126
884.718 126
885.718 127
886.719 127
887.719 126
888.719 128
889.719 130
890.720 132
891.721 131
892.721 130
893.721 130
894.722 131
895.722 133
896.722 133
897.723 133
898.723 132
899.723 132
900.724 136
901.724 132
902.724 128
903.725 128
904.725 127
905.727 125
906.727 125
907.728 125
908.728 125
909.728 125
910.729 123
911.729 126
912.729 125
913.730 124
914.730 124
915.731 123
916.731 123
917.731 123
918.732 124
919.732 124
920.732 127
921.732 128
922.733 128
923.733 128
924.733 130
925.734 134
926.734 133
927.734 133
928.734 133
929.737 132
930.740 133
931.740 132
932.741 131
933.741 130
934.741 131
935.741 131
936.742 130
937.742 130
938.742 129
939.742 128
940.743 127
941.743 127
942.743 128
943.743 126
944.744 125
945.744 126
946.744 124
947.745 123
948.745 126
949.745 130
950.746 131
951.746 131
952.746 130
953.746 127
954.747 126
955.747 125
956.747 125
957.748 126
958.748 128
959.748 129
960.749 129
961.749 127
962.750 126
963.750 126
964.750 126
965.751 123
966.751 123
967.751 123
968.752 119
969.752 121
970.752 121
971.753 125
972.753 124
973.753 121
974.753 122
975.754 121
976.754 120
977.754 119
978.755 118
979.755 120
980.755 121
981.755 120
982.756 119
983.756 119
984.756 119
985.756 119
986.757 117
987.757 116
988.758 114
989.758 114
990.758 114
991.759 113
992.759 114
993.759 114
994.760 115
995.760 114
996.760 113
997.760 114
998.761 115
999.761 114
1000.761 114
1001.762 113
1002.762 113
1003.763 112
1004.763 115
1005.763 115
1006.764 116
1007.764 116
1008.764 114
1009.764 114
1010.765 113
1011.765 112
1012.765 113
1013.766 113
1014.766 113
1015.766 110
1016.767 110
1017.767 110
1018.767 110
1019.768 110
1020.768 110
1021.768 111
1022.768 114
1023.769 116
1024.769 117
1025.770 116
1026.770 117
1027.771 117
1028.771 117
1029.772 117
1030.773 117
1031.773 116
1032.774 115
1033.774 112
1034.774 112
1035.775 112
1036.775 112
1037.776 112
1038.776 118
1039.777 119
1040.777 118
1041.777 116
1042.778 115
1043.778 114
1044.779 117
1045.779 118
1046.780 118
1047.780 117
1048.781 118
1049.781 120
1050.782 122
1051.782 119
1052.782 119
1053.783 119
1054.783 119
1055.784 120
1056.784 121
1057.785 120
1058.785 118
1059.786 116
1060.786 118
1061.787 117
1062.787 116
1063.788 113
1064.788 113
1065.788 114
1066.789 114
1067.789 114
1068.790 112
1069.791 111
1070.791 111
1071.792 111
1072.792 109
1073.793 109
1074.793 109
1075.793 109
1076.794 108
1077.794 108
1078.795 107
1079.795 106
1080.796 109
1081.796 110
1082.797 108
1083.797 108
1084.797 108
1085.798 107
1086.798 105
1087.799 105
1088.800 105
1089.800 105
1090.801 105
1091.801 104
1092.801 103
1093.802 103
1094.802 103
1095.803 100
1096.803 100
1097.803 102
1098.804 102
1099.804 103
1100.805 103
1101.805 103
1102.805 103
1103.806 101
1104.806 101
1105.807 101
1106.807 103
1107.807 103
1108.808 102
1109.808 102
1110.809 102
1111.809 101
1112.810 104
1113.811 104
1114.811 104
1115.811 104
1116.812 105
1117.812 104
1118.813 104
1119.813 104
1120.814 108
1121.814 109
1122.815 110
1123.816 109
1124.816 108
1125.817 108
1126.817 107
1127.818 109
1128.818 110
1129.818 111
1130.819 111
1131.820 111
1132.820 112
1133.821 111
1134.821 112
1135.822 116
1136.822 115
1137.823 114
1138.823 116
1139.824 115
1140.824 115
1141.825 114
1142.825 113
1143.826 112
1144.827 111
1145.827 110
1146.828 110
1147.828 110
1148.829 110
1149.829 114
1150.830 114
1151.830 113
1152.831 113
1153.832 113
1154.832 113
1155.832 113
1156.833 113
1157.833 114
1158.834 113
1159.834 114
1160.835 112
1161.835 111
1162.836 111
1163.836 112
1164.837 110
1165.838 113
1166.839 113
1167.839 113
1168.840 116
1169.840 116
1170.840 113
1171.841 113
1172.842 112
1173.842 111
1174.843 116
1175.843 116
1176.844 115
1177.844 114
1178.845 112
1179.845 111
1180.845 109
1181.846 109
1182.846 109
1183.847 108
1184.847 108
1185.848 108
1186.848 108
1187.849 109
1188.849 109
1189.849 107
1190.850 105
1191.850 105
1192.851 105
1193.851 104
1194.852 104
1195.852 108
1196.853 108
1197.853 108
1198.854 107
1199.854 107
1200.854 107
1201.855 106
1202.855 105
1203.855 104
1204.856 104
1205.856 105
1206.857 103
1207.857 103
1208.858 103
1209.860 101
1210.860 100
1211.861 100
1212.861 100
1213.862 99
1214.862 98
1215.862 99
1216.863 99
1217.863 99
1218.864 98
1219.865 98
1220.865 96
1221.866 96
1222.866 96
1223.867 95
1224.867 94
1225.867 94
1226.868 94
1227.868 97
1228.869 99
1229.870 99
1230.870 100
1231.871 100
1232.871 100
1233.871 100
1234.872 102
1235.872 102
1236.873 105
1237.873 107
1238.874 108
1239.874 110
1240.874 109
1241.875 108
1242.875 106
1243.876 106
1244.876 107
1245.877 107
1246.877 107
1247.878 108
1248.878 111
1249.879 111
1250.879 110
1251.880 110
1252.880 110
1253.881 110
1254.881 110
1255.882 111
1256.882 113
1257.882 112
1258.883 112
1259.883 111
1260.884 111
1261.885 115
1262.885 114
1263.885 112
1264.886 111
1265.887 112
1266.887 111
1267.888 113
1268.888 113
1269.889 113
1270.889 113
1271.890 110
1272.890 111
1273.891 110
1274.891 110
1275.891 110
1276.892 110
1277.893 107
1278.893 103
1279.894 104
1280.894 106
1281.895 106
1282.895 106
1283.895 106
1284.896 106
1285.897 105
1286.897 105
1287.898 105
1288.899 104
1289.899 103
1290.900 103
1291.900 103
1292.900 105
1293.901 104
1294.902 104
1295.902 107
1296.903 110
1297.903 111
1298.904 110
1299.905 118
1300.905 116
1301.906 116
1302.906 117
1303.906 118
1304.907 119
1305.907 119
1306.908 117
1307.908 117
1308.909 116
1309.909 115
1310.910 115
1311.910 113
1312.910 114
1313.911 114
1314.912 113
1315.912 113
1316.913 114
1317.913 114
1318.913 112
1319.915 112
1320.915 111
1321.916 110
1322.916 110
1323.917 110
1324.917 110
1325.918 111
1326.918 111
1327.919 110
1328.919 111
1329.920 110
1330.920 109
1331.921 109
1332.921 109
1333.922 111
1334.922 110
1335.923 110
1336.923 113
1337.924 113
1338.924 111
1339.925 112
1340.925 111
1341.926 112
1342.926 110
1343.927 110
1344.927 109
1345.928 109
1346.928 109
1347.929 108
1348.929 106
1349.929 107
1350.930 106
1351.930 105
1352.931 102
1353.931 102
1354.932 105
1355.932 105
1356.933 105
1357.933 105
1358.934 110
1359.934 114
1360.934 115
1361.935 114
1362.936 113
1363.936 115
1364.936 114
1365.937 115
1366.938 118
1367.938 117
1368.938 117
1369.939 118
1370.939 117
1371.940 119
1372.940 118
1373.941 118
1374.942 117
1375.942 118
1376.942 119
1377.943 119
1378.943 120
1379.943 120
1380.944 121
1381.945 121
1382.945 121
1383.946 121
1384.946 124
1385.947 124
1386.947 122
1387.948 122
1388.948 121
1389.949 123
1390.949 124
1391.950 128
1392.950 127
1393.951 127
1394.952 132
1395.952 136
1396.953 135
1397.953 135
1398.954 134
1399.954 134
1400.955 133
1401.955 133
1402.956 133
1403.956 135
1404.957 135
1405.957 136
1406.958 135
1407.958 134
1408.959 133
1409.959 133
1410.960 133
1411.960 130
1412.961 129
1413.961 127
1414.962 127
1415.962 127
1416.963 125
1417.963 125
1418.964 127
1419.964 128
1420.965 128
1421.965 127
1422.966 127
1423.967 126
1424.967 128
1425.968 129
1426.968 132
1427.969 131
1428.969 132
1429.970 133
1430.970 134
1431.971 134
1432.971 133
1433.972 134
1434.972 134
1435.973 134
1436.973 130
1437.974 127
1438.974 127
1439.975 127
1440.975 127
1441.976 126
1442.977 126
1443.977 126
1444.978 126
1445.978 126
1446.979 127
1447.979 127
1448.980 127
1449.980 127
1450.981 127
1451.981 127
1452.982 126
1453.982 128
1454.983 128
1455.983 128
1456.984 127
1457.984 127
1458.985 124
1459.986 124
1460.986 122
1461.986 122
1462.987 122
1463.988 123
1464.988 122
1465.989 122
1466.989 123
1467.990 122
1468.990 122
1469.991 123
1470.991 125
1471.992 124
1472.992 124
1473.993 123
1474.993 122
1475.994 123
1476.994 123
1477.994 125
1478.995 125
1479.995 125
1480.996 128
1481.997 129
1482.997 129
1483.998 127
1484.998 126
1485.999 126
1486.999 125
1488.000 125
1489.000 125
1490.000 125
1491.001 125
1492.001 124
1493.002 125
1494.002 125
1495.003 125
1496.003 127
1497.004 127
1498.004 126
1499.005 129
1500.005 129
1501.006 130
1502.006 130
1503.006 132
1504.007 132
1505.007 132
1506.008 133
1507.009 133
1508.009 132
1509.010 132
1510.011 133
1511.011 132
1512.011 132
1513.012 132
1514.012 132
1515.013 130
1516.013 129
1517.014 129
1518.014 132
1519.015 134
1520.015 135
1521.016 133
1522.016 132
1523.017 133
1524.017 133
1525.018 134
1526.018 134
1527.019 133
1528.019 133
1529.020 133
1530.020 133
1531.021 134
1532.021 132
1533.021 133
1534.022 133
1535.022 131
1536.023 130
1537.024 135
1538.024 136
1539.025 136
1540.025 135
1541.026 134
1542.026 135
1543.027 134
1544.027 138
1545.028 138
1546.028 136
1547.029 133
1548.029 136
1549.030 137
1550.030 138
1551.031 138
1552.031 138
1553.032 138
1554.032 138
1555.033 140
1556.033 140
1557.034 140
1558.035 143
1559.035 140
1560.035 139
1561.036 138
1562.036 142
1563.037 144
1564.037 144
1565.038 146
1566.038 145
1567.039 144
1568.039 144
1569.040 143
1570.040 142
1571.041 142
1572.042 142
1573.042 147
1574.043 147
1575.043 146
1576.044 146
1577.044 147
1578.045 146
1579.045 148
1580.046 149
1581.046 148
1582.047 149
1583.047 149
1584.048 152
1585.049 152
1586.049 151
1587.050 151
1588.050 149
1589.051 149
1590.051 149
1591.052 149
1592.052 148
1593.053 146
1594.053 147
1595.054 146
1596.054 146
1597.055 144
1598.055 143
1599.056 144
1600.056 148
1601.057 147
1602.057 145
1603.058 145
1604.058 143
1605.059 142
1606.060 144
1607.060 142
1608.061 140
1609.061 140
1610.062 140
1611.062 143
1612.063 145
1613.064 144
1614.064 144
1615.065 143
1616.065 143
1617.066 142
1618.066 142
1619.067 141
1620.067 141
1621.068 141
1622.068 140
1623.069 140
1624.069 143
1625.070 142
1626.070 141
1627.071 139
1628.072 138
1629.072 138
1630.073 137
1631.073 138
1632.074 138
1633.074 139
1634.075 139
1635.075 139
1636.076 139
1637.076 138
1638.077 137
1639.077 138
1640.078 137
1641.078 136
1642.079 136
1643.079 135
1644.080 134
1645.080 135
1646.081 134
1647.081 134
1648.082 135
1649.082 136
1650.083 135
1651.083 135
1652.084 136
1653.084 141
1654.084 141
1655.085 140
1656.085 138
1657.086 139
1658.087 139
1659.087 141
1660.088 141
1661.088 139
1662.089 138
1663.089 137
1664.090 138
1665.090 136
1666.091 136
1667.091 135
1668.092 135
1669.092 137
1670.093 136
1671.093 135
1672.094 134
1673.094 133
1674.095 134
1675.095 134
1676.096 132
1677.096 133
1678.097 132
1679.098 132
1680.098 132
1681.099 131
1682.099 129
1683.099 132
1684.100 132
1685.101 133
1686.101 132
1687.102 133
1688.102 136
1689.103 136
1690.103 136
1691.104 133
1692.104 134
1693.104 134
1694.105 134
1695.105 134
1696.106 133
1697.106 134
1698.107 134
1699.107 134
1700.108 135
1701.109 136
1702.109 134
1703.110 135
1704.110 134
1705.111 133
1706.111 137
1707.112 142
1708.112 140
1709.113 138
1710.113 137
1711.114 139
1712.114 141
1713.115 138
1714.115 138
1715.116 138
1716.116 137
1717.117 136
1718.118 136
1719.118 136
1720.119 133
1721.119 135
1722.120 136
1723.120 136
1724.121 136
1725.122 138
1726.122 141
1727.123 145
1728.123 146
1729.124 146
1730.124 145
1731.125 144
1732.125 144
1733.126 144
1734.126 145
1735.127 146
1736.127 145
1737.128 149
1738.128 149
1739.129 150
1740.129 150
1741.130 149
1742.130 151
1743.131 150
1744.131 151
1745.132 148
1746.132 148
1747.132 151
1748.133 152
1749.133 152
1750.134 152
1751.134 154
1752.135 154
1753.135 152
1754.135 151
1755.136 152
1756.137 152
1757.137 152
1758.137 151
1759.138 150
1760.139 150
1761.139 150
1762.140 149
1763.140 150
1764.141 150
1765.141 148
1766.142 149
1767.142 148
1768.143 148
1769.143 148
1770.144 148
1771.144 147
1772.145 146
1773.145 145
1774.146 145
1775.146 146
1776.147 146
1777.147 148
1778.147 146
1779.148 146
1780.148 146
1781.149 145
1782.149 142
1783.150 141
1784.150 141
1785.151 141
1786.151 142
1787.152 142
1788.152 144
1789.153 143
1790.153 143
1791.154 148
1792.154 149
1793.155 149
1794.155 150
1795.156 150
1796.156 149
1797.156 149
1798.157 149
1799.157 147
1800.158 147
1801.158 147
1802.158 148
1803.159 147
1804.160 148
1805.160 147
1806.160 149
1807.161 148
1808.161 148
1809.162 148
1810.162 147
1811.163 146
1812.163 146
1813.164 146
1814.164 146
1815.165 146
1816.165 144
1817.166 144
1818.166 144
1819.167 143
1820.167 146
1821.167 146
1822.168 146
1823.168 147
1824.169 148
1825.170 151
1826.170 150
1827.171 148
1828.171 147
1829.172 149
1830.172 150
1831.172 150
1832.173 150
1833.173 150
1834.174 155
1835.174 154
1836.175 155
1837.175 156
1838.176 159
1839.177 158
1840.177 156
1841.178 159
1842.178 159
1843.178 159
1844.179 159
1845.179 162
1846.180 162
1847.180 166
1848.181 167
1849.181 173
1850.182 173
1851.182 172
1852.182 171
1853.183 170
1854.184 169
1855.184 168
1856.184 167
1857.185 166
1858.186 164
1859.186 163
1860.187 163
1861.187 162
1862.188 167
1863.188 167
1864.189 167
1865.189 165
1866.190 164
1867.190 166
1868.191 165
1869.191 164
1870.192 163
1871.192 165
1872.192 165
1873.193 165
1874.193 166
1875.194 171
1876.194 174
1877.195 173
1878.195 174
1879.196 175
1880.197 174
1881.197 173
1882.198 176
1883.198 175
1884.198 175
1885.199 174
1886.200 174
1887.200 173
1888.201 172
1889.201 173
1890.202 173
1891.202 177
1892.202 178
1893.203 177
1894.203 176
1895.204 176
1896.204 178
1897.205 178
1898.205 179
1899.206 183
1900.206 188
1901.207 188
1902.207 186
1903.208 186
1904.208 187
1905.209 186
1906.209 185
1907.210 184
1908.210 184
1909.211 185
1910.211 185
1911.212 186
1912.212 187
1913.213 187
1914.213 188
1915.214 187
1916.214 187
1917.214 185
1918.215 186
1919.215 186
1920.216 186
1921.216 190
1922.217 190
1923.217 192
1924.218 192
1925.218 196
1926.219 196
1927.219 196
1928.220 199
1929.220 199
1930.221 199
1931.221 198
1932.222 199
1933.222 199
1934.223 200
1935.223 200
1936.224 199
1937.224 198
1938.225 198
1939.225 197
1940.226 197
1941.226 197
1942.227 196
1943.227 195
1944.228 193
1945.228 192
1946.228 191
1947.229 191
1948.229 193
1949.230 194
1950.230 193
1951.230 191
1952.231 191
1953.231 191
1954.232 191
1955.232 190
1956.233 192
1957.233 194
1958.234 194
1959.234 193
1960.235 193
1961.235 193
1962.235 193
1963.236 189
1964.236 188
1965.237 189
1966.238 188
1967.238 188
1968.239 188
1969.239 187
1970.240 188
1971.240 190
1972.241 191
1973.241 192
1974.242 194
1975.242 195
1976.243 194
1977.243 197
1978.244 198
1979.244 199
1980.245 199
1981.245 201
1982.246 202
1983.246 202
1984.247 202
1985.248 204
1986.248 204
1987.249 203
1988.249 205
1989.250 204
1990.250 203
1991.251 202
1992.251 201
1993.252 201
1994.252 201
1995.253 201
1996.253 200
1997.254 200
1998.254 199
1999.255 199
2000.255 198
2001.256 198
2002.256 202
2003.256 209
2004.257 209
2005.258 209
2006.258 209
2007.258 209
2008.259 209
2009.260 209
2010.260 208
2011.260 205
2012.261 205
2013.261 210
2014.262 211
2015.262 211
2016.262 211
2017.263 211
2018.263 210
2019.264 210
2020.264 210
2021.265 210
2022.265 210
2023.266 213
2024.266 211
2025.266 211
2026.267 210
2027.267 208
2028.268 209
2029.269 209
2030.269 211
2031.269 210
2032.270 209
2033.270 208
2034.271 207
2035.271 206
2036.272 205
2037.272 201
2038.273 200
2039.273 200
2040.273 199
2041.277 199
2042.277 198
2043.278 196
2044.278 197
2045.279 198
2046.279 199
2047.279 198
2048.280 197
2049.281 198
2050.282 197
2051.283 196
2052.286 198
2053.287 198
2054.288 196
2055.289 198
2056.290 198
2057.291 196
2058.292 194
2059.292 193
2060.293 197
2061.294 198
2062.295 200
2063.296 199
2064.297 199
2065.298 198
2066.299 200
2067.300 200
2068.301 199
2069.302 199
2070.303 197
2071.304 196
2072.305 195
2073.306 194
2074.307 193
2075.308 196
2076.309 195
2077.310 195
2078.311 194
2079.312 194
2080.313 192
2081.314 192
2082.315 196
2083.316 194
2084.317 192
2085.318 191
2086.319 190
2087.320 184
2088.321 180
2089.322 177
2090.323 175
2091.324 174
2092.325 174
2093.326 175
2094.327 174
2095.328 172
2096.329 169
2097.330 169
2098.331 168
2099.332 165
2100.333 165
2101.333 164
2102.334 164
2103.335 167
2104.336 168
2105.337 167
2106.338 165
2107.339 163
2108.340 163
2109.341 160
2110.342 159
2111.343 158
2112.344 162
2113.345 161
2114.346 161
2115.347 160
2116.348 160
2117.349 159
2118.350 159
2119.351 160
2120.352 162
2121.353 161
2122.354 165
2123.355 168
2124.356 168
2125.357 167
2126.358 168
2127.359 167
2128.360 169
2129.361 165
2130.362 164
2131.363 162
2132.364 163
2133.365 167
2134.366 167
2135.367 173
2136.368 172
2137.369 170
2138.370 170
2139.371 170
2140.372 170
2141.373 170
2142.374 171
2143.375 169
2144.375 170
2145.376 170
2146.377 170
2147.378 168
2148.379 165
2149.380 164
2150.381 163
2151.382 164
2152.383 161
2153.384 161
2154.385 160
2155.386 159
2156.387 156
2157.388 156
2158.389 156
2159.390 156
2160.391 158
2161.392 160
2162.393 163
2163.394 161
2164.395 160
2165.396 160
2166.397 159
2167.398 159
2168.399 158
2169.400 159
2170.401 163
2171.402 162
2172.403 160
2173.404 159
2174.405 159
2175.406 161
2176.407 162
2177.408 161
2178.409 164
2179.410 163
2180.411 162
2181.412 161
2182.413 159
2183.414 160
2184.415 160
2185.416 160
2186.417 164
2187.417 164
2188.418 163
2189.419 162
2190.420 160
2191.421 159
2192.422 159
2193.423 159
2194.424 158
2195.425 155
2196.426 154
2197.427 154
2198.428 154
2199.429 157
2200.430 158
2201.431 158
2202.432 159
2203.433 159
2204.434 162
2205.435 161
2206.436 161
2207.437 161
2208.438 161
2209.439 161
2210.440 160
2211.441 159
2212.442 160
2213.443 164
2214.444 165
2215.445 163
2216.446 160
2217.447 159
2218.448 159
2219.449 157
2220.450 155
2221.451 155
2222.452 154
2223.453 153
2224.454 153
2225.455 153
2226.456 153
2227.457 153
2228.458 153
2229.458 154
2230.459 152
2231.460 154
2232.461 153
2233.462 155
2234.463 153
2235.464 152
2236.465 152
2237.466 150
2238.467 150
2239.468 151
2240.469 152
2241.480 153
2242.481 153
2243.482 153
2244.483 152
2245.484 152
2246.485 152
2247.486 151
2248.487 151
2249.488 151
2250.489 151
2251.490 150
2252.491 149
2253.492 147
2254.493 145
2255.494 144
2256.495 145
2257.496 144
2258.497 144
2259.498 143
2260.499 143
2261.500 142
2262.501 142
2263.502 142
2264.503 139
2265.504 138
2266.505 138
2267.506 139
2268.507 138
2269.508 137
2270.509 136
2271.510 135
2272.511 134
2273.512 134
2274.513 134
2275.514 133
2276.515 134
2277.516 134
2278.517 133
2279.518 134
2280.519 134
2281.520 136
2282.521 135
2283.521 139
2284.522 138
2285.523 140
2286.524 142
2287.525 146
2288.526 145
2289.527 143
2290.528 140
2291.529 140
2292.530 140
2293.531 139
2294.532 139
2295.533 138
2296.534 138
2297.535 137
2298.536 137
2299.537 133
2300.538 132
2301.539 132
2302.540 132
2303.541 132
2304.542 132
2305.543 131
2306.544 130
2307.545 130
2308.546 131
2309.547 131
2310.548 133
2311.549 132
2312.550 135
2313.551 134
2314.552 132
2315.553 131
2316.554 129
2317.555 130
2318.556 130
2319.557 129
2320.558 129
2321.559 132
2322.560 128
2323.561 126
2324.562 124
2325.562 123
2326.563 123
2327.564 123
2328.565 123
2329.566 122
2330.567 122
2331.568 121
2332.569 120
2333.570 120
2334.571 119
2335.572 120
2336.573 124
2337.574 123
2338.575 124
2339.576 123
2340.577 123
2341.578 121
2342.579 121
2343.580 119
2344.581 118
2345.582 116
2346.583 116
2347.584 116
2348.585 118
2349.586 119
2350.587 120
2351.588 119
2352.589 120
2353.590 122
2354.591 122
2355.592 120
2356.593 119
2357.594 119
2358.595 119
2359.596 121
2360.597 122
2361.598 122
2362.599 123
2363.600 122
2364.601 126
2365.602 124
2366.603 127
2367.604 127
2368.604 127
2369.605 127
2370.606 124
2371.607 124
2372.608 123
2373.609 123
2374.610 125
2375.611 125
2376.612 125
2377.613 126
2378.614 125
2379.615 125
2380.616 124
2381.617 122
2382.618 121
2383.619 120
2384.620 120
2385.621 119
2386.622 117
2387.623 116
2388.624 120
2389.625 121
2390.626 119
2391.627 117
2392.628 115
2393.629 115
2394.630 115
2395.631 117
2396.632 117
2397.633 117
2398.634 116
2399.635 116
2400.636 115
2401.637 114
2402.638 114
2403.639 114
2404.640 113
2405.641 113
2406.642 111
2407.643 113
2408.644 112
2409.645 113
2410.646 113
2411.646 116
2412.647 116
2413.648 117
2414.649 119
2415.650 119
2416.651 116
2417.652 114
2418.653 119
2419.654 118
2420.655 118
2421.656 118
2422.657 116
2423.658 117
2424.659 119
2425.660 121
2426.661 119
2427.662 119
2428.663 117
2429.664 117
2430.665 117
2431.666 117
2432.667 116
2433.668 115
2434.669 113
2435.670 113
2436.671 114
2437.672 116
2438.673 116
2439.674 116
2440.675 113
2441.676 113
2442.677 113
2443.678 116
2444.679 117
2445.680 117
2446.681 115
2447.682 116
2448.683 116
2449.684 119
2450.685 116
2451.686 117
2452.687 116
2453.688 114
2454.688 118
2455.689 123
2456.690 123
2457.696 122
2458.697 122
2459.698 121
2460.698 120
2461.699 119
2462.700 119
2463.701 120
2464.702 120
2465.703 123
2466.704 123
2467.705 122
2468.706 120
2469.707 123
2470.708 121
2471.709 121
2472.710 120
2473.711 120
2474.712 120
2475.713 120
2476.714 120
2477.715 119
2478.716 118
2479.717 119
2480.718 118
2481.719 119
2482.720 120
2483.721 120
2484.722 120
2485.723 121
2486.724 120
2487.726 120
2488.727 120
2489.729 121
2490.730 122
2491.731 122
2492.732 120
2493.733 120
2494.734 120
2495.735 124
2496.736 124
2497.737 124
2498.738 122
2499.739 122
2500.740 122
2501.741 121
2502.742 121
2503.743 120
2504.744 121
2505.745 122
2506.746 120
2507.747 119
2508.748 118
2509.749 120
2510.750 118
2511.751 115
2512.752 113
2513.753 113
2514.754 115
2515.755 114
2516.756 115
2517.757 114
2518.758 115
2519.759 115
2520.760 119
2521.760 119
2522.761 119
2523.762 118
2524.763 118
2525.764 116
2526.765 118
2527.766 118
2528.767 117
2529.768 116
2530.769 116
2531.770 117
2532.771 118
2533.772 117
2534.773 117
2535.774 119
2536.775 118
2537.776 118
2538.777 118
2539.778 118
2540.779 118
2541.780 118
2542.781 117
2543.782 117
2544.783 116
2545.784 118
2546.785 119
2547.786 116
2548.787 118
2549.788 120
2550.789 120
2551.790 120
2552.791 119
2553.792 118
2554.793 118
2555.794 118
2556.795 118
2557.796 118
2558.797 119
2559.798 120
2560.799 120
2561.800 125
2562.801 128
2563.802 127
2564.802 127
2565.803 125
2566.804 123
2567.805 123
2568.806 123
2569.807 124
2570.808 122
2571.809 121
2572.810 121
2573.811 121
2574.812 122
2575.813 122
2576.814 128
2577.815 130
2578.816 129
2579.817 128
2580.818 127
2581.819 125
2582.820 125
2583.821 125
2584.822 128
2585.823 128
2586.824 133
2587.825 134
2588.826 132
2589.827 129
2590.828 129
2591.829 128
2592.830 128
2593.831 128
2594.832 128
2595.833 126
2596.834 126
2597.835 127
2598.836 127
2599.837 126
2600.838 127
2601.839 126
2602.840 125
2603.841 123
2604.842 125
2605.843 125
2606.844 129
2607.844 130
2608.845 129
2609.846 130
2610.847 131
2611.848 129
2612.849 130
2613.850 129
2614.851 127
2615.852 126
2616.853 125
2617.854 126
2618.855 124
2619.856 125
2620.857 124
2621.858 129
2622.859 130
2623.860 130
2624.861 131
2625.862 132
2626.863 135
2627.864 133
2628.865 132
2629.866 133
2630.867 135
2631.868 138
2632.869 137
2633.870 136
2634.871 140
2635.872 140
2636.873 140
2637.874 138
2638.875 138
2639.876 136
2640.877 135
2641.878 136
2642.879 140
2643.880 139
2644.881 139
2645.882 137
2646.883 139
2647.884 140
2648.885 141
2649.885 145
2650.886 146
2651.887 145
2652.888 145
2653.889 146
2654.890 146
2655.891 145
2656.892 146
2657.893 147
2658.894 146
2659.895 147
2660.896 148
2661.897 148
2662.898 147
2663.899 149
2664.900 150
2665.901 149
2666.902 147
2667.903 150
2668.904 151
2669.905 151
2670.906 149
2671.907 149
2672.908 149
2673.909 148
2674.910 146
2675.911 146
2676.912 145
2677.913 147
2678.914 148
2679.915 149
2680.916 147
2681.917 143
2682.918 145
2683.919 145
2684.920 145
2685.921 143
2686.922 143
2687.923 147
2688.924 150
2689.925 151
2690.926 153
2691.927 156
2692.927 154
2693.928 155
2694.929 158
2695.930 156
2696.931 157
2697.932 155
2698.933 156
2699.934 154
2700.935 153
2701.936 152
2702.937 150
2703.938 149
2704.939 147
2705.940 146
2706.941 146
2707.942 146
2708.943 147
2709.944 144
2710.945 148
2711.946 147
2712.947 151
2713.948 151
2714.949 150
2715.950 154
2716.951 154
2717.952 155
2718.953 155
2719.954 155
2720.955 156
2721.956 155
2722.957 154
2723.958 151
2724.959 153
2725.960 151
2726.961 149
2727.962 148
2728.963 148
2729.964 148
2730.965 148
2731.966 147
2732.967 147
2733.968 146
2734.969 146
2735.969 145
2736.970 143
2737.971 143
2738.972 142
2739.973 140
2740.974 138
2741.975 136
2742.976 136
2743.977 138
2744.978 138
2745.979 137
2746.980 141
2747.981 140
2748.982 139
2749.983 137
2750.984 136
2751.985 136
2752.986 135
2753.987 133
2754.988 136
2755.989 137
2756.990 135
2757.991 136
2758.992 137
2759.993 137
2760.994 137
2761.995 138
2762.996 138
2763.997 138
2764.998 138
2765.999 139
2767.000 140
2768.001 143
2769.002 142
2770.003 143
2771.004 145
2772.005 144
2773.006 144
2774.007 144
2775.008 144
2776.009 144
2777.010 144
2778.010 144
2779.011 146
2780.012 147
2781.013 147
2782.014 145
2783.015 145
2784.016 146
2785.017 144
2786.018 141
2787.019 142
2788.020 142
2789.021 141
2790.022 142
2791.023 143
2792.024 144
2793.025 144
2794.026 142
2795.027 142
2796.028 142
2797.029 141
2798.030 141
2799.031 141
2800.032 140
2801.033 140
2802.034 141
2803.035 140
2804.036 140
2805.037 139
2806.038 138
2807.039 138
2808.040 139
2809.041 141
2810.042 142
2811.043 142
2812.044 141
2813.045 140
2814.046 139
2815.047 137
2816.048 138
2817.049 138
2818.050 139
2819.051 138
2820.052 139
2821.052 138
2822.053 138
2823.054 138
2824.055 137
2825.056 138
2826.057 140
2827.058 140
2828.059 139
2829.060 140
2830.061 140
2831.062 139
2832.063 138
2833.064 140
2834.065 139
2835.066 139
2836.067 139
2837.068 139
2838.069 139
2839.070 140
2840.071 141
2841.072 146
2842.073 144
2843.074 142
2844.075 142
2845.076 142
2846.077 140
2847.078 138
2848.079 137
2849.080 136
2850.081 136
2851.082 137
2852.083 137
2853.084 136
2854.085 137
2855.086 135
2856.087 137
2857.088 140
2858.089 140
2859.090 139
2860.091 139
2861.092 139
2862.093 141
2863.094 141
2864.094 140
2865.095 139
2866.096 138
2867.097 141
2868.098 140
2869.099 140
2870.100 139
2871.101 137
2872.102 136
2873.103 136
2874.104 136
2875.105 135
2876.106 133
2877.107 132
2878.108 134
2879.109 134
2880.110 133
2881.111 132
2882.112 131
2883.113 131
2884.114 129
2885.115 128
2886.116 133
2887.117 134
2888.118 135
2889.119 132
2890.120 130
2891.121 129
2892.122 127
2893.123 127
2894.124 133
2895.125 134
2896.126 131
2897.127 129
2898.128 129
2899.129 131
2900.130 129
2901.131 129
2902.132 130
2903.133 132
2904.134 132
2905.135 130
2906.135 127
2907.136 128
2908.137 127
2909.138 126
2910.139 123
2911.140 124
2912.141 125
2913.142 125
2914.143 125
2915.144 126
2916.145 126
2917.146 129
2918.147 134
2919.148 133
2920.149 132
2921.150 132
2922.151 132
2923.152 133
2924.153 131
2925.154 132
2926.155 132
2927.156 131
2928.157 130
2929.158 131
2930.159 132
2931.160 132
2932.161 131
2933.162 131
2934.163 131
2935.164 135
2936.165 134
2937.166 134
2938.167 134
2939.168 132
2940.169 130
2941.170 130
2942.171 128
2943.172 130
2944.173 129
2945.174 128
2946.175 127
2947.176 127
2948.177 126
2949.177 124
2950.178 127
2951.179 127
2952.180 126
2953.181 128
2954.182 129
2955.183 131
2956.184 128
2957.185 128
2958.186 129
2959.187 128
2960.188 129
2961.189 128
2962.190 129
2963.191 129
2964.192 128
2965.193 127
2966.194 126
2967.195 125
2968.196 128
2969.197 128
2970.198 128
2971.199 126
2972.200 126
2973.201 126
2974.202 130
2975.203 131
2976.204 131
2977.205 132
2978.206 132
2979.207 136
2980.208 133
2981.209 137
2982.210 142
2983.211 140
2984.212 139
2985.213 142
2986.214 141
2987.215 143
2988.216 142
2989.217 141
2990.218 141
2991.219 142
2992.219 139
2993.220 138
2994.221 135
2995.222 134
2996.223 133
2997.224 132
2998.225 132
2999.226 131
3000.227 130
3001.228 130
3002.229 130
3003.230 129
3004.231 128
3005.232 125
3006.233 123
3007.234 122
3008.235 125
3009.236 127
3010.237 126
3011.238 125
3012.239 124
3013.240 124
3014.241 124
3015.242 124
3016.243 124
3017.244 127
3018.245 130
3019.246 127
3020.247 126
3021.248 126
3022.249 126
3023.250 127
3024.251 132
3025.252 130
3026.253 130
3027.254 129
3028.255 127
3029.256 126
3030.257 125
3031.258 123
3032.259 122
3033.260 120
3034.260 119
3035.261 118
3036.262 118
3037.263 116
3038.264 116
3039.265 117
3040.266 117
3041.267 115
3042.268 115
3043.269 117
3044.270 121
3045.271 121
3046.272 118
3047.273 120
3048.274 119
3049.275 119
3050.276 120
3051.277 120
3052.278 122
3053.279 120
3054.280 122
3055.281 130
3056.282 129
3057.283 128
3058.284 127
3059.285 126
3060.286 125
3061.287 125
3062.288 125
3063.289 123
3064.290 123
3065.291 122
3066.292 124
3067.293 123
3068.294 128
3069.295 129
3070.296 127
3071.297 126
3072.298 126
3073.299 127
3074.300 130
3075.301 129
3076.302 127
3077.302 126
3078.303 125
3079.304 125
3080.305 125
3081.306 123
3082.307 123
3083.308 124
3084.309 125
3085.310 125
3086.311 125
3087.312 125
3088.313 125
3089.314 123
3090.315 123
3091.316 126
3092.317 128
3093.318 128
3094.319 129
3095.320 129
3096.321 128
3097.322 128
3098.323 131
3099.324 131
3100.325 130
3101.326 129
3102.327 127
3103.328 128
3104.329 128
3105.330 127
3106.331 129
3107.332 129
3108.333 130
3109.334 129
3110.335 128
3111.336 126
3112.337 126
3113.338 123
3114.339 121
3115.340 122
3116.341 123
3117.342 127
3118.343 126
3119.344 126
3120.345 129
3121.346 128
3122.347 127
3123.348 125
3124.349 129
3125.350 129
3126.351 128
3127.352 127
3128.353 131
3129.354 134
3130.354 136
3131.355 136
3132.356 135
3133.357 133
3134.358 133
3135.359 131
3136.360 132
3137.361 129
3138.362 129
3139.363 128
3140.364 128
3141.365 127
3142.366 127
3143.367 126
3144.368 126
3145.369 125
3146.370 124
3147.371 123
3148.372 123
3149.373 122
3150.374 122
3151.375 123
3152.376 123
3153.377 122
3154.378 123
3155.379 125
3156.380 123
3157.381 122
3158.382 120
3159.383 121
3160.384 119
3161.385 121
3162.386 121
3163.387 121
3164.388 121
3165.389 120
3166.390 118
3167.391 116
3168.392 120
3169.393 121
3170.394 121
3171.395 120
3172.396 119
3173.396 119
3174.397 118
3175.398 118
3176.399 118
3177.400 116
3178.401 115
3179.402 115
3180.403 115
3181.404 115
3182.405 115
3183.406 115
3184.407 114
3185.408 113
3186.409 113
3187.410 110
3188.411 109
3189.412 108
3190.413 107
3191.414 106
3192.415 106
3193.416 105
3194.417 105
3195.418 105
3196.419 106
3197.420 105
3198.421 105
3199.422 110
3200.423 110
3201.424 108
3202.425 108
3203.426 109
3204.427 109
3205.428 108
3206.429 110
3207.430 110
3208.431 109
3209.432 108
3210.433 106
3211.434 106
3212.435 106
3213.436 104
3214.437 103
3215.438 105
3216.438 104
3217.439 104
3218.440 106
3219.441 106
3220.442 105
3221.443 107
3222.444 107
3223.445 107
3224.446 108
3225.447 112
3226.448 113
3227.449 112
3228.450 112
3229.451 114
3230.452 113
3231.453 115
3232.454 113
3233.455 112
3234.456 112
3235.457 112
3236.458 111
3237.459 111
3238.460 111
3239.461 111
3240.462 111
3241.463 109
3242.464 109
3243.465 110
3244.466 111
3245.467 110
3246.468 111
3247.469 111
3248.470 111
3249.471 109
3250.472 107
3251.473 109
3252.474 109
3253.475 111
3254.476 111
3255.477 110
3256.478 108
3257.479 106
3258.479 106
3259.481 108
3260.482 110
3261.483 112
3262.484 115
3263.485 115
3264.486 112
3265.487 112
3266.488 111
3267.489 109
3268.490 108
3269.491 107
3270.492 107
3271.493 107
3272.494 107
3273.495 107
3274.496 107
3275.497 107
3276.498 108
3277.499 107
3278.500 110
3279.501 110
3280.502 112
3281.503 112
3282.504 112
3283.505 112
3284.506 111
3285.507 110
3286.508 109
3287.509 108
3288.510 111
3289.511 113
3290.512 111
3291.513 110
3292.514 110
3293.515 111
3294.516 111
3295.517 111
3296.518 110
3297.519 110
3298.520 109
3299.521 108
3300.521 110
3301.522 111
3302.523 110
3303.524 110
3304.526 109
3305.526 109
3306.527 107
3307.528 107
3308.529 106
3309.530 105
3310.531 104
3311.532 104
3312.533 107
3313.534 107
3314.535 107
3315.536 106
3316.537 109
3317.538 108
3318.539 107
3319.540 109
3320.541 111
3321.542 110
3322.543 112
3323.544 111
3324.545 113
3325.546 113
3326.547 113
3327.548 112
3328.549 113
3329.550 112
3330.551 112
3331.552 111
3332.553 111
3333.554 111
3334.555 110
3335.556 113
3336.557 112
3337.558 112
3338.559 112
3339.560 111
3340.561 112
3341.562 113
3342.562 112
3343.563 111
3344.564 111
3345.565 111
3346.566 110
3347.567 108
3348.568 108
3349.569 108
3350.570 107
3351.571 107
3352.572 105
3353.573 105
3354.574 105
3355.575 105
3356.576 104
3357.577 105
3358.578 105
3359.579 106
3360.580 109
3361.581 110
3362.582 110
3363.583 112
3364.584 111
3365.585 111
3366.586 114
3367.587 113
3368.588 114
3369.589 114
3370.590 114
3371.591 114
3372.592 114
3373.593 114
3374.594 118
3375.595 117
3376.596 116
3377.597 116
3378.598 119
3379.599 118
3380.600 117
3381.601 115
3382.602 112
3383.603 112
3384.604 113
3385.604 111
3386.605 109
3387.606 109
3388.607 108
3389.608 108
3390.609 108
3391.610 107
3392.611 107
3393.612 106
3394.613 106
3395.614 105
3396.615 106
3397.616 105
3398.617 103
3399.618 104
3400.619 106
3401.620 108
3402.621 108
3403.622 109
3404.623 109
3405.624 110
3406.625 114
3407.626 114
3408.627 117
3409.628 116
3410.629 116
3411.630 116
3412.631 115
3413.632 114
3414.633 114
3415.634 114
3416.635 113
3417.636 112
3418.637 113
3419.638 113
3420.639 113
3421.640 113
3422.641 114
3423.642 114
3424.643 114
3425.644 114
3426.645 113
3427.646 115
3428.646 117
3429.647 117
3430.648 118
3431.649 118
3432.650 119
3433.651 118
3434.652 117
3435.653 118
3436.654 122
3437.655 124
3438.656 124
3439.657 124
3440.658 123
3441.659 123
3442.660 122
3443.661 122
3444.662 122
3445.663 126
3446.664 130
3447.665 128
3448.666 132
3449.667 133
3450.668 132
3451.669 131
3452.670 131
3453.671 133
3454.672 134
3455.673 134
3456.674 134
3457.675 133
3458.676 135
3459.677 136
3460.678 136
3461.679 136
3462.680 134
3463.681 133
3464.682 133
3465.683 132
3466.684 130
3467.685 126
3468.686 126
3469.687 126
3470.688 126
3471.689 126
3472.690 125
3473.691 128
3474.692 129
3475.693 129
3476.694 127
3477.695 126
3478.696 126
3479.697 127
3480.698 128
3481.698 128
3482.699 126
3483.700 125
3484.701 122
3485.702 120
3486.703 119
3487.704 118
3488.705 118
3489.706 119
3490.707 119
3491.708 117
3492.709 118
3493.710 116
3494.711 117
3495.712 117
3496.713 120
3497.714 121
3498.715 121
3499.716 123
3500.717 122
3501.718 125
3502.719 125
3503.720 126
3504.721 126
3505.722 127
3506.723 127
3507.724 124
3508.725 124
3509.726 123
3510.727 122
3511.728 121
3512.729 120
3513.730 121
3514.731 119
3515.732 119
3516.733 119
3517.734 118
3518.735 117
3519.736 118
3520.737 118
3521.738 119
3522.739 116
3523.740 119
3524.740 121
3525.741 121
3526.742 119
3527.743 117
3528.744 117
3529.746 115
3530.747 114
3531.748 113
3532.749 112
3533.750 109
3534.751 108
3535.752 106
3536.753 105
3537.754 105
3538.757 104
3539.758 104
3540.759 102
3541.760 102
3542.760 103
3543.761 103
3544.762 101
3545.763 101
3546.764 101
3547.765 99
3548.766 101
3549.767 100
3550.768 99
3551.769 98
3552.770 97
3553.771 97
3554.772 97
3555.773 98
3556.774 97
3557.775 97
3558.776 96
3559.777 97
3560.778 98
3561.779 98
3562.780 101
3563.781 101
3564.782 101
3565.783 101
3566.784 101
3567.785 101
3568.786 100
3569.787 101
3570.788 100
3571.789 100
3572.790 101
3573.791 101
3574.792 103
3575.793 102
3576.794 100
3577.795 99
3578.796 96
3579.797 96
3580.798 96
3581.799 99
3582.800 100
3583.801 99
3584.802 99
3585.802 99
3586.803 98
3587.804 98
3588.805 101
3589.806 98
3590.807 104
3591.808 108
3592.809 108
3593.810 107
