3548.096
3555.354
3561.100
3563.980
3562.170
3570.757
3556.312
3554.756
3553.749
3553.899
3568.775
3555.616
3548.377
3552.997
3561.742
3562.425
3557.021
3557.830
3566.602
3570.001
3559.282
3550.754
3569.470
3556.435
3564.379
3552.410
3570.201
3544.903
3560.438
3569.729
3571.215
3557.974
3554.609
3566.569
3556.335
3552.030
3567.934
3557.920
3560.238
3572.087
3548.431
3556.197
3555.771
3551.516
3555.412
3564.852
3554.673
3556.739
3573.990
3560.742
3570.213
3549.599
3553.477
3547.816
3565.423
3552.892
3544.590
3557.544
3563.978
3551.499
3554.579
3551.386
3557.118
3556.154
3557.307
3547.610
3561.877
3558.143
3565.747
3543.701
3566.790
3567.916
3567.167
3569.408
3551.711
3540.040
3565.654
3542.698
3554.819
3564.063
3567.818
3553.810
3556.834
3560.759
3554.431
3565.127
3555.537
3550.452
3553.525
3557.597
3553.293
3555.849
3548.829
3567.590
3567.061
3565.050
3565.811
3550.125
3552.881
3550.788
3565.082
3554.168
3565.505
3567.250
3561.907
3569.624
3557.790
3557.922
3557.695
3570.281
3553.062
3551.334
3551.472
3565.513
3549.368
3555.645
3559.983
3564.231
3555.981
3568.842
3560.709
3558.717
3561.490
3549.277
3566.456
3568.118
3541.998
3560.293
3554.102
3558.981
3554.452
3566.003
3554.536
3570.338
3563.445
3560.795
3556.665
3550.637
3557.430
3573.991
3571.196
3553.233
3570.157
3552.181
3562.280
3552.948
3565.245
3555.346
3569.126
3565.000
3563.926
3563.403
3572.495
3569.396
3570.990
3553.347
3557.022
3564.628
3558.057
3565.539
3550.601
3570.145
3560.170
3557.572
3559.156
3553.548
3557.890
3551.874
3552.084
3550.546
3566.818
3556.233
3554.109
3560.194
3558.786
3544.285
3571.978
3554.398
3546.160
3552.426
3557.553
3569.750
3553.856
3567.580
3560.015
3568.087
3557.016
3555.378
3567.591
3567.246
3554.795
3554.072
3551.231
3569.181
3565.728
3561.448
3567.311
3571.226
3573.270
3571.029
3559.291
3564.138
3558.846
3555.618
3542.460
3552.174
3557.563
3560.754
3557.854
3547.604
3563.432
3549.596
3548.785
3557.697
3557.789
3555.216
3555.842
3567.439
3549.746
3555.830
3569.916
3547.227
3557.542
3553.180
3563.032
3559.078
3570.805
3554.348
3555.827
3561.059
3566.061
3546.074
3563.240
3558.654
3555.493
3555.446
3571.731
3565.850
3564.202
3566.385
3550.794
3570.764
3560.749
3573.067
3557.448
3558.146
3554.799
3561.344
3553.481
3558.398
3565.530
3565.038
3569.308
3549.038
3569.821
3559.971
3553.945
3558.548
3564.446
3559.435
3559.962
3566.928
3562.574
3556.489
3554.660
3558.739
3548.007
3555.296
3562.940
3568.315
3554.982
3567.420
3552.328
3559.242
3575.214
3553.357
3570.545
3556.994
3569.316
3571.115
3547.898
3563.336
3551.682
3570.778
3570.877
3557.733
3556.002
3554.481
3557.428
3572.583
3565.771
3553.622
3567.672
3561.897
3565.685
3553.923
3561.994
3563.513
3557.532
3549.335
3558.565
3553.434
3553.070
3554.369
3553.721
3565.544
3542.027
3574.115
3551.737
3552.955
3563.300
3571.828
3557.526
3567.542
3568.201
3555.964
3566.495
3574.563
3567.149
3560.870
3564.523
3553.655
3569.141
3569.250
3549.468
3554.741
3547.749
3561.958
3558.713
3558.829
3571.037
3555.648
3558.079
3563.164
3559.504
3549.862
3564.110
3557.783
3565.419
3552.302
3553.552
3548.302
3555.133
3556.908
3548.833
3548.948
3555.318
3560.084
3551.511
3559.710
3565.514
3552.620
3562.046
3550.663
3568.277
3568.463
3559.965
3559.847
3568.515
3569.892
3560.445
3550.279
3553.820
3568.843
3557.333
3561.296
3548.703
3560.286
3560.305
3564.748
3553.390
3556.398
3554.273
3560.794
3559.423
3572.146
3569.751
3557.356
3563.786
3565.456
3563.024
3559.020
3557.717
3555.965
3555.115
3558.953
3569.897
3561.270
3567.384
3565.760
3567.105
3561.379
3549.374
3560.871
3566.349
3555.848
3545.923
3557.883
3565.209
3550.099
3569.257
3548.989
3559.627
3554.445
3556.387
3558.486
3555.290
3552.714
3555.348
3552.792
3568.992
3560.481
3569.742
3555.374
3556.463
3551.162
3570.196
3564.494
3565.270
3568.946
3553.447
3554.101
3547.486
3549.478
3554.167
3559.276
3572.028
3564.198
3551.248
3568.430
3558.051
3556.491
3567.226
3551.300
3561.967
3560.532
3550.545
3562.012
3555.251
3569.603
3555.446
3568.005
3569.971
3571.839
3559.718
3562.459
3563.122
3545.693
3557.703
3557.343
3567.015
3569.394
3556.437
3567.835
3552.642
3559.993
3553.454
3553.434
3574.052
3552.979
3554.467
3553.625
3551.911
3550.988
3555.437
3567.248
3553.992
3548.021
3565.195
3560.606
3560.422
3549.106
3561.520
3570.623
3551.531
3562.000
3561.204
3554.498
3557.210
3532.768
3543.431
3560.673
3568.319
3554.139
3568.225
3565.410
3564.105
3557.621
3561.752
3554.463
3559.008
3555.061
3559.172
3557.548
3556.463
3561.181
3557.919
3555.458
3570.278
3568.141
3551.589
3556.846
3559.584
3551.907
3550.694
3557.743
3562.688
3546.963
3550.223
3557.150
3555.216
3559.619
3556.341
3557.214
3556.237
3560.967
3550.087
3556.635
3559.939
3554.282
3555.140
3546.131
3566.725
3562.841
3554.190
3552.707
3552.117
3556.385
3560.443
3558.386
3572.265
3557.189
3548.473
3553.211
3556.474
3565.662
3568.426
3571.328
3546.804
3560.470
3552.857
3563.160
3563.138
3548.489
3555.717
3560.521
3560.979
3561.509
3565.908
3551.371
3565.609
3553.585
3553.868
3560.911
3571.030
3555.833
3557.008
3552.234
3553.268
3549.128
3561.261
3558.042
3551.285
3557.530
3548.280
3567.181
3554.585
3570.948
3574.316
3553.878
3571.018
3559.541
3566.815
3559.098
3560.988
3555.356
3558.090
3560.135
3557.694
3559.224
3561.118
3568.844
3555.276
3560.036
3560.963
3558.074
3554.376
3568.758
3552.990
3571.604
3551.804
3570.194
3566.710
3550.810
3556.179
3573.037
3546.838
3561.447
3568.623
3556.408
3555.827
3553.560
3558.877
3543.882
3561.964
3550.780
3549.923
3566.469
3558.270
3565.793
3554.598
3561.072
3558.989
3557.186
3553.923
3554.594
3553.059
3555.649
3549.524
3572.669
3571.411
3571.432
3557.158
3552.892
3571.733
3569.716
3572.349
3563.040
3568.257
3556.535
3573.176
3566.598
3560.447
3570.417
3547.166
3562.925
3548.405
3567.277
3559.731
3565.226
3553.647
3564.813
3551.125
3551.154
3557.781
3557.666
3557.824
3553.835
3559.885
3571.660
3556.585
3563.262
3559.561
3554.042
3551.783
3571.410
3546.369
3558.020
3553.813
3555.255
3554.611
3554.836
3553.330
3564.816
3548.165
3573.698
3565.603
3572.087
3567.076
3560.419
3549.909
3557.788
3570.602
3565.121
3560.779
3572.917
3563.143
3563.650
3551.768
3551.641
3554.352
3561.971
3560.193
3555.962
3558.689
3556.901
3553.102
3573.974
3556.095
3554.908
3567.828
3569.653
3548.511
3563.136
3567.592
3564.445
3555.155
3558.047
3553.730
3551.906
3542.186
3568.837
3565.944
3555.675
3556.984
3571.432
3564.829
3552.413
3569.522
3550.082
3565.035
3552.352
3566.170
3555.664
3568.403
3557.810
3555.486
3564.215
3571.356
3552.477
3571.659
3555.960
3566.452
3558.433
3569.118
3549.927
3559.450
3555.783
3567.348
3557.024
3547.952
3568.060
3563.898
3562.904
3564.368
3551.056
3556.085
3548.040
3567.637
3553.263
3561.125
3569.547
3557.889
3556.400
3553.053
3553.103
3564.280
3572.550
3557.481
3555.256
3556.720
3572.535
3560.244
3566.123
3570.621
3568.654
3571.003
3561.380
3553.988
3555.730
3555.853
3556.100
3555.702
3553.645
3560.004
3556.405
3552.708
3567.039
3558.423
3571.862
3551.601
3555.077
3551.822
3572.513
3562.136
3559.392
3571.859
3554.306
3558.769
3568.578
3571.802
3567.532
3556.865
3552.610
3552.393
3547.754
3554.799
3565.586
3552.710
3567.496
3549.089
3561.398
3555.537
3568.791
3549.229
3557.768
3551.737
3563.965
3550.890
3554.714
3555.919
3547.609
3559.632
3553.904
3562.439
3550.351
3547.944
3571.296
3558.390
3549.816
3557.667
3556.058
3560.931
3560.684
3557.642
3551.373
3566.288
3561.479
3556.113
3561.549
3561.558
3549.411
3560.562
3572.462
3557.718
3557.852
3569.559
3560.178
3558.462
3559.324
3564.337
3548.556
3574.179
3555.864
3555.363
3565.756
3552.086
3552.579
3555.685
3556.516
3569.453
3557.397
3571.505
3557.289
3552.071
3559.471
3554.414
3557.262
3562.206
3562.106
3548.819
3560.967
3565.651
3573.807
3559.765
3553.037
3544.523
3551.935
3559.301
3545.951
3562.617
3566.330
3563.486
3565.182
3558.769
3552.172
3551.984
3563.714
3556.261
3554.470
3561.605
3568.839
3570.147
3552.840
3554.596
3553.496
3557.481
3542.673
3557.432
3562.023
3557.569
3550.910
3548.399
3555.767
3552.400
3555.918
3561.979
3572.743
3559.872
3548.702
3559.704
3552.334
3549.296
3568.456
3557.762
3559.988
3556.235
3560.480
3559.286
3558.330
3567.122
3553.455
3547.760
3562.744
3572.092
3568.404
3549.612
3558.572
3560.215
3557.595
3558.385
3554.484
3565.576
3557.455
3572.745
3552.732
3562.333
3568.355
3549.991
3574.857
3558.311
3556.799
3547.515
3548.905
3567.214
3555.509
3562.936
3571.102
3563.763
3567.146
3558.409
3558.713
3553.414
3562.476
3568.437
3570.376
3555.238
3571.125
3547.082
3547.526
3559.177
3551.842
3553.507
3569.466
3556.967
3557.917
3557.070
3565.807
3550.288
3572.400
3552.889
3573.837
3555.167
3553.855
3559.158
3547.037
3545.587
3570.094
3556.279
3553.922
3559.370
3570.982
3553.282
3556.464
3560.123
3562.072
3558.993
3570.525
3575.445
3566.930
3566.066
3560.871
3569.287
3554.810
3573.718
3554.508
3551.245
3562.665
3553.663
3572.917
3565.490
3553.198
3566.012
3554.559
3555.716
3545.480
3568.397
3571.019
3551.615
3549.104
3556.664
3564.126
3555.152
3570.855
3567.666
3569.147
3552.470
3551.500
3560.518
3557.293
3552.163
3562.131
3548.185
3554.901
3567.268
3561.809
3553.268
3554.408
3554.987
3572.731
3571.458
3554.801
3552.515
3568.287
3551.898
3574.498
3565.594
3572.476
3556.665
3545.420
3550.123
3563.246
3551.369
3550.645
3564.419
3555.627
3551.459
3566.971
3556.869
3559.198
3560.040
3555.587
3567.208
3574.053
3565.379
3557.720
3551.689
3564.267
3549.369
3567.990
3553.151
3570.146
3553.778
3574.188
3563.354
3563.525
3560.323
3572.714
3557.119
3559.145
3568.812
3551.005
3557.147
3561.122
3554.386
3561.817
3555.511
3553.509
3564.089
3557.529
3559.478
3544.543
3556.369
3557.842
3555.152
3552.082
3556.709
3556.073
3563.137
3569.035
3564.791
3560.306
3565.479
3550.532
3548.565
3558.550
3556.453
3551.406
3560.943
3543.994
3549.471
3549.845
3553.126
3562.361
3559.848
3556.740
3548.908
3565.792
3566.105
3554.418
3557.827
3565.198
3549.742
3546.726
3569.081
3563.137
3571.820
3569.500
3564.969
3557.291
3554.152
3555.554
3559.045
3564.533
3556.100
3554.323
3549.518
3556.782
3552.781
3555.798
3568.649
3550.214
3564.877
3558.712
3558.839
3565.089
3554.605
3558.824
3553.620
3556.711
3552.777
3554.524
3568.062
3547.472
3563.721
3557.212
3545.978
3556.462
3553.581
3557.019
3556.102
3560.850
3563.123
3561.962
3559.553
3551.774
3555.652
3552.409
3573.377
3549.934
3557.987
3551.390
3548.303
3545.074
3553.265
3555.211
3567.471
3569.489
3567.418
3560.089
3550.922
3574.263
3555.875
3556.155
3548.452
3564.533
3553.626
3561.781
3559.625
3559.782
3554.571
3559.447
3550.505
3572.414
3568.202
3571.461
3554.088
3552.726
3563.394
3554.701
3556.756
3549.334
3568.257
3555.258
3548.943
3573.440
3565.552
3548.294
3553.687
3568.255
3539.483
3555.070
3553.716
3554.156
3545.697
3569.814
3555.369
3558.010
3556.220
3569.957
3541.419
3555.082
3558.201
3574.210
3556.898
3562.187
3552.577
3557.573
3561.410
3557.912
3570.605
3553.344
3558.161
3565.205
3557.066
3542.443
3560.689
3548.132
3571.360
3567.540
3553.147
3561.170
3547.381
3554.138
3571.790
3541.322
3567.222
3562.268
3567.806
3555.947
3569.743
3566.501
3561.476
3557.766
3564.322
3547.544
3564.493
3566.406
3569.604
3563.595
3564.918
3572.336
3569.874
3552.985
3554.587
3569.829
3563.811
3568.033
3552.574
3555.451
3567.649
3567.899
3564.772
3562.616
3560.392
3551.050
3562.604
3565.663
3561.572
3567.608
3555.729
3566.611
3568.097
3545.373
3548.427
3562.554
3563.370
3572.121
3553.819
3564.375
3569.487
3557.261
3554.736
3566.408
3548.986
3569.021
3550.825
3552.083
3557.940
3556.124
3567.769
3556.864
3542.747
3553.555
3550.033
3553.033
3566.357
3552.985
3559.557
3557.371
3568.888
3550.707
3567.273
3550.829
3553.909
3566.063
3558.590
3561.756
3553.485
3553.016
3558.549
3552.169
3548.766
3551.180
3570.301
3565.901
3564.488
3558.294
3565.242
3560.292
3555.948
3560.138
3568.351
3553.873
3541.657
3542.334
3570.626
3548.744
3556.174
3551.244
3560.354
3552.906
3553.063
3568.850
3560.121
3567.514
3571.769
3557.391
3566.504
3543.918
3566.060
3564.422
3560.420
3559.916
3549.071
3547.742
3567.042
3556.498
3564.973
3554.277
3562.608
3549.920
3551.132
3556.841
3547.490
3564.760
3569.168
3557.031
3552.374
3564.963
3566.678
3561.089
3554.936
3556.784
3570.760
3555.475
3554.188
3558.867
3540.857
3565.932
3545.382
3559.303
3550.860
3556.967
3551.505
3570.220
3565.742
3559.886
3555.447
3565.646
3552.966
3564.404
3561.991
3565.907
3553.081
3546.797
3563.269
3541.731
3547.845
3552.953
3560.130
3558.528
3563.479
3558.696
3571.359
3572.380
3568.871
3568.514
3554.167
3551.228
3556.689
3553.871
3551.207
3557.823
3564.180
3558.860
3555.231
3559.422
3571.919
3561.340
3553.492
3550.850
3567.026
3561.374
3552.485
3559.659
3568.862
3552.975
3559.604
3569.084
3568.555
3550.063
3558.153
3556.411
3553.300
3566.978
3566.656
3556.964
3570.556
3551.622
3551.803
3555.351
3551.798
3567.414
3558.954
3569.164
3555.626
3567.350
3568.102
3565.434
3573.054
3554.798
3554.553
3556.048
3563.653
3559.229
3557.112
3559.876
3556.883
3559.637
3563.632
3572.166
3559.401
3544.895
3552.938
3566.270
3553.078
3553.405
3548.512
3550.117
3560.531
3554.272
3554.512
3551.163
3549.579
3557.148
3570.899
3570.991
3564.253
3577.355
3571.968
3561.769
3567.890
3541.771
3553.075
3558.915
3551.500
3560.671
3545.180
3570.729
3549.198
3569.168
3567.798
3567.273
3555.484
3558.805
3553.678
3552.141
3556.738
3556.831
3564.867
3568.376
3547.806
3548.918
3560.902
3567.643
3558.317
3554.437
3563.975
3554.575
3566.256
3563.146
3565.070
3553.254
3552.811
3558.052
3552.485
3550.138
3556.299
3557.446
3567.396
3565.887
3552.169
3548.763
3561.611
3557.585
3546.197
3560.485
3567.277
3557.903
3566.393
3554.489
3562.888
3567.744
3552.587
3568.967
3553.814
3562.368
3548.280
3558.883
3562.099
3553.234
3557.168
3550.443
3559.336
3551.071
3558.840
3558.903
3554.542
3554.987
3571.156
3571.415
3548.954
3553.753
3557.308
3563.113
3560.917
3557.704
3551.169
3547.705
3569.667
3569.546
3544.682
3570.347
3567.216
3555.683
