0.1669921875 1
0.1727294921875 2
0.177734375 3
0.177734375 4
0.1787109375 5
0.205078125 6
0.21875 7
0.248046875 8
0.26171875 9
0.27001953125 10
0.28271484375 11
0.2890625 12
0.310546875 13
0.353515625 14
0.361328125 15
0.3828125 16
0.404296875 17
0.40875244140625 18
0.474609375 19
0.49755859375 20
0.501953125 21
0.5240478515625 22
0.5546875 23
0.5595703125 24
0.607421875 25
0.67919921875 26
0.69140625 27
0.71875 28
0.7236328125 29
0.806640625 30
0.828125 31
0.837890625 32
0.83935546875 33
0.84912109375 34
0.85546875 35
0.865234375 36
0.8916015625 37
0.91455078125 38
0.9306640625 39
0.9375 40
0.95263671875 41
1.05859375 42
1.0703125 43
1.08984375 44
1.126953125 45
1.1549072265625 46
1.22320556640625 47
1.232421875 48
1.34033203125 49
1.34588623046875 50
1.36328125 51
1.396484375 52
1.423828125 53
1.42529296875 54
1.44970703125 55
1.48046875 56
1.48583984375 57
1.486328125 58
1.53173828125 59
1.58154296875 60
1.662109375 61
1.70703125 62
1.79296875 63
1.810791015625 64
1.8125 65
1.830078125 66
1.841796875 67
1.865234375 68
1.904296875 69
1.9091796875 70
1.91796875 71
2.001953125 72
2.1796875 73
2.19921875 74
2.2431640625 75
2.259765625 76
2.3212890625 77
2.330078125 78
2.42578125 79
2.42626953125 80
2.57421875 81
2.59765625 82
2.59765625 83
2.59765625 84
2.73828125 85
2.7451171875 86
2.7822265625 87
2.79913330078125 88
2.83984375 89
2.96435546875 90
3.0078125 91
3.037109375 92
3.0751953125 93
3.13671875 94
3.166015625 95
3.2119140625 96
3.232421875 97
3.30340576171875 98
3.3564453125 99
3.4462890625 100
3.45703125 101
3.46044921875 102
3.4609375 103
3.637451171875 104
3.638671875 105
3.6552734375 106
3.65625 107
3.67047119140625 108
3.751953125 109
3.826171875 110
3.913398265838623 111
3.95703125 112
4.107421875 113
4.31494140625 114
4.5087890625 115
4.51953125 116
4.52734375 117
4.6884765625 118
4.900390625 119
4.94140625 120
5.126953125 121
5.162109375 122
5.2578125 123
5.31640625 124
5.513671875 125
5.5626220703125 126
5.640625 127
5.658203125 128
5.740234375 129
5.74609375 130
5.783203125 131
5.814453125 132
6.005859375 133
6.234375 134
6.38671875 135
6.39404296875 136
6.44921875 137
6.501953125 138
6.53192138671875 139
6.6923828125 140
6.8173828125 141
6.83203125 142
6.8975830078125 143
7.14453125 144
7.30169677734375 145
7.306640625 146
7.326171875 147
7.369140625 148
7.38671875 149
7.583984375 150
7.599609375 151
7.62109375 152
7.642578125 153
7.6474609375 154
7.986083984375 155
7.986328125 156
8.03125 157
8.04351806640625 158
8.0966796875 159
8.1640625 160
8.2896728515625 161
8.30078125 162
8.4443359375 163
8.583984375 164
8.6376953125 165
8.666015625 166
8.6953125 167
8.71484375 168
8.763427734375 169
8.779296875 170
8.818359375 171
9.248046875 172
9.611328125 173
9.798828125 174
9.87109375 175
9.9765625 176
9.978515625 177
9.986328125 178
10.0263671875 179
10.30859375 180
10.6796875 181
10.728515625 182
10.81298828125 183
10.8681640625 184
10.921875 185
10.947265625 186
10.9755859375 187
11.026123046875 188
11.041015625 189
11.041015625 190
11.201171875 191
11.330078125 192
11.513671875 193
11.76953125 194
11.80224609375 195
11.912109375 196
12.24853515625 197
12.42041015625 198
12.45263671875 199
12.544921875 200
12.640625 201
12.841796875 202
13.80078125 203
13.9560546875 204
13.96484375 205
14.2705078125 206
14.328125 207
14.556640625 208
14.787109375 209
15.0126953125 210
15.142333984375 211
15.33740234375 212
15.703125 213
15.732421875 214
15.751953125 215
15.978515625 216
16.13671875 217
16.564453125 218
16.6328125 219
17.3046875 220
17.5517578125 221
18.0625 222
18.09326171875 223
18.2197265625 224
18.3701171875 225
18.572265625 226
18.6650390625 227
18.7392578125 228
18.8505859375 229
19.1435546875 230
19.541748046875 231
19.556640625 232
20.5146484375 233
20.594970703125 234
20.861328125 235
20.927734375 236
22.138671875 237
22.177001953125 238
22.287109375 239
22.713134765625 240
22.91552734375 241
22.951171875 242
23.13623046875 243
23.193359375 244
24.09765625 245
24.17041015625 246
25.1513671875 247
25.54010009765625 248
26.1640625 249
26.255859375 250
26.287109375 251
26.30474853515625 252
26.744140625 253
27.490234375 254
27.5400390625 255
28.29833984375 256
28.4765625 257
29.0234375 258
29.060546875 259
30.304443359375 260
30.435546875 261
30.4921875 262
32.2421875 263
32.92333984375 264
33.203125 265
33.392578125 266
33.6875 267
34.17578125 268
34.2412109375 269
34.306640625 270
35.28515625 271
35.39697265625 272
35.837890625 273
35.873046875 274
37.5572509765625 275
39.220703125 276
40.2392578125 277
41.8076171875 278
42.3984375 279
43.6728515625 280
45.09735107421875 281
46.84075927734375 282
47.634765625 283
47.962890625 284
48.43212890625 285
49.16796875 286
50.93994140625 287
51.037109375 288
51.1015625 289
52.802734375 290
54.1640625 291
54.318359375 292
54.7109375 293
57.2578125 294
57.4443359375 295
58.46484375 296
60.2547607421875 297
60.744140625 298
61.15625 299
62.0478515625 300
62.55078125 301
63.62744140625 302
65.36328125 303
66.802734375 304
68.47265625 305
70.0 306
70.18951416015625 307
70.369140625 308
71.419921875 309
71.7646484375 310
72.9521484375 311
74.408203125 312
74.5771484375 313
74.88671875 314
75.6484375 315
75.705078125 316
75.779296875 317
77.0546875 318
77.412109375 319
77.498046875 320
82.9296875 321
86.16796875 322
110.23046875 323
118.6591796875 324
129.373046875 325
130.34375 326
130.60546875 327
136.546875 328
158.185546875 329
181.06787109375 330
191.16015625 331
196.43017578125 332
200.30078125 333
208.56640625 334
251.59716796875 335
275.9072265625 336
283.001953125 337
