0.1669921875 1
0.1727294921875 2
0.177734375 3
0.177734375 4
0.1787109375 5
0.205078125 6
0.21875 7
0.5546875 8
0.91455078125 9
0.9306640625 10
0.95263671875 11
1.05859375 12
1.08984375 13
1.34033203125 14
1.34588623046875 15
1.423828125 16
1.42529296875 17
1.44970703125 18
1.486328125 19
1.53173828125 20
1.79296875 21
1.810791015625 22
1.8125 23
1.830078125 24
1.841796875 25
1.865234375 26
1.904296875 27
1.91796875 28
2.259765625 29
2.3212890625 30
2.42578125 31
2.83984375 32
3.0078125 33
3.037109375 34
3.0751953125 35
3.166015625 36
3.30340576171875 37
3.637451171875 38
3.638671875 39
3.65625 40
3.826171875 41
3.95703125 42
4.107421875 43
4.52734375 44
4.900390625 45
4.94140625 46
5.162109375 47
5.2578125 48
5.31640625 49
5.513671875 50
5.658203125 51
5.814453125 52
6.234375 53
6.38671875 54
6.39404296875 55
6.501953125 56
6.6923828125 57
6.8173828125 58
6.8975830078125 59
7.30169677734375 60
7.306640625 61
7.38671875 62
7.599609375 63
7.642578125 64
7.6474609375 65
8.03125 66
8.04351806640625 67
8.0966796875 68
8.2896728515625 69
8.30078125 70
8.583984375 71
8.6376953125 72
8.6953125 73
8.779296875 74
8.818359375 75
9.248046875 76
9.611328125 77
9.9765625 78
9.978515625 79
9.986328125 80
10.6796875 81
10.728515625 82
10.8681640625 83
10.921875 84
10.947265625 85
10.9755859375 86
11.026123046875 87
11.041015625 88
11.041015625 89
11.330078125 90
11.513671875 91
11.76953125 92
11.80224609375 93
11.912109375 94
12.42041015625 95
12.45263671875 96
12.544921875 97
12.640625 98
12.841796875 99
13.9560546875 100
14.2705078125 101
14.328125 102
15.0126953125 103
15.142333984375 104
15.33740234375 105
15.751953125 106
16.6328125 107
17.3046875 108
18.09326171875 109
18.2197265625 110
18.3701171875 111
18.6650390625 112
18.7392578125 113
19.541748046875 114
19.556640625 115
20.5146484375 116
20.594970703125 117
22.138671875 118
22.177001953125 119
22.287109375 120
22.713134765625 121
22.91552734375 122
23.13623046875 123
24.09765625 124
25.1513671875 125
26.1640625 126
26.30474853515625 127
26.744140625 128
27.5400390625 129
29.0234375 130
33.203125 131
33.392578125 132
34.17578125 133
35.28515625 134
37.5572509765625 135
39.220703125 136
40.2392578125 137
41.8076171875 138
42.3984375 139
45.09735107421875 140
48.43212890625 141
49.16796875 142
50.93994140625 143
51.1015625 144
52.802734375 145
54.1640625 146
54.318359375 147
57.2578125 148
58.46484375 149
60.2547607421875 150
61.15625 151
62.0478515625 152
62.55078125 153
63.62744140625 154
66.802734375 155
68.47265625 156
70.0 157
70.369140625 158
71.419921875 159
74.408203125 160
74.88671875 161
75.6484375 162
75.779296875 163
77.0546875 164
77.498046875 165
82.9296875 166
86.16796875 167
110.23046875 168
118.6591796875 169
129.373046875 170
130.34375 171
158.185546875 172
181.06787109375 173
196.43017578125 174
200.30078125 175
251.59716796875 176
275.9072265625 177
283.001953125 178
