0.248046875 1
0.26171875 2
0.27001953125 3
0.28271484375 4
0.2890625 5
0.310546875 6
0.353515625 7
0.361328125 8
0.3828125 9
0.404296875 10
0.40875244140625 11
0.474609375 12
0.49755859375 13
0.501953125 14
0.5240478515625 15
0.5595703125 16
0.607421875 17
0.67919921875 18
0.69140625 19
0.71875 20
0.7236328125 21
0.806640625 22
0.828125 23
0.837890625 24
0.83935546875 25
0.84912109375 26
0.85546875 27
0.865234375 28
0.8916015625 29
0.9375 30
1.0703125 31
1.126953125 32
1.1549072265625 33
1.22320556640625 34
1.232421875 35
1.36328125 36
1.396484375 37
1.48046875 38
1.48583984375 39
1.58154296875 40
1.662109375 41
1.70703125 42
1.9091796875 43
2.001953125 44
2.1796875 45
2.19921875 46
2.2431640625 47
2.330078125 48
2.42626953125 49
2.57421875 50
2.59765625 51
2.59765625 52
2.59765625 53
2.73828125 54
2.7451171875 55
2.7822265625 56
2.79913330078125 57
2.96435546875 58
3.13671875 59
3.2119140625 60
3.232421875 61
3.3564453125 62
3.4462890625 63
3.45703125 64
3.46044921875 65
3.4609375 66
3.6552734375 67
3.67047119140625 68
3.751953125 69
3.913398265838623 70
4.31494140625 71
4.5087890625 72
4.51953125 73
4.6884765625 74
5.126953125 75
5.5626220703125 76
5.640625 77
5.740234375 78
5.74609375 79
5.783203125 80
6.005859375 81
6.44921875 82
6.53192138671875 83
6.83203125 84
7.14453125 85
7.326171875 86
7.369140625 87
7.583984375 88
7.62109375 89
7.986083984375 90
7.986328125 91
8.1640625 92
8.4443359375 93
8.666015625 94
8.71484375 95
8.763427734375 96
9.798828125 97
9.87109375 98
10.0263671875 99
10.30859375 100
10.81298828125 101
11.201171875 102
12.24853515625 103
13.80078125 104
13.96484375 105
14.556640625 106
14.787109375 107
15.703125 108
15.732421875 109
15.978515625 110
16.13671875 111
16.564453125 112
17.5517578125 113
18.0625 114
18.572265625 115
18.8505859375 116
19.1435546875 117
20.861328125 118
20.927734375 119
22.951171875 120
23.193359375 121
24.17041015625 122
25.54010009765625 123
26.255859375 124
26.287109375 125
27.490234375 126
28.29833984375 127
28.4765625 128
29.060546875 129
30.304443359375 130
30.435546875 131
30.4921875 132
32.2421875 133
32.92333984375 134
33.6875 135
34.2412109375 136
34.306640625 137
35.39697265625 138
35.837890625 139
35.873046875 140
43.6728515625 141
46.84075927734375 142
47.634765625 143
47.962890625 144
51.037109375 145
54.7109375 146
57.4443359375 147
60.744140625 148
65.36328125 149
70.18951416015625 150
71.7646484375 151
72.9521484375 152
74.5771484375 153
75.705078125 154
77.412109375 155
130.60546875 156
136.546875 157
191.16015625 158
208.56640625 159
