276.941 17.5814
1304.69 28.9305
804.206 19.2359
74.3214 10.1718
579.988 31.5724
709.328 36.2704
3262.8 92.4695
178.979 27.9915
214.961 17.2623
249.631 12.7742
1030.73 24.3106
1012.57 115.336
618.712 57.9335
31416.7 780.748
41.22 7.75336
283.682 19.8789
183.031 27.3492
250.31 17.9356
49.6567 54.2963
373.772 58.5233
318.744 36.9015
297.449 38.8951
261.14 31.4597
398.928 49.2706
991.23 272.507
84.9062 7.21407
93.8125 8.14792
275.268 144.551
88.4302 6.17179
848.006 33.7161
1635.93 43.5583
6870.16 139.728
20875.2 292.288
502.765 27.5945
1450.75 49.9855
2662.55 52.2684
74220.3 370.544
188.851 15.8537
221.896 17.5542
788.201 42.2287
311.77 26.4162
374.643 34.9203
194.409 12.8388
1873.94 171.179
14337.6 547.988
1667.96 152.717
48723.5 953.464
954.195 124.853
112.773 14.0418
119.336 13.5327
2799.96 81.9282
20.5978 6.78204
1075.01 52.1977
2465.89 247.12
2561.59 256.761
252.384 51.0753
182.446 35.3433
317.191 218.797
3649.2 44.0035
5.33761 31.9632
2.82085 2.9611
9874.91 83.2208
1439.28 36.6969
8041.31 131.488
183.116 14.5968
57.9332 10.2388
2805.03 53.1228
2110.19 80.2209
2608.13 108.232
4772.8 143.746
161.818 53.7992
513.567 70.3353
273.933 33.0451
3087.85 321.272
7011.77 387.535
442.601 121.053
192.442 67.765
817.262 247.4
908.02 172.699
22.2068 15.5965
699.114 70.0071
1155.71 66.786
127.802 28.2289
172.95 47.5311
0.618713 0.461612
1.03053 0.69334
0.512024 0.483683
0.550894 0.50548
0.465302 0.499968
1.17598 0.767742
0.323822 0.583792
1.3559 0.748083
1.34406 0.749628
1.35794 0.749915
124.582 30.3309
419.092 36.9893
487.276 44.1929
358.125 32.4359
378.162 34.4548
312.658 219.364
4265.72 78.7555
8051.55 292.358
31.7734 6.48385
49.3158 7.58477
82425.3 1328.42
6306.73 284.874
5141.5 224.368
5727.23 118.253
27119.3 171.44
159.848 118.768
3053.22 413.339
47490.5 217099
2550.94 12438.9
19300.7 108593
671.547 276.837
2145.02 542.078
3709.92 638.051
53323.1 716.629
50.4709 26.3148
31.0851 16.8776
278.562 87.985
1868.87 270.946
10383.3 506.141
4091.77 176.856
10077.3 454.403
27567.4 213.085
61480.8 471.682
13.1382 4.27231
2958.48 130.254
3314.33 148.711
549.764 88.1827
10905.2 407.76
5816.44 99.4861
150.305 66.5135
727.466 390.013
241.454 104.017
134.189 8.74913
147.169 21.5873
25.377 3.33925
43.7748 3.40878
166.01 8.85894
50.8555 6.32254
48.5939 4.40122
87.6753 10.2138
199.298 21.5503
133.985 8.05546
577.583 66.4246
90.6094 8.33714
79.0063 5.26263
798.525 14.7008
748.369 13.0702
1122.24 17.6377
1261.61 18.023
1092.43 16.3531
984.535 14.3785
1115.17 15.8474
1506.28 24.9985
1311.55 20.9678
1583.98 20.9025
1578.88 20.8713
1675.06 21.6142
1797.24 23.3242
419.599 12.5656
400.466 32.2426
31907.9 426.082
5983.09 30.4591
240.078 131.185
316.127 82.6223
2868.61 520.272
