248.949 7.72122
235.369 14.7303
2663.6 19.5069
179.774 9.6797
135.515 37.0738
91.3924 15.2172
32.1406 10.2466
383.833 50.611
385.018 45.5948
514.781 72.0525
276.199 9.50426
7175.87 2620.57
70.8986 15.7245
19.5822 5.65806
171.879 553.472
181.83 18.1352
0.0480347 0.193652
48439.5 741.081
34.8349 62.2529
1020.64 392.908
707.781 254.394
10327.3 1401.43
69.25 30.8716
22.8375 31.5595
1810.23 746.096
127.301 118.938
8893.79 2649.76
52.4609 104.514
250.783 16.9596
4459.98 213.113
800.071 13.1712
418.451 8.78457
1412.71 27.6801
375.921 21.4179
487.838 39.8283
739.836 71.7689
2450.07 42.6512
5010.11 68.6767
7758.57 295.147
2181.76 131.713
267.776 103.084
349.47 108.804
436.562 9.10208
352.526 4.55389
299.781 86.7163
221.244 7.30071
759.589 21.1744
2318.62 30.627
1519.92 20.3805
721.454 23.7043
1219.62 22.2921
1236.05 17.2237
1669.93 35.6512
66.3984 4.22048
237.398 42.0872
123.82 33.0015
168.961 10.7597
76.6831 4.06794
95.1338 6.53542
134.993 31.285
76.0781 4.7146
98.125 4.70368
205.508 8.86064
202.941 7.17148
303.28 11.5509
279.98 7.90972
458.023 13.3764
89.4445 2.93336
115.779 5.04458
139.487 5.07406
109.591 74.0245
501.672 50.8223
343.068 133.271
44.743 85.3796
116.96 58.4229
90.0993 47.1927
923.945 82.4865
572.289 66.0383
50.2845 43.5399
362.409 53.0456
112.164 65.7071
82.8652 30.1864
212.616 91.2484
6.81198 8.22579
69.5597 102.414
55.7687 91.8121
0.543243 0.579459
0.444336 0.498357
0.421814 0.496765
6.41995 16.7705
199.576 50.9981
87.2656 31.1759
112.918 30.7639
114.824 132.709
27.7718 33.1449
929.968 682.154
1014.75 115.794
1436.96 50.4611
220 6.68219
204.986 5.71981
10463.3 239.584
63.5904 155.572
357.422 19.7881
264.054 45.9537
416.074 38.4791
414.286 17.1402
30.8114 20.7367
14.8434 9.38539
91.2742 65.36
77.3242 26.0847
204.067 58.9712
276.428 80.2103
514.337 64.4022
38.0303 14.6402
2021.09 105.575
3810.12 663.757
11.5881 40.9887
190.907 528.348
583.728 2230.36
265.745 559.924
12.3333 42.6666
92.5273 228.86
320.599 1187.32
606.813 92.8996
450.873 69.9113
174.283 21.8233
6.95645 19.6779
47.7619 66.4513
1165.16 209.462
2813.16 82.0005
1090.37 148.832
871.323 99.9815
379.441 14.8567
18.8077 4.16143
171.848 200.882
718.603 140.162
59.365 26.9937
138.531 83.3465
2943.21 508.924
1254.14 1017.62
265.632 384.191
2808.03 3345.46
572.192 40.9737
1201.37 157.637
113.385 140.564
602.504 276.418
454.402 32.9258
493.762 60.4799
10.3682 9.20021
9.21518 7.53363
10.235 3.16636
72.1631 15.3916
108.233 11.0455
143.08 287.564
