1.01827 1
1.03141 2
1.04346 3
1.04366 4
1.07835 5
1.10453 6
1.11035 7
1.11382 8
1.12843 9
1.17654 10
1.21353 11
1.31674 12
1.32115 13
2.12088 14
2.29295 15
2.31933 16
3.08516 17
3.23784 18
3.28004 19
3.55505 20
3.6108 21
4.26845 22
4.35368 23
4.55517 24
4.69145 25
4.69732 26
5.32701 27
5.57146 28
6.77567 29
7.23071 30
7.28953 31
7.71107 32
8.38925 33
9.03488 34
9.08197 35
9.08482 36
9.52652 37
9.67124 38
10.0757 39
10.0952 40
10.1828 41
10.2075 42
10.5125 43
10.6577 44
11.0591 45
11.0744 46
11.2063 47
11.252 48
11.3004 49
11.3184 50
12.0695 51
12.6845 52
12.685 53
13.0768 54
13.078 55
13.1268 56
13.2797 57
13.5589 58
13.9847 59
14.0691 60
14.0745 61
14.0827 62
14.6824 63
14.8357 64
15.0298 65
15.0437 66
15.0578 67
15.0754 68
15.2489 69
16.0589 70
16.2634 71
16.3212 72
16.6692 73
16.68 74
17.2662 75
17.8701 76
18.5283 77
19.0577 78
19.0895 79
19.1745 80
19.2173 81
20.2696 82
20.4824 83
21.1193 84
22.2697 85
22.274 86
22.3428 87
23.2215 88
23.3118 89
24.0763 90
24.6966 91
25.3044 92
25.4624 93
25.4884 94
27.032 95
27.0834 96
27.5054 97
29.9728 98
30.0767 99
30.4383 100
31.1979 101
31.4476 102
32.4061 103
32.6447 104
33.962 105
34.0785 106
34.0842 107
34.3184 108
34.3215 109
35.0968 110
36.0536 111
36.6298 112
39.4654 113
39.7584 114
41.047 115
41.0499 116
41.0959 117
43.6335 118
43.8292 119
46.658 120
48.6158 121
48.8115 122
49.287 123
49.4107 124
49.5893 125
51.4907 126
53.3175 127
53.3428 128
54.5703 129
56.3185 130
56.7355 131
57.4186 132
58.0793 133
61.3164 134
63.0526 135
64.5019 136
64.5134 137
64.5214 138
67.1299 139
69.3151 140
70.0685 141
70.5802 142
71.5679 143
72.5728 144
72.9544 145
73.0601 146
73.5331 147
74.4476 148
74.5508 149
75.1279 150
76.1639 151
77.4681 152
77.9945 153
79.3373 154
81.8505 155
81.9057 156
82.2174 157
83.5557 158
84.1917 159
86.6774 160
87.8096 161
89.7727 162
90.1771 163
91.7477 164
94.5717 165
94.7237 166
96.0994 167
97.3399 168
98.4038 169
99.1553 170
99.3238 171
101.931 172
106.107 173
107.837 174
108.91 175
117.214 176
121.906 177
127.271 178
127.34 179
130.286 180
130.705 181
131.594 182
132.969 183
133.39 184
133.652 185
133.731 186
135.533 187
136.078 188
136.226 189
138.946 190
139.014 191
140.257 192
141.563 193
141.809 194
144.31 195
145.177 196
145.374 197
146.344 198
148.094 199
155.697 200
163.648 201
164.587 202
167.051 203
172.704 204
175.765 205
176.206 206
180.447 207
187.103 208
199.142 209
199.313 210
202.812 211
209.925 212
212.633 213
214.455 214
218.148 215
225.785 216
226.26 217
231.336 218
233.34 219
233.435 220
246.952 221
249.081 222
249.197 223
259.757 224
281.465 225
282.51 226
295.631 227
304.303 228
307.136 229
307.52 230
312.15 231
315.935 232
317.329 233
321.97 234
329.169 235
343.926 236
346.615 237
348.549 238
362.259 239
373.28 240
373.536 241
376.157 242
378.622 243
383.397 244
389.007 245
407.289 246
413.544 247
419.454 248
421.109 249
422.567 250
424.914 251
426.484 252
433.346 253
448.763 254
479.302 255
491.453 256
496.485 257
500.184 258
508.283 259
510.651 260
517.034 261
517.242 262
536.194 263
540.037 264
553.364 265
555.766 266
567.658 267
586.436 268
586.513 269
596.629 270
626.1 271
644.013 272
645.336 273
683.239 274
686.026 275
693.376 276
725.625 277
761.191 278
818.569 279
874.795 280
908.495 281
939.673 282
943.482 283
959.422 284
970.791 285
978.284 286
