0.095624 1
0.099031 2
0.185081 3
0.208686 4
0.297309 5
0.350246 6
0.362463 7
0.374923 8
0.384044 9
0.415018 10
0.426126 11
0.714471 12
0.722098 13
0.857098 14
1.154864 15
1.166141 16
1.695654 17
1.867181 18
1.941548 19
1.943346 20
2.660205 21
3.117906 22
3.619699 23
3.713151 24
4.434262 25
4.805160 26
5.269622 27
5.348488 28
5.430640 29
5.801740 30
5.918768 31
6.420517 32
7.029931 33
7.121427 34
7.222745 35
7.374977 36
7.484925 37
7.759097 38
8.252981 39
8.640605 40
8.817951 41
9.972733 42
10.565573 43
11.119164 44
11.870218 45
12.119589 46
13.111777 47
13.462797 48
14.130812 49
15.122714 50
15.216960 51
15.288516 52
16.130129 53
16.567024 54
16.744614 55
17.124722 56
19.827110 57
19.961067 58
20.618654 59
21.562550 60
22.124849 61
22.214327 62
23.371725 63
24.253790 64
24.672054 65
24.950216 66
25.124275 67
26.611832 68
27.145430 69
27.700243 70
28.174728 71
28.176384 72
28.889311 73
29.952116 74
29.986275 75
30.072273 76
30.673979 77
31.274498 78
31.325674 79
31.390455 80
31.654385 81
31.733728 82
31.941933 83
32.745235 84
33.029053 85
33.272827 86
34.002773 87
34.405544 88
35.613483 89
37.111347 90
37.118500 91
37.881287 92
39.341114 93
39.638840 94
39.861393 95
41.902931 96
42.748108 97
44.147411 98
45.123917 99
45.628754 100
47.127625 101
47.427395 102
49.316021 103
49.462299 104
49.606472 105
52.124390 106
52.163616 107
52.515099 108
55.124695 109
55.205521 110
56.041542 111
59.075535 112
59.295643 113
63.009193 114
64.704071 115
65.203186 116
66.279030 117
68.660408 118
70.164970 119
70.541016 120
72.499550 121
74.187225 122
75.108528 123
75.319542 124
76.182121 125
77.294052 126
78.903038 127
80.627342 128
82.148491 129
82.579414 130
87.666992 131
88.291603 132
88.604568 133
88.652542 134
90.432457 135
91.256416 136
95.159119 137
96.452995 138
97.066315 139
97.348213 140
102.672966 141
103.806122 142
105.787338 143
107.027649 144
107.363655 145
110.877068 146
111.152184 147
113.148438 148
114.915558 149
116.880943 150
118.467232 151
120.141411 152
121.380547 153
127.140152 154
130.681580 155
138.122650 156
138.546967 157
139.149689 158
139.995178 159
147.861237 160
151.901611 161
154.136719 162
154.630051 163
155.662079 164
157.769073 165
162.886414 166
166.577606 167
170.152161 168
172.845215 169
174.090134 170
174.128906 171
175.283630 172
179.139374 173
179.387085 174
183.722626 175
186.221832 176
190.321808 177
191.451599 178
193.640244 179
193.698517 180
199.243347 181
202.738037 182
207.084290 183
209.706436 184
212.934677 185
213.603867 186
214.514038 187
236.194595 188
240.163910 189
241.010910 190
241.182831 191
245.655212 192
248.732025 193
251.868454 194
260.124908 195
260.491943 196
280.187866 197
283.802917 198
311.105957 199
313.749512 200
322.261047 201
325.731781 202
357.456421 203
386.337555 204
389.378967 205
399.593872 206
402.442291 207
403.527313 208
406.279419 209
406.453033 210
408.843231 211
421.496124 212
433.138733 213
452.823181 214
471.310394 215
474.984039 216
489.745453 217
496.206848 218
513.138367 219
514.720581 220
538.208313 221
553.983704 222
564.148132 223
570.028442 224
575.721924 225
594.288818 226
596.477173 227
606.907837 228
611.114319 229
626.725708 230
635.635864 231
653.376160 232
661.192322 233
668.219788 234
687.463928 235
704.407288 236
748.048035 237
778.764709 238
786.592651 239
789.397156 240
799.555786 241
805.368652 242
826.154358 243
881.325256 244
891.499390 245
892.190125 246
899.308838 247
911.596191 248
916.035950 249
925.066528 250
928.586243 251
985.935303 252
