0.557 1
0.557 2
0.658 3
0.859 4
1.258 5
1.370 6
1.661 7
2.062 8
2.160 9
2.659 10
3.164 11
3.460 12
3.463 13
4.262 14
4.265 15
4.565 16
4.574 17
4.662 18
4.663 19
4.767 20
4.862 21
4.875 22
5.064 23
5.267 24
5.563 25
5.768 26
6.063 27
6.070 28
6.465 29
7.064 30
7.266 31
7.466 32
7.467 33
7.471 34
7.563 35
7.666 36
7.867 37
7.965 38
8.375 39
8.468 40
8.469 41
8.574 42
8.770 43
8.771 44
8.971 45
9.068 46
9.082 47
9.571 48
9.772 49
9.869 50
10.366 51
10.370 52
10.671 53
10.694 54
11.172 55
11.670 56
11.675 57
11.972 58
12.270 59
12.367 60
12.372 61
12.468 62
12.571 63
13.176 64
13.271 65
13.272 66
13.470 67
13.569 68
13.985 69
15.078 70
15.474 71
15.972 72
16.287 73
16.580 74
16.696 75
17.979 76
18.379 77
18.991 78
19.073 79
19.275 80
19.474 81
19.576 82
19.677 83
19.990 84
20.703 85
20.777 86
20.973 87
21.303 88
21.609 89
22.476 90
22.675 91
22.681 92
22.877 93
22.978 94
23.277 95
23.802 96
24.476 97
24.676 98
25.025 99
25.282 100
26.013 101
26.085 102
27.385 103
27.681 104
27.884 105
28.274 106
28.490 107
28.789 108
29.481 109
29.481 110
29.580 111
29.957 112
30.082 113
30.286 114
30.384 115
30.884 116
34.893 117
35.986 118
36.289 119
39.686 120
40.893 121
41.191 122
41.490 123
45.593 124
47.697 125
48.594 126
49.326 127
50.927 128
53.336 129
53.903 130
54.252 131
56.606 132
57.610 133
58.095 134
58.634 135
59.110 136
60.107 137
60.108 138
60.609 139
63.409 140
64.204 141
64.226 142
68.509 143
68.911 144
70.023 145
71.628 146
78.217 147
79.724 148
80.756 149
82.932 150
84.249 151
84.816 152
85.618 153
90.125 154
91.630 155
91.635 156
92.325 157
92.621 158
94.222 159
96.832 160
97.558 161
97.981 162
100.165 163
101.039 164
103.440 165
104.937 166
107.734 167
109.036 168
111.949 169
115.042 170
115.553 171
116.049 172
116.943 173
118.258 174
119.447 175
119.452 176
121.242 177
121.858 178
123.645 179
124.449 180
125.181 181
127.547 182
129.186 183
129.250 184
129.852 185
135.667 186
136.070 187
137.571 188
142.854 189
143.886 190
149.177 191
151.599 192
154.169 193
156.101 194
157.491 195
165.883 196
176.423 197
178.595 198
181.588 199
181.787 200
182.492 201
188.066 202
190.644 203
191.212 204
191.715 205
194.943 206
195.033 207
196.811 208
201.387 209
202.503 210
204.333 211
206.020 212
209.497 213
215.130 214
218.110 215
219.519 216
221.402 217
230.606 218
231.540 219
234.728 220
234.857 221
244.045 222
245.615 223
252.044 224
258.855 225
261.355 226
267.240 227
274.636 228
276.897 229
279.727 230
280.862 231
290.593 232
301.992 233
306.907 234
323.965 235
324.723 236
332.013 237
360.634 238
364.595 239
374.039 240
379.823 241
384.262 242
390.456 243
396.654 244
397.442 245
438.561 246
444.083 247
449.171 248
462.955 249
463.662 250
477.020 251
481.090 252
486.803 253
497.127 254
502.661 255
522.887 256
525.210 257
526.005 258
531.422 259
537.206 260
553.547 261
556.348 262
565.513 263
583.353 264
584.655 265
615.616 266
621.352 267
633.282 268
656.373 269
669.892 270
671.581 271
689.647 272
746.042 273
751.240 274
787.218 275
790.562 276
808.469 277
810.018 278
811.479 279
830.344 280
830.947 281
846.682 282
854.531 283
865.540 284
923.237 285
