0.457 1
0.458 2
0.557 3
0.557 4
0.557 5
0.557 6
0.559 7
0.658 8
0.660 9
0.758 10
0.759 11
0.759 12
0.759 13
1.058 14
1.058 15
1.158 16
1.262 17
1.362 18
1.469 19
1.563 20
1.572 21
2.161 22
2.772 23
2.872 24
2.962 25
3.365 26
3.864 27
3.866 28
4.371 29
4.976 30
5.664 31
6.064 32
6.466 33
6.466 34
6.568 35
6.964 36
6.967 37
7.369 38
7.468 39
7.669 40
7.969 41
8.474 42
8.565 43
8.673 44
8.764 45
8.867 46
8.965 47
9.367 48
10.085 49
10.381 50
10.383 51
10.476 52
10.669 53
11.070 54
11.272 55
11.673 56
11.778 57
11.968 58
12.472 59
12.476 60
12.478 61
12.576 62
12.871 63
12.971 64
13.173 65
13.174 66
13.574 67
14.184 68
14.375 69
14.571 70
14.582 71
14.881 72
15.197 73
15.273 74
15.400 75
15.887 76
16.072 77
16.184 78
16.478 79
16.671 80
17.275 81
17.573 82
17.682 83
17.993 84
18.220 85
18.780 86
19.175 87
19.198 88
19.401 89
19.777 90
19.981 91
20.177 92
20.476 93
20.477 94
20.880 95
20.891 96
21.107 97
21.176 98
21.496 99
21.682 100
22.073 101
22.384 102
23.183 103
23.385 104
23.482 105
23.593 106
23.683 107
24.082 108
24.316 109
24.594 110
25.477 111
26.083 112
26.086 113
26.772 114
29.397 115
29.686 116
30.235 117
30.782 118
31.089 119
32.788 120
32.996 121
33.426 122
34.086 123
34.689 124
35.690 125
36.592 126
36.892 127
37.558 128
37.992 129
38.589 130
38.657 131
38.724 132
38.991 133
38.996 134
39.104 135
39.602 136
40.886 137
42.699 138
43.697 139
45.092 140
46.396 141
46.995 142
47.484 143
47.652 144
47.897 145
47.921 146
48.095 147
48.355 148
48.486 149
48.701 150
48.795 151
48.896 152
50.296 153
52.389 154
52.412 155
53.800 156
55.512 157
57.712 158
60.700 159
66.818 160
68.222 161
68.596 162
68.825 163
70.611 164
70.913 165
71.131 166
71.424 167
72.013 168
72.728 169
73.118 170
73.339 171
74.825 172
78.116 173
78.434 174
78.615 175
80.056 176
82.271 177
83.521 178
86.332 179
86.514 180
90.499 181
92.847 182
97.043 183
101.442 184
102.536 185
103.838 186
105.849 187
107.842 188
107.857 189
110.154 190
111.062 191
114.264 192
115.539 193
116.754 194
118.453 195
119.559 196
119.860 197
123.177 198
125.465 199
127.656 200
127.874 201
128.469 202
128.661 203
129.350 204
134.356 205
135.068 206
136.754 207
137.064 208
143.470 209
143.553 210
144.774 211
145.279 212
150.176 213
151.986 214
155.272 215
156.797 216
156.974 217
160.573 218
162.175 219
166.478 220
169.884 221
172.788 222
175.479 223
178.486 224
178.708 225
183.193 226
186.818 227
190.804 228
198.583 229
198.809 230
208.196 231
208.501 232
208.514 233
212.419 234
212.716 235
214.018 236
217.729 237
221.116 238
224.515 239
228.537 240
231.531 241
234.445 242
237.948 243
251.344 244
252.743 245
260.354 246
262.732 247
268.656 248
274.167 249
274.441 250
292.786 251
296.284 252
302.268 253
302.382 254
306.373 255
311.185 256
331.797 257
335.708 258
345.515 259
360.007 260
360.106 261
366.296 262
384.734 263
390.813 264
397.942 265
404.150 266
409.524 267
420.147 268
433.777 269
435.660 270
438.291 271
467.664 272
471.077 273
476.110 274
481.757 275
490.399 276
493.514 277
502.596 278
510.702 279
519.586 280
520.819 281
545.557 282
556.815 283
561.874 284
562.119 285
619.698 286
695.662 287
712.502 288
742.139 289
800.633 290
821.880 291
895.615 292
905.879 293
952.643 294
960.219 295
