0.197265625 1
0.238525390625 2
0.242431640625 3
0.255859375 4
0.26806640625 5
0.29296875 6
0.296875 7
0.3017578125 8
0.30224609375 9
0.306640625 10
0.30859375 11
0.3115234375 12
0.35986328125 13
0.36572265625 14
0.451171875 15
0.4677734375 16
0.52001953125 17
0.5625 18
0.57421875 19
0.624755859375 20
0.6904296875 21
0.693359375 22
0.7421875 23
0.7744140625 24
0.9169921875 25
0.9951171875 26
1.095703125 27
1.119140625 28
1.6044921875 29
1.6640625 30
1.76025390625 31
1.9110107421875 32
2.01806640625 33
2.14453125 34
2.166015625 35
2.1875 36
2.3046875 37
2.3623046875 38
2.583984375 39
2.6171875 40
2.650390625 41
2.66015625 42
2.6669921875 43
2.67578125 44
2.70703125 45
2.7674560546875 46
2.931640625 47
3.132080078125 48
3.18603515625 49
3.208984375 50
3.361328125 51
3.4140625 52
3.521484375 53
3.748046875 54
3.76171875 55
3.81640625 56
3.8271484375 57
3.890625 58
3.8955078125 59
4.119140625 60
4.134765625 61
4.197265625 62
4.5595703125 63
4.568359375 64
4.589111328125 65
4.64208984375 66
4.6787109375 67
4.6851043701171875 68
4.7041015625 69
4.732421875 70
4.98046875 71
5.1396484375 72
5.1904296875 73
5.1943359375 74
5.41241455078125 75
5.5234375 76
5.673828125 77
5.68359375 78
5.69482421875 79
5.7978515625 80
5.880859375 81
6.278564453125 82
6.3603515625 83
6.494140625 84
6.6591796875 85
7.150390625 86
7.2001953125 87
7.2822265625 88
7.400390625 89
7.4169921875 90
7.560546875 91
7.58251953125 92
7.6669921875 93
7.8388671875 94
8.001953125 95
8.25341796875 96
8.359375 97
8.447265625 98
8.50390625 99
8.92578125 100
9.140625 101
9.16845703125 102
9.294921875 103
9.5341796875 104
9.634765625 105
9.74609375 106
9.81298828125 107
9.93359375 108
9.986328125 109
10.0693359375 110
10.1513671875 111
10.1982421875 112
10.2490234375 113
10.327089309692383 114
10.33984375 115
10.347900390625 116
10.435546875 117
10.970703125 118
11.076171875 119
11.08203125 120
11.226806640625 121
11.4052734375 122
11.4453125 123
11.53125 124
11.66845703125 125
12.65625 126
13.390625 127
13.81982421875 128
14.220703125 129
14.26171875 130
14.2998046875 131
14.4453125 132
15.015625 133
15.048828125 134
15.8125 135
15.875 136
16.1865234375 137
16.248046875 138
16.416015625 139
16.5400390625 140
16.7119140625 141
17.095703125 142
17.166015625 143
17.361328125 144
17.44091796875 145
17.62109375 146
17.8203125 147
17.9306640625 148
19.306640625 149
19.36474609375 150
20.17413330078125 151
20.26806640625 152
21.181640625 153
21.869140625 154
22.3349609375 155
23.8818359375 156
24.5439453125 157
24.662109375 158
24.708984375 159
24.9111328125 160
25.068359375 161
25.154296875 162
25.158203125 163
25.80078125 164
25.87109375 165
26.018798828125 166
26.322265625 167
26.4150390625 168
26.745849609375 169
27.3203125 170
27.681640625 171
27.68359375 172
27.736328125 173
27.8759765625 174
28.57421875 175
28.6162109375 176
28.623046875 177
28.690185546875 178
28.992919921875 179
29.033203125 180
29.49560546875 181
29.5078125 182
29.822265625 183
29.984375 184
30.5390625 185
31.4208984375 186
31.4609375 187
31.728515625 188
32.533203125 189
33.2666015625 190
33.2763671875 191
34.16015625 192
34.4599609375 193
35.0673828125 194
35.1591796875 195
35.177734375 196
35.341796875 197
35.3583984375 198
35.71875 199
36.61749267578125 200
36.68115234375 201
36.7783203125 202
37.326171875 203
37.3505859375 204
37.498046875 205
40.1611328125 206
40.1689453125 207
40.8291015625 208
41.20263671875 209
41.625 210
42.6416015625 211
42.744140625 212
42.962890625 213
44.5625 214
45.287109375 215
47.298828125 216
51.6513671875 217
52.19580078125 218
52.43359375 219
53.220703125 220
53.6484375 221
55.39453125 222
56.5869140625 223
57.17138671875 224
57.9625244140625 225
58.478515625 226
60.50390625 227
61.11328125 228
61.146484375 229
61.427734375 230
62.013671875 231
62.9140625 232
63.55078125 233
64.3095703125 234
69.0032958984375 235
70.263671875 236
71.455810546875 237
73.7490234375 238
75.1241455078125 239
77.265625 240
77.302734375 241
77.946044921875 242
78.30859375 243
78.520263671875 244
78.962890625 245
79.0479736328125 246
79.40625 247
81.07373046875 248
82.3486328125 249
83.720703125 250
84.0771484375 251
85.1025390625 252
86.1103515625 253
88.494140625 254
92.66943359375 255
93.051513671875 256
93.16015625 257
94.0693359375 258
94.1337890625 259
94.5625 260
98.53125 261
100.06396484375 262
102.24267578125 263
106.880859375 264
107.3447265625 265
107.722900390625 266
109.80859375 267
110.03515625 268
111.232421875 269
112.462890625 270
113.431640625 271
113.66015625 272
119.537353515625 273
119.690673828125 274
119.9873046875 275
129.6328125 276
131.8759765625 277
140.361328125 278
141.7705078125 279
146.861328125 280
147.726806640625 281
150.662109375 282
151.867919921875 283
152.74609375 284
156.14306640625 285
157.619140625 286
160.712890625 287
169.62353515625 288
171.166015625 289
175.24609375 290
176.056640625 291
176.203125 292
177.3603515625 293
193.984375 294
202.626953125 295
205.373046875 296
211.05078125 297
214.471435546875 298
214.736328125 299
220.72900390625 300
225.25921630859375 301
226.59506225585938 302
230.4775390625 303
246.759765625 304
265.745361328125 305
274.2265625 306
290.451171875 307
295.294921875 308
