0.238525390625 1
0.255859375 2
0.296875 3
0.35986328125 4
0.36572265625 5
0.4677734375 6
0.57421875 7
0.7744140625 8
2.14453125 9
2.166015625 10
2.1875 11
2.6171875 12
2.650390625 13
2.66015625 14
2.6669921875 15
2.67578125 16
2.7674560546875 17
2.931640625 18
3.132080078125 19
3.748046875 20
3.81640625 21
4.119140625 22
4.6851043701171875 23
4.732421875 24
5.1396484375 25
5.7978515625 26
7.150390625 27
7.2822265625 28
7.8388671875 29
9.634765625 30
9.74609375 31
9.93359375 32
10.1513671875 33
10.1982421875 34
10.2490234375 35
10.33984375 36
10.435546875 37
10.970703125 38
11.226806640625 39
11.4052734375 40
11.53125 41
11.66845703125 42
13.390625 43
14.220703125 44
14.2998046875 45
16.248046875 46
16.416015625 47
16.5400390625 48
17.095703125 49
17.166015625 50
17.62109375 51
17.8203125 52
17.9306640625 53
19.306640625 54
21.181640625 55
22.3349609375 56
23.8818359375 57
24.662109375 58
24.708984375 59
25.068359375 60
25.158203125 61
25.80078125 62
25.87109375 63
26.018798828125 64
26.322265625 65
26.4150390625 66
26.745849609375 67
27.68359375 68
28.992919921875 69
29.49560546875 70
29.5078125 71
29.984375 72
32.533203125 73
33.2666015625 74
34.16015625 75
35.341796875 76
36.68115234375 77
36.7783203125 78
37.3505859375 79
37.498046875 80
40.1611328125 81
40.1689453125 82
41.20263671875 83
41.625 84
42.6416015625 85
42.744140625 86
42.962890625 87
44.5625 88
45.287109375 89
51.6513671875 90
52.19580078125 91
53.220703125 92
53.6484375 93
56.5869140625 94
57.9625244140625 95
60.50390625 96
61.146484375 97
61.427734375 98
62.013671875 99
62.9140625 100
63.55078125 101
69.0032958984375 102
71.455810546875 103
73.7490234375 104
75.1241455078125 105
77.265625 106
77.302734375 107
77.946044921875 108
78.30859375 109
78.520263671875 110
78.962890625 111
79.40625 112
81.07373046875 113
82.3486328125 114
83.720703125 115
84.0771484375 116
85.1025390625 117
88.494140625 118
92.66943359375 119
93.16015625 120
94.0693359375 121
94.5625 122
102.24267578125 123
107.722900390625 124
109.80859375 125
110.03515625 126
111.232421875 127
113.66015625 128
119.537353515625 129
119.9873046875 130
129.6328125 131
131.8759765625 132
140.361328125 133
141.7705078125 134
146.861328125 135
147.726806640625 136
150.662109375 137
152.74609375 138
156.14306640625 139
160.712890625 140
169.62353515625 141
175.24609375 142
176.056640625 143
177.3603515625 144
202.626953125 145
205.373046875 146
211.05078125 147
214.736328125 148
220.72900390625 149
225.25921630859375 150
230.4775390625 151
246.759765625 152
265.745361328125 153
290.451171875 154
295.294921875 155
