0.197265625 1
0.242431640625 2
0.26806640625 3
0.29296875 4
0.3017578125 5
0.30224609375 6
0.306640625 7
0.30859375 8
0.3115234375 9
0.451171875 10
0.52001953125 11
0.5625 12
0.624755859375 13
0.6904296875 14
0.693359375 15
0.7421875 16
0.9169921875 17
0.9951171875 18
1.095703125 19
1.119140625 20
1.6044921875 21
1.6640625 22
1.76025390625 23
1.9110107421875 24
2.01806640625 25
2.3046875 26
2.3623046875 27
2.583984375 28
2.70703125 29
3.18603515625 30
3.208984375 31
3.361328125 32
3.4140625 33
3.521484375 34
3.76171875 35
3.8271484375 36
3.890625 37
3.8955078125 38
4.134765625 39
4.197265625 40
4.5595703125 41
4.568359375 42
4.589111328125 43
4.64208984375 44
4.6787109375 45
4.7041015625 46
4.98046875 47
5.1904296875 48
5.1943359375 49
5.41241455078125 50
5.5234375 51
5.673828125 52
5.68359375 53
5.69482421875 54
5.880859375 55
6.278564453125 56
6.3603515625 57
6.494140625 58
6.6591796875 59
7.2001953125 60
7.400390625 61
7.4169921875 62
7.560546875 63
7.58251953125 64
7.6669921875 65
8.001953125 66
8.25341796875 67
8.359375 68
8.447265625 69
8.50390625 70
8.92578125 71
9.140625 72
9.16845703125 73
9.294921875 74
9.5341796875 75
9.81298828125 76
9.986328125 77
10.0693359375 78
10.327089309692383 79
10.347900390625 80
11.076171875 81
11.08203125 82
11.4453125 83
12.65625 84
13.81982421875 85
14.26171875 86
14.4453125 87
15.015625 88
15.048828125 89
15.8125 90
15.875 91
16.1865234375 92
16.7119140625 93
17.361328125 94
17.44091796875 95
19.36474609375 96
20.17413330078125 97
20.26806640625 98
21.869140625 99
24.5439453125 100
24.9111328125 101
25.154296875 102
27.3203125 103
27.681640625 104
27.736328125 105
27.8759765625 106
28.57421875 107
28.6162109375 108
28.623046875 109
28.690185546875 110
29.033203125 111
29.822265625 112
30.5390625 113
31.4208984375 114
31.4609375 115
31.728515625 116
33.2763671875 117
34.4599609375 118
35.0673828125 119
35.1591796875 120
35.177734375 121
35.3583984375 122
35.71875 123
36.61749267578125 124
37.326171875 125
40.8291015625 126
47.298828125 127
52.43359375 128
55.39453125 129
57.17138671875 130
58.478515625 131
61.11328125 132
64.3095703125 133
70.263671875 134
79.0479736328125 135
86.1103515625 136
93.051513671875 137
94.1337890625 138
98.53125 139
100.06396484375 140
106.880859375 141
107.3447265625 142
112.462890625 143
113.431640625 144
119.690673828125 145
151.867919921875 146
157.619140625 147
171.166015625 148
176.203125 149
193.984375 150
214.471435546875 151
226.59506225585938 152
274.2265625 153
