0.242 1
1.035 2
1.206 3
1.34 4
1.433 5
1.551 6
1.618 7
2.127 8
2.262 9
2.875 10
3.676 11
3.779 12
4.541 13
4.551 14
4.685 15
4.835 16
4.993 17
5.787 18
6.339 19
6.675 20
6.801 21
6.991 22
7.147 23
7.503 24
7.719 25
7.945 26
9.891 27
12.342 28
12.72 29
14.322 30
14.708 31
16.918 32
16.999 33
18.252 34
19.731 35
20.325 36
21.597 37
21.675 38
23.405 39
26.285 40
26.305 41
26.815 42
29.682 43
30.623 44
31.307 45
32.242 46
35.035 47
35.707 48
36.282 49
38.201 50
38.506 51
38.587 52
39.073 53
39.333 54
40.752 55
41.318 56
41.397 57
41.781 58
42.021 59
43.838 60
44.557 61
45.599 62
48.137 63
51.018 64
51.516 65
52.976 66
54.81 67
55.628 68
55.653 69
60.256 70
61.2 71
61.623 72
62.717 73
62.964 74
63.29 75
73.674 76
75.837 77
76.026 78
76.322 79
78.774 80
80.374 81
84.855 82
85.732 83
86.428 84
89.589 85
91.023 86
92.478 87
93.89 88
97.798 89
99.558 90
101.193 91
102.281 92
103.226 93
103.365 94
114.33 95
116.035 96
116.233 97
118.88 98
120.816 99
123.453 100
128.461 101
128.944 102
135.381 103
136.516 104
141.634 105
144.567 106
145.838 107
152.984 108
155.261 109
158.966 110
160.932 111
162.08 112
165.292 113
175.672 114
178.75 115
180.903 116
180.954 117
181.419 118
190.116 119
191.081 120
192.329 121
192.353 122
194.517 123
203.566 124
210.394 125
211.119 126
212.721 127
225.199 128
230.393 129
233.068 130
237.074 131
241.182 132
241.704 133
244.171 134
250.608 135
255.628 136
255.632 137
255.895 138
257.6 139
268.011 140
276.468 141
277.855 142
279.151 143
279.838 144
281.895 145
287.83 146
293.795 147
304.599 148
305.426 149
307.78 150
307.998 151
311.149 152
324.493 153
325.252 154
326.176 155
329.114 156
332.511 157
334.638 158
343.326 159
343.394 160
347.399 161
355.007 162
360.12 163
374.207 164
377.579 165
384.812 166
388.425 167
399.422 168
417.074 169
454.927 170
468.196 171
477.259 172
498.565 173
503.251 174
514.641 175
521.191 176
527.39 177
534.181 178
547.241 179
549.059 180
558.671 181
577.304 182
584.964 183
625.848 184
631.077 185
632.275 186
640.13 187
650.081 188
652.61 189
663.081 190
664.142 191
678.059 192
717.336 193
722.145 194
745.423 195
745.678 196
763.933 197
764.598 198
764.876 199
765.138 200
768.182 201
769.582 202
770.855 203
803.478 204
836.553 205
900.539 206
921.291 207
930.251 208
933.398 209
937.38 210
941.392 211
957.258 212
959.33 213
971.037 214
972.323 215
978.35 216
