1.035 1
1.039 2
1.044 3
1.046 4
1.047 5
1.059 6
1.074 7
1.078 8
1.079 9
1.08 10
1.08 11
1.133 12
1.181 13
1.182 14
2.096 15
2.11 16
2.129 17
2.152 18
2.186 19
3.041 20
3.042 21
3.042 22
3.078 23
3.175 24
3.194 25
3.427 26
4.067 27
4.1 28
4.103 29
4.173 30
4.297 31
4.326 32
4.68 33
4.96 34
5.138 35
5.142 36
5.144 37
5.168 38
5.2 39
5.355 40
5.417 41
5.567 42
5.569 43
5.631 44
6.415 45
6.42 46
6.421 47
6.438 48
6.59 49
7.045 50
7.058 51
7.058 52
7.069 53
7.173 54
7.359 55
7.417 56
7.421 57
8.055 58
8.057 59
8.059 60
8.099 61
8.114 62
8.134 63
8.256 64
8.304 65
8.419 66
8.474 67
9.302 68
9.419 69
10.038 70
10.059 71
10.059 72
10.166 73
11.06 74
11.06 75
11.061 76
11.064 77
11.161 78
11.201 79
12.138 80
12.143 81
12.358 82
13.053 83
13.06 84
13.123 85
13.219 86
13.471 87
13.729 88
13.904 89
15.116 90
15.128 91
16.038 92
16.555 93
17.176 94
18.062 95
18.171 96
18.175 97
18.34 98
19.149 99
19.172 100
19.174 101
19.244 102
19.355 103
20.639 104
22.059 105
22.063 106
22.119 107
23.106 108
23.274 109
23.455 110
24.064 111
24.397 112
25.112 113
26.079 114
26.355 115
27.068 116
27.505 117
27.565 118
29.069 119
29.148 120
29.369 121
29.433 122
29.809 123
30.052 124
30.079 125
32.281 126
32.316 127
32.476 128
34.14 129
34.904 130
34.997 131
35.255 132
35.49 133
36.144 134
37.061 135
37.586 136
38.174 137
38.311 138
39.762 139
40.225 140
41.2 141
42.459 142
42.51 143
43.593 144
43.68 145
43.869 146
44.297 147
44.963 148
45.648 149
45.872 150
46.32 151
46.618 152
47.261 153
47.818 154
48.171 155
48.178 156
48.691 157
49.131 158
49.258 159
50.449 160
51.051 161
51.178 162
51.213 163
53.604 164
55.122 165
55.671 166
58.011 167
58.042 168
58.219 169
58.709 170
58.997 171
59.528 172
61.43 173
63.717 174
64.074 175
66.074 176
66.407 177
69.273 178
70.198 179
73.756 180
75.545 181
75.734 182
76.189 183
76.929 184
78.154 185
78.428 186
86.125 187
88.261 188
89.198 189
90.143 190
90.977 191
93.058 192
94.249 193
95.632 194
95.706 195
96.374 196
98.085 197
100.057 198
100.061 199
100.099 200
107.055 201
107.754 202
108.068 203
111.632 204
113.471 205
116.592 206
120.356 207
120.377 208
122.139 209
127.262 210
127.646 211
131.261 212
131.577 213
133.551 214
134.891 215
141.552 216
142.345 217
143.161 218
148.035 219
157.093 220
159.032 221
163.156 222
163.65 223
166.259 224
170.566 225
172.216 226
173.357 227
174.151 228
175.187 229
180.553 230
180.796 231
181.391 232
192.855 233
193.12 234
202.213 235
203.385 236
204.464 237
213.432 238
216.384 239
218.097 240
220.427 241
228.83 242
230.091 243
231.444 244
231.752 245
234.603 246
242.07 247
248.336 248
251.521 249
254.501 250
255.098 251
259.72 252
268.302 253
268.955 254
280.214 255
282.159 256
289.155 257
290.411 258
291.281 259
291.565 260
300.217 261
310.938 262
315.753 263
322.109 264
327.173 265
337.185 266
347.107 267
356.576 268
366.144 269
409.1 270
410.893 271
420.314 272
437.267 273
464.557 274
481.135 275
499.693 276
501.711 277
503.001 278
530.121 279
577.115 280
587.252 281
596.135 282
619.691 283
648.796 284
680.288 285
702.163 286
705.999 287
741.126 288
769.493 289
781.107 290
823.719 291
831.549 292
861.795 293
887.207 294
904.165 295
908.556 296
909.12 297
911.163 298
922.133 299
960.553 300
1108.745 301
1127.204 302
1187.195 303
1189.254 304
1192.143 305
1238.03 306
1297.279 307
1377.784 308
1487.259 309
1511.611 310
1584.222 311
1918.548 312
1929.81 313
2191.219 314
2220.824 315
2474.773 316
2568.326 317
2696.15 318
2767.175 319
3282.636 320
3476.363 321
3695.707 322
3956.437 323
4321.456 324
4377.715 325
4700.743 326
