2.302 1
2.302 2
2.311 3
2.312 4
2.316 5
2.389 6
2.402 7
2.403 8
2.407 9
2.407 10
2.416 11
2.418 12
2.424 13
2.491 14
2.499 15
2.516 16
2.596 17
2.598 18
2.608 19
2.608 20
2.608 21
2.613 22
2.691 23
2.704 24
2.708 25
2.803 26
2.806 27
3.002 28
3.204 29
3.218 30
3.313 31
3.405 32
3.408 33
3.423 34
3.5 35
3.507 36
3.511 37
3.513 38
3.515 39
3.604 40
3.614 41
3.614 42
3.618 43
3.723 44
4.199 45
4.2 46
4.212 47
4.309 48
4.315 49
4.318 50
4.403 51
4.404 52
4.408 53
4.408 54
4.417 55
4.418 56
4.422 57
4.429 58
4.512 59
4.516 60
4.523 61
4.608 62
4.617 63
5.088 64
5.123 65
5.221 66
5.392 67
5.407 68
5.41 69
5.412 70
5.415 71
5.517 72
5.517 73
5.594 74
5.611 75
5.612 76
5.618 77
5.998 78
6.202 79
6.208 80
6.214 81
6.22 82
6.305 83
6.311 84
6.318 85
6.324 86
6.413 87
6.42 88
6.433 89
6.499 90
6.504 91
6.512 92
6.516 93
6.589 94
6.604 95
6.614 96
6.711 97
6.723 98
7.307 99
7.307 100
7.401 101
7.5 102
7.502 103
7.507 104
7.518 105
7.519 106
7.52 107
7.735 108
8.217 109
8.386 110
8.411 111
8.507 112
8.519 113
8.614 114
8.708 115
8.713 116
8.715 117
8.807 118
9.411 119
9.418 120
9.508 121
9.51 122
9.514 123
9.514 124
9.52 125
9.523 126
9.597 127
9.619 128
9.821 129
10.336 130
10.426 131
10.516 132
10.522 133
11.296 134
11.314 135
11.52 136
11.522 137
11.527 138
11.62 139
12.327 140
12.622 141
13.217 142
13.328 143
13.422 144
13.435 145
13.493 146
13.508 147
13.51 148
13.528 149
14.222 150
14.317 151
14.946 152
15.319 153
15.346 154
15.428 155
15.522 156
15.522 157
15.628 158
16.413 159
16.531 160
17.426 161
17.429 162
17.431 163
17.432 164
17.518 165
17.528 166
17.529 167
17.985 168
18.319 169
18.429 170
18.432 171
18.521 172
19.12 173
19.422 174
19.627 175
19.824 176
20.348 177
20.354 178
20.617 179
20.624 180
21.223 181
21.736 182
22.352 183
22.433 184
22.436 185
22.536 186
22.64 187
23.4 188
23.42 189
23.427 190
23.529 191
23.532 192
23.736 193
24.434 194
24.544 195
24.554 196
24.949 197
25.258 198
25.341 199
25.361 200
25.535 201
25.96 202
26.052 203
26.352 204
26.448 205
26.534 206
26.625 207
26.63 208
27.345 209
27.433 210
27.532 211
27.537 212
28.522 213
28.644 214
29.358 215
30.228 216
30.518 217
30.637 218
30.862 219
31.38 220
31.537 221
31.757 222
31.852 223
31.948 224
32.322 225
32.337 226
32.542 227
33.45 228
33.528 229
33.536 230
33.539 231
33.545 232
33.654 233
36.933 234
37.442 235
38.423 236
39.229 237
39.344 238
39.637 239
39.807 240
40.153 241
40.352 242
40.532 243
40.535 244
41.222 245
42.449 246
42.841 247
43.445 248
43.945 249
44.436 250
44.582 251
44.647 252
45.259 253
45.447 254
46.187 255
46.44 256
46.889 257
49.53 258
54.052 259
56.455 260
57.371 261
57.865 262
58.437 263
58.445 264
59.264 265
60.764 266
61.271 267
61.343 268
61.95 269
63.254 270
63.373 271
63.446 272
65.529 273
66.251 274
66.56 275
67.559 276
68.458 277
70.253 278
71.362 279
72.362 280
79.566 281
79.67 282
80.444 283
81.157 284
84.67 285
85.62 286
85.882 287
87.593 288
90.363 289
93.476 290
94.093 291
96.374 292
97.091 293
102.488 294
102.573 295
105.596 296
106.595 297
110.406 298
111.299 299
114.596 300
116.294 301
122.619 302
125.393 303
134.499 304
137.516 305
138.527 306
143.238 307
144.807 308
147.342 309
149.344 310
151.435 311
162.545 312
165.421 313
169.309 314
172.644 315
185.772 316
186.563 317
194.483 318
202.473 319
216.596 320
231.785 321
238.487 322
254.504 323
273.522 324
299.271 325
335.259 326
347.303 327
359.486 328
396.41 329
404.737 330
417.582 331
465.569 332
481.378 333
509.859 334
513.729 335
518.603 336
530.405 337
655.729 338
682.607 339
707.429 340
859.906 341
