0.8316379389998474 1
1.5461051339998448 2
1.6371484009996493 3
1.9282190429985349 4
2.0800258749986824 5
2.3805376589989464 6
2.5660482829998728 7
2.79773 8
3.468230277000089 9
3.7918202900000324 10
3.8038613960002294 11
4.217735070999993 12
4.687537682000311 13
4.908981279000727 14
5.07907 15
5.243358925000393 16
5.501768482999978 17
5.56875 18
5.83571 19
5.95221 20
6.7593 21
6.8016 22
7.090044680999654 23
7.12991 24
7.36276 25
7.9989 26
9.22695 27
9.23531 28
9.710606584999368 29
10.2464 30
10.271142277999388 31
10.3118 32
10.540398099999948 33
11.372821914999804 34
11.398979605000022 35
12.007842019000236 36
12.6273 37
13.720203693999792 38
13.8624 39
14.98471212100003 40
14.992158347999975 41
15.7012 42
15.89419046400144 43
16.0219 44
16.080207793000227 45
16.355235803999676 46
17.25383272199997 47
18.42342483399989 48
18.5591 49
18.577579015998708 50
19.1674 51
19.248400190999746 52
19.639741089999006 53
20.3576 54
22.36193123099997 55
22.980436714999087 56
23.425063750000845 57
25.287431786000525 58
25.7733 59
26.34534698399989 60
28.0396 61
28.05508492099989 62
28.41661642300005 63
28.446609360000025 64
28.635802140000123 65
29.2559280459991 66
29.592022612000164 67
30.3521 68
30.7279954669998 69
31.277342394000698 70
31.513 71
31.5393 72
32.48014875099989 73
32.9275 74
34.30971087300031 75
34.61707479400002 76
35.7018 77
35.95346941400021 78
36.13949728099942 79
36.170403521000026 80
36.23913681499994 81
36.56191837199913 82
36.74244349899891 83
37.3238 84
37.350835501000006 85
37.64540426300027 86
37.79196358599984 87
38.61751173799985 88
39.0216 89
39.2753 90
40.27675021200048 91
40.937018128999625 92
41.4189 93
41.5664 94
41.58073901900025 95
42.566871140999865 96
44.15740826000001 97
44.6431 98
44.92798483499996 99
45.3876 100
48.036534208000035 101
49.241832921999986 102
49.38543250999999 103
49.39586121000002 104
50.32648373400002 105
51.024661341999945 106
52.20200617199998 107
52.7636 108
55.51393397500033 109
55.66226229200004 110
56.18720776800001 111
57.0657 112
58.54322643100022 113
58.61953577599979 114
58.63944522299971 115
59.879840968999815 116
60.68796152499999 117
61.3871 118
61.8884 119
63.1419456170006 120
63.670472587000404 121
64.3673 122
65.29476266500001 123
65.3343 124
66.2647 125
71.38775045900002 126
72.20153925699992 127
72.8284 128
75.93127667599992 129
76.1423 130
76.17685555299977 131
76.4618732580002 132
77.60429099999965 133
78.40458854799999 134
78.46602102999987 135
80.6064 136
83.9682 137
84.1246031789999 138
87.8023868219999 139
88.36842609799999 140
88.97204528299994 141
90.0891 142
90.4246 143
91.8120993199991 144
93.058202209 145
93.45738228200003 146
94.24575810900023 147
96.6072 148
96.6394 149
98.6883 150
99.09739443500075 151
99.5793 152
99.86666193200017 153
100.907 154
101.81560738500002 155
106.21260641699882 156
108.67386579599997 157
110.887 158
114.855 159
115.01081075600001 160
117.866 161
120.085 162
120.55766814699928 163
121.28041628699975 164
123.448 165
126.424 166
129.149 167
129.453 168
132.588 169
132.87904469900013 170
136.5150983099993 171
138.576 172
139.199 173
141.6867237659999 174
146.235 175
147.07316068399996 176
148.429 177
148.72833976999937 178
149.872 179
150.6 180
154.543 181
156.96776516499995 182
159.193 183
159.893 184
161.139 185
162.57996115200012 186
162.78718550300005 187
165.033 188
169.148 189
172.15536856400013 190
172.483 191
172.822 192
173.12297274899993 193
174.619 194
175.944 195
177.468 196
178.753 197
179.738 198
180.116 199
180.206 200
183.059 201
184.112 202
185.75 203
187.181 204
189.19256019800014 205
193.65962484200008 206
198.65634437699964 207
199.674 208
204.77813772300033 209
206.36916877700014 210
210.47 211
218.924 212
220.661 213
221.556 214
226.53294981599902 215
228.492169908 216
230.06079732099988 217
237.427 218
247.818 219
248.256 220
251.581 221
252.602 222
260.516750536 223
273.92983732599987 224
280.3960374090002 225
280.607 226
283.053 227
285.90747321399976 228
286.03362764600024 229
298.324 230
298.441 231
298.48686112500036 232
306.063 233
308.401 234
312.541 235
313.3029094470003 236
313.81713491200026 237
325.489 238
331.51 239
333.473 240
339.767 241
352.381 242
370.5131423340001 243
375.62 244
392.044 245
393.54247471199994 246
403.002 247
404.134 248
410.538 249
413.2497718659997 250
421.13 251
449.8436836479998 252
461.099 253
517.658 254
535.684 255
563.45371013 256
588.364 257
589.322 258
594.97 259
606.834 260
609.922 261
634.8647051970001 262
643.508 263
667.634 264
735.887 265
740.1765958690012 266
751.232 267
757.05 268
799.545 269
805.841081464001 270
823.969 271
848.008 272
870.169 273
871.105 274
946.902 275
951.787 276
