0.9356018420003238 1
1.0393794760002493 2
1.734799795998697 3
1.8934793739999805 4
2.135410540000521 5
2.135439526002301 6
2.239572536999958 7
2.83153 8
2.88560110599974 9
2.94012251499953 10
3.0419861450009194 11
3.043699576999643 12
3.936865151999882 13
3.9463408349984093 14
4.334921486000894 15
4.650714461000462 16
4.87547 17
4.93345 18
4.97274 19
5.037796545999299 20
5.73565 21
5.7735 22
6.44508 23
6.74393 24
6.74409 25
6.78806 26
6.80534 27
6.94658 28
7.043450299999677 29
7.35169391099771 30
7.472956058000136 31
7.55825171000015 32
8.053022688000055 33
8.83950050500016 34
9.24154 35
10.0246 36
11.645368217000396 37
11.756854580002255 38
11.762327994999396 39
11.850830870000209 40
11.8518 41
12.453515550998418 42
12.665436694001983 43
12.779102660999342 44
12.7921 45
14.766658206999637 46
15.8477 47
15.8804 48
16.5345 49
16.8982 50
17.87522559500212 51
19.268915618999017 52
20.1502 53
20.2038 54
20.368289391999497 55
21.1592950739996 56
21.164855658000306 57
21.16949070800183 58
22.1674218320004 59
22.666692777000208 60
23.274614843001473 61
23.8458 62
23.857133659000283 63
23.8691 64
24.375573568999243 65
24.390090355998836 66
24.963605525001185 67
25.57675564400006 68
26.231703063000168 69
26.46644640500017 70
26.7602 71
27.382590133998747 72
27.558270061999792 73
28.7681 74
28.862091449000218 75
29.18360182499964 76
29.2936 77
29.411883875000058 78
30.09982081599992 79
30.1673864100012 80
31.65636390399959 81
31.8838 82
31.981 83
32.470779835999565 84
32.5693890120001 85
33.5203499979998 86
34.897105930999714 87
35.26558733500042 88
36.575946699999804 89
37.7180278809999 90
38.20204831799856 91
38.5753 92
38.8782 93
39.3994 94
40.2918 95
40.77540184700047 96
40.8992 97
43.0776 98
43.107251407999684 99
43.90380053099943 100
45.88901885499945 101
48.81382279399986 102
49.1918 103
49.812967037003546 104
50.1926263080004 105
50.49811710599897 106
52.9283 107
53.788326634999976 108
53.805869914999676 109
55.2048 110
55.25704474599843 111
55.85921087199995 112
56.2103 113
58.02528247999999 114
59.0013 115
59.82075736600382 116
60.405 117
63.08587737099879 118
63.7975 119
65.36120715099969 120
65.38698618300077 121
65.61794794499656 122
66.4132 123
66.4976947350001 124
66.518 125
66.9090852219997 126
68.51949441200122 127
68.54603412899996 128
69.7739 129
70.71504588400057 130
72.7943 131
73.86576296400017 132
74.07589961300073 133
74.9589017319995 134
75.8329 135
76.3068547599978 136
78.22216672500144 137
79.5836 138
81.9075517329984 139
84.92919521600015 140
87.4690834410012 141
88.8380728580014 142
91.20066570600102 143
93.7479 144
93.8289 145
95.6034195939992 146
96.0421 147
96.7440787939995 148
100.2909642290033 149
107.25904170499962 150
109.12285875000089 151
109.36084673699997 152
111.912 153
113.91724954799975 154
114.916 155
115.45 156
116.255 157
119.43742018899866 158
122.00745684199956 159
125.503 160
127.887 161
130.0843467929999 162
130.162 163
130.248 164
132.108 165
136.541 166
136.696 167
137.09378386199387 168
142.418 169
143.5 170
143.88499027200032 171
145.829 172
145.856 173
148.2166218229977 174
149.46066370600056 175
150.65 176
151.12 177
154.344 178
158.918 179
161.94143242300197 180
165.82655768899713 181
165.951 182
166.80882465100058 183
167.187 184
168.334 185
169.7854662690006 186
170.483 187
173.01690526400125 188
173.184 189
173.708 190
178.078 191
178.322 192
178.3749001160004 193
179.63102717499987 194
180.175 195
183.523 196
186.065 197
190.125 198
199.384 199
199.579 200
199.855 201
200.884 202
202.31600283199987 203
207.383 204
211.25911835199986 205
213.158 206
214.348 207
218.92422244800036 208
219.26742868699876 209
224.03419150300033 210
224.748 211
229.959 212
233.265 213
236.36684267300006 214
236.59977350600093 215
239.9316624130006 216
244.884 217
245.806 218
248.318 219
252.497 220
258.413 221
265.62 222
278.53478819999873 223
283.823 224
285.1703994870004 225
287.65331656999933 226
289.985 227
292.153 228
295.363 229
296.362 230
298.829518539 231
304.3232610220002 232
305.197 233
307.246 234
307.79 235
323.148 236
324.086 237
325.591 238
332.96374307099904 239
341.244 240
342.81359240599886 241
347.4175734439996 242
353.895 243
355.392 244
377.6 245
380.111 246
380.713 247
391.0503757200022 248
401.583 249
405.385 250
413.466 251
415.509 252
415.807 253
430.148157547 254
448.337 255
478.0965662669996 256
500.14954418400066 257
506.919 258
532.8820006050009 259
563.809 260
583.7477600530001 261
595.64 262
596.307 263
603.629 264
609.57 265
629.972 266
680.058 267
685.663 268
690.019 269
700.6397147160023 270
741.722 271
786.906 272
796.582 273
814.1 274
822.87 275
840.463 276
901.463 277
967.768 278
980.4076474450012 279
