2.413612820004346 1
2.4174668159976136 2
2.4282510049997654 3
2.6440244240220636 4
2.7031495590053964 5
2.712623263010755 6
2.7231024529901333 7
2.7317815020214766 8
2.83601533899855 9
3.126361004979117 10
3.3120265179895796 11
3.331316063005943 12
3.4261783020047005 13
3.430530641999212 14
3.5205608410033165 15
3.522737420993508 16
3.632373775995802 17
3.727829835999728 18
3.75511 19
4.28699 20
4.33711 21
4.356521976995282 22
4.362420487999771 23
4.38373 24
4.40826 25
4.431606976999319 26
4.434513692991459 27
4.541063208000196 28
4.571135935984785 29
4.59305 30
4.616182810997998 31
4.723192449000635 32
4.814395951019833 33
4.81867 34
4.85512 35
4.86026 36
4.98526 37
5.04764 38
5.234195357996214 39
5.403228365001269 40
5.4258323940157425 41
5.429830216002301 42
5.43602816699422 43
5.526015999988886 44
5.571465671004262 45
5.624890912993578 46
5.62981 47
5.75829 48
5.82698 49
6.0269928889974835 50
6.20711 51
6.21665895699698 52
6.226796351998928 53
6.2291740069922525 54
6.424447744997451 55
6.639734569005668 56
6.745764040999347 57
7.439145942014875 58
7.529963815992232 59
7.5498909470043145 60
7.55862 61
7.634829652000917 62
8.03694487400935 63
8.324779333997867 64
8.444758520985488 65
8.51598 66
8.517195452004671 67
8.518746878002275 68
8.627965993000544 69
8.639568320999388 70
8.733319750986993 71
8.743321998990723 72
8.836661797000488 73
9.03603119199397 74
9.217772890988272 75
9.26268 76
9.417924903005769 77
9.436347884999122 78
9.646779984992463 79
9.648 80
9.98761 81
10.217072218001704 82
10.22627259499859 83
10.228306869001244 84
10.4244 85
10.4863 86
10.53193506199932 87
10.543869061017176 88
10.5928 89
10.641041249997215 90
10.729177585999423 91
11.344685114978347 92
11.537495233002119 93
11.538836652995087 94
11.545072012999299 95
11.5962 96
11.821741843014024 97
11.949 98
11.9929 99
12.241554014995927 100
12.24963180697523 101
12.379444755992154 102
12.446763797983294 103
12.551431982000395 104
12.68998001998989 105
13.33203988900641 106
13.423472819005838 107
13.526457419000508 108
13.5794 109
13.634204956993926 110
14.336195616007899 111
14.5188 112
15.730349751014728 113
16.2555 114
16.4199 115
16.526412449995405 116
16.610606581991306 117
16.6564 118
16.816522189008538 119
17.343770820007194 120
17.3601 121
17.512872758990852 122
17.7052 123
18.4312 124
18.458291841991013 125
19.23188351900899 126
19.3535 127
19.4857 128
19.81993740699545 129
20.4814 130
20.5428 131
20.6417 132
21.355843631987227 133
21.531717728008516 134
21.54743674400379 135
21.6089 136
22.1703 137
22.248371247012983 138
22.7257 139
22.7327 140
23.316002441999444 141
23.543885118997423 142
23.5781 143
23.89858242199989 144
24.3436 145
24.846694991982076 146
25.2521 147
26.65972533299646 148
27.255989964993205 149
27.7663 150
28.255 151
28.649856269010343 152
28.774253968993435 153
29.4991 154
29.6242 155
29.78347088600276 156
29.94718856399959 157
31.0342340329953 158
31.478 159
32.9657 160
33.3952 161
33.43889017699985 162
34.4704 163
34.5162239089841 164
34.5277 165
34.7845 166
35.6557 167
35.8021 168
37.3331 169
37.6428942289931 170
37.7215 171
37.7473 172
38.20027073199162 173
38.4838 174
39.29406265798025 175
39.3113 176
39.32499311299762 177
39.61883328499971 178
39.7409 179
40.3838 180
40.55091376200289 181
41.1668 182
41.35795158799738 183
41.3855 184
41.8144 185
41.8359 186
41.9248 187
41.9352 188
41.95944535400122 189
43.3495 190
43.5506 191
44.35287098799017 192
44.9921 193
46.666511701012496 194
47.0876 195
47.57458875000884 196
48.45727876800811 197
48.6989 198
49.36417566999444 199
49.39550280300318 200
49.444916392996674 201
49.4581 202
51.6887 203
51.7393 204
52.8579 205
55.9629 206
58.68209075598861 207
58.7251 208
58.8572 209
58.9004 210
60.18636003798747 211
60.27105892499094 212
60.3814 213
60.6143 214
60.896621608000714 215
61.13312640800723 216
61.3478 217
61.3794948040013 218
61.382755861006444 219
61.57617733099323 220
61.7657 221
62.9266 222
65.3184 223
66.0402 224
66.4223 225
66.9201 226
68.7223 227
68.806 228
70.38564208801836 229
72.5726 230
73.1699 231
74.8029 232
78.0534 233
78.28532367300068 234
80.7906 235
82.99446991400328 236
84.39178718600306 237
86.28563260298688 238
87.5285 239
88.4976 240
89.11059399700025 241
89.6283 242
90.5654 243
92.58376702101668 244
93.7224 245
94.1249 246
98.1851 247
99.57409991999157 248
100.452 249
102.008 250
103.154 251
103.851 252
104.469 253
106.245 254
107.3741726540029 255
109.60433548100991 256
111.634 257
112.126 258
112.461 259
115.752 260
117.857 261
118.687 262
119.362 263
120.344 264
121.211 265
121.243 266
121.576 267
122.426 268
126.454 269
126.79 270
132.214 271
135.486 272
137.453 273
137.529 274
138.18844071299827 275
140.9 276
141.012 277
142.388 278
142.812 279
147.609 280
148.57530188899545 281
152.583 282
153.36105357999986 283
153.83959412798868 284
167.465 285
168.217 286
169.373 287
175.781 288
181.303 289
185.832 290
194.5710923660081 291
196.718 292
201.782 293
203.58278932599933 294
207.615 295
229.325 296
247.166 297
250.329 298
255.872 299
275.9160717279883 300
276.501 301
319.47 302
322.7057007669937 303
417.198 304
434.175 305
435.66963712600045 306
470.91638409000007 307
512.0381133820047 308
520.818 309
657.294 310
714.9887597140041 311
812.4764918110013 312
826.4351999420032 313
881.259 314
882.1991481510049 315
977.8187810090021 316
