0.273144 1
0.37619 2
0.41042 3
3.85487 4
7.02033 5
7.30537 6
8.85459 7
11.0 8
11.0128 9
11.1794 10
11.3603 11
12.1209 12
12.4907 13
13.125 14
16.3322 15
16.5193 16
16.8184 17
18.354 18
20.2127 19
20.6705 20
20.8307 21
23.275 22
23.9179 23
25.2894 24
25.3441 25
27.6144 26
27.9361 27
29.2102 28
29.5272 29
33.3372 30
34.0059 31
35.0586 32
37.254 33
40.3421 34
40.3537 35
40.6217 36
42.5358 37
42.6167 38
43.2452 39
46.6255 40
46.6483 41
48.4824 42
48.9835 43
52.3446 44
52.4095 45
53.0111 46
53.8477 47
55.0101 48
56.7456 49
59.0731 50
60.0373 51
60.2371 52
66.1565 53
69.7473 54
70.5153 55
70.7924 56
76.6218 57
78.9563 58
79.1893 59
83.4615 60
83.5826 61
84.8278 62
86.5143 63
87.3624 64
89.4716 65
90.9451 66
92.3244 67
96.0478 68
97.1133 69
97.569 70
100.06 71
100.755 72
101.384 73
104.295 74
106.219 75
107.055 76
107.407 77
107.581 78
107.845 79
109.46 80
109.979 81
111.968 82
114.665 83
119.531 84
121.224 85
129.665 86
130.526 87
135.537 88
136.612 89
137.392 90
144.07 91
146.43 92
147.121 93
154.168 94
157.645 95
160.307 96
162.763 97
174.478 98
176.522 99
178.958 100
183.429 101
184.888 102
188.471 103
189.145 104
189.895 105
192.147 106
193.696 107
195.018 108
196.021 109
197.161 110
201.008 111
204.782 112
206.625 113
210.213 114
211.545 115
212.436 116
218.281 117
220.349 118
230.855 119
241.289 120
246.322 121
247.35 122
251.32 123
258.658 124
261.3 125
262.217 126
267.288 127
270.446 128
271.77 129
273.082 130
279.369 131
282.107 132
290.946 133
295.436 134
296.423 135
301.816 136
303.362 137
311.457 138
314.319 139
317.805 140
322.852 141
326.339 142
332.205 143
334.18 144
336.635 145
341.232 146
343.107 147
343.195 148
349.93 149
354.167 150
358.858 151
361.917 152
363.573 153
378.397 154
381.61 155
385.566 156
391.816 157
400.825 158
403.39 159
404.853 160
405.005 161
419.395 162
425.487 163
439.16 164
439.191 165
441.809 166
458.75 167
465.095 168
466.641 169
470.756 170
488.988 171
490.28 172
506.962 173
512.986 174
518.361 175
522.453 176
525.696 177
528.149 178
528.521 179
544.123 180
544.882 181
555.18 182
561.417 183
587.619 184
601.55 185
603.804 186
615.656 187
621.155 188
630.708 189
639.422 190
641.667 191
644.344 192
645.65 193
684.965 194
686.217 195
718.61 196
720.935 197
752.011 198
762.431 199
764.855 200
775.088 201
781.363 202
801.247 203
802.82 204
804.638 205
833.162 206
855.667 207
863.13 208
873.701 209
887.673 210
892.921 211
905.279 212
925.831 213
948.812 214
951.638 215
981.974 216
983.44 217
997.068 218
1035.65 219
1045.86 220
1052.44 221
1103.4 222
1105.89 223
1115.17 224
1193.45 225
1203.79 226
1231.19 227
1234.85 228
1244.91 229
1270.58 230
1304.0 231
1319.89 232
1320.7 233
1330.2 234
1394.05 235
1445.18 236
1446.62 237
1447.51 238
1483.34 239
1528.13 240
1689.57 241
1723.35 242
1758.52 243
1774.91 244
1785.01 245
1789.19 246
1818.69 247
1843.52 248
1895.12 249
1977.6 250
1999.28 251
2001.31 252
2004.83 253
2129.23 254
2285.9 255
2312.07 256
2365.73 257
2418.26 258
2448.8 259
2475.58 260
2594.94 261
2614.44 262
2669.91 263
2673.31 264
2693.37 265
2720.91 266
3012.23 267
3064.35 268
3142.2 269
3161.31 270
3176.87 271
3199.58 272
3301.69 273
3302.08 274
3330.94 275
3378.59 276
3392.29 277
3444.73 278
3460.33 279
3730.73 280
3786.75 281
3821.63 282
3829.88 283
3833.59 284
3966.83 285
3993.1 286
4117.64 287
4348.48 288
4432.43 289
4871.87 290
