0.967 1
0.996 2
1.169 3
1.17 4
1.4 5
1.75 6
1.769 7
1.869 8
2.154 9
2.204 10
2.378 11
2.567 12
2.568 13
2.575 14
2.876 15
3.868 16
4.075 17
4.178 18
4.771 19
4.871 20
5.081 21
5.109 22
5.294 23
5.374 24
5.77 25
5.876 26
5.977 27
6.071 28
6.24 29
6.583 30
6.674 31
6.774 32
6.9 33
7.1 34
7.133 35
7.893 36
8.08 37
8.383 38
8.587 39
8.877 40
9.479 41
9.75 42
9.872 43
10.195 44
10.385 45
10.857 46
11.08 47
11.979 48
12.069 49
12.481 50
12.811 51
13.295 52
13.478 53
13.78 54
14.111 55
14.282 56
14.598 57
15.092 58
15.479 59
16.78 60
16.877 61
16.892 62
17.784 63
18.101 64
18.196 65
19.085 66
19.092 67
19.163 68
19.383 69
19.589 70
21.005 71
21.085 72
21.185 73
21.49 74
21.493 75
21.884 76
22.192 77
22.392 78
22.427 79
22.511 80
22.618 81
22.788 82
22.825 83
22.891 84
23.585 85
23.654 86
23.711 87
24.414 88
24.496 89
24.722 90
25.095 91
25.355 92
26.396 93
26.496 94
27.8 95
27.839 96
27.905 97
28.141 98
30.046 99
30.901 100
31.36 101
31.4 102
31.998 103
32.597 104
33.708 105
33.748 106
36.2 107
38.962 108
39.528 109
40.445 110
40.911 111
41.437 112
41.804 113
42.02 114
42.113 115
43.405 116
44.305 117
45.208 118
45.55 119
46.434 120
46.813 121
47.431 122
47.587 123
47.816 124
47.903 125
48.422 126
51.934 127
52.008 128
52.715 129
53.019 130
53.333 131
53.554 132
55.896 133
56.271 134
56.418 135
57.316 136
59.317 137
60.447 138
61.225 139
61.244 140
62.776 141
62.917 142
63.678 143
67.732 144
69.877 145
69.934 146
70.731 147
70.825 148
71.225 149
71.744 150
74.534 151
75.141 152
75.23 153
75.249 154
76.757 155
77.348 156
78.539 157
79.642 158
79.738 159
80.943 160
83.536 161
84.838 162
92.947 163
93.291 164
94.851 165
95.347 166
97.828 167
98.462 168
99.355 169
102.533 170
102.685 171
102.78 172
102.957 173
103.848 174
104.872 175
105.858 176
110.171 177
110.668 178
110.855 179
111.034 180
111.86 181
111.865 182
112.383 183
112.646 184
113.79 185
118.58 186
120.89 187
121.986 188
123.807 189
124.757 190
126.225 191
128.476 192
129.728 193
130.668 194
130.986 195
131.076 196
131.783 197
133.644 198
133.678 199
134.181 200
135.323 201
135.992 202
140.503 203
143.295 204
143.699 205
144.265 206
145.775 207
148.898 208
152.495 209
155.289 210
156.886 211
158.491 212
164.449 213
164.597 214
165.362 215
169.918 216
170.974 217
173.028 218
178.419 219
179.327 220
180.718 221
181.029 222
185.867 223
189.464 224
191.338 225
193.135 226
198.87 227
201.176 228
201.194 229
201.228 230
204.877 231
208.844 232
217.448 233
224.269 234
237.866 235
237.875 236
238.888 237
239.487 238
246.895 239
248.674 240
252.274 241
253.51 242
263.176 243
269.165 244
275.726 245
278.138 246
279.99 247
281.94 248
290.224 249
295.675 250
297.633 251
301.787 252
311.29 253
313.227 254
315.739 255
319.206 256
324.034 257
344.926 258
358.62 259
358.669 260
359.376 261
368.268 262
389.781 263
400.193 264
408.17 265
413.575 266
424.903 267
426.527 268
431.204 269
446.498 270
452.619 271
464.948 272
465.216 273
475.866 274
485.72 275
533.305 276
552.006 277
557.314 278
575.717 279
584.353 280
590.136 281
590.357 282
641.59 283
719.385 284
721.141 285
721.861 286
757.435 287
782.523 288
822.945 289
841.226 290
849.938 291
894.663 292
