2.477 1
2.496 2
2.606 3
2.614 4
2.62 5
2.684 6
2.695 7
2.702 8
2.704 9
2.705 10
2.707 11
2.707 12
2.806 13
2.813 14
2.917 15
3.284 16
3.39 17
3.397 18
3.402 19
3.609 20
3.63 21
3.672 22
3.678 23
3.71 24
3.713 25
3.714 26
3.715 27
3.807 28
3.913 29
4.205 30
4.393 31
4.488 32
4.509 33
4.6 34
4.6 35
4.701 36
4.702 37
4.794 38
4.799 39
4.799 40
4.807 41
4.816 42
4.903 43
4.995 44
5.007 45
5.104 46
5.299 47
5.31 48
5.315 49
5.318 50
5.395 51
5.403 52
5.491 53
5.493 54
5.496 55
5.59 56
5.61 57
5.61 58
5.615 59
5.684 60
5.691 61
5.952 62
6.307 63
6.31 64
6.394 65
6.412 66
6.493 67
6.495 68
6.583 69
6.594 70
6.605 71
6.675 72
6.702 73
6.716 74
6.742 75
6.813 76
6.901 77
7.3 78
7.403 79
7.505 80
7.506 81
7.524 82
7.595 83
7.607 84
7.794 85
7.795 86
7.797 87
7.809 88
8.302 89
8.498 90
8.507 91
8.614 92
8.616 93
8.627 94
8.687 95
8.698 96
8.805 97
8.811 98
8.818 99
9.406 100
9.414 101
9.489 102
9.508 103
9.58 104
9.599 105
9.623 106
9.7 107
9.895 108
9.925 109
10.111 110
10.298 111
10.426 112
10.589 113
10.598 114
10.601 115
10.634 116
10.69 117
10.708 118
10.711 119
10.724 120
10.791 121
11.283 122
11.591 123
11.6 124
11.721 125
11.897 126
12.314 127
12.525 128
13.199 129
13.59 130
13.609 131
13.612 132
13.672 133
13.702 134
13.739 135
13.807 136
13.907 137
14.293 138
14.316 139
14.709 140
14.798 141
15.452 142
15.621 143
15.824 144
15.916 145
16.093 146
16.48 147
16.607 148
16.667 149
16.721 150
17.403 151
17.519 152
17.621 153
17.622 154
17.623 155
17.624 156
17.708 157
17.817 158
17.856 159
18.415 160
18.718 161
19.142 162
19.313 163
19.327 164
19.49 165
19.523 166
19.721 167
20.619 168
20.627 169
20.72 170
21.217 171
21.594 172
21.8 173
21.827 174
22.206 175
22.857 176
22.972 177
23.444 178
23.521 179
23.706 180
23.716 181
24.319 182
24.62 183
24.624 184
25.135 185
25.427 186
25.639 187
26.135 188
26.612 189
26.617 190
26.637 191
26.782 192
26.844 193
26.903 194
26.919 195
26.931 196
26.964 197
27.402 198
27.502 199
27.526 200
27.838 201
27.887 202
28.338 203
28.428 204
28.525 205
28.531 206
28.613 207
28.835 208
28.836 209
29.136 210
29.94 211
30.227 212
30.419 213
30.648 214
31.419 215
31.509 216
31.63 217
31.742 218
32.32 219
32.526 220
32.636 221
32.741 222
33.639 223
34.524 224
34.633 225
34.841 226
35.925 227
36.52 228
36.618 229
37.333 230
37.461 231
37.63 232
37.716 233
38.505 234
39.04 235
39.737 236
40.636 237
41.741 238
42.74 239
43.731 240
44.141 241
44.544 242
44.547 243
44.963 244
46.502 245
46.518 246
46.618 247
47.448 248
48.82 249
50.561 250
50.843 251
50.924 252
51.356 253
51.551 254
52.54 255
52.545 256
52.733 257
52.734 258
52.972 259
53.072 260
54.341 261
55.442 262
55.949 263
58.569 264
58.642 265
60.167 266
62.655 267
62.842 268
65.536 269
66.26 270
66.548 271
67.366 272
68.052 273
68.568 274
69.529 275
70.364 276
70.633 277
71.368 278
72.248 279
72.684 280
73.563 281
76.754 282
79.548 283
79.559 284
80.656 285
82.571 286
82.681 287
82.859 288
86.467 289
87.477 290
90.157 291
90.47 292
91.769 293
93.262 294
95.462 295
101.398 296
107.651 297
109.678 298
112.606 299
120.321 300
132.364 301
133.788 302
137.416 303
142.517 304
146.613 305
149.509 306
158.234 307
160.626 308
162.409 309
164.435 310
172.705 311
178.751 312
178.82 313
189.66 314
242.099 315
243.374 316
247.635 317
257.711 318
267.137 319
278.115 320
282.277 321
283.609 322
299.807 323
300.848 324
301.522 325
333.723 326
378.067 327
433.774 328
509.916 329
550.67 330
569.629 331
651.652 332
811.054 333
