11.9929 1.44611
47.0876 0.0281093
29.6242 0.0993657
3.75511 0.128074
20.6417 0.0384308
141.012 0.506714
137.529 0.00366841
32.9657 0.431755
20.4814 4.74426
142.812 0.0500088
65.3184 0.589055
61.3478 0.928211
255.872 0.62944
16.4199 0.428112
103.851 2.48448
18.4312 4.99413
140.9 0.157281
104.469 0.227915
17.3601 1.94989
5.04764 4.17841
112.126 0.545619
169.373 0.382461
34.4704 0.479974
185.832 0.0993995
21.6089 16.9254
201.782 0.240761
147.609 4.073
89.6283 2.27399
80.7906 0.165001
41.9248 0.154344
276.501 0.160172
4.40826 3.64904
115.752 2.14287
417.198 0.0704071
120.344 0.0959757
117.857 0.204055
43.3495 7.26068
657.294 0.118958
41.8359 0.424442
40.3838 0.471791
168.217 0.193262
98.1851 0.116344
60.6143 0.162653
4.86026 3.87179
39.7409 1.89907
319.47 0.22521
9.98761 3.24882
33.3952 0.0317348
137.453 0.226917
37.3331 1.07571
9.26268 0.969715
5.75829 5.33071
28.255 5.82389
14.5188 3.45093
43.5506 3.71593
167.465 0.123106
22.1703 0.0295127
27.7663 0.0339375
11.5962 1.45104
35.8021 2.91952
4.59305 1.21209
121.576 2.56681
23.5781 2.44703
74.8029 0.613813
434.175 0.0262988
87.5285 3.58246
41.8144 6.37194
13.5794 7.15457
34.7845 2.19695
4.98526 4.2871
38.4838 0.154976
25.2521 0.0274505
66.9201 2.71781
5.62981 6.05612
20.5428 3.36681
48.6989 1.65237
6.20711 6.48595
112.461 0.130828
207.615 2.12333
17.7052 0.0510314
103.154 2.27543
142.388 0.170125
5.82698 6.57157
34.5277 0.116345
126.79 0.122793
37.7215 2.15792
58.7251 0.544326
4.33711 2.70689
132.214 2.07405
7.55862 0.744084
37.7473 2.97076
100.452 0.196955
10.5928 0.0235532
19.4857 0.0256793
61.7657 3.79008
175.781 2.02816
4.85512 4.90931
106.245 0.586064
39.3113 0.135154
11.949 2.59746
10.4244 0.0796888
250.329 0.144494
68.806 0.507174
229.325 0.597432
22.7327 0.0280463
135.486 0.20353
66.4223 0.16307
122.426 1.80945
181.303 0.20862
24.3436 0.0258643
4.38373 3.42831
55.9629 6.17724
29.4991 2.43563
9.648 3.28592
19.3535 35.6669
51.7393 2.39706
4.28699 3.34556
8.51598 1.91609
88.4976 1.90733
121.211 1.20735
22.7257 4.75378
196.718 3.3745
90.5654 0.0818709
44.9921 0.241042
118.687 1.67363
16.6564 2.82681
49.4581 2.66597
4.81867 4.05535
72.5726 0.0753779
62.9266 0.328675
58.8572 2.28789
58.9004 1.55627
41.3855 0.153062
102.008 0.127897
119.362 0.174948
41.9352 0.503999
78.0534 3.80879
121.243 0.193972
41.1668 1.23057
51.6887 0.399503
66.0402 0.214745
152.583 0.200266
126.454 2.27906
10.4863 3.24416
881.259 0.00258969
111.634 0.137097
31.478 2.69236
93.7224 0.0394105
73.1699 0.194523
68.7223 0.293267
94.1249 1.53961
247.166 2.35976
60.3814 0.864544
520.818 0.847515
35.6557 4.80327
52.8579 0.55691
16.2555 4.39406
