11.9929 11.3787
47.0876 0.321518
29.6242 0.751264
3.75511 1.15386
20.6417 0.373768
141.012 3.29732
137.529 0.169935
32.9657 2.83336
20.4814 32.2496
142.812 0.48489
65.3184 3.45607
61.3478 5.63784
255.872 4.05855
16.4199 2.89832
103.851 13.4651
18.4312 31.9681
140.9 0.830767
104.469 2.70064
17.3601 12.8195
5.04764 31.5817
112.126 3.58415
169.373 1.9991
34.4704 4.31942
185.832 0.579895
21.6089 95.9929
201.782 3.54038
147.609 23.9801
89.6283 14.4006
80.7906 0.97752
41.9248 1.0167
276.501 0.919801
4.40826 26.1064
115.752 11.2302
417.198 0.521901
120.344 0.586907
117.857 1.3266
43.3495 39.7848
657.294 0.955492
41.8359 4.56921
40.3838 4.94602
168.217 1.30106
98.1851 1.11891
60.6143 2.13987
4.86026 28.7299
39.7409 12.4208
319.47 1.12528
9.98761 20.8629
33.3952 0.302247
137.453 1.27287
37.3331 8.29286
9.26268 7.128
5.75829 38.7507
28.255 36.9736
14.5188 23.7993
43.5506 23.0796
167.465 0.531478
22.1703 0.943817
27.7663 0.359201
11.5962 9.00243
35.8021 20.2472
4.59305 8.91919
121.576 15.2619
23.5781 16.8194
74.8029 3.91041
434.175 0.371242
87.5285 20.5066
41.8144 40.6128
13.5794 44.9225
34.7845 12.8846
4.98526 32.1434
38.4838 1.55585
25.2521 2.73538
66.9201 28.8456
5.62981 44.1271
20.5428 22.9127
48.6989 10.9732
6.20711 46.9263
112.461 1.13583
207.615 11.765
17.7052 0.579479
103.154 14.1628
142.388 1.29633
5.82698 46.6101
34.5277 2.58084
126.79 0.740838
37.7215 14.3105
58.7251 4.33282
4.33711 19.6895
132.214 11.5439
7.55862 5.17379
37.7473 19.3733
100.452 2.04382
10.5928 0.342333
19.4857 0.300633
61.7657 22.4417
175.781 12.3509
4.85512 35.8615
106.245 2.87022
39.3113 1.45656
11.949 16.0245
10.4244 0.694573
250.329 0.663395
68.806 3.39459
229.325 3.85459
22.7327 0.81853
135.486 1.33288
66.4223 1.01166
122.426 9.21038
181.303 1.00689
24.3436 0.33453
4.38373 26.0643
55.9629 33.9541
29.4991 15.6834
9.648 23.112
19.3535 215.257
51.7393 14.9858
4.28699 24.5643
8.51598 13.1751
88.4976 12.3603
121.211 5.58339
22.7257 29.2523
196.718 19.8307
90.5654 0.963706
44.9921 2.09819
118.687 9.10942
16.6564 19.783
49.4581 20.5155
4.81867 30.5902
72.5726 0.48382
62.9266 3.17688
58.8572 15.2754
58.9004 10.1147
41.3855 1.50367
102.008 0.723058
119.362 1.15009
41.9352 5.26386
78.0534 21.8793
121.243 1.73135
41.1668 11.0306
51.6887 2.86256
66.0402 2.33458
152.583 0.997942
126.454 11.9182
10.4863 20.705
881.259 0.162347
111.634 1.01828
31.478 18.5071
93.7224 0.388385
73.1699 0.967448
68.7223 2.734
94.1249 10.2729
247.166 13.0536
60.3814 5.81353
520.818 4.62643
35.6557 32.1416
52.8579 3.65726
16.2555 27.9824
