11.9929 2.28035
47.0876 0.137828
29.6242 0.20355
3.75511 0.392532
20.6417 0.134679
141.012 0.662958
137.529 0.133783
32.9657 0.594982
20.4814 5.60694
142.812 0.146598
65.3184 0.725416
61.3478 0.899234
255.872 0.616722
16.4199 0.562671
103.851 3.51174
18.4312 5.06565
140.9 0.238077
104.469 1.80016
17.3601 2.41381
5.04764 5.92019
112.126 0.832563
169.373 0.68652
34.4704 0.850295
185.832 0.214576
21.6089 16.7076
201.782 2.68079
147.609 3.93146
89.6283 2.07301
80.7906 0.210643
41.9248 0.222661
276.501 0.398064
4.40826 4.56393
115.752 2.58258
417.198 0.157122
120.344 0.19957
117.857 0.295019
43.3495 5.9286
657.294 0.178578
41.8359 0.754041
40.3838 0.865174
168.217 0.37665
98.1851 0.603778
60.6143 1.68012
4.86026 5.34766
39.7409 2.05753
319.47 0.245181
9.98761 3.66064
33.3952 0.121365
137.453 0.44453
37.3331 1.90611
9.26268 1.55203
5.75829 6.98245
28.255 5.45974
14.5188 4.66629
43.5506 3.74732
167.465 0.167683
22.1703 0.861333
27.7663 0.147085
11.5962 1.63347
35.8021 3.12314
4.59305 1.70519
121.576 2.25482
23.5781 3.09266
74.8029 0.640069
434.175 0.177233
87.5285 3.075
41.8144 8.10898
13.5794 8.09086
34.7845 2.27722
4.98526 5.80772
38.4838 1.14136
25.2521 2.65479
66.9201 3.62535
5.62981 7.87451
20.5428 3.65242
48.6989 1.82975
6.20711 8.60819
112.461 0.542579
207.615 1.72922
17.7052 0.273084
103.154 2.12876
142.388 0.477575
5.82698 8.16341
34.5277 2.29529
126.79 0.400181
37.7215 2.37119
58.7251 2.14205
4.33711 3.55444
132.214 3.32577
7.55862 1.05628
37.7473 3.1114
100.452 0.42695
10.5928 0.202685
19.4857 0.151598
61.7657 3.25096
175.781 1.82002
4.85512 6.42064
106.245 0.707619
39.3113 1.07811
11.949 2.77044
10.4244 0.193776
250.329 0.18413
68.806 0.74883
229.325 0.74605
22.7327 0.740299
135.486 0.304644
66.4223 0.22104
122.426 1.9462
181.303 0.277949
24.3436 0.259124
4.38373 4.87986
55.9629 5.14239
29.4991 2.61635
9.648 4.48912
19.3535 43.8529
51.7393 2.37336
4.28699 4.51389
8.51598 2.4811
88.4976 1.76486
121.211 1.32417
22.7257 5.06343
196.718 3.30969
90.5654 0.707422
44.9921 0.947166
118.687 2.33487
16.6564 3.5384
49.4581 3.67867
4.81867 5.62603
72.5726 0.151683
62.9266 1.93767
58.8572 2.28708
58.9004 1.99386
41.3855 1.08755
102.008 0.239471
119.362 0.262906
41.9352 0.85024
78.0534 3.32831
121.243 0.784004
41.1668 2.14841
51.6887 0.63275
66.0402 1.5385
152.583 0.281755
126.454 2.81049
10.4863 3.71408
881.259 0.120966
111.634 0.374501
31.478 2.88932
93.7224 0.134269
73.1699 0.252044
68.7223 1.68484
94.1249 1.62097
247.166 2.09473
60.3814 0.994147
520.818 0.68057
35.6557 4.9723
52.8579 0.626642
16.2555 4.89379
