11.9929 7.65224
47.0876 0.155579
29.6242 0.448347
3.75511 0.63326
20.6417 0.200659
141.012 2.12764
137.529 0.032484
32.9657 1.80662
20.4814 21.8984
142.812 0.288283
65.3184 2.1416
61.3478 3.81039
255.872 2.8124
16.4199 1.90754
103.851 7.46889
18.4312 21.9083
140.9 0.435411
104.469 0.672557
17.3601 8.4558
5.04764 21.4831
112.126 2.20596
169.373 0.93012
34.4704 2.98915
185.832 0.265921
21.6089 62.3599
201.782 0.618822
147.609 15.9756
89.6283 10.0536
80.7906 0.601875
41.9248 0.639695
276.501 0.361565
4.40826 17.8935
115.752 6.5048
417.198 0.294372
120.344 0.291361
117.857 0.827528
43.3495 26.5954
657.294 0.657956
41.8359 3.39072
40.3838 3.60905
168.217 0.731144
98.1851 0.398789
60.6143 0.297106
4.86026 19.5106
39.7409 8.46417
319.47 0.654891
9.98761 13.9535
33.3952 0.149148
137.453 0.601424
37.3331 5.31102
9.26268 4.60625
5.75829 26.4376
28.255 25.6899
14.5188 15.682
43.5506 15.6163
167.465 0.240689
22.1703 0.0529696
27.7663 0.178178
11.5962 5.91792
35.8021 14.2046
4.59305 6.00192
121.576 10.4403
23.5781 11.2797
74.8029 2.65653
434.175 0.16771
87.5285 13.8492
41.8144 26.1319
13.5794 29.6771
34.7845 8.41046
4.98526 22.0485
38.4838 0.259509
25.2521 0.0531406
66.9201 22.5024
5.62981 30.1964
20.5428 15.8935
48.6989 7.49107
6.20711 31.8323
112.461 0.462426
207.615 7.91251
17.7052 0.255367
103.154 9.75857
142.388 0.648628
5.82698 31.8752
34.5277 0.169205
126.79 0.217863
37.7215 9.78141
58.7251 1.64645
4.33711 13.4282
132.214 6.14411
7.55862 3.37343
37.7473 13.2911
100.452 1.41992
10.5928 0.116095
19.4857 0.123355
61.7657 15.4007
175.781 8.50274
4.85512 24.5316
106.245 1.57654
39.3113 0.243299
11.949 10.6566
10.4244 0.421109
250.329 0.334771
68.806 2.13858
229.325 2.51111
22.7327 0.0501843
135.486 0.824707
66.4223 0.627554
122.426 5.45476
181.303 0.520323
24.3436 0.0495419
4.38373 17.7561
55.9629 22.6345
29.4991 10.6314
9.648 15.337
19.3535 135.737
51.7393 10.2154
4.28699 16.7049
8.51598 8.77793
88.4976 8.68809
121.211 3.05187
22.7257 19.435
196.718 13.1465
90.5654 0.174412
44.9921 0.90998
118.687 5.10091
16.6564 13.4178
49.4581 14.1709
4.81867 20.9089
72.5726 0.25676
62.9266 0.910531
58.8572 10.7005
58.9004 6.56458
41.3855 0.263053
102.008 0.35569
119.362 0.712237
41.9352 3.90963
78.0534 14.7421
121.243 0.753376
41.1668 7.65165
51.6887 1.8303
66.0402 0.581336
152.583 0.515921
126.454 6.82859
10.4863 13.7468
881.259 0.0387922
111.634 0.506683
31.478 12.9254
93.7224 0.214706
73.1699 0.520882
68.7223 0.755895
94.1249 7.11227
247.166 8.59912
60.3814 3.95483
520.818 3.09834
35.6557 22.3659
52.8579 2.47371
16.2555 18.6946
