31.513 0.929685
76.1423 0.0311404
41.4189 0.259007
2.79773 2.28145
28.0396 0.0688414
823.969 0.389631
609.922 0.00692668
218.924 0.471098
129.149 1.74293
951.787 0.111991
220.661 0.457044
177.468 0.529855
44.6431 0.297627
123.448 0.294064
39.0216 1.70259
280.607 0.0948724
18.5591 2.38898
7.36276 3.49323
298.441 3.52119
139.199 0.528087
799.545 0.0363665
96.6072 4.14138
871.105 0.0966859
870.169 0.913634
535.684 0.761929
237.427 0.0518418
138.576 0.462236
606.834 0.0552106
6.7593 3.82144
154.543 0.30559
848.008 0.0501175
392.044 0.0524018
751.232 0.244503
129.453 1.76104
172.822 0.573422
150.6 0.567095
96.6394 0.240551
7.9989 3.90919
169.148 1.37751
32.9275 1.05277
65.3343 0.0216459
331.51 0.0898015
99.5793 0.659639
37.3238 0.818758
6.8016 4.88996
80.6064 1.58929
31.5393 5.46069
247.818 1.16649
588.364 0.0372283
90.0891 0.0127931
45.3876 0.025387
30.3521 1.65823
110.887 0.62284
5.83571 2.06578
187.181 1.83286
252.602 0.350013
589.322 1.1719
251.581 5.84211
41.5664 3.66025
283.053 0.386152
7.12991 4.50782
100.907 0.0118199
404.134 1.50382
9.22695 4.83287
180.206 0.571392
410.538 0.952876
12.6273 4.20897
57.0657 0.0423776
946.902 1.23173
10.3118 4.74695
52.7636 0.147821
308.401 0.0586073
312.541 1.10215
98.6883 0.445554
5.07907 3.28597
403.002 0.919914
15.7012 1.3686
114.855 1.30058
333.473 0.22873
16.0219 0.0584186
61.8884 0.0166092
175.944 1.42942
9.23531 3.53976
199.674 0.223211
66.2647 0.217995
35.7018 1.33903
25.7733 0.0957207
183.059 0.256467
72.8284 0.0152671
757.05 0.197123
178.753 0.0715665
375.62 0.737009
461.099 0.0745607
64.3673 0.013471
5.56875 3.14807
174.619 1.28872
120.085 1.64391
19.1674 3.09068
90.4246 11.6446
149.872 0.622387
5.95221 3.03844
13.8624 2.91985
643.508 0.585913
594.97 0.104369
248.256 2.00885
180.116 0.089094
146.235 0.512166
184.112 0.333316
61.3871 1.64587
298.324 1.02728
10.2464 2.76247
165.033 0.0312494
161.139 1.02483
325.489 0.407525
117.866 0.88315
306.063 0.0641398
735.887 0.222938
179.738 3.75838
172.483 0.63076
421.13 0.799854
221.556 0.82326
126.424 0.119796
159.193 0.140231
339.767 0.127358
210.47 0.694631
20.3576 2.38507
83.9682 0.664445
667.634 0.0158109
132.588 0.18713
148.429 0.434707
517.658 1.00398
352.381 0.271244
159.893 1.60722
185.75 0.532329
39.2753 2.06953
