31.513 0.624409
76.1423 0.0708804
41.4189 0.140781
2.79773 1.38219
28.0396 0.0881254
823.969 0.244111
609.922 0.0592748
218.924 0.310341
129.149 1.09369
951.787 0.0849865
220.661 0.259634
177.468 0.276427
44.6431 0.202428
123.448 0.224775
39.0216 1.01185
280.607 0.101701
18.5591 1.67443
7.36276 2.1716
298.441 2.22698
139.199 0.365247
799.545 0.0684002
96.6072 2.74412
871.105 0.0921887
870.169 0.484335
535.684 0.431939
237.427 0.0739259
138.576 0.301502
606.834 0.0801834
6.7593 2.37909
154.543 0.230926
848.008 0.0694817
392.044 0.0791926
751.232 0.179673
129.453 1.03964
172.822 0.296444
150.6 0.295027
96.6394 0.263164
7.9989 2.43083
169.148 0.808363
32.9275 0.605634
65.3343 0.066948
331.51 0.0975114
99.5793 0.539028
37.3238 0.587909
6.8016 3.03252
80.6064 0.870539
31.5393 3.83315
247.818 0.652507
588.364 0.0624732
90.0891 0.186304
45.3876 0.0608316
30.3521 0.997822
110.887 0.343828
5.83571 1.32974
187.181 1.05802
252.602 0.214705
589.322 0.687631
251.581 4.18978
41.5664 2.37603
283.053 0.2555
7.12991 2.69372
100.907 0.150138
404.134 0.716233
9.22695 2.88264
180.206 0.315794
410.538 0.545496
12.6273 2.56912
57.0657 0.10707
946.902 0.645539
10.3118 2.87467
52.7636 0.210941
308.401 0.097344
312.541 0.634054
98.6883 0.415105
5.07907 2.11909
403.002 0.851294
15.7012 0.94375
114.855 0.754586
333.473 0.151386
16.0219 0.137062
61.8884 0.0756685
175.944 0.800778
9.23531 2.18628
199.674 0.149444
66.2647 0.795778
35.7018 0.809847
25.7733 0.0877264
183.059 0.165482
72.8284 0.157658
757.05 0.152587
178.753 0.0726477
375.62 0.684306
461.099 0.0840492
64.3673 0.160858
5.56875 1.95574
174.619 0.773289
120.085 0.976109
19.1674 2.04404
90.4246 7.475
149.872 0.343166
5.95221 1.87477
13.8624 1.87312
643.508 0.330098
594.97 0.11457
248.256 1.16884
180.116 0.107037
146.235 0.346025
184.112 0.219024
61.3871 1.19903
298.324 0.694292
10.2464 1.70255
165.033 0.0654293
161.139 0.810474
325.489 0.212855
117.866 0.574449
306.063 0.0865508
735.887 0.169654
179.738 2.25604
172.483 0.329743
421.13 0.4468
221.556 0.577348
126.424 0.103714
159.193 0.193338
339.767 0.112754
210.47 0.584064
20.3576 1.57347
83.9682 0.369628
667.634 0.0594218
132.588 0.127704
148.429 0.314804
517.658 0.534461
352.381 0.177481
159.893 0.906162
185.75 0.305766
39.2753 1.33766
