31.513 1.76345
76.1423 0.11395
41.4189 0.454648
2.79773 4.13703
28.0396 0.167834
823.969 0.726877
609.922 0.0669845
218.924 0.919515
129.149 3.19471
951.787 0.224547
220.661 0.823467
177.468 0.916819
44.6431 0.566179
123.448 0.657546
39.0216 3.12353
280.607 0.233199
18.5591 4.70461
7.36276 6.45359
298.441 6.60874
139.199 0.984368
799.545 0.118199
96.6072 7.81951
871.105 0.223976
870.169 1.6068
535.684 1.35102
237.427 0.147685
138.576 0.89794
606.834 0.16842
6.7593 7.07106
154.543 0.693445
848.008 0.13399
392.044 0.154234
751.232 0.481926
129.453 3.20081
172.822 0.983121
150.6 0.973068
96.6394 0.621268
7.9989 7.28929
169.148 2.48996
32.9275 1.90769
65.3343 0.0923786
331.51 0.225376
99.5793 1.3699
37.3238 1.62189
6.8016 9.20976
80.6064 2.90054
31.5393 10.4937
247.818 2.07656
588.364 0.124834
90.0891 0.204869
45.3876 0.0906726
30.3521 3.0897
110.887 1.12602
5.83571 3.81649
187.181 3.29542
252.602 0.638479
589.322 2.09836
251.581 11.3764
41.5664 6.84173
283.053 0.732997
7.12991 8.12877
100.907 0.167263
404.134 2.41536
9.22695 8.70451
180.206 1.03538
410.538 1.69863
12.6273 7.82343
57.0657 0.158423
946.902 2.15621
10.3118 8.80283
52.7636 0.435825
308.401 0.196198
312.541 1.97372
98.6883 1.01743
5.07907 6.28019
403.002 2.04194
15.7012 2.57622
114.855 2.34924
333.473 0.409047
16.0219 0.212582
61.8884 0.127092
175.944 2.56411
9.23531 6.61113
199.674 0.476263
66.2647 1.12997
35.7018 2.50199
25.7733 0.221094
183.059 0.487467
72.8284 0.188708
757.05 0.398741
178.753 0.169629
375.62 1.64528
461.099 0.198127
64.3673 0.181168
5.56875 5.75901
174.619 2.3604
120.085 2.99525
19.1674 5.93398
90.4246 21.4198
149.872 1.09669
5.95221 5.6495
13.8624 5.49081
643.508 1.03921
594.97 0.255097
248.256 3.62814
180.116 0.234346
146.235 0.993052
184.112 0.698977
61.3871 3.24993
298.324 1.90096
10.2464 5.16236
165.033 0.112049
161.139 2.15129
325.489 0.739321
117.866 1.64634
306.063 0.17646
735.887 0.444205
179.738 6.76646
172.483 1.04854
421.13 1.42659
221.556 1.54232
126.424 0.250801
159.193 0.389253
339.767 0.287962
210.47 1.52383
20.3576 4.63315
83.9682 1.20429
667.634 0.0775581
132.588 0.386337
148.429 0.905551
517.658 1.75779
352.381 0.503861
159.893 2.86774
185.75 0.954929
39.2753 3.96208
