31.513 0.20936
76.1423 0.0119287
41.4189 0.0548602
2.79773 0.47338
28.0396 0.0108672
823.969 0.0931345
609.922 0.000783066
218.924 0.138078
129.149 0.358089
951.787 0.0275701
220.661 0.106789
177.468 0.110538
44.6431 0.0661247
123.448 0.138706
39.0216 0.409091
280.607 0.0366252
18.5591 0.641195
7.36276 0.788745
298.441 0.860565
139.199 0.0910373
799.545 0.0134321
96.6072 0.93401
871.105 0.0351021
870.169 0.20884
535.684 0.157156
237.427 0.0219168
138.576 0.134203
606.834 0.0330255
6.7593 0.870519
154.543 0.156928
848.008 0.0143918
392.044 0.0226393
751.232 0.0577497
129.453 0.400142
172.822 0.113254
150.6 0.110946
96.6394 0.117554
7.9989 0.949264
169.148 0.304079
32.9275 0.249283
65.3343 0.0037847
331.51 0.0380634
99.5793 0.171239
37.3238 0.215224
6.8016 1.28727
80.6064 0.440713
31.5393 1.19986
247.818 0.257559
588.364 0.0251327
90.0891 0.00577191
45.3876 0.00445397
30.3521 0.433647
110.887 0.159353
5.83571 0.420955
187.181 0.404538
252.602 0.0737611
589.322 0.23883
251.581 1.34448
41.5664 0.805439
283.053 0.0913444
7.12991 0.927236
100.907 0.00530454
404.134 0.195306
9.22695 0.988996
180.206 0.148188
410.538 0.200261
12.6273 1.04535
57.0657 0.0089762
946.902 0.278937
10.3118 1.18121
52.7636 0.0770618
308.401 0.040247
312.541 0.237518
98.6883 0.156764
5.07907 0.875117
403.002 0.270728
15.7012 0.263872
114.855 0.294079
333.473 0.0289307
16.0219 0.0171013
61.8884 0.0348141
175.944 0.33391
9.23531 0.885088
199.674 0.103608
66.2647 0.116192
35.7018 0.353119
25.7733 0.0376468
183.059 0.0655182
72.8284 0.0157823
757.05 0.0490311
178.753 0.0254151
375.62 0.223961
461.099 0.0395173
64.3673 0.00683956
5.56875 0.655206
174.619 0.29839
120.085 0.375226
19.1674 0.799274
90.4246 2.30023
149.872 0.131136
5.95221 0.736291
13.8624 0.697842
643.508 0.123196
594.97 0.0361568
248.256 0.45045
180.116 0.0382154
146.235 0.13486
184.112 0.146637
61.3871 0.40503
298.324 0.179384
10.2464 0.697345
165.033 0.0153706
161.139 0.315982
325.489 0.118942
117.866 0.188734
306.063 0.0257693
735.887 0.051614
179.738 0.752045
172.483 0.088044
421.13 0.179938
221.556 0.141713
126.424 0.0272909
159.193 0.0556839
339.767 0.0478504
210.47 0.245132
20.3576 0.674613
83.9682 0.170212
667.634 0.00232535
132.588 0.0715036
148.429 0.156041
517.658 0.219349
352.381 0.0551358
159.893 0.354359
185.75 0.116831
39.2753 0.554893
