0.001 0.000969149
0.002 0.00533032
0.003 0.00226135
0.004 0.00306897
0.005 0.00952996
0.006 0.0161525
0.007 0.0376353
0.008 0.0883541
0.009 0.146503
0.01 0.232596
0.011 0.161848
0.012 0.0848005
0.013 0.0386044
0.014 0.0208367
0.015 0.0209982
0.016 0.016314
0.017 0.0166371
0.018 0.0180908
0.019 0.0156679
0.02 0.0150218
0.021 0.00888386
0.022 0.00581489
0.023 0.0032305
0.024 0.00646099
0.025 0.0025844
0.026 0.0032305
0.027 0.00339202
0.028 0.00306897
0.029 0.00145372
0.03 0.00242287
0.031 0.00226135
0.032 0.000807624
0.033 0.00145372
0.034 0.00032305
0.035 0.000646099
0.036 0.00032305
0.04 0.000161525
0.042 0.00032305
0.043 0.000646099
0.044 0.000161525
0.047 0.000161525
0.053 0.000161525
0.054 0.000161525
0.057 0.000161525
0.06 0.000161525
0.07 0.000161525
0.072 0.000161525
