0 0.162253
0.001 0.0437931
0.002 0.0195376
0.003 0.0161521
0.004 0.0317145
0.005 0.0607642
0.006 0.0878592
0.007 0.11123
0.008 0.106687
0.009 0.0897376
0.01 0.081383
0.011 0.0528575
0.012 0.0357443
0.013 0.0231852
0.014 0.0134219
0.015 0.00999268
0.016 0.00690205
0.017 0.0058318
0.018 0.00534035
0.019 0.00475062
0.02 0.00454312
0.021 0.00319984
0.022 0.00287221
0.023 0.00181288
0.024 0.00141973
0.025 0.00153986
0.026 0.00186749
0.027 0.00233709
0.028 0.00239169
0.029 0.0020313
0.03 0.00193301
0.031 0.00145249
0.032 0.00090644
0.033 0.000578811
0.034 0.000535127
0.035 0.000283945
0.036 0.000240261
0.037 0.000185656
0.038 0.00010921
0.039 8.73677e-05
0.04 9.82887e-05
0.041 4.36839e-05
0.042 4.36839e-05
0.043 4.36839e-05
0.044 3.27629e-05
0.045 3.27629e-05
0.046 3.27629e-05
0.047 2.18419e-05
0.048 2.18419e-05
0.049 1.0921e-05
0.05 1.0921e-05
0.051 2.18419e-05
0.053 2.18419e-05
0.054 1.0921e-05
0.056 1.0921e-05
0.057 2.18419e-05
0.06 1.0921e-05
0.066 1.0921e-05
0.302 1.0921e-05
0.439 1.0921e-05
1.017 1.0921e-05
