0.1865234375 1
0.1990966796875 2
0.205078125 3
0.24365234375 4
0.24658203125 5
0.248046875 6
0.26416015625 7
0.265380859375 8
0.27392578125 9
0.291015625 10
0.296875 11
0.306640625 12
0.3115234375 13
0.3125 14
0.31640625 15
0.3681640625 16
0.3701171875 17
0.388671875 18
0.419921875 19
0.50244140625 20
0.5341796875 21
0.546875 22
0.5556640625 23
0.615478515625 24
0.69775390625 25
0.7392578125 26
0.773681640625 27
0.7783203125 28
0.85888671875 29
0.8935546875 30
0.896484375 31
0.90283203125 32
0.966796875 33
1.033203125 34
1.32421875 35
1.384765625 36
1.3984375 37
1.431793212890625 38
1.4326171875 39
1.44140625 40
1.450439453125 41
1.45751953125 42
1.5455322265625 43
1.6884765625 44
1.693359375 45
1.70166015625 46
1.708984375 47
1.7685546875 48
1.77734375 49
1.8330078125 50
1.9129638671875 51
1.93359375 52
1.956298828125 53
1.96435546875 54
1.9951171875 55
2.170166015625 56
2.1767578125 57
2.18359375 58
2.20703125 59
2.325927734375 60
2.3583984375 61
2.431640625 62
2.6962890625 63
2.7696533203125 64
2.779296875 65
2.784912109375 66
2.8251953125 67
2.8807373046875 68
2.88623046875 69
2.916015625 70
2.995849609375 71
3.0751953125 72
3.103515625 73
3.107421875 74
3.12451171875 75
3.173828125 76
3.17578125 77
3.18505859375 78
3.23046875 79
3.236328125 80
3.34375 81
3.3448562622070313 82
3.4097900390625 83
3.43896484375 84
3.439453125 85
3.50390625 86
3.6708984375 87
3.7177734375 88
3.9186148643493652 89
3.941650390625 90
4.087890625 91
4.09326171875 92
4.3017578125 93
4.36474609375 94
4.60595703125 95
4.6533203125 96
4.841796875 97
4.853515625 98
4.935546875 99
5.146484375 100
5.218994140625 101
5.224853515625 102
5.2490234375 103
5.2509765625 104
5.3017578125 105
5.3701171875 106
5.37841796875 107
5.5087890625 108
5.51171875 109
5.6708984375 110
5.710693359375 111
5.9921875 112
6.2529296875 113
6.333984375 114
6.361328125 115
6.413330078125 116
6.4228515625 117
6.53662109375 118
6.7861328125 119
6.859375 120
6.94189453125 121
7.0546875 122
7.1494140625 123
7.2607421875 124
7.2783203125 125
7.2900390625 126
7.30419921875 127
7.326171875 128
7.3447265625 129
7.44140625 130
7.5869140625 131
8.002197265625 132
8.0625 133
8.1201171875 134
8.65625 135
8.78125 136
9.1612548828125 137
9.1962890625 138
9.3251953125 139
9.3779296875 140
9.5654296875 141
9.744140625 142
9.747314453125 143
9.8310546875 144
10.259765625 145
10.4716796875 146
10.94140625 147
11.12890625 148
11.873046875 149
12.20947265625 150
12.390625 151
12.876953125 152
12.96484375 153
12.998046875 154
13.1923828125 155
13.204345703125 156
13.5859375 157
13.68798828125 158
14.0595703125 159
14.21484375 160
14.3046875 161
14.458984375 162
14.502655029296875 163
15.0078125 164
15.1142578125 165
15.302734375 166
15.341796875 167
15.703125 168
15.73828125 169
15.859375 170
16.095703125 171
16.736328125 172
16.790283203125 173
17.26953125 174
17.29443359375 175
17.48486328125 176
17.50341796875 177
17.771484375 178
18.1728515625 179
18.34326171875 180
19.281524658203125 181
19.48046875 182
19.7890625 183
20.17578125 184
20.216796875 185
20.61328125 186
20.72998046875 187
20.9794921875 188
21.229736328125 189
21.290283203125 190
22.0126953125 191
22.0146484375 192
22.2064208984375 193
22.21923828125 194
22.25537109375 195
22.439453125 196
22.8984375 197
23.6142578125 198
23.685546875 199
23.783203125 200
24.03466796875 201
24.353271484375 202
24.5244140625 203
24.62890625 204
24.693359375 205
24.71142578125 206
25.7081298828125 207
27.3251953125 208
27.78955078125 209
28.208984375 210
28.5791015625 211
28.654296875 212
29.780029296875 213
29.78662109375 214
29.81591796875 215
30.3681640625 216
30.4130859375 217
30.8232421875 218
31.12109375 219
31.676025390625 220
31.8154296875 221
32.5068359375 222
32.69873046875 223
33.7158203125 224
34.1951904296875 225
34.216796875 226
34.311767578125 227
34.6904296875 228
34.958984375 229
34.9638671875 230
35.0048828125 231
35.08544921875 232
35.95068359375 233
36.49462890625 234
36.6865234375 235
36.91845703125 236
37.38623046875 237
37.79052734375 238
37.8404541015625 239
38.166015625 240
38.614501953125 241
39.24267578125 242
39.74658203125 243
40.32647705078125 244
42.23779296875 245
44.267578125 246
44.7021484375 247
45.17578125 248
45.626953125 249
46.537872314453125 250
47.0555419921875 251
48.712646484375 252
49.509765625 253
49.671875 254
49.82275390625 255
50.228515625 256
50.7900390625 257
50.90478515625 258
51.713134765625 259
52.408203125 260
52.490234375 261
53.92529296875 262
56.2314453125 263
58.2236328125 264
58.3125 265
59.52734375 266
60.517578125 267
61.49853515625 268
61.8671875 269
61.908203125 270
62.50390625 271
63.564453125 272
63.646484375 273
63.6494140625 274
67.7578125 275
70.123046875 276
70.1904296875 277
71.8779296875 278
72.0283203125 279
72.2421875 280
73.46875 281
73.4964599609375 282
77.5458984375 283
80.41552734375 284
81.357421875 285
81.602783203125 286
83.3955078125 287
83.884765625 288
85.470703125 289
86.7138671875 290
87.029296875 291
87.405517578125 292
88.181640625 293
89.30078125 294
89.64501953125 295
94.4384765625 296
96.78955078125 297
97.125 298
98.38685607910156 299
98.467041015625 300
99.177490234375 301
100.348876953125 302
101.58203125 303
103.611328125 304
119.1572265625 305
128.33203125 306
128.7734375 307
149.724609375 308
154.55517578125 309
158.728515625 310
162.4169921875 311
165.2431640625 312
165.27685546875 313
175.6845703125 314
182.7041015625 315
183.458984375 316
198.2314453125 317
231.9462890625 318
264.94580078125 319
266.7607421875 320
281.32275390625 321
293.2119140625 322
