0.1865234375 1
0.24658203125 2
0.248046875 3
0.265380859375 4
0.296875 5
0.31640625 6
0.3701171875 7
0.5341796875 8
0.773681640625 9
1.6884765625 10
1.693359375 11
1.70166015625 12
1.708984375 13
1.8330078125 14
1.9129638671875 15
1.93359375 16
2.170166015625 17
2.1767578125 18
2.18359375 19
2.20703125 20
2.431640625 21
2.6962890625 22
3.103515625 23
3.12451171875 24
3.17578125 25
3.3448562622070313 26
4.3017578125 27
4.6533203125 28
4.853515625 29
5.218994140625 30
5.224853515625 31
6.361328125 32
6.53662109375 33
6.7861328125 34
6.859375 35
6.94189453125 36
7.2607421875 37
7.2783203125 38
7.2900390625 39
7.30419921875 40
7.5869140625 41
9.3779296875 42
9.744140625 43
9.747314453125 44
9.8310546875 45
10.259765625 46
11.873046875 47
12.20947265625 48
12.390625 49
12.96484375 50
12.998046875 51
13.5859375 52
13.68798828125 53
14.21484375 54
14.3046875 55
14.458984375 56
14.502655029296875 57
15.1142578125 58
15.302734375 59
15.341796875 60
15.703125 61
15.73828125 62
15.859375 63
16.095703125 64
16.736328125 65
16.790283203125 66
17.26953125 67
17.48486328125 68
17.50341796875 69
17.771484375 70
18.1728515625 71
18.34326171875 72
19.7890625 73
20.216796875 74
20.61328125 75
20.72998046875 76
21.229736328125 77
21.290283203125 78
22.0126953125 79
22.2064208984375 80
22.21923828125 81
22.25537109375 82
22.8984375 83
23.685546875 84
23.783203125 85
24.5244140625 86
24.693359375 87
24.71142578125 88
25.7081298828125 89
28.208984375 90
29.81591796875 91
30.3681640625 92
30.4130859375 93
31.12109375 94
31.676025390625 95
31.8154296875 96
32.5068359375 97
33.7158203125 98
34.1951904296875 99
34.216796875 100
34.311767578125 101
35.0048828125 102
36.49462890625 103
36.6865234375 104
37.79052734375 105
38.166015625 106
38.614501953125 107
39.24267578125 108
40.32647705078125 109
44.7021484375 110
45.17578125 111
46.537872314453125 112
48.712646484375 113
49.671875 114
50.228515625 115
50.7900390625 116
50.90478515625 117
51.713134765625 118
52.408203125 119
56.2314453125 120
58.2236328125 121
58.3125 122
61.49853515625 123
61.908203125 124
62.50390625 125
63.564453125 126
63.646484375 127
63.6494140625 128
67.7578125 129
70.123046875 130
70.1904296875 131
71.8779296875 132
72.0283203125 133
72.2421875 134
73.46875 135
73.4964599609375 136
77.5458984375 137
80.41552734375 138
81.357421875 139
81.602783203125 140
83.884765625 141
85.470703125 142
86.7138671875 143
87.029296875 144
87.405517578125 145
88.181640625 146
89.30078125 147
89.64501953125 148
96.78955078125 149
97.125 150
98.38685607910156 151
99.177490234375 152
100.348876953125 153
103.611328125 154
119.1572265625 155
128.33203125 156
128.7734375 157
149.724609375 158
162.4169921875 159
165.2431640625 160
175.6845703125 161
182.7041015625 162
231.9462890625 163
266.7607421875 164
281.32275390625 165
293.2119140625 166
