0.1990966796875 1
0.205078125 2
0.24365234375 3
0.26416015625 4
0.27392578125 5
0.291015625 6
0.306640625 7
0.3115234375 8
0.3125 9
0.3681640625 10
0.388671875 11
0.419921875 12
0.50244140625 13
0.546875 14
0.5556640625 15
0.615478515625 16
0.69775390625 17
0.7392578125 18
0.7783203125 19
0.85888671875 20
0.8935546875 21
0.896484375 22
0.90283203125 23
0.966796875 24
1.033203125 25
1.32421875 26
1.384765625 27
1.3984375 28
1.431793212890625 29
1.4326171875 30
1.44140625 31
1.450439453125 32
1.45751953125 33
1.5455322265625 34
1.7685546875 35
1.77734375 36
1.956298828125 37
1.96435546875 38
1.9951171875 39
2.325927734375 40
2.3583984375 41
2.7696533203125 42
2.779296875 43
2.784912109375 44
2.8251953125 45
2.8807373046875 46
2.88623046875 47
2.916015625 48
2.995849609375 49
3.0751953125 50
3.107421875 51
3.173828125 52
3.18505859375 53
3.23046875 54
3.236328125 55
3.34375 56
3.4097900390625 57
3.43896484375 58
3.439453125 59
3.50390625 60
3.6708984375 61
3.7177734375 62
3.9186148643493652 63
3.941650390625 64
4.087890625 65
4.09326171875 66
4.36474609375 67
4.60595703125 68
4.841796875 69
4.935546875 70
5.146484375 71
5.2490234375 72
5.2509765625 73
5.3017578125 74
5.3701171875 75
5.37841796875 76
5.5087890625 77
5.51171875 78
5.6708984375 79
5.710693359375 80
5.9921875 81
6.2529296875 82
6.333984375 83
6.413330078125 84
6.4228515625 85
7.0546875 86
7.1494140625 87
7.326171875 88
7.3447265625 89
7.44140625 90
8.002197265625 91
8.0625 92
8.1201171875 93
8.65625 94
8.78125 95
9.1612548828125 96
9.1962890625 97
9.3251953125 98
9.5654296875 99
10.4716796875 100
10.94140625 101
11.12890625 102
12.876953125 103
13.1923828125 104
13.204345703125 105
14.0595703125 106
15.0078125 107
17.29443359375 108
19.281524658203125 109
19.48046875 110
20.17578125 111
20.9794921875 112
22.0146484375 113
22.439453125 114
23.6142578125 115
24.03466796875 116
24.353271484375 117
24.62890625 118
27.3251953125 119
27.78955078125 120
28.5791015625 121
28.654296875 122
29.780029296875 123
29.78662109375 124
30.8232421875 125
32.69873046875 126
34.6904296875 127
34.958984375 128
34.9638671875 129
35.08544921875 130
35.95068359375 131
36.91845703125 132
37.38623046875 133
37.8404541015625 134
39.74658203125 135
42.23779296875 136
44.267578125 137
45.626953125 138
47.0555419921875 139
49.509765625 140
49.82275390625 141
52.490234375 142
53.92529296875 143
59.52734375 144
60.517578125 145
61.8671875 146
83.3955078125 147
94.4384765625 148
98.467041015625 149
101.58203125 150
154.55517578125 151
158.728515625 152
165.27685546875 153
183.458984375 154
198.2314453125 155
264.94580078125 156
