1.0066 1
1.00684 2
1.00927 3
1.01047 4
1.01196 5
1.01197 6
1.01199 7
1.01877 8
1.04915 9
1.68734 10
2.08677 11
2.27487 12
2.38733 13
2.73264 14
2.77868 15
2.82913 16
3.16107 17
3.24923 18
3.35597 19
3.40293 20
3.46075 21
3.63336 22
3.99483 23
4.04293 24
4.09967 25
4.24496 26
4.2548 27
4.98709 28
5.05394 29
5.40067 30
5.6725 31
6.04012 32
6.06953 33
6.55163 34
7.09403 35
7.11377 36
7.13826 37
7.19466 38
7.22949 39
8.04845 40
8.05813 41
9.05627 42
9.05774 43
9.06597 44
9.11464 45
10.114 46
10.1203 47
10.1836 48
11.1327 49
11.4185 50
12.0635 51
13.1566 52
14.0967 53
14.1592 54
14.2167 55
15.05 56
15.1144 57
15.4203 58
16.1426 59
17.4338 60
18.1481 61
19.089 62
19.2177 63
19.3975 64
20.0797 65
20.5664 66
21.0714 67
21.3225 68
22.5985 69
24.612 70
25.2945 71
25.4911 72
27.1783 73
27.3759 74
28.2734 75
30.0415 76
30.3625 77
32.3174 78
32.3333 79
32.5981 80
33.0657 81
33.5956 82
34.2465 83
35.039 84
35.5888 85
36.2272 86
36.2968 87
38.3115 88
38.3983 89
38.4745 90
39.1154 91
39.3474 92
40.3638 93
40.7503 94
41.4069 95
41.8773 96
42.3154 97
42.443 98
42.5999 99
43.5794 100
43.5953 101
43.6874 102
43.7748 103
44.1341 104
44.4586 105
45.8752 106
46.2821 107
46.3868 108
48.8924 109
49.6272 110
50.1239 111
53.3665 112
53.8175 113
54.3082 114
55.257 115
55.6536 116
55.6922 117
55.8039 118
55.9686 119
57.3483 120
57.8996 121
60.3259 122
65.6314 123
66.9931 124
67.6171 125
67.8643 126
68.0081 127
70.0827 128
70.5375 129
71.3531 130
72.3894 131
72.3976 132
73.3867 133
73.4737 134
77.5109 135
78.9206 136
79.7001 137
87.4921 138
87.8008 139
87.8874 140
89.8696 141
92.9171 142
93.433 143
94.7361 144
100.697 145
100.869 146
105.579 147
111.748 148
119.273 149
120.678 150
127.036 151
127.703 152
130.546 153
133.312 154
135.182 155
135.339 156
135.81 157
137.407 158
140.733 159
141.798 160
146.36 161
147.2 162
151.097 163
152.015 164
152.862 165
160.307 166
161.196 167
164.544 168
165.353 169
165.472 170
169.898 171
175.315 172
177.393 173
180.812 174
181.105 175
181.827 176
183.352 177
188.993 178
190.093 179
193.872 180
194.619 181
195.018 182
198.992 183
205.295 184
208.841 185
212.4 186
214.698 187
217.97 188
220.397 189
222.848 190
224.136 191
228.38 192
230.592 193
231.359 194
233.376 195
241.922 196
243.314 197
244.583 198
248.502 199
250.939 200
252.072 201
252.609 202
256.203 203
256.461 204
257.594 205
257.692 206
258.353 207
261.403 208
268.789 209
280.359 210
285.619 211
285.99 212
289.434 213
290.127 214
294.836 215
295.946 216
295.976 217
