1.00927 1
1.01877 2
1.04915 3
2.08677 4
2.73264 5
2.77868 6
2.82913 7
3.40293 8
3.63336 9
4.04293 10
4.09967 11
5.05394 12
5.40067 13
5.6725 14
6.04012 15
6.06953 16
6.55163 17
7.11377 18
7.13826 19
7.19466 20
8.04845 21
9.05627 22
9.05774 23
11.1327 24
12.0635 25
13.1566 26
14.1592 27
16.1426 28
19.2177 29
19.3975 30
22.5985 31
27.3759 32
28.2734 33
33.5956 34
34.2465 35
36.2968 36
39.1154 37
39.3474 38
40.7503 39
42.3154 40
44.4586 41
45.8752 42
53.3665 43
54.3082 44
55.257 45
57.3483 46
60.3259 47
65.6314 48
70.5375 49
71.3531 50
72.3976 51
77.5109 52
78.9206 53
79.7001 54
89.8696 55
94.7361 56
100.697 57
119.273 58
127.036 59
130.546 60
133.312 61
135.182 62
135.339 63
135.81 64
137.407 65
147.2 66
151.097 67
152.862 68
165.353 69
165.472 70
169.898 71
177.393 72
181.105 73
188.993 74
190.093 75
194.619 76
205.295 77
208.841 78
212.4 79
220.397 80
224.136 81
230.592 82
231.359 83
233.376 84
241.922 85
243.314 86
244.583 87
248.502 88
252.609 89
257.594 90
261.403 91
268.789 92
280.359 93
285.619 94
289.434 95
294.836 96
295.946 97
295.976 98
