1.0066 1
1.00684 2
1.01047 3
1.01196 4
1.01197 5
1.01199 6
1.68734 7
2.27487 8
2.38733 9
3.16107 10
3.24923 11
3.35597 12
3.46075 13
3.99483 14
4.24496 15
4.2548 16
4.98709 17
7.09403 18
7.22949 19
8.05813 20
9.06597 21
9.11464 22
10.114 23
10.1203 24
10.1836 25
11.4185 26
14.0967 27
14.2167 28
15.05 29
15.1144 30
15.4203 31
17.4338 32
18.1481 33
19.089 34
20.0797 35
20.5664 36
21.0714 37
21.3225 38
24.612 39
25.2945 40
25.4911 41
27.1783 42
30.0415 43
30.3625 44
32.3174 45
32.3333 46
32.5981 47
33.0657 48
35.039 49
35.5888 50
36.2272 51
38.3115 52
38.3983 53
38.4745 54
40.3638 55
41.4069 56
41.8773 57
42.443 58
42.5999 59
43.5794 60
43.5953 61
43.6874 62
43.7748 63
44.1341 64
46.2821 65
46.3868 66
48.8924 67
49.6272 68
50.1239 69
53.8175 70
55.6536 71
55.6922 72
55.8039 73
55.9686 74
57.8996 75
66.9931 76
67.6171 77
67.8643 78
68.0081 79
70.0827 80
72.3894 81
73.3867 82
73.4737 83
87.4921 84
87.8008 85
87.8874 86
92.9171 87
93.433 88
100.869 89
105.579 90
111.748 91
120.678 92
127.703 93
140.733 94
141.798 95
146.36 96
152.015 97
160.307 98
161.196 99
164.544 100
175.315 101
180.812 102
181.827 103
183.352 104
193.872 105
195.018 106
198.992 107
214.698 108
217.97 109
222.848 110
228.38 111
250.939 112
252.072 113
256.203 114
256.461 115
257.692 116
258.353 117
285.99 118
290.127 119
