0.270877480506897 1
0.7497177124023438 2
1.0256983041763306 3
1.250361442565918 4
1.6208605766296387 5
1.6704949140548706 6
1.9431586265563965 7
1.9780356884002686 8
3.0853850841522217 9
3.3079330921173096 10
3.3106987476348877 11
3.6108009815216064 12
3.924264669418335 13
4.051820755004883 14
4.109339714050293 15
4.473453998565674 16
4.943719863891602 17
5.047820568084717 18
5.232163906097412 19
5.291043758392334 20
5.8271660804748535 21
6.269789218902588 22
7.362823963165283 23
7.702911853790283 24
7.924665451049805 25
8.01259708404541 26
8.253173828125 27
9.703977584838867 28
9.771215438842773 29
10.016680717468262 30
10.158883094787598 31
12.057137489318848 32
13.180817604064941 33
13.368355751037598 34
15.634356498718262 35
16.070926666259766 36
16.33636474609375 37
17.458145141601563 38
17.694082260131836 39
18.5114688873291 40
19.23768424987793 41
19.611303329467773 42
21.7227725982666 43
21.756668090820313 44
22.220796585083008 45
22.501590728759766 46
22.665794372558594 47
24.550880432128906 48
25.473407745361328 49
25.65362548828125 50
26.315969467163086 51
26.970029830932617 52
27.641082763671875 53
28.63495445251465 54
30.163606643676758 55
33.16737747192383 56
33.66230773925781 57
33.725372314453125 58
33.83668899536133 59
34.41631317138672 60
35.604888916015625 61
35.71656036376953 62
35.795745849609375 63
36.215110778808594 64
37.76925277709961 65
37.778953552246094 66
37.817657470703125 67
38.400428771972656 68
38.71895217895508 69
41.38655471801758 70
41.68011474609375 71
42.38092803955078 72
42.4836311340332 73
42.58901596069336 74
46.21223068237305 75
46.745487213134766 76
47.95623016357422 77
48.0549430847168 78
51.18751907348633 79
54.596248626708984 80
54.86631774902344 81
55.26462173461914 82
55.449859619140625 83
56.82124710083008 84
57.371604919433594 85
57.51169204711914 86
58.721771240234375 87
60.98219680786133 88
61.112953186035156 89
63.219356536865234 90
63.918212890625 91
64.34567260742188 92
64.93352508544922 93
65.63106536865234 94
66.60546875 95
67.14387512207031 96
67.5663833618164 97
68.30078887939453 98
69.41008758544922 99
70.0829849243164 100
70.09169006347656 101
70.30298614501953 102
73.18047332763672 103
74.30029296875 104
75.24474334716797 105
77.54154205322266 106
80.0329360961914 107
80.25047302246094 108
80.29502868652344 109
80.96289825439453 110
81.8509750366211 111
82.12570190429688 112
83.111572265625 113
85.4587631225586 114
85.89653015136719 115
86.0252456665039 116
86.3722152709961 117
87.4285888671875 118
91.03932189941406 119
91.59300231933594 120
91.79356384277344 121
92.75255584716797 122
93.8149185180664 123
94.1006851196289 124
95.091552734375 125
96.16742706298828 126
96.6635971069336 127
96.98441314697266 128
98.16973876953125 129
100.889892578125 130
101.42787170410156 131
102.05804443359375 132
103.30669403076172 133
105.21361541748047 134
105.6639633178711 135
109.10973358154297 136
110.45867919921875 137
111.43441772460938 138
112.14505004882813 139
114.55413818359375 140
116.78887176513672 141
118.63792419433594 142
120.74815368652344 143
123.33056640625 144
123.4359130859375 145
123.7870101928711 146
124.17529296875 147
125.12528228759766 148
128.7821044921875 149
129.1833953857422 150
130.54150390625 151
139.93304443359375 152
142.04441833496094 153
145.65545654296875 154
148.16473388671875 155
150.7504119873047 156
160.2147216796875 157
160.2318115234375 158
160.8185577392578 159
163.25694274902344 160
165.59588623046875 161
165.64218139648438 162
166.17807006835938 163
168.5410614013672 164
170.77716064453125 165
174.12713623046875 166
174.71656799316406 167
175.10031127929688 168
176.15277099609375 169
177.69931030273438 170
189.36312866210938 171
191.58384704589844 172
192.39068603515625 173
193.27134704589844 174
193.95388793945313 175
195.0563201904297 176
196.22056579589844 177
199.67782592773438 178
207.0752716064453 179
207.07815551757813 180
209.724853515625 181
210.12149047851563 182
211.4660186767578 183
212.69793701171875 184
216.5118865966797 185
217.0487060546875 186
225.5167236328125 187
227.68887329101563 188
229.9690399169922 189
230.56704711914063 190
230.7527313232422 191
232.46685791015625 192
237.40594482421875 193
241.1873779296875 194
242.43263244628906 195
249.73426818847656 196
253.5043182373047 197
259.7840270996094 198
269.2408142089844 199
271.8017883300781 200
279.5080871582031 201
282.0736389160156 202
295.2731628417969 203
297.427978515625 204
314.5752868652344 205
315.4775085449219 206
315.8258056640625 207
316.4570617675781 208
317.6596984863281 209
323.84710693359375 210
323.9851989746094 211
324.4573669433594 212
329.50286865234375 213
334.533935546875 214
343.7781982421875 215
349.51318359375 216
354.37298583984375 217
357.4001159667969 218
361.55145263671875 219
364.55120849609375 220
372.31787109375 221
377.6493225097656 222
378.04620361328125 223
379.15545654296875 224
387.5960388183594 225
389.282958984375 226
411.4104309082031 227
412.8036804199219 228
413.0185852050781 229
419.03778076171875 230
435.019287109375 231
442.03948974609375 232
454.43243408203125 233
460.9197082519531 234
461.539306640625 235
464.9914855957031 236
475.1572265625 237
487.71685791015625 238
487.7428894042969 239
490.87677001953125 240
512.77001953125 241
527.895263671875 242
544.102783203125 243
551.1060791015625 244
563.984619140625 245
569.182373046875 246
579.4684448242188 247
587.4387817382813 248
588.6621704101563 249
617.9298706054688 250
619.1799926757813 251
638.4692993164063 252
659.3184814453125 253
671.5781860351563 254
674.2706298828125 255
676.8964233398438 256
691.5449829101563 257
699.1064453125 258
699.8566284179688 259
715.3831787109375 260
726.5609130859375 261
734.0758056640625 262
752.6000366210938 263
755.6090698242188 264
761.2389526367188 265
785.1079711914063 266
878.5287475585938 267
891.0179443359375 268
897.015625 269
898.3004150390625 270
900.8291625976563 271
901.5380859375 272
937.7501831054688 273
972.2010498046875 274
981.1503295898438 275
989.0658569335938 276
1040.5233154296875 277
1089.80615234375 278
1117.836669921875 279
1155.932373046875 280
1173.4622802734375 281
1203.8695068359375 282
1219.16064453125 283
1253.0419921875 284
1262.7037353515625 285
1266.3785400390625 286
1303.696044921875 287
1329.68408203125 288
1364.2698974609375 289
1368.5933837890625 290
1385.0521240234375 291
1447.94970703125 292
1583.1646728515625 293
1667.38134765625 294
1701.015380859375 295
1707.8052978515625 296
1731.935791015625 297
1806.257568359375 298
1886.7608642578125 299
1894.9473876953125 300
1940.24365234375 301
1958.5081787109375 302
1967.4423828125 303
1968.546142578125 304
1993.7984619140625 305
2063.747802734375 306
2195.021240234375 307
2229.260009765625 308
2253.73193359375 309
2304.937255859375 310
2430.9755859375 311
2468.252197265625 312
2494.753173828125 313
2556.295166015625 314
2729.7509765625 315
2782.502685546875 316
2794.2958984375 317
2878.4619140625 318
3276.135009765625 319
3557.218994140625 320
3673.108154296875 321
3731.924560546875 322
3825.088623046875 323
4094.4345703125 324
4161.47119140625 325
4202.265625 326
4573.0625 327
5536.673828125 328
5595.51025390625 329
5697.19189453125 330
6336.72802734375 331
6471.06201171875 332
6778.02197265625 333
7108.41162109375 334
